X,Y,Z
0.161454,-0.282754,-0.179389
0.163689,-0.284421,-0.173375
0.165189,-0.284084,-0.172006
0.166508,-0.283594,-0.166545
0.166775,-0.282627,-0.164461
0.168293,-0.281546,-0.158790
0.167456,-0.282332,-0.157004
0.171591,-0.282285,-0.153011
0.172019,-0.280080,-0.148627
0.172652,-0.283124,-0.143841
0.174290,-0.281790,-0.141661
0.175324,-0.281124,-0.139714
0.175945,-0.280868,-0.135947
0.177284,-0.280591,-0.130376
0.178139,-0.278635,-0.127085
0.180022,-0.280151,-0.123743
0.180707,-0.278738,-0.116287
0.147888,-0.282513,-0.190721
0.149104,-0.283168,-0.186898
0.149930,-0.283126,-0.182686
0.151746,-0.283353,-0.178193
0.153926,-0.282969,-0.175382
0.153254,-0.282972,-0.169871
0.155263,-0.282573,-0.167702
0.155279,-0.282220,-0.164188
0.156441,-0.281039,-0.160080
0.158810,-0.280592,-0.156421
0.159046,-0.280190,-0.150391
0.162418,-0.279955,-0.147552
0.162185,-0.280177,-0.144776
0.162622,-0.278865,-0.139928
0.162916,-0.278532,-0.137652
0.167720,-0.280006,-0.134082
0.167719,-0.280426,-0.130166
0.173456,-0.278106,-0.125699
0.170612,-0.279400,-0.121099
0.172380,-0.277636,-0.120081
0.172922,-0.276698,-0.113319
0.173838,-0.278474,-0.111683
0.176704,-0.279872,-0.107107
0.176507,-0.277204,-0.104157
0.177834,-0.277495,-0.101546
0.180199,-0.276733,-0.107478
0.180345,-0.276627,-0.117709
0.134526,-0.283288,-0.201336
0.135013,-0.284312,-0.198951
0.135283,-0.284191,-0.195666
0.137494,-0.283044,-0.189489
0.138676,-0.281696,-0.184510
0.140467,-0.283233,-0.181733
0.143502,-0.281104,-0.176366
0.141291,-0.281943,-0.174260
0.146045,-0.280532,-0.170564
0.145126,-0.279959,-0.166201
0.148033,-0.277609,-0.163792
0.148710,-0.281058,-0.158628
0.149381,-0.278162,-0.156090
0.151507,-0.279016,-0.151040
0.151822,-0.279787,-0.147978
0.153686,-0.276268,-0.145216
0.153260,-0.278392,-0.140737
0.156245,-0.278494,-0.135706
0.158020,-0.278528,-0.133428
0.158739,-0.277672,-0.129808
0.158794,-0.276983,-0.125870
0.160479,-0.277532,-0.121571
0.161406,-0.277117,-0.119445
0.162585,-0.274523,-0.115152
0.165745,-0.276273,-0.109345
0.166754,-0.276434,-0.107264
0.165076,-0.274356,-0.103549
0.167028,-0.274905,-0.100666
0.168098,-0.276336,-0.094443
0.171657,-0.274794,-0.092528
0.174164,-0.274796,-0.088968
0.173119,-0.275314,-0.089352
0.175034,-0.274064,-0.092175
0.175161,-0.275208,-0.094004
0.179711,-0.274282,-0.098148
0.179475,-0.274789,-0.107248
0.181753,-0.276209,-0.115565
0.120141,-0.283348,-0.209761
0.123175,-0.281070,-0.205965
0.122890,-0.281623,-0.200802
0.124055,-0.282801,-0.198855
0.128378,-0.281015,-0.192842
0.128828,-0.281232,-0.190707
0.129085,-0.279870,-0.184777
0.129396,-0.279168,-0.180882
0.131391,-0.280076,-0.179579
0.135953,-0.279205,-0.175803
0.134954,-0.278225,-0.172036
0.135445,-0.279040,-0.166412
0.135754,-0.278965,-0.162205
0.138355,-0.278953,-0.158206
0.140172,-0.277557,-0.154192
0.140653,-0.276763,-0.150117
0.142592,-0.276728,-0.149096
0.143815,-0.275487,-0.144577
0.144929,-0.276967,-0.139289
0.145129,-0.276059,-0.136315
0.148197,-0.275012,-0.131518
0.146741,-0.274044,-0.127752
0.150937,-0.273883,-0.125006
0.151262,-0.275952,-0.120813
0.152032,-0.274757,-0.119494
0.153479,-0.274705,-0.112725
0.156806,-0.275577,-0.110659
0.155534,-0.275128,-0.107130
0.156644,-0.271866,-0.104103
0.158244,-0.275167,-0.098353
0.159380,-0.273467,-0.095998
0.160515,-0.274357,-0.091997
0.161001,-0.273126,-0.090693
0.163901,-0.271895,-0.084420
0.165849,-0.272222,-0.082371
0.166736,-0.270497,-0.077239
0.168326,-0.272880,-0.075740
0.169827,-0.270913,-0.080330
0.169824,-0.272220,-0.082515
0.170877,-0.273383,-0.085749
0.172427,-0.269668,-0.088867
0.175687,-0.272745,-0.091438
0.175507,-0.272815,-0.093370
0.177614,-0.273444,-0.097306
0.179001,-0.273336,-0.104513
0.181763,-0.276266,-0.113548
0.109741,-0.280115,-0.212181
0.111449,-0.280660,-0.210218
0.110289,-0.279892,-0.205941
0.115627,-0.280611,-0.199686
0.115557,-0.279335,-0.196161
0.117226,-0.278851,-0.192648
0.118377,-0.279340,-0.189180
0.116950,-0.278417,-0.184788
0.119404,-0.278714,-0.182289
0.121322,-0.279561,-0.179957
0.122283,-0.278560,-0.174126
0.125820,-0.278650,-0.169028
0.127911,-0.276761,-0.166668
0.125704,-0.276721,-0.161816
0.129280,-0.277614,-0.157221
0.129135,-0.274773,-0.155901
0.130017,-0.274356,-0.150997
0.131816,-0.276117,-0.145440
0.130909,-0.274937,-0.143126
0.136610,-0.275096,-0.140949
0.136356,-0.276148,-0.135709
0.137319,-0.274146,-0.133069
0.139809,-0.273840,-0.128216
0.141262,-0.274777,-0.126175
0.141228,-0.272859,-0.122072
0.141332,-0.272439,-0.115496
0.143487,-0.272943,-0.114555
0.144533,-0.271584,-0.110199
0.148295,-0.272411,-0.105923
0.147279,-0.272063,-0.101419
0.147242,-0.271879,-0.100190
0.151575,-0.270938,-0.097178
0.151168,-0.270498,-0.092011
0.153141,-0.269331,-0.089978
0.154708,-0.270196,-0.082951
0.155232,-0.271718,-0.081083
0.156095,-0.268074,-0.076272
0.157307,-0.268317,-0.073854
0.158105,-0.268841,-0.070206
0.160279,-0.268869,-0.068446
0.162869,-0.268720,-0.070793
0.164698,-0.270750,-0.072765
0.164455,-0.270165,-0.073107
0.167623,-0.268174,-0.075812
0.167322,-0.270549,-0.076760
0.169846,-0.270026,-0.079299
0.169267,-0.269791,-0.083544
0.171494,-0.269072,-0.086362
0.171910,-0.271135,-0.087081
0.175270,-0.272691,-0.090488
0.174563,-0.271994,-0.094106
0.176522,-0.273504,-0.095918
0.179778,-0.270355,-0.102839
0.182706,-0.272247,-0.112372
0.099921,-0.277228,-0.212860
0.100654,-0.278494,-0.208695
0.102025,-0.278193,-0.205775
0.107042,-0.279066,-0.201725
0.104849,-0.278970,-0.197129
0.105371,-0.279107,-0.192471
0.109687,-0.278929,-0.188052
0.109070,-0.277131,-0.186885
0.111082,-0.277214,-0.181755
0.111909,-0.277505,-0.177718
0.113018,-0.276785,-0.172395
0.115793,-0.277376,-0.169797
0.116637,-0.275208,-0.166107
0.114420,-0.273559,-0.163299
0.118971,-0.274446,-0.159378
0.118654,-0.275494,-0.155704
0.121852,-0.273734,-0.150222
0.124018,-0.273609,-0.145520
0.123167,-0.273091,-0.143309
0.127267,-0.274169,-0.139929
0.126791,-0.274579,-0.136743
0.129499,-0.273381,-0.132742
0.129486,-0.272804,-0.129344
0.129315,-0.270101,-0.125425
0.133412,-0.271705,-0.120929
0.132783,-0.271659,-0.116559
0.135135,-0.271154,-0.113407
0.135410,-0.269408,-0.108992
0.137943,-0.269074,-0.107940
0.137945,-0.272140,-0.102772
0.138666,-0.270874,-0.099548
0.142417,-0.269449,-0.097109
0.142674,-0.269103,-0.093325
0.142799,-0.269576,-0.087572
0.146605,-0.269164,-0.084862
0.145761,-0.270450,-0.082849
0.147987,-0.268994,-0.078692
0.147503,-0.268728,-0.072321
0.148999,-0.267462,-0.069784
0.148668,-0.266344,-0.066585
0.151496,-0.266336,-0.063509
0.154053,-0.265831,-0.060631
0.153595,-0.266395,-0.063778
0.158142,-0.268013,-0.064316
0.157837,-0.266358,-0.065280
0.160710,-0.268591,-0.067174
0.160851,-0.268223,-0.067474
0.161920,-0.267584,-0.071212
0.163156,-0.266898,-0.072293
0.165833,-0.268470,-0.073500
0.167525,-0.267391,-0.075697
0.166324,-0.267911,-0.078570
0.169216,-0.267812,-0.078976
0.171052,-0.268220,-0.083767
0.171787,-0.269140,-0.085319
0.172968,-0.270386,-0.088752
0.175527,-0.268465,-0.092851
0.178270,-0.268534,-0.091366
0.178280,-0.268874,-0.096947
0.177773,-0.269472,-0.102097
0.180459,-0.270539,-0.110855
0.184046,-0.271315,-0.119375
0.089940,-0.277724,-0.210868
0.092111,-0.277534,-0.206797
0.093866,-0.278015,-0.204011
0.095554,-0.277442,-0.200326
0.095402,-0.275755,-0.195858
0.096653,-0.277924,-0.194123
0.097305,-0.274832,-0.186397
0.098947,-0.274539,-0.185452
0.100119,-0.276315,-0.179611
0.102708,-0.274509,-0.177656
0.102854,-0.274259,-0.173028
0.105396,-0.272263,-0.169199
0.103873,-0.273741,-0.165957
0.108110,-0.272887,-0.161281
0.108572,-0.273569,-0.159241
0.107655,-0.272308,-0.155409
0.110845,-0.272870,-0.151429
0.114558,-0.272612,-0.146129
0.113146,-0.273915,-0.142958
0.115209,-0.271153,-0.138715
0.117738,-0.272049,-0.135892
0.118888,-0.271656,-0.132878
0.119904,-0.269750,-0.127624
0.119961,-0.271478,-0.125583
0.122303,-0.271192,-0.122506
0.124684,-0.270213,-0.116359
0.125408,-0.267981,-0.113574
0.124259,-0.268537,-0.108610
0.127783,-0.268733,-0.105624
0.128328,-0.268753,-0.102796
0.129608,-0.266036,-0.098298
0.131563,-0.268120,-0.094701
0.132600,-0.265537,-0.091488
0.134355,-0.266052,-0.087464
0.135718,-0.266949,-0.084555
0.136222,-0.267144,-0.081164
0.136899,-0.268452,-0.078312
0.138881,-0.266405,-0.074595
0.142568,-0.265764,-0.069111
0.139553,-0.265787,-0.065901
0.143332,-0.266395,-0.063078
0.144412,-0.264454,-0.059649
0.144486,-0.265317,-0.054032
0.147366,-0.265380,-0.055992
0.149084,-0.264522,-0.055024
0.148613,-0.263980,-0.057960
0.152196,-0.266115,-0.060242
0.152723,-0.262593,-0.060515
0.152912,-0.265999,-0.062825
0.154576,-0.264478,-0.062324
0.156195,-0.265367,-0.063011
0.156593,-0.264434,-0.065199
0.160162,-0.265822,-0.068453
0.159518,-0.266951,-0.068670
0.161449,-0.266953,-0.070817
0.166439,-0.266774,-0.074360
0.164649,-0.268700,-0.074700
0.167039,-0.266669,-0.073677
0.168511,-0.266081,-0.077251
0.168517,-0.267217,-0.079912
0.170668,-0.266316,-0.082227
0.173497,-0.265436,-0.085637
0.174042,-0.268675,-0.088046
0.174515,-0.266963,-0.090957
0.174684,-0.267699,-0.093996
0.178856,-0.268353,-0.096587
0.179520,-0.268130,-0.099002
0.180284,-0.270177,-0.108111
0.182668,-0.270579,-0.117358
0.078740,-0.277029,-0.211277
0.080806,-0.276253,-0.206169
0.081612,-0.273220,-0.203653
0.083589,-0.276456,-0.200215
0.084078,-0.274505,-0.197010
0.086436,-0.274096,-0.193082
0.088290,-0.274741,-0.188931
0.090135,-0.273890,-0.184247
0.089893,-0.273435,-0.180637
0.092974,-0.273171,-0.175952
0.094265,-0.272127,-0.172660
0.093597,-0.274277,-0.168937
0.094918,-0.272402,-0.165862
0.097434,-0.272199,-0.163001
0.099433,-0.272536,-0.158689
0.099981,-0.271218,-0.155052
0.102194,-0.270609,-0.152488
0.103570,-0.271849,-0.147608
0.105745,-0.271828,-0.142603
0.105125,-0.269630,-0.140621
0.105213,-0.270187,-0.135179
0.108450,-0.271702,-0.131949
0.110100,-0.269130,-0.127895
0.111247,-0.269314,-0.123019
0.110696,-0.268752,-0.121992
0.113800,-0.268269,-0.115850
0.115785,-0.269110,-0.113390
0.117461,-0.267584,-0.109513
0.117678,-0.268505,-0.105230
0.119471,-0.266422,-0.102299
0.120693,-0.266468,-0.097930
0.121030,-0.265309,-0.093520
0.123648,-0.264815,-0.092846
0.124762,-0.265433,-0.087071
0.123819,-0.265782,-0.084591
0.125642,-0.264151,-0.079243
0.129300,-0.264774,-0.075074
0.127753,-0.264774,-0.073429
0.131090,-0.263639,-0.069974
0.132086,-0.263493,-0.066261
0.132128,-0.262177,-0.061217
0.134851,-0.262408,-0.058158
0.135840,-0.263485,-0.055104
0.136596,-0.261918,-0.051580
0.137382,-0.263301,-0.051113
0.139906,-0.262794,-0.053336
0.143407,-0.262879,-0.051007
0.142523,-0.262166,-0.053135
0.143708,-0.262656,-0.055263
0.145585,-0.262234,-0.056521
0.145066,-0.262690,-0.054775
0.147389,-0.263132,-0.057053
0.148820,-0.262724,-0.058988
0.149635,-0.262597,-0.060046
0.151665,-0.263514,-0.058080
0.152185,-0.264012,-0.060272
0.154588,-0.262872,-0.062804
0.158224,-0.265010,-0.065108
0.157622,-0.262783,-0.067792
0.159853,-0.262794,-0.067450
0.160718,-0.264106,-0.070583
0.162157,-0.263564,-0.071183
0.162636,-0.264389,-0.071649
0.164726,-0.264595,-0.073215
0.164295,-0.265538,-0.074963
0.168437,-0.264380,-0.076102
0.169010,-0.264648,-0.078851
0.172501,-0.264848,-0.080747
0.171425,-0.264959,-0.084781
0.172670,-0.266749,-0.087569
0.174877,-0.266516,-0.089760
0.177764,-0.267471,-0.092559
0.177542,-0.265017,-0.095914
0.180467,-0.267027,-0.100589
0.181027,-0.265697,-0.107745
0.180998,-0.267640,-0.116828
0.071364,-0.275243,-0.207375
0.072278,-0.272915,-0.204025
0.073401,-0.274001,-0.197847
0.075589,-0.272370,-0.196820
0.075762,-0.272248,-0.192425
0.078086,-0.271943,-0.188746
0.078731,-0.270860,-0.185487
0.080757,-0.270990,-0.178648
0.082544,-0.270317,-0.177486
0.082383,-0.271293,-0.172214
0.084358,-0.270811,-0.167166
0.085077,-0.270274,-0.165927
0.087868,-0.269166,-0.160774
0.089618,-0.270997,-0.157063
0.089785,-0.269830,-0.154436
0.091841,-0.267946,-0.152218
0.090177,-0.269213,-0.146774
0.095145,-0.269650,-0.141754
0.095651,-0.267726,-0.137150
0.098135,-0.268248,-0.133840
0.098585,-0.267379,-0.131492
0.099368,-0.267240,-0.126391
0.101110,-0.266827,-0.124805
0.103778,-0.266958,-0.119959
0.103766,-0.266140,-0.116648
0.104635,-0.266554,-0.111961
0.105541,-0.267271,-0.110464
0.108909,-0.266116,-0.104943
0.109299,-0.265640,-0.100886
0.110514,-0.266046,-0.098926
0.114393,-0.265550,-0.093890
0.112305,-0.264712,-0.091405
0.115403,-0.262724,-0.084578
0.117346,-0.265046,-0.086290
0.118172,-0.262457,-0.079332
0.116787,-0.263436,-0.077131
0.120448,-0.261134,-0.072558
0.120113,-0.262832,-0.069943
0.120409,-0.262744,-0.064053
0.124202,-0.262036,-0.062524
0.123815,-0.261619,-0.059570
0.126135,-0.260522,-0.056121
0.128515,-0.261507,-0.051278
0.128534,-0.262003,-0.048562
0.130272,-0.260346,-0.047060
0.132127,-0.262098,-0.045132
0.134000,-0.260975,-0.045038
0.132206,-0.259531,-0.046739
0.135990,-0.261418,-0.046227
0.137610,-0.260919,-0.050030
0.137286,-0.260341,-0.050222
0.138127,-0.261584,-0.051180
0.139799,-0.260934,-0.051767
0.141254,-0.262109,-0.051335
0.142810,-0.262060,-0.051828
0.145530,-0.263204,-0.055166
0.147901,-0.261047,-0.054776
0.146168,-0.263121,-0.058018
0.147388,-0.261093,-0.057873
0.150828,-0.261359,-0.060684
0.152243,-0.261617,-0.060893
0.152981,-0.261015,-0.060387
0.152734,-0.262736,-0.063917
0.155387,-0.261383,-0.062527
0.157954,-0.262724,-0.064539
0.160752,-0.262939,-0.068707
0.159998,-0.263886,-0.067962
0.160930,-0.262860,-0.071191
0.164388,-0.262014,-0.073217
0.165682,-0.263176,-0.073491
0.166204,-0.261685,-0.075046
0.166777,-0.263891,-0.077402
0.168323,-0.262980,-0.080700
0.170940,-0.264638,-0.082350
0.171625,-0.262869,-0.084123
0.173236,-0.266101,-0.085616
0.175825,-0.264562,-0.090294
0.175749,-0.265280,-0.093053
0.178993,-0.264183,-0.095111
0.180107,-0.266283,-0.098318
0.182223,-0.265790,-0.106168
0.183958,-0.267203,-0.115404
0.063114,-0.269797,-0.201234
0.064007,-0.270208,-0.199353
0.064830,-0.273771,-0.196086
0.065395,-0.269633,-0.191558
0.070517,-0.271259,-0.188311
0.068412,-0.271477,-0.182926
0.070601,-0.270939,-0.178052
0.071701,-0.270799,-0.177377
0.075855,-0.269794,-0.173482
0.074974,-0.270883,-0.169493
0.076692,-0.268468,-0.164792
0.077404,-0.269283,-0.162433
0.081029,-0.267635,-0.158159
0.079460,-0.267759,-0.153991
0.083814,-0.266482,-0.151142
0.086417,-0.265355,-0.146804
0.087347,-0.267371,-0.142545
0.085809,-0.266618,-0.139782
0.087509,-0.266846,-0.135166
0.090038,-0.265939,-0.130589
0.089241,-0.265779,-0.127196
0.092201,-0.265775,-0.123630
0.092273,-0.264137,-0.118497
0.095028,-0.265466,-0.116787
0.094841,-0.264906,-0.112055
0.097716,-0.264624,-0.108351
0.097595,-0.265347,-0.105580
0.100430,-0.265042,-0.100640
0.100979,-0.263426,-0.097142
0.103908,-0.264569,-0.095175
0.102443,-0.263404,-0.090523
0.104659,-0.261898,-0.087804
0.106984,-0.263362,-0.082783
0.106741,-0.262583,-0.080672
0.109621,-0.262430,-0.076148
0.110122,-0.262538,-0.073378
0.112557,-0.260657,-0.069834
0.113078,-0.260502,-0.065074
0.112621,-0.259870,-0.061587
0.113814,-0.260352,-0.057753
0.116300,-0.260225,-0.054690
0.117262,-0.259903,-0.051920
0.119745,-0.259069,-0.047763
0.119590,-0.260504,-0.045554
0.122341,-0.260003,-0.043125
0.123133,-0.259444,-0.044415
0.124155,-0.259035,-0.045166
0.124185,-0.259580,-0.045711
0.127456,-0.259163,-0.046144
0.128077,-0.259696,-0.045050
0.128884,-0.258067,-0.046492
0.131088,-0.259466,-0.046699
0.132193,-0.259198,-0.048753
0.134423,-0.259458,-0.049273
0.135987,-0.259473,-0.047849
0.135777,-0.258645,-0.049929
0.136881,-0.260124,-0.050442
0.139049,-0.257731,-0.052142
0.140069,-0.260452,-0.052660
0.139997,-0.258021,-0.052941
0.144588,-0.259111,-0.054637
0.143803,-0.260946,-0.057146
0.147831,-0.259713,-0.057423
0.149284,-0.258363,-0.057759
0.148906,-0.261043,-0.058575
0.150840,-0.259720,-0.060126
0.151905,-0.259233,-0.059648
0.154671,-0.260357,-0.060815
0.155003,-0.260145,-0.064535
0.155933,-0.261017,-0.063587
0.158985,-0.261911,-0.065401
0.159298,-0.261354,-0.066491
0.161598,-0.260967,-0.068699
0.161059,-0.261288,-0.072447
0.164605,-0.262700,-0.072385
0.164920,-0.260944,-0.073271
0.165457,-0.259179,-0.075361
0.168262,-0.262084,-0.078976
0.169112,-0.262040,-0.078550
0.170164,-0.263434,-0.082602
0.172052,-0.263999,-0.084163
0.173557,-0.264119,-0.087381
0.175718,-0.263219,-0.090794
0.175871,-0.263019,-0.091057
0.177020,-0.262794,-0.096632
0.178043,-0.262907,-0.098639
0.180720,-0.264897,-0.104542
0.183205,-0.265765,-0.117020
0.055165,-0.268999,-0.196332
0.057431,-0.268919,-0.190754
0.057175,-0.268902,-0.188244
0.058535,-0.269115,-0.184785
0.059936,-0.268432,-0.180109
0.062450,-0.267861,-0.174971
0.064742,-0.266061,-0.171154
0.065148,-0.269611,-0.166107
0.066711,-0.267455,-0.163877
0.068037,-0.265899,-0.159070
0.069277,-0.267964,-0.156993
0.071381,-0.266204,-0.152778
0.070918,-0.266894,-0.149672
0.074262,-0.263839,-0.147198
0.075447,-0.264113,-0.140751
0.075190,-0.264828,-0.139559
0.077843,-0.265429,-0.134489
0.080861,-0.263220,-0.130241
0.081265,-0.265228,-0.125776
0.080930,-0.263388,-0.122775
0.081887,-0.264257,-0.120544
0.084153,-0.261939,-0.115527
0.086001,-0.262333,-0.112352
0.085511,-0.263019,-0.109323
0.089451,-0.262723,-0.104850
0.089969,-0.259784,-0.102108
0.093266,-0.263525,-0.097979
0.092025,-0.262576,-0.094175
0.093780,-0.260624,-0.089801
0.095938,-0.261488,-0.087887
0.096161,-0.261521,-0.084208
0.097255,-0.261018,-0.079851
0.097590,-0.260652,-0.074135
0.099827,-0.259534,-0.072366
0.100933,-0.257962,-0.069170
0.102786,-0.258079,-0.065779
0.105484,-0.258656,-0.064009
0.106752,-0.258641,-0.058805
0.106804,-0.257244,-0.053174
0.109071,-0.259788,-0.050772
0.108196,-0.258094,-0.047699
0.110669,-0.258981,-0.043725
0.111271,-0.259208,-0.043161
0.116754,-0.257007,-0.042214
0.114330,-0.255049,-0.043768
0.118188,-0.258077,-0.042061
0.116966,-0.258121,-0.044080
0.119913,-0.255679,-0.043409
0.121746,-0.257729,-0.046310
0.119984,-0.258759,-0.045184
0.123711,-0.257404,-0.044242
0.126425,-0.258347,-0.044442
0.125891,-0.257520,-0.045900
0.127839,-0.256610,-0.044730
0.127950,-0.257443,-0.046318
0.130269,-0.258606,-0.047057
0.132401,-0.256203,-0.046085
0.133257,-0.257652,-0.047313
0.133567,-0.257375,-0.047630
0.135971,-0.258270,-0.047801
0.137307,-0.258012,-0.048638
0.139071,-0.258377,-0.049604
0.139538,-0.257982,-0.051852
0.140236,-0.257308,-0.054343
0.141817,-0.258591,-0.053160
0.144595,-0.257233,-0.054590
0.144221,-0.258459,-0.055932
0.146711,-0.258683,-0.056755
0.148815,-0.257948,-0.059854
0.148827,-0.258326,-0.058703
0.150192,-0.258765,-0.060077
0.151395,-0.258828,-0.062939
0.153440,-0.259291,-0.061634
0.156160,-0.257699,-0.063565
0.156780,-0.260881,-0.066100
0.156991,-0.259082,-0.065798
0.158134,-0.257713,-0.067195
0.160019,-0.258606,-0.069555
0.160958,-0.260887,-0.070784
0.162948,-0.261544,-0.072675
0.166397,-0.259712,-0.075077
0.165419,-0.260388,-0.074704
0.166206,-0.261180,-0.077953
0.169434,-0.261989,-0.077942
0.169916,-0.260907,-0.078673
0.170700,-0.262051,-0.084024
0.174123,-0.260211,-0.086240
0.176310,-0.260700,-0.090126
0.176863,-0.259734,-0.091177
0.176622,-0.262017,-0.095524
0.178949,-0.262009,-0.097527
0.181657,-0.262020,-0.104392
0.183840,-0.263726,-0.114611
0.048099,-0.268586,-0.186142
0.050488,-0.268134,-0.182239
0.051737,-0.266039,-0.179811
0.054845,-0.266954,-0.176157
0.053328,-0.267170,-0.170749
0.055874,-0.265002,-0.167805
0.058959,-0.266257,-0.164166
0.056804,-0.265859,-0.159319
0.059513,-0.265060,-0.157246
0.059618,-0.266041,-0.151824
0.062999,-0.264124,-0.147462
0.063997,-0.267651,-0.145219
0.065340,-0.262915,-0.141390
0.065053,-0.262467,-0.139010
0.067349,-0.264400,-0.135162
0.068952,-0.262899,-0.131838
0.070777,-0.260989,-0.125456
0.072047,-0.261193,-0.121079
0.073411,-0.261129,-0.119050
0.075448,-0.260344,-0.117137
0.077302,-0.260773,-0.113280
0.079172,-0.261428,-0.108769
0.079266,-0.260495,-0.105061
0.081346,-0.260838,-0.101355
0.079796,-0.260542,-0.097715
0.083227,-0.259235,-0.092940
0.085351,-0.259845,-0.089219
0.087113,-0.258921,-0.087272
0.087361,-0.258582,-0.082195
0.089463,-0.258685,-0.078434
0.089060,-0.259925,-0.075023
0.090759,-0.259877,-0.071664
0.093236,-0.258010,-0.069657
0.094100,-0.257961,-0.064449
0.093173,-0.257760,-0.061958
0.098026,-0.256904,-0.056524
0.097803,-0.256995,-0.055974
0.098540,-0.257847,-0.051142
0.100852,-0.256543,-0.047368
0.102783,-0.256174,-0.045034
0.101656,-0.255107,-0.045521
0.102983,-0.255958,-0.045104
0.105788,-0.255006,-0.045182
0.107474,-0.255785,-0.045219
0.109119,-0.257540,-0.042508
0.109543,-0.256032,-0.042536
0.110065,-0.256841,-0.044197
0.112361,-0.255465,-0.041019
0.114082,-0.254413,-0.041623
0.116160,-0.253679,-0.042592
0.115557,-0.255452,-0.043732
0.117738,-0.256345,-0.042372
0.119891,-0.255846,-0.042340
0.120728,-0.256863,-0.044647
0.122299,-0.256045,-0.042616
0.121830,-0.256839,-0.045507
0.125352,-0.255312,-0.043370
0.125659,-0.255588,-0.045416
0.128747,-0.256044,-0.043645
0.128856,-0.256286,-0.045632
0.129938,-0.257150,-0.046823
0.131316,-0.257240,-0.047625
0.133925,-0.257877,-0.049522
0.132242,-0.256429,-0.047958
0.135303,-0.255756,-0.048378
0.135724,-0.256484,-0.049136
0.138524,-0.256196,-0.053628
0.139509,-0.258954,-0.052345
0.140442,-0.256950,-0.051164
0.143073,-0.258268,-0.051295
0.142471,-0.255841,-0.054294
0.145420,-0.256009,-0.057300
0.145567,-0.256720,-0.055505
0.148834,-0.256381,-0.058215
0.148278,-0.257864,-0.058765
0.149134,-0.256874,-0.058993
0.151957,-0.258684,-0.059258
0.154331,-0.258556,-0.060283
0.154222,-0.258614,-0.063933
0.155631,-0.256904,-0.064432
0.157332,-0.255373,-0.066134
0.158177,-0.258251,-0.069266
0.160151,-0.257467,-0.070320
0.159412,-0.258628,-0.070798
0.161370,-0.259396,-0.071427
0.163864,-0.258287,-0.074726
0.165094,-0.257900,-0.075622
0.165669,-0.257836,-0.075961
0.167891,-0.260571,-0.079034
0.171610,-0.259392,-0.080032
0.173028,-0.258884,-0.081524
0.173666,-0.260702,-0.088142
0.175494,-0.260909,-0.090481
0.174388,-0.258916,-0.094011
0.179731,-0.259181,-0.093783
0.180303,-0.259075,-0.097739
0.180230,-0.261422,-0.103566
0.182757,-0.261692,-0.113613
0.040296,-0.265169,-0.179970
0.043050,-0.265486,-0.174077
0.042697,-0.266737,-0.171286
0.044035,-0.262256,-0.167782
0.047872,-0.264253,-0.165361
0.048646,-0.262521,-0.159917
0.051299,-0.263709,-0.157284
0.050472,-0.263369,-0.153586
0.052816,-0.263068,-0.147616
0.054002,-0.262756,-0.145225
0.055796,-0.261000,-0.140651
0.056476,-0.262306,-0.136565
0.058260,-0.261896,-0.133300
0.058584,-0.259732,-0.130234
0.060964,-0.261730,-0.125791
0.063177,-0.262977,-0.123058
0.064255,-0.260989,-0.117516
0.066069,-0.260667,-0.114359
0.065276,-0.260089,-0.110383
0.069190,-0.258553,-0.108977
0.068557,-0.258595,-0.105094
0.071546,-0.258860,-0.100060
0.070620,-0.259116,-0.095559
0.073567,-0.257746,-0.093914
0.075674,-0.257707,-0.088971
0.075163,-0.256644,-0.083518
0.076660,-0.257331,-0.082344
0.077736,-0.257215,-0.078783
0.081796,-0.256396,-0.074165
0.080619,-0.256775,-0.072054
0.083035,-0.255808,-0.068456
0.083740,-0.256169,-0.065531
0.084105,-0.257969,-0.060784
0.088345,-0.254843,-0.058655
0.088123,-0.254842,-0.053675
0.089282,-0.258830,-0.048919
0.091183,-0.255429,-0.047730
0.092177,-0.255199,-0.048880
0.093609,-0.256086,-0.048033
0.095343,-0.255340,-0.047351
0.096010,-0.254150,-0.044865
0.095414,-0.255147,-0.045662
0.100036,-0.254347,-0.044808
0.101447,-0.254359,-0.044501
0.100540,-0.255336,-0.046409
0.100963,-0.256819,-0.045970
0.103558,-0.255258,-0.043441
0.108039,-0.255632,-0.044506
0.105660,-0.252342,-0.044382
0.108262,-0.254652,-0.043690
0.109796,-0.255255,-0.043890
0.111461,-0.253473,-0.042717
0.110229,-0.253591,-0.041036
0.115966,-0.254057,-0.043279
0.114396,-0.255539,-0.043816
0.115671,-0.254188,-0.043392
0.117847,-0.253898,-0.043807
0.118248,-0.256273,-0.043607
0.120842,-0.254303,-0.043956
0.121683,-0.254406,-0.044771
0.122508,-0.253468,-0.045835
0.124811,-0.254522,-0.046986
0.125242,-0.254121,-0.046604
0.125351,-0.254537,-0.046579
0.128894,-0.255385,-0.046416
0.130412,-0.254679,-0.046480
0.131635,-0.255323,-0.045249
0.132253,-0.256400,-0.047572
0.134181,-0.253088,-0.048839
0.134689,-0.255207,-0.049644
0.135938,-0.255276,-0.050320
0.138607,-0.256387,-0.050740
0.140153,-0.257006,-0.052590
0.141248,-0.256533,-0.052967
0.143503,-0.254662,-0.053308
0.142695,-0.256273,-0.055231
0.146057,-0.254519,-0.057967
0.146706,-0.257833,-0.056219
0.148035,-0.256794,-0.059578
0.148160,-0.256300,-0.057894
0.150542,-0.254826,-0.060533
0.153470,-0.254395,-0.059350
0.153430,-0.257130,-0.062546
0.156045,-0.254052,-0.062241
0.156939,-0.256511,-0.065679
0.157857,-0.256025,-0.064233
0.159690,-0.256748,-0.068750
0.160146,-0.255745,-0.071159
0.160605,-0.256782,-0.070187
0.163535,-0.256704,-0.073869
0.164843,-0.257535,-0.073264
0.166306,-0.256909,-0.075068
0.168000,-0.257186,-0.077114
0.166986,-0.257750,-0.079202
0.170996,-0.256393,-0.079757
0.171723,-0.257722,-0.083203
0.172988,-0.259409,-0.086838
0.176009,-0.259320,-0.090042
0.176938,-0.258120,-0.092122
0.178158,-0.260787,-0.093871
0.180311,-0.256845,-0.095974
0.180875,-0.260517,-0.102303
0.182950,-0.259925,-0.113562
0.035210,-0.264555,-0.168017
0.037788,-0.261488,-0.162992
0.039139,-0.262570,-0.159785
0.041467,-0.259893,-0.155053
0.041170,-0.261920,-0.153132
0.043182,-0.264118,-0.148203
0.044096,-0.262252,-0.145868
0.046082,-0.261234,-0.140001
0.049107,-0.261376,-0.137830
0.048934,-0.258914,-0.132603
0.049608,-0.261386,-0.128390
0.051453,-0.259070,-0.126248
0.051751,-0.258961,-0.123618
0.053939,-0.258630,-0.118267
0.055162,-0.258238,-0.113903
0.056956,-0.257652,-0.108727
0.058839,-0.257741,-0.105814
0.060526,-0.258168,-0.103809
0.060634,-0.256718,-0.099629
0.064875,-0.255426,-0.098562
0.064894,-0.257374,-0.091594
0.066860,-0.256318,-0.089815
0.066544,-0.256474,-0.085926
0.068150,-0.256380,-0.080947
0.068541,-0.255579,-0.077508
0.069273,-0.253933,-0.074686
0.072021,-0.256038,-0.071072
0.073887,-0.253227,-0.068446
0.072793,-0.254832,-0.064653
0.074194,-0.254896,-0.062747
0.077394,-0.252925,-0.057338
0.077911,-0.253982,-0.054459
0.079257,-0.253735,-0.054442
0.082584,-0.252832,-0.054744
0.082864,-0.252251,-0.051767
0.084692,-0.254176,-0.051907
0.084979,-0.253002,-0.050998
0.086438,-0.253389,-0.050020
0.087462,-0.252393,-0.048204
0.088910,-0.252971,-0.050527
0.090557,-0.251806,-0.046398
0.091497,-0.251659,-0.047937
0.093996,-0.253943,-0.046850
0.093025,-0.253013,-0.046779
0.095570,-0.252433,-0.048146
0.097142,-0.253275,-0.045910
0.098390,-0.253080,-0.046442
0.099154,-0.253084,-0.045851
0.103082,-0.250818,-0.043319
0.101066,-0.251908,-0.044475
0.105430,-0.253604,-0.046238
0.104814,-0.252530,-0.044704
0.108456,-0.252764,-0.046490
0.106612,-0.251823,-0.045042
0.110307,-0.253343,-0.045683
0.110297,-0.251661,-0.044556
0.112469,-0.252981,-0.043428
0.113092,-0.254131,-0.042721
0.115110,-0.253653,-0.042267
0.114979,-0.253231,-0.042255
0.118668,-0.252876,-0.042334
0.120942,-0.251383,-0.044062
0.120773,-0.252667,-0.046063
0.120323,-0.252441,-0.044926
0.123646,-0.250968,-0.043593
0.123828,-0.253000,-0.046377
0.124508,-0.250818,-0.046190
0.127629,-0.252863,-0.046190
0.127791,-0.253873,-0.048017
0.129776,-0.253861,-0.047494
0.130403,-0.250964,-0.048204
0.132761,-0.253367,-0.048527
0.134417,-0.251497,-0.047404
0.136161,-0.250557,-0.048698
0.137770,-0.253663,-0.049862
0.135890,-0.252221,-0.050213
0.138628,-0.251260,-0.052287
0.140582,-0.253695,-0.051923
0.142732,-0.254124,-0.054930
0.142837,-0.253567,-0.054094
0.145006,-0.255155,-0.055420
0.147514,-0.254935,-0.055455
0.147404,-0.252817,-0.057286
0.149953,-0.253356,-0.060549
0.148858,-0.253256,-0.060237
0.152633,-0.255650,-0.060926
0.152620,-0.252869,-0.061029
0.154855,-0.255306,-0.063606
0.156649,-0.253682,-0.064775
0.157337,-0.253588,-0.066371
0.159004,-0.253924,-0.067650
0.160263,-0.254686,-0.069792
0.162978,-0.254878,-0.071743
0.163570,-0.257252,-0.074028
0.165232,-0.255126,-0.073011
0.166249,-0.254582,-0.075313
0.168305,-0.254466,-0.076204
0.168778,-0.258098,-0.078374
0.169099,-0.255062,-0.079797
0.172252,-0.255732,-0.082108
0.174364,-0.256459,-0.085572
0.173869,-0.256428,-0.088689
0.176705,-0.257641,-0.092888
0.178469,-0.257527,-0.095437
0.178294,-0.257340,-0.100681
0.181659,-0.257795,-0.101664
0.183362,-0.256886,-0.115058
0.003222,-0.267480,-0.223792
0.006962,-0.264819,-0.221480
0.007962,-0.265701,-0.217612
0.008725,-0.266604,-0.214550
0.009941,-0.262812,-0.208620
0.011315,-0.264369,-0.204383
0.032941,-0.259766,-0.152961
0.031188,-0.258991,-0.147699
0.032161,-0.258488,-0.144916
0.035428,-0.259137,-0.139442
0.038319,-0.259589,-0.136956
0.039403,-0.260034,-0.132831
0.038921,-0.256905,-0.128850
0.042507,-0.256861,-0.126523
0.043337,-0.258157,-0.122259
0.044076,-0.256466,-0.117955
0.047252,-0.256388,-0.115162
0.047105,-0.255316,-0.110861
0.049260,-0.257060,-0.105704
0.049898,-0.256420,-0.103118
0.052169,-0.257495,-0.099404
0.052262,-0.256018,-0.095186
0.054552,-0.253134,-0.092946
0.054993,-0.254298,-0.087826
0.055949,-0.255821,-0.084290
0.055875,-0.255038,-0.083240
0.059307,-0.252967,-0.077191
0.059324,-0.253628,-0.074544
0.061488,-0.254292,-0.071345
0.062690,-0.254344,-0.066769
0.064585,-0.253705,-0.065376
0.067815,-0.254256,-0.062949
0.069237,-0.250993,-0.060769
0.069873,-0.253153,-0.062116
0.071822,-0.253537,-0.059168
0.071982,-0.251796,-0.058592
0.075140,-0.250121,-0.059355
0.074379,-0.253480,-0.057471
0.076918,-0.253556,-0.054645
0.077453,-0.251985,-0.055459
0.078526,-0.250416,-0.054104
0.079586,-0.253048,-0.054333
0.083143,-0.253477,-0.053209
0.081963,-0.250979,-0.053254
0.083160,-0.250485,-0.051531
0.086379,-0.251840,-0.052997
0.084726,-0.250457,-0.052542
0.085934,-0.250454,-0.050531
0.088558,-0.253127,-0.050102
0.091024,-0.251757,-0.046800
0.091749,-0.252317,-0.046466
0.092250,-0.252769,-0.046519
0.093783,-0.252030,-0.048828
0.097516,-0.252576,-0.046706
0.097078,-0.251504,-0.046037
0.097277,-0.253475,-0.047126
0.099356,-0.251417,-0.045443
0.100888,-0.251997,-0.045394
0.103617,-0.250686,-0.045174
0.105011,-0.249634,-0.045587
0.107015,-0.251705,-0.044579
0.105475,-0.252386,-0.046137
0.107005,-0.251667,-0.044671
0.108081,-0.251804,-0.044321
0.111131,-0.249632,-0.045942
0.111925,-0.250449,-0.043321
0.113205,-0.251402,-0.043041
0.115872,-0.249934,-0.044476
0.117472,-0.251175,-0.043401
0.116865,-0.252291,-0.044321
0.120131,-0.252352,-0.044033
0.120535,-0.251553,-0.044237
0.121968,-0.251670,-0.044929
0.123411,-0.251285,-0.045100
0.123805,-0.250582,-0.043878
0.126170,-0.248920,-0.047130
0.127385,-0.252295,-0.046378
0.128610,-0.251226,-0.047892
0.128340,-0.253012,-0.049851
0.131725,-0.252763,-0.047872
0.131804,-0.252994,-0.049643
0.131498,-0.251828,-0.049161
0.136594,-0.252947,-0.048468
0.136067,-0.250091,-0.050452
0.138260,-0.253428,-0.049726
0.137947,-0.251149,-0.051072
0.142072,-0.251900,-0.051722
0.142157,-0.252416,-0.054543
0.143982,-0.252086,-0.054904
0.146059,-0.251793,-0.055895
0.145688,-0.253439,-0.058142
0.146854,-0.251918,-0.058820
0.150040,-0.251021,-0.058379
0.152816,-0.253873,-0.060964
0.152589,-0.253535,-0.060124
0.155018,-0.253429,-0.062365
0.154878,-0.254466,-0.064203
0.156852,-0.249468,-0.065215
0.156861,-0.252334,-0.065233
0.159610,-0.254256,-0.068984
0.157388,-0.254679,-0.068878
0.162349,-0.253398,-0.071201
0.163395,-0.254189,-0.071585
0.163792,-0.255065,-0.074775
0.166284,-0.251425,-0.074878
0.166601,-0.253246,-0.076337
0.169246,-0.253531,-0.078323
0.171799,-0.254716,-0.079036
0.172157,-0.253042,-0.082700
0.171847,-0.253202,-0.085864
0.174462,-0.257060,-0.090924
0.176160,-0.254624,-0.094655
0.178451,-0.258242,-0.096787
0.178302,-0.255284,-0.100627
0.180443,-0.255481,-0.101858
0.181939,-0.257418,-0.115043
0.184817,-0.258331,-0.124618
-0.012567,-0.265359,-0.240238
-0.011404,-0.262753,-0.237674
-0.009757,-0.263359,-0.232233
-0.006317,-0.264660,-0.228502
-0.006066,-0.264209,-0.224607
-0.004596,-0.263988,-0.221229
-0.001631,-0.261378,-0.216648
-0.001603,-0.262696,-0.213367
-0.000001,-0.262917,-0.209539
0.001265,-0.263356,-0.205866
0.003418,-0.262016,-0.202206
0.003764,-0.262336,-0.197696
0.004595,-0.261286,-0.193703
0.008574,-0.261013,-0.190447
0.007029,-0.261742,-0.184491
0.010215,-0.261729,-0.181370
0.010159,-0.260131,-0.177189
0.012640,-0.259363,-0.172624
0.013952,-0.259756,-0.170742
0.017411,-0.258343,-0.173773
0.027871,-0.256478,-0.136015
0.029743,-0.256029,-0.132559
0.032028,-0.254586,-0.129087
0.032176,-0.256866,-0.127262
0.032605,-0.254650,-0.122120
0.035841,-0.254952,-0.119988
0.038153,-0.254586,-0.112314
0.037041,-0.255016,-0.109392
0.039096,-0.254015,-0.107166
0.041033,-0.254484,-0.104192
0.041877,-0.255094,-0.097988
0.045392,-0.256364,-0.097495
0.044677,-0.254083,-0.093013
0.045876,-0.253268,-0.089033
0.045929,-0.253412,-0.083777
0.048208,-0.252394,-0.081156
0.048958,-0.252874,-0.078057
0.051595,-0.252065,-0.074501
0.053685,-0.251679,-0.071176
0.055394,-0.251592,-0.070938
0.055554,-0.252230,-0.068203
0.058320,-0.249636,-0.066889
0.058168,-0.251434,-0.067486
0.061235,-0.253505,-0.067792
0.060120,-0.250380,-0.066004
0.061513,-0.252127,-0.065485
0.064005,-0.251575,-0.064408
0.065071,-0.251873,-0.062378
0.067997,-0.252682,-0.060313
0.067217,-0.250643,-0.061420
0.071190,-0.251826,-0.059120
0.071780,-0.251472,-0.059782
0.070974,-0.251161,-0.059821
0.073847,-0.251975,-0.057873
0.074987,-0.250997,-0.057617
0.074842,-0.251227,-0.058252
0.077702,-0.250751,-0.055890
0.078866,-0.249639,-0.056109
0.079360,-0.252804,-0.053739
0.082790,-0.250038,-0.055277
0.081716,-0.248802,-0.054211
0.082931,-0.252022,-0.052799
0.085918,-0.251285,-0.050052
0.086854,-0.250610,-0.049789
0.088409,-0.251055,-0.048786
0.090535,-0.248993,-0.050876
0.089110,-0.251667,-0.048979
0.091802,-0.248844,-0.047679
0.094129,-0.250303,-0.047580
0.096899,-0.249763,-0.046879
0.097800,-0.249174,-0.045769
0.096477,-0.249158,-0.047359
0.097623,-0.249517,-0.047673
0.101120,-0.250484,-0.046261
0.102841,-0.250927,-0.047146
0.104050,-0.249209,-0.045292
0.104361,-0.248607,-0.044185
0.106443,-0.249366,-0.045769
0.106896,-0.250289,-0.045657
0.106694,-0.250327,-0.044553
0.110131,-0.249748,-0.042853
0.111571,-0.249536,-0.047017
0.112112,-0.250279,-0.044001
0.111670,-0.253001,-0.043221
0.116481,-0.249780,-0.043278
0.115221,-0.248183,-0.044764
0.118371,-0.250290,-0.044920
0.118201,-0.251545,-0.042982
0.122323,-0.251294,-0.043687
0.121596,-0.248435,-0.046013
0.124304,-0.250004,-0.047035
0.124531,-0.249302,-0.045978
0.128060,-0.250273,-0.048697
0.125858,-0.249796,-0.046651
0.127964,-0.250785,-0.046163
0.129338,-0.251053,-0.047767
0.132170,-0.251186,-0.047561
0.133829,-0.250092,-0.049075
0.132927,-0.248812,-0.049343
0.134785,-0.250013,-0.048988
0.137294,-0.251131,-0.049030
0.138906,-0.250811,-0.050630
0.140392,-0.251750,-0.053976
0.140930,-0.251330,-0.052957
0.143148,-0.251349,-0.056482
0.142083,-0.250042,-0.054817
0.143000,-0.249892,-0.055591
0.145574,-0.250665,-0.056212
0.147133,-0.252407,-0.057454
0.150067,-0.249184,-0.058309
0.150595,-0.252886,-0.059572
0.153309,-0.249790,-0.060703
0.154266,-0.253243,-0.061398
0.155111,-0.251819,-0.063407
0.155559,-0.252389,-0.063473
0.155738,-0.251471,-0.066603
0.160408,-0.250042,-0.068288
0.158527,-0.252744,-0.070290
0.162579,-0.252389,-0.069509
0.163463,-0.252799,-0.072768
0.165332,-0.251202,-0.073670
0.166590,-0.252869,-0.074337
0.166036,-0.252508,-0.078384
0.168033,-0.252287,-0.079035
0.170140,-0.253470,-0.081831
0.171857,-0.252148,-0.082766
0.172646,-0.251181,-0.084332
0.175292,-0.252960,-0.089321
0.176412,-0.254013,-0.093802
0.177521,-0.253481,-0.095768
0.178412,-0.256073,-0.100278
0.181871,-0.253100,-0.103395
0.182249,-0.253454,-0.115142
0.183651,-0.257724,-0.124224
-0.024941,-0.264435,-0.242411
-0.021568,-0.262384,-0.239396
-0.021217,-0.260698,-0.236967
-0.018287,-0.262216,-0.233375
-0.016719,-0.262023,-0.228862
-0.014589,-0.262851,-0.224856
-0.014787,-0.263066,-0.220426
-0.014327,-0.262273,-0.216273
-0.010588,-0.260375,-0.212538
-0.012135,-0.260811,-0.208889
-0.008058,-0.262246,-0.205208
-0.007192,-0.260232,-0.201220
-0.006197,-0.260698,-0.197811
-0.004676,-0.261177,-0.193538
-0.001654,-0.260128,-0.190795
-0.000768,-0.259143,-0.186123
0.000019,-0.259813,-0.182717
0.000393,-0.259718,-0.177062
0.003759,-0.256967,-0.174094
0.004495,-0.258049,-0.169932
0.006157,-0.257810,-0.166099
0.007574,-0.258628,-0.162816
0.009491,-0.255043,-0.158103
0.009005,-0.257041,-0.154970
0.012877,-0.256930,-0.151269
0.013821,-0.257451,-0.148394
0.016453,-0.257424,-0.156289
0.015830,-0.257520,-0.170871
0.018210,-0.259802,-0.183258
0.023740,-0.253813,-0.120236
0.026529,-0.253596,-0.115776
0.029395,-0.252885,-0.109835
0.028927,-0.252855,-0.107314
0.029713,-0.253015,-0.102479
0.032394,-0.253653,-0.099501
0.034240,-0.252617,-0.095805
0.035534,-0.250226,-0.092819
0.034153,-0.253662,-0.090475
0.037401,-0.252829,-0.089197
0.038041,-0.251204,-0.086957
0.040518,-0.252435,-0.084388
0.041568,-0.253469,-0.083310
0.042220,-0.251193,-0.082265
0.044912,-0.249908,-0.080671
0.045935,-0.252030,-0.079712
0.048583,-0.251910,-0.077314
0.047720,-0.250249,-0.076440
0.050353,-0.251344,-0.074264
0.051503,-0.251180,-0.072807
0.051167,-0.251502,-0.070732
0.055348,-0.249448,-0.072537
0.053710,-0.250190,-0.070692
0.057568,-0.248959,-0.067245
0.056099,-0.248870,-0.068207
0.058688,-0.250450,-0.065382
0.061785,-0.249612,-0.065641
0.062677,-0.252247,-0.065899
0.063415,-0.249319,-0.063465
0.066148,-0.250215,-0.064172
0.066515,-0.250890,-0.063517
0.066578,-0.249678,-0.063115
0.069525,-0.249453,-0.060202
0.072110,-0.249480,-0.059289
0.070710,-0.249199,-0.060087
0.073694,-0.248520,-0.058425
0.074434,-0.247353,-0.058329
0.077289,-0.249729,-0.056722
0.077154,-0.250573,-0.056190
0.078251,-0.250905,-0.054757
0.080371,-0.249696,-0.053749
0.082220,-0.248851,-0.054725
0.084456,-0.248560,-0.054271
0.082846,-0.249943,-0.054341
0.085727,-0.249291,-0.052080
0.086530,-0.249635,-0.051917
0.087744,-0.248231,-0.050500
0.091492,-0.249602,-0.050535
0.091572,-0.250068,-0.048990
0.090415,-0.249133,-0.049662
0.092411,-0.248286,-0.047370
0.094390,-0.248114,-0.049445
0.095807,-0.248833,-0.046992
0.098519,-0.248459,-0.045353
0.099195,-0.247310,-0.049017
0.101456,-0.247622,-0.045607
0.104002,-0.248457,-0.047433
0.103303,-0.247445,-0.045649
0.104633,-0.249745,-0.045252
0.106244,-0.247222,-0.046822
0.107736,-0.247845,-0.045173
0.107857,-0.247989,-0.045380
0.108704,-0.247451,-0.043940
0.111300,-0.247795,-0.044286
0.111997,-0.248143,-0.044485
0.113482,-0.248871,-0.043861
0.116165,-0.249508,-0.042361
0.115150,-0.248417,-0.045206
0.118173,-0.248465,-0.043545
0.117789,-0.247091,-0.044015
0.120971,-0.247200,-0.042664
0.122498,-0.248535,-0.043461
0.122850,-0.247584,-0.044147
0.124502,-0.247923,-0.045594
0.125336,-0.247758,-0.045550
0.127339,-0.247473,-0.047230
0.130136,-0.248146,-0.047478
0.126550,-0.249131,-0.046812
0.131724,-0.248495,-0.047318
0.130732,-0.248827,-0.048638
0.134241,-0.249418,-0.049994
0.135527,-0.249667,-0.049060
0.135781,-0.250176,-0.050642
0.137630,-0.247919,-0.051501
0.139165,-0.250142,-0.051970
0.140195,-0.247517,-0.053666
0.141788,-0.248279,-0.052819
0.144647,-0.249150,-0.053391
0.146145,-0.249513,-0.054876
0.145920,-0.249799,-0.058211
0.148584,-0.248313,-0.058566
0.149490,-0.249456,-0.059948
0.151155,-0.248652,-0.060647
0.151794,-0.250127,-0.061007
0.152943,-0.251316,-0.061896
0.154320,-0.249758,-0.062871
0.156082,-0.252000,-0.062824
0.158498,-0.248150,-0.066092
0.156368,-0.251449,-0.068103
0.159594,-0.248730,-0.067717
0.161148,-0.250505,-0.071174
0.162978,-0.248924,-0.073589
0.162707,-0.251146,-0.073652
0.165143,-0.251918,-0.075065
0.166506,-0.250309,-0.075451
0.168820,-0.251959,-0.079597
0.170308,-0.251840,-0.080107
0.172113,-0.250675,-0.082760
0.172199,-0.250885,-0.085063
0.175911,-0.251626,-0.091056
0.177091,-0.252969,-0.093364
0.177672,-0.252413,-0.097025
0.178891,-0.254209,-0.100361
0.181108,-0.254605,-0.104228
0.182153,-0.252915,-0.112958
0.185423,-0.256001,-0.125121
-0.036343,-0.263211,-0.248664
-0.033509,-0.262695,-0.245201
-0.031677,-0.261808,-0.240977
-0.030630,-0.262644,-0.236406
-0.030529,-0.262316,-0.235095
-0.028235,-0.259692,-0.228748
-0.026950,-0.261009,-0.224190
-0.024052,-0.261562,-0.220440
-0.023183,-0.259029,-0.216397
-0.021253,-0.259612,-0.210934
-0.020114,-0.260382,-0.209829
-0.020653,-0.259010,-0.204285
-0.016640,-0.259573,-0.201747
-0.016698,-0.258577,-0.196490
-0.014543,-0.258937,-0.190899
-0.012153,-0.255781,-0.187931
-0.011673,-0.256409,-0.186694
-0.009845,-0.258657,-0.182113
-0.009251,-0.258214,-0.177561
-0.005388,-0.257317,-0.173955
-0.006193,-0.256670,-0.169666
-0.002470,-0.257718,-0.165498
-0.002066,-0.256618,-0.161491
0.001404,-0.254943,-0.159410
0.002295,-0.255155,-0.154947
0.002308,-0.255044,-0.150470
0.004578,-0.254683,-0.147071
0.005258,-0.253844,-0.145417
0.007161,-0.253665,-0.138360
0.008228,-0.254270,-0.134192
0.009590,-0.254671,-0.135510
0.011965,-0.255240,-0.139813
0.012191,-0.253698,-0.144223
0.012740,-0.254692,-0.149506
0.015085,-0.254893,-0.152148
0.015234,-0.256377,-0.167522
0.018305,-0.258238,-0.177811
0.019605,-0.255977,-0.182454
0.019419,-0.256578,-0.186097
0.024934,-0.253700,-0.121199
0.026386,-0.254517,-0.116556
0.029133,-0.253081,-0.112381
0.029437,-0.251647,-0.106120
0.028727,-0.251912,-0.103541
0.032422,-0.250985,-0.095526
0.033603,-0.249981,-0.093927
0.034366,-0.249472,-0.090436
0.037034,-0.250434,-0.090488
0.036183,-0.251502,-0.090358
0.040010,-0.251581,-0.086012
0.041366,-0.249497,-0.084953
0.043015,-0.249233,-0.083705
0.044352,-0.249748,-0.081981
0.044745,-0.250195,-0.081941
0.046415,-0.251220,-0.080685
0.046406,-0.247699,-0.077710
0.048355,-0.247784,-0.076619
0.050826,-0.248492,-0.076094
0.051147,-0.245811,-0.072002
0.053624,-0.247297,-0.072331
0.054886,-0.247891,-0.071719
0.055501,-0.249292,-0.072311
0.057707,-0.248969,-0.070641
0.057670,-0.248351,-0.068694
0.058892,-0.248588,-0.067649
0.061895,-0.249224,-0.067753
0.062800,-0.247807,-0.064151
0.064162,-0.248866,-0.064855
0.065985,-0.248001,-0.063896
0.066155,-0.249707,-0.063756
0.068981,-0.248779,-0.061595
0.068477,-0.250170,-0.060937
0.070615,-0.247881,-0.060437
0.072764,-0.246894,-0.060059
0.072166,-0.247909,-0.058027
0.073724,-0.247888,-0.057485
0.075529,-0.247973,-0.057863
0.077491,-0.247038,-0.055855
0.077994,-0.247998,-0.056855
0.077051,-0.247492,-0.055352
0.082924,-0.248779,-0.053912
0.083749,-0.247318,-0.053298
0.084140,-0.247965,-0.053751
0.083726,-0.247505,-0.051358
0.086818,-0.245832,-0.053453
0.089001,-0.246833,-0.052693
0.091452,-0.247931,-0.047784
0.089945,-0.247628,-0.049024
0.091918,-0.246322,-0.049479
0.092386,-0.246491,-0.049131
0.094439,-0.248872,-0.047457
0.096294,-0.245725,-0.047345
0.097140,-0.247512,-0.050645
0.098871,-0.247190,-0.047567
0.098792,-0.245882,-0.045609
0.100880,-0.247121,-0.045620
0.102026,-0.246906,-0.044955
0.105348,-0.247572,-0.047814
0.104805,-0.248159,-0.045570
0.105718,-0.248046,-0.044796
0.106664,-0.246610,-0.046371
0.109446,-0.248260,-0.044259
0.109504,-0.248659,-0.043675
0.110722,-0.247119,-0.044335
0.112561,-0.246942,-0.044619
0.115220,-0.247113,-0.045364
0.117171,-0.247288,-0.043956
0.117894,-0.247266,-0.043435
0.118656,-0.246797,-0.045252
0.122974,-0.245202,-0.046093
0.121996,-0.247421,-0.046610
0.124167,-0.247937,-0.044413
0.122443,-0.246668,-0.045983
0.127431,-0.246720,-0.047388
0.127717,-0.245748,-0.047910
0.127934,-0.247961,-0.046939
0.129325,-0.246531,-0.048569
0.131837,-0.248747,-0.049324
0.132652,-0.247344,-0.047308
0.131346,-0.245852,-0.049317
0.137276,-0.247380,-0.049064
0.136353,-0.248968,-0.050400
0.137444,-0.245913,-0.051140
0.139283,-0.246581,-0.052112
0.139788,-0.247013,-0.053772
0.141247,-0.246982,-0.053439
0.143527,-0.247674,-0.055220
0.144787,-0.248677,-0.056846
0.147898,-0.247704,-0.057995
0.149015,-0.246806,-0.058683
0.149812,-0.247921,-0.058990
0.150348,-0.248949,-0.060961
0.151693,-0.246669,-0.059666
0.150986,-0.249706,-0.062105
0.154852,-0.248875,-0.063228
0.156779,-0.248288,-0.064290
0.158152,-0.249325,-0.067227
0.157056,-0.249610,-0.068958
0.158642,-0.249206,-0.069545
0.162365,-0.249288,-0.072706
0.164505,-0.249795,-0.072658
0.163836,-0.249204,-0.075043
0.165980,-0.248696,-0.075932
0.166538,-0.250747,-0.077336
0.168707,-0.248913,-0.078588
0.169337,-0.249900,-0.082051
0.169992,-0.250593,-0.084243
0.172496,-0.249580,-0.087369
0.175952,-0.248159,-0.090038
0.175432,-0.250781,-0.092386
0.178526,-0.249126,-0.094493
0.179668,-0.252176,-0.098091
0.178983,-0.251966,-0.103565
0.183516,-0.252661,-0.113513
0.184648,-0.253475,-0.124750
-0.045397,-0.261865,-0.249876
-0.045604,-0.260034,-0.244312
-0.043981,-0.258769,-0.238029
-0.043412,-0.258878,-0.234258
-0.037813,-0.261549,-0.233076
-0.038265,-0.257904,-0.227508
-0.034505,-0.257749,-0.224992
-0.035414,-0.258011,-0.218050
-0.032589,-0.258563,-0.216982
-0.032420,-0.258862,-0.211289
-0.032436,-0.258736,-0.207145
-0.029733,-0.257369,-0.203866
-0.028139,-0.257448,-0.199546
-0.025649,-0.257011,-0.197205
-0.024908,-0.256582,-0.191796
-0.023336,-0.257239,-0.188125
-0.020901,-0.255105,-0.184827
-0.018070,-0.256753,-0.180144
-0.018721,-0.253559,-0.176364
-0.015793,-0.254309,-0.174015
-0.014500,-0.254362,-0.170851
-0.013157,-0.254920,-0.164855
-0.011699,-0.254928,-0.161518
-0.012536,-0.254174,-0.158661
-0.008457,-0.253979,-0.155218
-0.008649,-0.255351,-0.149945
-0.006643,-0.254232,-0.146749
-0.004319,-0.253395,-0.142644
-0.002647,-0.251438,-0.138014
-0.000979,-0.252821,-0.134860
-0.001315,-0.252808,-0.132898
-0.000861,-0.250213,-0.127774
0.003948,-0.251367,-0.125307
0.004465,-0.251075,-0.124000
0.004298,-0.249407,-0.124351
0.006513,-0.251587,-0.128575
0.008199,-0.252340,-0.131536
0.008691,-0.253144,-0.137061
0.010529,-0.251239,-0.140820
0.011541,-0.253102,-0.141460
0.012264,-0.253822,-0.150314
0.014639,-0.254982,-0.152203
0.015578,-0.254032,-0.170104
0.017323,-0.254483,-0.175355
0.019346,-0.253842,-0.177427
0.021215,-0.256496,-0.181041
0.021685,-0.257045,-0.185116
0.026523,-0.248995,-0.119752
0.028121,-0.251764,-0.114979
0.028171,-0.250085,-0.106068
0.031454,-0.250344,-0.103505
0.033704,-0.249296,-0.097475
0.032761,-0.250147,-0.096936
0.034284,-0.247862,-0.093788
0.036875,-0.249605,-0.092191
0.038395,-0.249362,-0.089071
0.037827,-0.248033,-0.087431
0.040720,-0.249410,-0.086170
0.040553,-0.248837,-0.084801
0.041740,-0.247516,-0.083189
0.046305,-0.249415,-0.080949
0.047188,-0.248716,-0.078047
0.046936,-0.247811,-0.078076
0.047514,-0.247186,-0.075061
0.050327,-0.248572,-0.073361
0.051200,-0.247601,-0.072443
0.054350,-0.245738,-0.071993
0.052708,-0.247594,-0.069433
0.053884,-0.246521,-0.071347
0.057269,-0.247299,-0.069698
0.057916,-0.247353,-0.068805
0.058474,-0.246833,-0.066023
0.060664,-0.246256,-0.067689
0.062159,-0.245939,-0.064818
0.063923,-0.246150,-0.063763
0.067086,-0.247814,-0.063986
0.065107,-0.245925,-0.063846
0.066102,-0.246266,-0.062835
0.068387,-0.247170,-0.060862
0.070973,-0.245399,-0.060647
0.071080,-0.245758,-0.059260
0.075057,-0.246267,-0.059032
0.074712,-0.246808,-0.059307
0.075561,-0.245143,-0.058959
0.076927,-0.246068,-0.059252
0.080413,-0.245780,-0.056824
0.078876,-0.247452,-0.057339
0.080571,-0.244987,-0.053918
0.082907,-0.244317,-0.054643
0.084082,-0.245084,-0.054316
0.084791,-0.244749,-0.054613
0.088152,-0.245601,-0.051551
0.088671,-0.245082,-0.053598
0.089430,-0.244137,-0.051807
0.092539,-0.244415,-0.051346
0.092360,-0.246033,-0.049976
0.091544,-0.246046,-0.051783
0.095049,-0.246579,-0.048138
0.096920,-0.244033,-0.046755
0.096975,-0.245649,-0.047790
0.098773,-0.245827,-0.046446
0.101477,-0.244777,-0.047235
0.100833,-0.244825,-0.045911
0.103872,-0.245898,-0.048024
0.103710,-0.246088,-0.045373
0.105673,-0.244767,-0.045797
0.107170,-0.245847,-0.044292
0.106730,-0.244808,-0.045850
0.110328,-0.245021,-0.046774
0.109274,-0.246771,-0.045798
0.114394,-0.246291,-0.044001
0.114541,-0.245265,-0.044657
0.115418,-0.245874,-0.044104
0.116849,-0.244131,-0.045429
0.118314,-0.244217,-0.044764
0.119944,-0.245163,-0.044101
0.119542,-0.245244,-0.045649
0.121094,-0.244408,-0.045810
0.123612,-0.246336,-0.046500
0.123975,-0.245785,-0.046162
0.125794,-0.246091,-0.048734
0.128069,-0.245357,-0.047714
0.129187,-0.245951,-0.049844
0.130978,-0.244052,-0.048171
0.132960,-0.246396,-0.051040
0.132314,-0.245383,-0.046602
0.135568,-0.244871,-0.049017
0.136578,-0.244605,-0.050238
0.136416,-0.246882,-0.050811
0.136567,-0.245770,-0.053201
0.140263,-0.247515,-0.051318
0.140059,-0.244926,-0.053062
0.144137,-0.243972,-0.053522
0.145418,-0.245891,-0.055150
0.144929,-0.244234,-0.055436
0.146189,-0.247103,-0.057573
0.148884,-0.246790,-0.058066
0.148959,-0.246891,-0.059587
0.149966,-0.244330,-0.061481
0.152836,-0.246664,-0.062413
0.152469,-0.246706,-0.064003
0.153523,-0.247518,-0.063966
0.156616,-0.245550,-0.066131
0.157991,-0.246804,-0.066958
0.162410,-0.247137,-0.067783
0.161529,-0.247432,-0.070756
0.161292,-0.246927,-0.070845
0.163540,-0.247337,-0.074024
0.165570,-0.248505,-0.074255
0.164888,-0.247012,-0.076129
0.168701,-0.245862,-0.077612
0.168902,-0.249603,-0.079093
0.171831,-0.246782,-0.082175
0.171867,-0.248658,-0.083984
0.172411,-0.248306,-0.087103
0.176435,-0.247508,-0.089943
0.177023,-0.250302,-0.093685
0.179383,-0.249772,-0.095481
0.181487,-0.249064,-0.099266
0.181262,-0.248871,-0.103556
0.184046,-0.251273,-0.111870
0.186233,-0.252285,-0.123926
-0.055870,-0.258560,-0.248337
-0.054328,-0.258195,-0.242433
-0.053858,-0.258524,-0.239196
-0.051052,-0.258558,-0.234674
-0.049817,-0.259146,-0.231351
-0.049289,-0.258597,-0.226642
-0.048994,-0.258882,-0.223583
-0.043270,-0.257102,-0.218070
-0.042972,-0.257755,-0.214567
-0.040074,-0.256097,-0.210940
-0.039676,-0.255208,-0.210086
-0.039618,-0.256608,-0.202436
-0.035778,-0.255527,-0.202022
-0.033298,-0.253949,-0.197136
-0.033510,-0.255274,-0.193161
-0.031835,-0.255003,-0.187597
-0.031555,-0.253994,-0.185316
-0.031772,-0.253792,-0.179913
-0.027458,-0.254756,-0.175743
-0.025888,-0.253306,-0.172910
-0.024636,-0.252580,-0.167573
-0.024430,-0.250931,-0.166347
-0.020768,-0.252649,-0.164058
-0.020874,-0.251229,-0.157730
-0.019253,-0.252569,-0.153951
-0.016979,-0.251410,-0.150307
-0.016547,-0.250449,-0.148016
-0.015747,-0.251233,-0.143522
-0.014647,-0.250769,-0.138336
-0.010366,-0.251315,-0.134533
-0.011585,-0.250444,-0.132479
-0.008269,-0.250048,-0.127054
-0.007651,-0.249258,-0.124531
-0.007164,-0.249930,-0.120562
-0.004258,-0.250853,-0.115537
-0.003895,-0.248152,-0.117040
-0.001673,-0.248636,-0.118783
0.000439,-0.247155,-0.119472
0.001308,-0.249121,-0.121916
0.002738,-0.251359,-0.122187
0.004500,-0.249316,-0.124372
0.005818,-0.250384,-0.124358
0.005547,-0.249056,-0.128095
0.007944,-0.249138,-0.134143
0.008466,-0.252090,-0.135728
0.008123,-0.251255,-0.140446
0.012256,-0.250668,-0.144559
0.014525,-0.250209,-0.149864
0.015699,-0.250350,-0.152777
0.015378,-0.254313,-0.168048
0.016816,-0.254777,-0.170273
0.019576,-0.253509,-0.175480
0.018853,-0.253069,-0.177416
0.021264,-0.252618,-0.182314
0.023695,-0.253549,-0.183628
0.024333,-0.254032,-0.187523
0.028637,-0.249286,-0.119512
0.028431,-0.250323,-0.113569
0.028953,-0.248197,-0.109052
0.028915,-0.247828,-0.104556
0.031800,-0.247960,-0.101541
0.030848,-0.247264,-0.095634
0.035568,-0.247277,-0.092942
0.035941,-0.248552,-0.092577
0.037448,-0.247211,-0.090129
0.040186,-0.245510,-0.088289
0.041083,-0.247693,-0.086063
0.042533,-0.246656,-0.083093
0.042609,-0.245515,-0.081264
0.044869,-0.248032,-0.081203
0.046919,-0.244925,-0.079876
0.047670,-0.246538,-0.078880
0.049034,-0.245472,-0.077518
0.049965,-0.245004,-0.073641
0.051633,-0.243430,-0.073618
0.053711,-0.244226,-0.073017
0.053274,-0.244180,-0.071491
0.054796,-0.242987,-0.070702
0.056736,-0.244586,-0.069710
0.058669,-0.247701,-0.069239
0.059338,-0.246657,-0.066584
0.062583,-0.245569,-0.067673
0.061924,-0.245977,-0.066842
0.063123,-0.245376,-0.066525
0.063137,-0.246418,-0.065009
0.065506,-0.245051,-0.062306
0.066989,-0.243727,-0.062244
0.069202,-0.244971,-0.062812
0.072104,-0.243875,-0.061553
0.071780,-0.245222,-0.059159
0.070521,-0.244824,-0.060192
0.072744,-0.244077,-0.060241
0.074915,-0.243427,-0.059879
0.078893,-0.244105,-0.057485
0.078733,-0.244488,-0.059536
0.080365,-0.244648,-0.056608
0.081925,-0.243608,-0.056060
0.081355,-0.243752,-0.054745
0.085754,-0.244937,-0.054433
0.083494,-0.246256,-0.053875
0.086919,-0.245487,-0.051029
0.088205,-0.242742,-0.051999
0.089058,-0.243763,-0.050197
0.090942,-0.243458,-0.051559
0.090079,-0.243413,-0.050895
0.095200,-0.245681,-0.050437
0.096190,-0.244795,-0.050340
0.096730,-0.243227,-0.050040
0.097026,-0.242010,-0.048318
0.099769,-0.244044,-0.049152
0.098512,-0.244161,-0.047290
0.101501,-0.243797,-0.048586
0.104045,-0.244596,-0.048017
0.103975,-0.243918,-0.047389
0.105340,-0.244400,-0.046290
0.104718,-0.244929,-0.047538
0.107101,-0.242957,-0.047939
0.109424,-0.244708,-0.045581
0.110352,-0.244152,-0.044602
0.111268,-0.244357,-0.046007
0.112319,-0.244565,-0.046733
0.114892,-0.244092,-0.045669
0.116694,-0.243173,-0.044654
0.118254,-0.245296,-0.045858
0.120401,-0.244420,-0.045741
0.119966,-0.244346,-0.045147
0.121249,-0.243924,-0.046061
0.123125,-0.244646,-0.046005
0.125802,-0.243364,-0.046413
0.127056,-0.244451,-0.047717
0.128175,-0.244480,-0.047330
0.128560,-0.244947,-0.048994
0.129155,-0.244162,-0.047430
0.129437,-0.242527,-0.049823
0.132104,-0.243505,-0.047274
0.132403,-0.243362,-0.048744
0.134946,-0.243496,-0.050156
0.136000,-0.243113,-0.050071
0.138363,-0.243449,-0.050788
0.139099,-0.244331,-0.052518
0.141037,-0.244068,-0.053395
0.142361,-0.244727,-0.054349
0.142500,-0.244764,-0.053977
0.146832,-0.243555,-0.057694
0.145774,-0.243778,-0.059726
0.148034,-0.243667,-0.058249
0.148302,-0.245482,-0.060620
0.149623,-0.244446,-0.061579
0.153585,-0.246135,-0.061618
0.153109,-0.244576,-0.064042
0.154547,-0.245855,-0.064351
0.156193,-0.246968,-0.063778
0.157975,-0.244373,-0.066856
0.160822,-0.245770,-0.067830
0.160953,-0.245846,-0.069247
0.160493,-0.245659,-0.073152
0.163982,-0.248042,-0.072690
0.166562,-0.245585,-0.073909
0.167188,-0.246659,-0.076917
0.168569,-0.246032,-0.078282
0.168787,-0.244357,-0.079654
0.171982,-0.246767,-0.081342
0.170716,-0.247818,-0.083652
0.175205,-0.247661,-0.086133
0.175158,-0.246746,-0.091730
0.176531,-0.247118,-0.093527
0.177787,-0.247226,-0.097919
0.180503,-0.247400,-0.099880
0.184018,-0.246909,-0.102084
0.182760,-0.247721,-0.113379
0.186015,-0.249770,-0.125577
-0.067164,-0.256317,-0.245201
-0.065707,-0.257271,-0.242082
-0.062753,-0.257994,-0.238842
-0.061753,-0.256570,-0.235789
-0.058898,-0.255130,-0.233468
-0.058216,-0.256830,-0.228008
-0.057822,-0.255147,-0.222657
-0.054651,-0.255347,-0.217140
-0.054071,-0.257231,-0.214763
-0.051400,-0.253449,-0.210911
-0.050323,-0.255026,-0.207152
-0.048422,-0.256480,-0.202963
-0.047391,-0.252271,-0.200018
-0.046281,-0.251934,-0.196413
-0.044923,-0.253829,-0.191105
-0.042388,-0.251626,-0.190456
-0.041732,-0.253464,-0.184073
-0.040878,-0.251643,-0.180326
-0.037624,-0.252830,-0.177103
-0.036284,-0.252230,-0.173227
-0.033895,-0.250870,-0.168741
-0.034023,-0.250375,-0.165514
-0.032044,-0.253436,-0.160982
-0.030444,-0.251811,-0.157308
-0.027474,-0.250605,-0.152379
-0.028103,-0.249376,-0.150218
-0.025970,-0.250259,-0.145878
-0.022433,-0.249793,-0.142819
-0.022068,-0.248397,-0.139596
-0.021518,-0.248404,-0.135713
-0.017858,-0.248535,-0.131240
-0.016340,-0.249212,-0.128332
-0.017003,-0.248052,-0.123693
-0.013224,-0.247740,-0.119284
-0.012801,-0.249056,-0.113781
-0.012733,-0.249393,-0.111711
-0.012061,-0.247025,-0.108122
-0.008321,-0.246340,-0.108363
-0.008180,-0.248340,-0.109693
-0.007264,-0.246206,-0.112661
-0.004975,-0.247533,-0.112978
-0.003239,-0.247130,-0.116095
-0.002062,-0.246535,-0.115738
-0.001692,-0.247014,-0.117392
0.000633,-0.246885,-0.118045
0.001478,-0.248146,-0.120723
0.003668,-0.247839,-0.122088
0.004670,-0.248686,-0.125839
0.007006,-0.249646,-0.125457
0.005873,-0.249367,-0.128003
0.007380,-0.248472,-0.131631
0.009681,-0.248045,-0.134913
0.010249,-0.250866,-0.139546
0.013940,-0.247740,-0.143393
0.014872,-0.249478,-0.147646
0.017197,-0.252033,-0.153291
0.013622,-0.252373,-0.163973
0.018476,-0.250087,-0.168579
0.017670,-0.251122,-0.171400
0.020475,-0.251562,-0.173619
0.022176,-0.252148,-0.178684
0.022485,-0.253536,-0.180519
0.021812,-0.251360,-0.182821
0.027710,-0.250769,-0.123407
0.027358,-0.247173,-0.116837
0.029578,-0.245350,-0.110064
0.029422,-0.247067,-0.104323
0.031316,-0.245359,-0.099678
0.032023,-0.245863,-0.096140
0.035299,-0.243937,-0.094267
0.036056,-0.245578,-0.090281
0.038634,-0.245062,-0.092079
0.039779,-0.244016,-0.086517
0.039089,-0.243633,-0.086414
0.041100,-0.244833,-0.084872
0.043678,-0.244887,-0.082806
0.045051,-0.244249,-0.081224
0.044331,-0.244055,-0.080519
0.047405,-0.244681,-0.077628
0.048096,-0.244980,-0.078138
0.048014,-0.244205,-0.074815
0.051539,-0.244186,-0.073363
0.051985,-0.244178,-0.070669
0.053676,-0.243315,-0.071384
0.055478,-0.245488,-0.071561
0.056364,-0.245517,-0.068359
0.057443,-0.244799,-0.068446
0.059645,-0.245508,-0.068278
0.062027,-0.242888,-0.067667
0.062947,-0.241923,-0.065087
0.063189,-0.242164,-0.065646
0.062928,-0.244396,-0.064544
0.068418,-0.242316,-0.065054
0.068140,-0.241138,-0.062016
0.069500,-0.243816,-0.062722
0.071223,-0.244609,-0.062057
0.071576,-0.243185,-0.060437
0.074735,-0.242672,-0.060275
0.075165,-0.242547,-0.059498
0.077707,-0.242078,-0.058387
0.078492,-0.243854,-0.058092
0.077237,-0.243346,-0.057420
0.080477,-0.243084,-0.057781
0.081517,-0.241596,-0.054425
0.084404,-0.243062,-0.055308
0.085220,-0.243032,-0.055259
0.086367,-0.242151,-0.054028
0.086297,-0.243035,-0.052081
0.090388,-0.241239,-0.053329
0.088192,-0.243176,-0.050942
0.089849,-0.242771,-0.049823
0.092203,-0.243259,-0.050464
0.095324,-0.241335,-0.050739
0.096175,-0.242814,-0.050793
0.096811,-0.241176,-0.049522
0.096474,-0.239642,-0.048480
0.098277,-0.242391,-0.046863
0.099434,-0.242333,-0.050579
0.101727,-0.242278,-0.045531
0.102425,-0.242448,-0.047140
0.106165,-0.242489,-0.049082
0.105535,-0.241361,-0.047860
0.105482,-0.243055,-0.046587
0.108695,-0.243364,-0.047921
0.108962,-0.240601,-0.047813
0.112851,-0.243069,-0.047009
0.112445,-0.242924,-0.045730
0.112938,-0.241707,-0.045776
0.115189,-0.242197,-0.045878
0.115186,-0.244989,-0.045896
0.116302,-0.241367,-0.047101
0.119358,-0.243937,-0.044689
0.121007,-0.241639,-0.045560
0.123414,-0.242014,-0.046730
0.123662,-0.243414,-0.045670
0.123643,-0.241632,-0.046921
0.124128,-0.240823,-0.047807
0.129080,-0.242069,-0.047709
0.129582,-0.244072,-0.048672
0.130386,-0.241820,-0.047193
0.131042,-0.242341,-0.048809
0.131690,-0.243039,-0.047577
0.134490,-0.242101,-0.050729
0.135196,-0.243048,-0.049845
0.136427,-0.241309,-0.050708
0.137966,-0.242126,-0.052442
0.140516,-0.243861,-0.053166
0.141296,-0.245556,-0.055079
0.142634,-0.242383,-0.054741
0.143612,-0.244168,-0.056379
0.143706,-0.242084,-0.057054
0.148143,-0.241874,-0.060230
0.147826,-0.241189,-0.057263
0.149924,-0.245239,-0.060516
0.150658,-0.242586,-0.059221
0.151598,-0.243177,-0.062501
0.152740,-0.244045,-0.062618
0.154291,-0.244389,-0.062416
0.156280,-0.243033,-0.065732
0.157768,-0.245230,-0.066778
0.158266,-0.243202,-0.067767
0.160695,-0.245149,-0.070572
0.163029,-0.244969,-0.073218
0.162204,-0.244169,-0.072217
0.163711,-0.245097,-0.077357
0.166524,-0.243858,-0.078115
0.167217,-0.242392,-0.078202
0.168315,-0.245907,-0.081381
0.170947,-0.246547,-0.081157
0.172586,-0.244447,-0.082909
0.175132,-0.245184,-0.087297
0.175107,-0.245224,-0.090216
0.175789,-0.246574,-0.091073
0.177239,-0.245717,-0.098053
0.179914,-0.248051,-0.102328
0.179797,-0.247419,-0.104477
0.182225,-0.247604,-0.111496
0.182534,-0.248723,-0.123824
-0.073042,-0.256038,-0.241854
-0.073166,-0.256037,-0.238235
-0.072313,-0.254469,-0.235336
-0.070211,-0.254976,-0.231197
-0.067512,-0.254756,-0.226711
-0.067187,-0.253206,-0.221736
-0.065866,-0.254195,-0.219052
-0.063559,-0.254692,-0.214508
-0.063489,-0.253132,-0.211107
-0.060748,-0.251707,-0.207457
-0.059837,-0.252870,-0.205574
-0.057792,-0.251200,-0.199297
-0.054375,-0.252175,-0.195609
-0.054361,-0.250499,-0.193047
-0.051411,-0.250676,-0.187551
-0.052501,-0.250103,-0.183893
-0.048947,-0.250404,-0.179171
-0.046337,-0.252911,-0.174870
-0.045562,-0.251259,-0.171351
-0.045662,-0.250135,-0.168339
-0.043470,-0.248344,-0.165090
-0.040929,-0.249242,-0.163283
-0.038253,-0.249934,-0.158274
-0.036016,-0.248881,-0.155151
-0.035705,-0.247787,-0.151257
-0.035649,-0.248432,-0.146150
-0.032713,-0.247249,-0.140404
-0.031160,-0.246405,-0.139031
-0.031078,-0.246802,-0.134405
-0.029580,-0.244910,-0.131492
-0.027085,-0.246860,-0.125983
-0.026484,-0.244153,-0.123406
-0.024908,-0.244924,-0.119397
-0.023735,-0.245854,-0.116648
-0.022666,-0.244874,-0.113829
-0.019296,-0.245466,-0.108711
-0.017921,-0.244632,-0.105516
-0.018291,-0.245119,-0.103035
-0.015470,-0.245252,-0.104594
-0.013570,-0.242384,-0.104320
-0.014337,-0.244249,-0.103616
-0.012652,-0.246197,-0.106041
-0.012158,-0.244579,-0.107442
-0.010247,-0.247038,-0.109846
-0.008048,-0.246102,-0.110281
-0.007215,-0.247143,-0.111215
-0.005688,-0.246439,-0.115491
-0.003345,-0.246403,-0.115906
-0.003653,-0.246015,-0.114458
0.001480,-0.246147,-0.118050
0.001761,-0.246294,-0.120330
0.003347,-0.246519,-0.120662
0.003716,-0.246932,-0.120945
0.004843,-0.244372,-0.121446
0.006754,-0.245714,-0.124705
0.005853,-0.245201,-0.126079
0.007035,-0.247929,-0.131864
0.010458,-0.246742,-0.135456
0.009748,-0.249673,-0.140607
0.012330,-0.246625,-0.144194
0.014800,-0.247341,-0.149218
0.013862,-0.248762,-0.150119
0.015048,-0.248824,-0.160229
0.017272,-0.250180,-0.162628
0.018966,-0.249187,-0.167181
0.019223,-0.249044,-0.168839
0.022471,-0.250107,-0.174128
0.023553,-0.251063,-0.175259
0.026017,-0.250668,-0.180255
0.025440,-0.251192,-0.183803
0.027725,-0.245011,-0.117575
0.028057,-0.244157,-0.110725
0.032338,-0.242496,-0.105828
0.032052,-0.243693,-0.100020
0.033689,-0.245416,-0.096574
0.035606,-0.243752,-0.092074
0.037911,-0.245041,-0.091874
0.038598,-0.245026,-0.090517
0.039911,-0.244579,-0.088601
0.040270,-0.244190,-0.088054
0.041643,-0.243433,-0.085121
0.043021,-0.244239,-0.082382
0.044925,-0.244275,-0.081619
0.046962,-0.243932,-0.079917
0.046471,-0.243603,-0.077599
0.048649,-0.242521,-0.077231
0.050237,-0.243939,-0.077203
0.052960,-0.243000,-0.074318
0.052190,-0.245249,-0.071776
0.052940,-0.241257,-0.073014
0.055835,-0.241747,-0.068965
0.057117,-0.243255,-0.069114
0.057883,-0.241558,-0.067725
0.060192,-0.242371,-0.067219
0.061251,-0.243070,-0.067547
0.062159,-0.240894,-0.068259
0.064574,-0.242730,-0.065598
0.065795,-0.243274,-0.064049
0.066598,-0.240955,-0.065986
0.068193,-0.242335,-0.063427
0.068823,-0.241710,-0.063169
0.070637,-0.242163,-0.061246
0.071844,-0.243646,-0.061039
0.072085,-0.241201,-0.060530
0.076376,-0.241039,-0.061037
0.075280,-0.241617,-0.059141
0.076508,-0.240876,-0.060398
0.077650,-0.240677,-0.057020
0.079556,-0.241774,-0.056671
0.079675,-0.241818,-0.057329
0.081630,-0.239956,-0.056818
0.083822,-0.241457,-0.056899
0.084806,-0.238874,-0.054662
0.086352,-0.240080,-0.053955
0.087506,-0.241078,-0.054453
0.089340,-0.242360,-0.052632
0.090598,-0.241475,-0.052408
0.092264,-0.241970,-0.050757
0.092050,-0.242182,-0.049314
0.095205,-0.242290,-0.050332
0.096971,-0.241731,-0.050016
0.097583,-0.241282,-0.049774
0.098443,-0.241888,-0.049876
0.101715,-0.239684,-0.049214
0.102188,-0.241170,-0.047134
0.103013,-0.240670,-0.050800
0.104985,-0.240360,-0.047818
0.105760,-0.241410,-0.047859
0.107298,-0.239413,-0.046593
0.107197,-0.241618,-0.047808
0.108881,-0.240414,-0.045834
0.110709,-0.241348,-0.045601
0.110484,-0.239712,-0.046402
0.115762,-0.242332,-0.045044
0.114861,-0.239611,-0.046432
0.117643,-0.239768,-0.044542
0.116467,-0.241370,-0.046219
0.118081,-0.242343,-0.045993
0.121264,-0.240725,-0.047914
0.120106,-0.241503,-0.046481
0.125265,-0.241357,-0.047392
0.126479,-0.240180,-0.046789
0.126505,-0.239463,-0.049274
0.129135,-0.240207,-0.047108
0.127894,-0.240939,-0.048337
0.128491,-0.240589,-0.048895
0.130433,-0.240379,-0.050242
0.132526,-0.239718,-0.050265
0.133201,-0.243017,-0.051326
0.135060,-0.241017,-0.050741
0.136828,-0.241231,-0.050735
0.137890,-0.242401,-0.053261
0.139312,-0.240518,-0.052640
0.139108,-0.242038,-0.055173
0.142109,-0.241045,-0.054507
0.143571,-0.242077,-0.056015
0.145012,-0.242515,-0.057928
0.145809,-0.240427,-0.057934
0.147906,-0.241983,-0.057931
0.148567,-0.241277,-0.061736
0.149601,-0.241086,-0.060494
0.152054,-0.241695,-0.062103
0.153202,-0.242524,-0.064166
0.156427,-0.241702,-0.066212
0.156700,-0.243716,-0.064926
0.157804,-0.242984,-0.066898
0.158728,-0.242740,-0.069591
0.161991,-0.242566,-0.070206
0.161268,-0.243427,-0.073345
0.164645,-0.242498,-0.073858
0.164062,-0.243202,-0.075404
0.165722,-0.243582,-0.077611
0.168390,-0.243592,-0.077911
0.169300,-0.243616,-0.078599
0.169305,-0.243322,-0.082686
0.172750,-0.245520,-0.084469
0.172615,-0.241970,-0.086291
0.173836,-0.245523,-0.090435
0.175994,-0.244378,-0.094382
0.179269,-0.244676,-0.097749
0.180441,-0.245784,-0.100817
0.179969,-0.243476,-0.103946
0.183094,-0.244837,-0.113208
0.183628,-0.244874,-0.123705
-0.083074,-0.252251,-0.243518
-0.083848,-0.254277,-0.238981
-0.081610,-0.255192,-0.235709
-0.079519,-0.252820,-0.232371
-0.078402,-0.253609,-0.227338
-0.077459,-0.252291,-0.222702
-0.074767,-0.250800,-0.220419
-0.072359,-0.251233,-0.213340
-0.071266,-0.251543,-0.211203
-0.070449,-0.252742,-0.206530
-0.067443,-0.249595,-0.202591
-0.067184,-0.251900,-0.198133
-0.064486,-0.251621,-0.194341
-0.063540,-0.251927,-0.189331
-0.063689,-0.249312,-0.188212
-0.059596,-0.252012,-0.183418
-0.060107,-0.248681,-0.179477
-0.056839,-0.248680,-0.176279
-0.055558,-0.247850,-0.172443
-0.053422,-0.247404,-0.169866
-0.054147,-0.247609,-0.165806
-0.051619,-0.247768,-0.161828
-0.050098,-0.247998,-0.155814
-0.048936,-0.248274,-0.151833
-0.046926,-0.246446,-0.147985
-0.045283,-0.247535,-0.145064
-0.045666,-0.247128,-0.142496
-0.042084,-0.246460,-0.138634
-0.040200,-0.246309,-0.135023
-0.038299,-0.244564,-0.130668
-0.036082,-0.243990,-0.126431
-0.035009,-0.244544,-0.121833
-0.034772,-0.245799,-0.118353
-0.032050,-0.243981,-0.114989
-0.031169,-0.243995,-0.112528
-0.029425,-0.243211,-0.107917
-0.027319,-0.243621,-0.104301
-0.027277,-0.243168,-0.099929
-0.024486,-0.243074,-0.097769
-0.025710,-0.244531,-0.098643
-0.021826,-0.243689,-0.101504
-0.019490,-0.244966,-0.101036
-0.020154,-0.242213,-0.103031
-0.020317,-0.244352,-0.102780
-0.016713,-0.241680,-0.103777
-0.017818,-0.243159,-0.105101
-0.013892,-0.244517,-0.105422
-0.013702,-0.245426,-0.105000
-0.012722,-0.242322,-0.105269
-0.009650,-0.243627,-0.109265
-0.008410,-0.242789,-0.109673
-0.009339,-0.243773,-0.110138
-0.005169,-0.244849,-0.111892
-0.004244,-0.244689,-0.111957
-0.003218,-0.245521,-0.114601
-0.003645,-0.244032,-0.116564
-0.002016,-0.243057,-0.117362
-0.000307,-0.243974,-0.118907
0.000716,-0.244346,-0.118158
0.004489,-0.247087,-0.123321
0.004554,-0.245381,-0.122420
0.005607,-0.243598,-0.125467
0.006628,-0.248236,-0.127809
0.007070,-0.245106,-0.131581
0.008618,-0.247114,-0.136985
0.011653,-0.245853,-0.140326
0.011996,-0.246942,-0.144719
0.013813,-0.245238,-0.148304
0.015593,-0.246209,-0.152222
0.016811,-0.247906,-0.156571
0.018287,-0.247256,-0.159960
0.018867,-0.248369,-0.163595
0.019896,-0.248401,-0.166634
0.022704,-0.247537,-0.171268
0.023047,-0.250278,-0.174024
0.025518,-0.249533,-0.176998
0.026439,-0.248888,-0.181348
0.027684,-0.244934,-0.120538
0.030963,-0.246966,-0.113558
0.031590,-0.245079,-0.106570
0.030182,-0.244840,-0.104035
0.034334,-0.244294,-0.097877
0.034298,-0.243841,-0.092821
0.035723,-0.241970,-0.091254
0.036948,-0.241726,-0.090948
0.038932,-0.244443,-0.090287
0.040538,-0.240389,-0.087262
0.041693,-0.241416,-0.086537
0.043165,-0.240819,-0.086439
0.044408,-0.241260,-0.083413
0.046919,-0.243198,-0.081858
0.046002,-0.240735,-0.077701
0.050349,-0.242587,-0.075761
0.050682,-0.241266,-0.075812
0.052084,-0.240321,-0.074355
0.052504,-0.240460,-0.072372
0.054198,-0.239999,-0.072727
0.054593,-0.240553,-0.071542
0.055312,-0.241436,-0.071187
0.059467,-0.241279,-0.071042
0.061090,-0.240281,-0.070953
0.059791,-0.239816,-0.065528
0.063215,-0.240708,-0.068834
0.063904,-0.241656,-0.066088
0.064798,-0.239827,-0.065820
0.066059,-0.241097,-0.067173
0.068172,-0.240989,-0.064229
0.071069,-0.238687,-0.064466
0.070073,-0.238809,-0.062782
0.074012,-0.241165,-0.063064
0.072395,-0.240620,-0.060946
0.075456,-0.240709,-0.059884
0.074509,-0.240078,-0.058710
0.076714,-0.238826,-0.058291
0.077935,-0.236768,-0.057864
0.079407,-0.240926,-0.057468
0.080384,-0.239307,-0.056394
0.082176,-0.239826,-0.056966
0.085295,-0.238692,-0.055539
0.085049,-0.240992,-0.054520
0.086347,-0.239750,-0.053999
0.086212,-0.240564,-0.053506
0.088614,-0.240040,-0.051738
0.090021,-0.240444,-0.052089
0.092257,-0.238693,-0.051267
0.093983,-0.240453,-0.050889
0.095046,-0.239647,-0.051186
0.096010,-0.238857,-0.050067
0.095582,-0.238843,-0.050074
0.097636,-0.238964,-0.049268
0.098977,-0.239597,-0.049047
0.101234,-0.239240,-0.048863
0.103503,-0.238206,-0.047491
0.104521,-0.238130,-0.049793
0.104560,-0.240546,-0.048981
0.105688,-0.239175,-0.048425
0.108414,-0.239181,-0.048437
0.109808,-0.238029,-0.048003
0.110220,-0.237617,-0.046283
0.111681,-0.241195,-0.044895
0.113403,-0.239719,-0.046007
0.116794,-0.238458,-0.046635
0.117202,-0.238428,-0.044820
0.118671,-0.239615,-0.048549
0.120844,-0.237358,-0.047158
0.119962,-0.240267,-0.047167
0.121611,-0.239659,-0.045457
0.122973,-0.238446,-0.046866
0.123754,-0.240576,-0.047979
0.126427,-0.239427,-0.047718
0.126571,-0.239292,-0.047127
0.128204,-0.239243,-0.048497
0.130520,-0.240467,-0.051380
0.130992,-0.240542,-0.050097
0.132345,-0.239924,-0.049372
0.132496,-0.239828,-0.050386
0.135102,-0.240193,-0.050864
0.137508,-0.239078,-0.050859
0.140293,-0.240536,-0.053247
0.139949,-0.239670,-0.053595
0.139703,-0.239875,-0.054529
0.142417,-0.240056,-0.053737
0.142779,-0.239106,-0.056906
0.145125,-0.239268,-0.058413
0.147047,-0.240764,-0.059476
0.146733,-0.239479,-0.058175
0.149613,-0.239310,-0.060571
0.150363,-0.239989,-0.061475
0.152323,-0.239069,-0.062196
0.154063,-0.241205,-0.065173
0.155596,-0.240409,-0.063749
0.155493,-0.240969,-0.066753
0.157902,-0.241072,-0.068468
0.159539,-0.240413,-0.071973
0.161392,-0.241942,-0.072356
0.160485,-0.239591,-0.072614
0.161922,-0.241531,-0.074682
0.163913,-0.240878,-0.076189
0.166760,-0.241898,-0.076404
0.167329,-0.241483,-0.078764
0.167709,-0.241177,-0.080152
0.170416,-0.241761,-0.082566
0.171519,-0.242023,-0.084846
0.172042,-0.240508,-0.087799
0.175609,-0.241124,-0.090325
0.176643,-0.242657,-0.094064
0.177370,-0.242010,-0.097472
0.179434,-0.244020,-0.100915
0.179901,-0.245493,-0.103596
0.182500,-0.244242,-0.110565
0.186118,-0.246095,-0.122494
-0.091273,-0.252734,-0.237276
-0.090968,-0.251795,-0.234352
-0.088781,-0.250806,-0.231002
-0.088760,-0.250555,-0.224852
-0.087592,-0.251556,-0.222176
-0.085752,-0.249162,-0.219617
-0.083342,-0.250503,-0.214510
-0.081043,-0.250282,-0.210607
-0.080849,-0.251828,-0.207327
-0.079446,-0.248886,-0.202940
-0.077238,-0.249224,-0.199066
-0.076249,-0.248339,-0.195587
-0.076153,-0.246217,-0.189786
-0.070876,-0.248294,-0.187168
-0.070252,-0.248328,-0.182706
-0.067760,-0.247477,-0.179999
-0.068097,-0.245528,-0.174863
-0.066590,-0.247179,-0.170864
-0.065043,-0.247843,-0.167328
-0.061907,-0.245146,-0.165672
-0.061687,-0.247790,-0.161303
-0.059896,-0.246113,-0.155211
-0.059225,-0.246513,-0.154138
-0.057090,-0.244755,-0.149411
-0.055048,-0.244789,-0.145137
-0.051967,-0.245178,-0.140897
-0.051826,-0.244073,-0.137909
-0.049953,-0.244399,-0.136135
-0.047101,-0.243206,-0.128460
-0.048905,-0.244749,-0.127162
-0.047807,-0.243903,-0.120927
-0.044467,-0.242853,-0.118747
-0.041787,-0.242602,-0.115541
-0.043267,-0.242344,-0.110043
-0.039502,-0.242558,-0.108158
-0.037713,-0.241416,-0.104470
-0.036943,-0.242593,-0.100331
-0.034434,-0.242148,-0.095455
-0.032314,-0.240309,-0.096621
-0.031880,-0.241147,-0.096881
-0.029947,-0.241162,-0.097239
-0.030012,-0.240883,-0.097578
-0.028354,-0.242482,-0.099803
-0.026221,-0.240262,-0.100024
-0.025793,-0.241154,-0.100454
-0.024229,-0.240493,-0.100064
-0.023953,-0.241878,-0.099493
-0.023233,-0.242232,-0.101113
-0.018227,-0.242557,-0.102244
-0.017599,-0.242866,-0.104415
-0.018819,-0.241338,-0.103796
-0.016010,-0.242143,-0.104725
-0.012537,-0.242076,-0.103246
-0.013680,-0.241665,-0.104600
-0.012164,-0.242203,-0.105160
-0.010501,-0.241751,-0.104870
-0.009692,-0.242218,-0.109395
-0.007414,-0.242609,-0.111081
-0.007021,-0.241270,-0.111422
-0.004490,-0.242930,-0.111202
-0.002855,-0.241252,-0.115479
-0.003937,-0.242074,-0.114173
-0.001800,-0.241209,-0.116947
-0.000172,-0.242397,-0.119262
0.001317,-0.241932,-0.120055
0.004093,-0.242059,-0.120735
0.003717,-0.242925,-0.123800
0.005500,-0.241769,-0.125889
0.006795,-0.245002,-0.126443
0.009639,-0.244431,-0.132165
0.009300,-0.246039,-0.135668
0.013067,-0.243576,-0.139544
0.011455,-0.245291,-0.145624
0.011830,-0.243558,-0.150368
0.013832,-0.244594,-0.148580
0.016771,-0.245179,-0.153332
0.017093,-0.245133,-0.133255
0.018121,-0.241650,-0.126191
0.021107,-0.244633,-0.126136
0.022368,-0.242327,-0.128486
0.024260,-0.243501,-0.129812
0.023324,-0.244642,-0.136627
0.027286,-0.245190,-0.137940
0.027726,-0.245798,-0.137142
0.028538,-0.242191,-0.114980
0.031379,-0.241902,-0.109037
0.033639,-0.241712,-0.104212
0.030843,-0.241791,-0.097264
0.036918,-0.238839,-0.091365
0.037058,-0.239398,-0.089932
0.037743,-0.240834,-0.089895
0.039758,-0.243291,-0.086425
0.040647,-0.238058,-0.088190
0.043614,-0.238641,-0.086516
0.043033,-0.241579,-0.083294
0.044404,-0.240622,-0.083321
0.046396,-0.238250,-0.083588
0.046707,-0.239703,-0.079503
0.048714,-0.240242,-0.078849
0.050375,-0.240450,-0.075583
0.050490,-0.238964,-0.074958
0.053010,-0.238389,-0.074911
0.054478,-0.241491,-0.072554
0.055514,-0.240814,-0.068271
0.056367,-0.238138,-0.070221
0.057081,-0.238616,-0.070169
0.059207,-0.239690,-0.069426
0.060414,-0.237659,-0.068857
0.062366,-0.240953,-0.068768
0.064165,-0.238657,-0.066582
0.063369,-0.240201,-0.066910
0.063772,-0.241325,-0.066349
0.067392,-0.240445,-0.065926
0.068047,-0.238146,-0.064697
0.071421,-0.237642,-0.063243
0.071380,-0.240421,-0.063627
0.074462,-0.239280,-0.062170
0.074207,-0.238586,-0.062272
0.074402,-0.237341,-0.060898
0.078210,-0.238311,-0.058144
0.078242,-0.238308,-0.058664
0.078881,-0.239043,-0.058060
0.082867,-0.238644,-0.058012
0.084109,-0.240041,-0.057768
0.084416,-0.238472,-0.057069
0.084500,-0.239161,-0.054817
0.086913,-0.239780,-0.056306
0.087586,-0.238618,-0.055574
0.089528,-0.237800,-0.053748
0.090963,-0.238738,-0.051375
0.092816,-0.238849,-0.052142
0.092992,-0.238718,-0.052876
0.093456,-0.238774,-0.051282
0.094942,-0.238406,-0.050584
0.097029,-0.237840,-0.050564
0.098571,-0.237674,-0.049400
0.101554,-0.239845,-0.048726
0.100822,-0.238537,-0.050585
0.101749,-0.237342,-0.049040
0.103146,-0.237616,-0.050473
0.104918,-0.237561,-0.048357
0.106951,-0.238044,-0.048962
0.108568,-0.239941,-0.048911
0.109049,-0.237966,-0.049417
0.110783,-0.237214,-0.048697
0.112503,-0.237957,-0.047684
0.113612,-0.235989,-0.046996
0.116508,-0.237186,-0.047545
0.116115,-0.238040,-0.046927
0.117182,-0.238576,-0.046352
0.119158,-0.238537,-0.047128
0.119534,-0.237957,-0.047306
0.121252,-0.236725,-0.047225
0.123834,-0.237292,-0.048281
0.124072,-0.238586,-0.050448
0.126071,-0.237197,-0.049642
0.127829,-0.238489,-0.048508
0.128652,-0.237295,-0.049153
0.131293,-0.237902,-0.048988
0.130605,-0.237878,-0.049006
0.134917,-0.237363,-0.049362
0.135396,-0.236099,-0.049821
0.135457,-0.236672,-0.050315
0.135615,-0.237897,-0.052106
0.137689,-0.237205,-0.051821
0.137008,-0.238289,-0.052469
0.141747,-0.238380,-0.054116
0.140663,-0.238448,-0.055025
0.142051,-0.238120,-0.056389
0.145292,-0.237923,-0.056399
0.146983,-0.237778,-0.058786
0.147165,-0.237601,-0.056618
0.150609,-0.238772,-0.061121
0.150963,-0.238501,-0.059782
0.151838,-0.238937,-0.062832
0.154372,-0.237128,-0.064047
0.155576,-0.238803,-0.064752
0.155648,-0.239468,-0.067580
0.158453,-0.239733,-0.066873
0.157929,-0.239955,-0.068752
0.159632,-0.240280,-0.071372
0.162435,-0.238526,-0.072523
0.164579,-0.241366,-0.074447
0.164891,-0.239078,-0.076354
0.167716,-0.239618,-0.074543
0.167791,-0.239556,-0.077867
0.169710,-0.239507,-0.080542
0.172516,-0.237616,-0.082729
0.172279,-0.240984,-0.085510
0.174705,-0.238498,-0.085018
0.177128,-0.241232,-0.091862
0.177218,-0.241272,-0.094354
0.178163,-0.241636,-0.098192
0.178304,-0.240366,-0.100206
0.178810,-0.241859,-0.103731
0.184020,-0.242953,-0.112630
0.184013,-0.242946,-0.122984
-0.099125,-0.248332,-0.233060
-0.101135,-0.251803,-0.230660
-0.098715,-0.249604,-0.225890
-0.094472,-0.248331,-0.221923
-0.094728,-0.250515,-0.219401
-0.092963,-0.249288,-0.216509
-0.092575,-0.248174,-0.210135
-0.090060,-0.247490,-0.205761
-0.087843,-0.246082,-0.201724
-0.086531,-0.244593,-0.199716
-0.084284,-0.247575,-0.193934
-0.083993,-0.247015,-0.190077
-0.081088,-0.247417,-0.186091
-0.080903,-0.247256,-0.183615
-0.078550,-0.244430,-0.178201
-0.077911,-0.246185,-0.176141
-0.073965,-0.245790,-0.172484
-0.073022,-0.245837,-0.169524
-0.072269,-0.244308,-0.163716
-0.069857,-0.242801,-0.160752
-0.067826,-0.244858,-0.157043
-0.067550,-0.244251,-0.152400
-0.065584,-0.245414,-0.149077
-0.064739,-0.243338,-0.144749
-0.064599,-0.242485,-0.141725
-0.062914,-0.241035,-0.136461
-0.059824,-0.242862,-0.135143
-0.057443,-0.242227,-0.129483
-0.057306,-0.243489,-0.124885
-0.056173,-0.241462,-0.123261
-0.053812,-0.241181,-0.118258
-0.052368,-0.241156,-0.115581
-0.050364,-0.241766,-0.111370
-0.048243,-0.239396,-0.106808
-0.046765,-0.240477,-0.104815
-0.046933,-0.239375,-0.099614
-0.044330,-0.239993,-0.096397
-0.044858,-0.239615,-0.095745
-0.040371,-0.238446,-0.094775
-0.040984,-0.239547,-0.094636
-0.038731,-0.240307,-0.094429
-0.038187,-0.239182,-0.092292
-0.036471,-0.238328,-0.094996
-0.034627,-0.240881,-0.095570
-0.034180,-0.239734,-0.095469
-0.031528,-0.237891,-0.096947
-0.032216,-0.241131,-0.097911
-0.030272,-0.239079,-0.098007
-0.027676,-0.238860,-0.099348
-0.028428,-0.240445,-0.100013
-0.026747,-0.240676,-0.099373
-0.024445,-0.239199,-0.101008
-0.023426,-0.238608,-0.100350
-0.021415,-0.240099,-0.102240
-0.020523,-0.239560,-0.101385
-0.017461,-0.239811,-0.101350
-0.016031,-0.238302,-0.102868
-0.016299,-0.240446,-0.103323
-0.014686,-0.237700,-0.105329
-0.014786,-0.238973,-0.103954
-0.011960,-0.241633,-0.105415
-0.009891,-0.239655,-0.105575
-0.009523,-0.240730,-0.107490
-0.006611,-0.240602,-0.110164
-0.006175,-0.239360,-0.109702
-0.006203,-0.239975,-0.113837
-0.004985,-0.240036,-0.114932
-0.002079,-0.242509,-0.115712
-0.001894,-0.240156,-0.117250
-0.001081,-0.242678,-0.119397
-0.000039,-0.241868,-0.123165
0.002278,-0.241373,-0.122585
0.002993,-0.240874,-0.121310
0.006325,-0.241818,-0.125242
0.005716,-0.241862,-0.127321
0.007185,-0.240222,-0.130440
0.010150,-0.244354,-0.136491
0.010622,-0.244725,-0.140076
0.011228,-0.243526,-0.142135
0.013330,-0.243619,-0.124166
0.013162,-0.240965,-0.122871
0.017921,-0.241201,-0.121934
0.018730,-0.242671,-0.119990
0.020104,-0.241195,-0.118685
0.021402,-0.241436,-0.118946
0.023733,-0.241985,-0.122236
0.022825,-0.240381,-0.122475
0.026390,-0.242906,-0.121582
0.026182,-0.241303,-0.127507
0.027428,-0.242282,-0.131228
0.029187,-0.241375,-0.119451
0.031349,-0.240500,-0.111617
0.032495,-0.241990,-0.102973
0.034985,-0.240196,-0.097794
0.035459,-0.241096,-0.091434
0.035750,-0.238115,-0.091868
0.038409,-0.239552,-0.090530
0.039990,-0.238268,-0.087470
0.040506,-0.240312,-0.085622
0.041414,-0.238472,-0.086720
0.041452,-0.239840,-0.084487
0.045392,-0.238924,-0.081807
0.045506,-0.241551,-0.081865
0.048599,-0.238214,-0.079939
0.049278,-0.237047,-0.079482
0.050190,-0.238397,-0.077865
0.050249,-0.238441,-0.075450
0.053822,-0.237294,-0.072772
0.055223,-0.238402,-0.070483
0.053577,-0.238288,-0.071221
0.057005,-0.238636,-0.072507
0.058623,-0.238515,-0.072939
0.058243,-0.239401,-0.069827
0.061498,-0.238813,-0.068845
0.060329,-0.237535,-0.068990
0.063066,-0.237077,-0.067119
0.065017,-0.238838,-0.065682
0.067489,-0.237395,-0.066961
0.066435,-0.236126,-0.066210
0.070108,-0.237815,-0.064324
0.072667,-0.238413,-0.063713
0.072438,-0.236284,-0.061580
0.073365,-0.237273,-0.060538
0.074630,-0.237563,-0.061442
0.076537,-0.238855,-0.061801
0.078253,-0.237516,-0.061956
0.079558,-0.236788,-0.059866
0.078391,-0.237053,-0.057778
0.080751,-0.238765,-0.057394
0.081573,-0.237652,-0.056967
0.084637,-0.235217,-0.056358
0.085955,-0.236458,-0.054256
0.085503,-0.236224,-0.055237
0.087712,-0.236033,-0.054149
0.088625,-0.237474,-0.054909
0.090992,-0.236306,-0.052055
0.089819,-0.236159,-0.054648
0.094513,-0.235282,-0.053407
0.097090,-0.236734,-0.052052
0.095760,-0.237671,-0.050717
0.099439,-0.236533,-0.051102
0.098934,-0.236788,-0.048099
0.100485,-0.235250,-0.052368
0.101313,-0.237136,-0.049640
0.101977,-0.236713,-0.049272
0.103708,-0.238190,-0.049740
0.107391,-0.236222,-0.050523
0.107456,-0.235252,-0.048170
0.108535,-0.236648,-0.047829
0.109451,-0.237416,-0.047684
0.109636,-0.236171,-0.047936
0.112153,-0.236359,-0.047949
0.111256,-0.235712,-0.047953
0.116940,-0.235039,-0.047913
0.115931,-0.235698,-0.045497
0.116323,-0.236473,-0.045261
0.118897,-0.235148,-0.046462
0.119139,-0.233991,-0.048700
0.122072,-0.238406,-0.048908
0.122969,-0.237081,-0.047171
0.124625,-0.235855,-0.048515
0.126037,-0.236815,-0.048848
0.125676,-0.236204,-0.049834
0.127950,-0.236366,-0.050700
0.130977,-0.236916,-0.049710
0.130010,-0.236340,-0.050540
0.132088,-0.236440,-0.050160
0.135321,-0.236560,-0.051871
0.136227,-0.236231,-0.052202
0.137138,-0.236240,-0.050845
0.136774,-0.236807,-0.052811
0.139111,-0.236011,-0.053735
0.140741,-0.236627,-0.053287
0.141980,-0.237331,-0.054825
0.143584,-0.237360,-0.059613
0.144457,-0.237035,-0.057040
0.146973,-0.237303,-0.058756
0.147863,-0.236529,-0.060287
0.147649,-0.234873,-0.061988
0.152376,-0.236821,-0.060675
0.152299,-0.238309,-0.062573
0.154888,-0.235995,-0.064137
0.154354,-0.237089,-0.063427
0.157125,-0.236280,-0.066856
0.157841,-0.235850,-0.069444
0.157915,-0.237191,-0.069598
0.160043,-0.238126,-0.071971
0.162713,-0.237389,-0.072359
0.163538,-0.236874,-0.073595
0.166108,-0.237570,-0.073478
0.166477,-0.238828,-0.077471
0.167453,-0.238273,-0.078961
0.170575,-0.239112,-0.079686
0.172229,-0.239486,-0.081606
0.172095,-0.238374,-0.082572
0.172769,-0.237900,-0.086851
0.173276,-0.238080,-0.090474
0.176021,-0.239171,-0.095931
0.176733,-0.240879,-0.098188
0.180552,-0.239983,-0.102859
0.182502,-0.239954,-0.105120
0.183275,-0.240425,-0.111319
0.184400,-0.243038,-0.121784
-0.108313,-0.247715,-0.230752
-0.109008,-0.247946,-0.226103
-0.105116,-0.246713,-0.220840
-0.104703,-0.244697,-0.217114
-0.103640,-0.246998,-0.211632
-0.103922,-0.245017,-0.209603
-0.101974,-0.245962,-0.206562
-0.099703,-0.245839,-0.202039
-0.097289,-0.245966,-0.197780
-0.096236,-0.244718,-0.192652
-0.091238,-0.244986,-0.191234
-0.091867,-0.245552,-0.186559
-0.089683,-0.245769,-0.183953
-0.089413,-0.244037,-0.179999
-0.087086,-0.243151,-0.174015
-0.086355,-0.242527,-0.171815
-0.083455,-0.243858,-0.167399
-0.082072,-0.243405,-0.164019
-0.080844,-0.243418,-0.162438
-0.079649,-0.242636,-0.156723
-0.077233,-0.241935,-0.153384
-0.076864,-0.241373,-0.146621
-0.074076,-0.241390,-0.144464
-0.071941,-0.241443,-0.142447
-0.071946,-0.241759,-0.137873
-0.069312,-0.242405,-0.131921
-0.067807,-0.241252,-0.131131
-0.065257,-0.241959,-0.125995
-0.065558,-0.239713,-0.121834
-0.065713,-0.239074,-0.120096
-0.061999,-0.239085,-0.115898
-0.059584,-0.239325,-0.108797
-0.059757,-0.240812,-0.108760
-0.057373,-0.238707,-0.103794
-0.056237,-0.238113,-0.100393
-0.055637,-0.240034,-0.096878
-0.054241,-0.237813,-0.092199
-0.052646,-0.239010,-0.093238
-0.051170,-0.236619,-0.093306
-0.048439,-0.237679,-0.093195
-0.046537,-0.241319,-0.094003
-0.046360,-0.236572,-0.094775
-0.047386,-0.238545,-0.094025
-0.043712,-0.238024,-0.092555
-0.042654,-0.237509,-0.094819
-0.040427,-0.239403,-0.095210
-0.041273,-0.237258,-0.096921
-0.038280,-0.238845,-0.095984
-0.036530,-0.237993,-0.094586
-0.035540,-0.238196,-0.097092
-0.034318,-0.238253,-0.095131
-0.032054,-0.238558,-0.096148
-0.031898,-0.237502,-0.098762
-0.029765,-0.238363,-0.097588
-0.029269,-0.236925,-0.098386
-0.025335,-0.237568,-0.100627
-0.025715,-0.238027,-0.098478
-0.024558,-0.239345,-0.100327
-0.024177,-0.239084,-0.100318
-0.021810,-0.239053,-0.102191
-0.019280,-0.237903,-0.102121
-0.018955,-0.236939,-0.101470
-0.017452,-0.238587,-0.104261
-0.016188,-0.238881,-0.104530
-0.013651,-0.239727,-0.102988
-0.013672,-0.237993,-0.103947
-0.011920,-0.238397,-0.105079
-0.011335,-0.239919,-0.106456
-0.010183,-0.238600,-0.108319
-0.007357,-0.238005,-0.108727
-0.004673,-0.239943,-0.110671
-0.006803,-0.240618,-0.111647
-0.004535,-0.239797,-0.114368
-0.002624,-0.238160,-0.112700
-0.000714,-0.240253,-0.116598
0.000206,-0.240415,-0.116166
0.001816,-0.239997,-0.120008
0.001257,-0.240935,-0.123094
0.001743,-0.238893,-0.123353
0.006995,-0.240600,-0.127031
0.006955,-0.239924,-0.128904
0.009236,-0.239901,-0.130059
0.009790,-0.240807,-0.135735
0.010078,-0.241173,-0.127406
0.014140,-0.239048,-0.115200
0.012974,-0.239521,-0.115354
0.014440,-0.238277,-0.114906
0.017020,-0.238711,-0.112623
0.016882,-0.240151,-0.112534
0.019145,-0.236704,-0.111813
0.020771,-0.239296,-0.112317
0.023282,-0.239259,-0.114834
0.024716,-0.239810,-0.116162
0.024211,-0.238186,-0.116881
0.027447,-0.240583,-0.120139
0.027515,-0.239698,-0.119555
0.028324,-0.240697,-0.123220
0.031922,-0.240520,-0.111621
0.031766,-0.239544,-0.105937
0.034955,-0.239160,-0.099504
0.036170,-0.238942,-0.092121
0.034397,-0.239432,-0.092858
0.037180,-0.236386,-0.088841
0.039382,-0.239322,-0.087505
0.040078,-0.238803,-0.087037
0.040380,-0.237416,-0.088549
0.043909,-0.237025,-0.084243
0.043859,-0.236578,-0.083715
0.046563,-0.236242,-0.081180
0.048068,-0.237234,-0.084362
0.049042,-0.237267,-0.079259
0.048343,-0.236656,-0.077971
0.049945,-0.236224,-0.075171
0.054712,-0.236380,-0.073551
0.053122,-0.236782,-0.072982
0.057178,-0.235146,-0.072851
0.058360,-0.236484,-0.069948
0.059587,-0.235928,-0.070253
0.061506,-0.235169,-0.070030
0.061228,-0.236515,-0.070359
0.062477,-0.234895,-0.069442
0.064386,-0.235225,-0.068061
0.064243,-0.237799,-0.068185
0.066211,-0.235648,-0.067757
0.067586,-0.235213,-0.064384
0.069389,-0.235903,-0.066894
0.070216,-0.237017,-0.064720
0.071677,-0.236090,-0.065000
0.072992,-0.235835,-0.061669
0.072487,-0.237657,-0.063684
0.077548,-0.235012,-0.062416
0.076554,-0.235220,-0.060989
0.077548,-0.236359,-0.060473
0.080707,-0.234306,-0.057535
0.082824,-0.235121,-0.058242
0.081844,-0.235499,-0.058340
0.084697,-0.235332,-0.055801
0.084326,-0.235727,-0.056582
0.086935,-0.235355,-0.054204
0.088087,-0.235578,-0.055928
0.090519,-0.234950,-0.054966
0.091506,-0.234001,-0.054425
0.094195,-0.236420,-0.053812
0.094741,-0.234492,-0.053519
0.095398,-0.234976,-0.051615
0.097094,-0.234221,-0.051711
0.096602,-0.235661,-0.050223
0.097444,-0.233723,-0.052146
0.100055,-0.233419,-0.049820
0.102865,-0.236029,-0.050169
0.101680,-0.234555,-0.050536
0.104273,-0.232941,-0.051626
0.106432,-0.234097,-0.049450
0.106611,-0.236158,-0.050741
0.109126,-0.234825,-0.051088
0.110851,-0.233329,-0.048421
0.112362,-0.235188,-0.048884
0.113439,-0.235203,-0.048263
0.112039,-0.235479,-0.048972
0.114325,-0.232903,-0.044923
0.115337,-0.233556,-0.048635
0.117936,-0.233333,-0.048050
0.119570,-0.234271,-0.048009
0.119183,-0.233940,-0.049581
0.120789,-0.234866,-0.048731
0.121915,-0.234271,-0.049354
0.125248,-0.234928,-0.047971
0.126174,-0.235615,-0.049248
0.128003,-0.233365,-0.048042
0.128612,-0.233625,-0.051797
0.130463,-0.234728,-0.050327
0.129340,-0.234908,-0.051290
0.133549,-0.234636,-0.052185
0.134402,-0.236550,-0.051833
0.137027,-0.234053,-0.052777
0.137590,-0.234087,-0.053091
0.137940,-0.234056,-0.053918
0.138646,-0.236979,-0.055896
0.141296,-0.235245,-0.055908
0.141183,-0.235410,-0.055095
0.142248,-0.234636,-0.057282
0.144847,-0.235802,-0.057553
0.146306,-0.237013,-0.059962
0.147796,-0.235861,-0.061331
0.148329,-0.236705,-0.061424
0.150216,-0.235201,-0.062532
0.153801,-0.234840,-0.062153
0.155473,-0.234030,-0.064304
0.154496,-0.237309,-0.063667
0.157184,-0.236613,-0.066253
0.158645,-0.236479,-0.067150
0.160744,-0.235226,-0.069869
0.159117,-0.236972,-0.070406
0.162404,-0.237364,-0.072395
0.163030,-0.237984,-0.075664
0.165047,-0.235331,-0.075650
0.166257,-0.235398,-0.077122
0.166829,-0.238059,-0.079018
0.169358,-0.236220,-0.080421
0.170601,-0.236244,-0.081847
0.171218,-0.237824,-0.083610
0.173391,-0.237560,-0.087059
0.174919,-0.237798,-0.091217
0.179552,-0.238632,-0.094972
0.176761,-0.240419,-0.098287
0.180505,-0.237991,-0.102122
0.180634,-0.239793,-0.105088
0.183610,-0.240542,-0.108582
0.184562,-0.240264,-0.123051
-0.116776,-0.245962,-0.222928
-0.115037,-0.246153,-0.219967
-0.112338,-0.246110,-0.214059
-0.112442,-0.246749,-0.210238
-0.109983,-0.244108,-0.204854
-0.106493,-0.245118,-0.200600
-0.106783,-0.242558,-0.199285
-0.103732,-0.243154,-0.194280
-0.103301,-0.244325,-0.190376
-0.103219,-0.242565,-0.186501
-0.100327,-0.244639,-0.183054
-0.097154,-0.242566,-0.178767
-0.097559,-0.240783,-0.175400
-0.095435,-0.242676,-0.171622
-0.094983,-0.244121,-0.168046
-0.091824,-0.241167,-0.163385
-0.092430,-0.240520,-0.158203
-0.088609,-0.241518,-0.154820
-0.087084,-0.238926,-0.152495
-0.086156,-0.239976,-0.148594
-0.084569,-0.239686,-0.144684
-0.082171,-0.241597,-0.139884
-0.081143,-0.241509,-0.135448
-0.080281,-0.239393,-0.133658
-0.079669,-0.239164,-0.130163
-0.075639,-0.238815,-0.125961
-0.072676,-0.240123,-0.121837
-0.072747,-0.235870,-0.118460
-0.071620,-0.237757,-0.114290
-0.071427,-0.238071,-0.111368
-0.070275,-0.237224,-0.107574
-0.066953,-0.236248,-0.103207
-0.064235,-0.237147,-0.100760
-0.063706,-0.235056,-0.095915
-0.061259,-0.237029,-0.092705
-0.059149,-0.235638,-0.090033
-0.059133,-0.237396,-0.091824
-0.059342,-0.235436,-0.092618
-0.057460,-0.236774,-0.090803
-0.055361,-0.234678,-0.093076
-0.053696,-0.236316,-0.092030
-0.052907,-0.237818,-0.091961
-0.052011,-0.235795,-0.094383
-0.048506,-0.235377,-0.092692
-0.049792,-0.234778,-0.093012
-0.046603,-0.234435,-0.092402
-0.048568,-0.236036,-0.094119
-0.044090,-0.236757,-0.094092
-0.042816,-0.234821,-0.094535
-0.041926,-0.235854,-0.095363
-0.039102,-0.237757,-0.095081
-0.040253,-0.235242,-0.094846
-0.037534,-0.236238,-0.096167
-0.037651,-0.236857,-0.094518
-0.036101,-0.237994,-0.093951
-0.035202,-0.235601,-0.096239
-0.032241,-0.239387,-0.095695
-0.031207,-0.235917,-0.097990
-0.030236,-0.235801,-0.098453
-0.026728,-0.236620,-0.097351
-0.024845,-0.235899,-0.099740
-0.025888,-0.235794,-0.101023
-0.024400,-0.237453,-0.099991
-0.021469,-0.238547,-0.101197
-0.021637,-0.235435,-0.101812
-0.018617,-0.237595,-0.102392
-0.019452,-0.236500,-0.104315
-0.016948,-0.237028,-0.102809
-0.017131,-0.236689,-0.102280
-0.014777,-0.238018,-0.103819
-0.013556,-0.238642,-0.104018
-0.010784,-0.236600,-0.104856
-0.012860,-0.237654,-0.105182
-0.009959,-0.235895,-0.106626
-0.006075,-0.237753,-0.108925
-0.006852,-0.235773,-0.110857
-0.004838,-0.236611,-0.112267
-0.005441,-0.237875,-0.113412
-0.000925,-0.238982,-0.115640
-0.001028,-0.237656,-0.117723
0.002124,-0.237524,-0.118638
0.002343,-0.237601,-0.121587
0.002617,-0.235766,-0.122739
0.003008,-0.238140,-0.124210
0.007140,-0.237544,-0.124616
0.006785,-0.239630,-0.127979
0.009477,-0.238788,-0.129520
0.010781,-0.237411,-0.113581
0.012305,-0.237639,-0.112765
0.010879,-0.239603,-0.112344
0.013723,-0.239171,-0.109148
0.015894,-0.235544,-0.110228
0.016347,-0.236547,-0.108727
0.018350,-0.236952,-0.109256
0.019004,-0.238720,-0.108091
0.021323,-0.237378,-0.110244
0.022796,-0.237767,-0.110958
0.023681,-0.238363,-0.112116
0.024292,-0.239520,-0.112442
0.025596,-0.238587,-0.113570
0.026933,-0.237901,-0.114659
0.029347,-0.237906,-0.114760
0.030600,-0.237804,-0.115837
0.032182,-0.238451,-0.109927
0.032357,-0.237604,-0.103244
0.034441,-0.237030,-0.096659
0.036153,-0.236829,-0.092398
0.036484,-0.236530,-0.088936
0.038575,-0.235935,-0.088738
0.041130,-0.235224,-0.087743
0.041813,-0.236220,-0.085952
0.043821,-0.235414,-0.085089
0.043875,-0.235607,-0.082371
0.045715,-0.237711,-0.080788
0.048315,-0.235370,-0.079788
0.049280,-0.234591,-0.080674
0.050236,-0.235552,-0.076287
0.052646,-0.234102,-0.077454
0.052339,-0.236055,-0.075643
0.053104,-0.233415,-0.072321
0.058044,-0.233293,-0.072865
0.056545,-0.234403,-0.073146
0.058005,-0.234839,-0.072181
0.059803,-0.236711,-0.070651
0.062190,-0.235532,-0.070778
0.063297,-0.233938,-0.070748
0.063785,-0.235222,-0.068451
0.066386,-0.235367,-0.067525
0.067704,-0.233335,-0.067893
0.068069,-0.234367,-0.067535
0.069257,-0.234548,-0.066571
0.067835,-0.236403,-0.063528
0.071358,-0.233830,-0.064715
0.072963,-0.233237,-0.063565
0.073382,-0.234420,-0.061437
0.075903,-0.235632,-0.061380
0.076785,-0.233463,-0.060991
0.078216,-0.234453,-0.059529
0.078754,-0.233541,-0.059868
0.081386,-0.233863,-0.059868
0.082250,-0.232916,-0.058809
0.084240,-0.233466,-0.058754
0.085102,-0.232955,-0.055781
0.086213,-0.232606,-0.055861
0.087762,-0.234674,-0.054260
0.089196,-0.233394,-0.054716
0.090714,-0.234194,-0.053652
0.093269,-0.235475,-0.053458
0.091833,-0.232577,-0.051965
0.095444,-0.233682,-0.051612
0.097561,-0.233411,-0.050060
0.096805,-0.233319,-0.051587
0.100127,-0.231650,-0.051119
0.101224,-0.232631,-0.050432
0.102351,-0.233049,-0.051552
0.102449,-0.233739,-0.051152
0.102440,-0.232466,-0.053171
0.104766,-0.231148,-0.051129
0.109301,-0.233397,-0.051386
0.108671,-0.232358,-0.050871
0.109879,-0.233351,-0.048758
0.111972,-0.233414,-0.048158
0.111517,-0.233377,-0.049240
0.115512,-0.233045,-0.049925
0.114307,-0.232762,-0.048660
0.115794,-0.233160,-0.046760
0.118351,-0.233495,-0.045879
0.119861,-0.233248,-0.047677
0.120866,-0.232823,-0.047956
0.122297,-0.233336,-0.047845
0.123245,-0.233919,-0.049586
0.125809,-0.235709,-0.048515
0.126376,-0.232813,-0.048249
0.128920,-0.233189,-0.050391
0.128696,-0.232349,-0.050427
0.128157,-0.232913,-0.050456
0.130927,-0.235133,-0.050093
0.132118,-0.232679,-0.051148
0.133316,-0.233276,-0.052857
0.132471,-0.231809,-0.052882
0.136998,-0.234013,-0.051830
0.139348,-0.233943,-0.054789
0.139687,-0.232323,-0.055052
0.139949,-0.233827,-0.055592
0.142223,-0.234934,-0.054512
0.142879,-0.233035,-0.056720
0.146673,-0.233834,-0.059098
0.147366,-0.233227,-0.059344
0.147673,-0.235815,-0.059746
0.148540,-0.232621,-0.061532
0.150131,-0.233868,-0.063224
0.151597,-0.234571,-0.061749
0.152243,-0.235019,-0.064496
0.154791,-0.233290,-0.065286
0.155571,-0.233112,-0.066476
0.157037,-0.234891,-0.067558
0.158011,-0.235117,-0.070072
0.159412,-0.235289,-0.069907
0.160700,-0.235501,-0.072379
0.163322,-0.235261,-0.075271
0.162641,-0.234771,-0.075699
0.167699,-0.234485,-0.079269
0.166598,-0.236227,-0.078693
0.169813,-0.234055,-0.082659
0.170658,-0.234588,-0.082316
0.173303,-0.237083,-0.085429
0.172674,-0.234083,-0.086042
0.175840,-0.235556,-0.090325
0.175006,-0.237129,-0.095857
0.177115,-0.235687,-0.098105
0.180049,-0.237997,-0.102196
0.179909,-0.237035,-0.105373
0.183464,-0.237283,-0.109838
0.186102,-0.238522,-0.122681
-0.124038,-0.244241,-0.213523
-0.121801,-0.243168,-0.211478
-0.120472,-0.242324,-0.208766
-0.117802,-0.243071,-0.201964
-0.116688,-0.240464,-0.199527
-0.114227,-0.241860,-0.193029
-0.114508,-0.243145,-0.188840
-0.112479,-0.243557,-0.185799
-0.110115,-0.240364,-0.182563
-0.108378,-0.241357,-0.177260
-0.106793,-0.240235,-0.175479
-0.106575,-0.239861,-0.172021
-0.104408,-0.238117,-0.166323
-0.103488,-0.239777,-0.162814
-0.101124,-0.238750,-0.158610
-0.100837,-0.238841,-0.154762
-0.096422,-0.240198,-0.151298
-0.095710,-0.238608,-0.149889
-0.093148,-0.237373,-0.144083
-0.093277,-0.238707,-0.140570
-0.092068,-0.237788,-0.137144
-0.090729,-0.238770,-0.134247
-0.088002,-0.237090,-0.129299
-0.086306,-0.236306,-0.125208
-0.087433,-0.237627,-0.121189
-0.083113,-0.234907,-0.117893
-0.081188,-0.236784,-0.115456
-0.078656,-0.234411,-0.109924
-0.078779,-0.234146,-0.107587
-0.077214,-0.234117,-0.104228
-0.074379,-0.233697,-0.099960
-0.075097,-0.234991,-0.096493
-0.071197,-0.233785,-0.091401
-0.070332,-0.234220,-0.091470
-0.067385,-0.234028,-0.091168
-0.067775,-0.232979,-0.092589
-0.066248,-0.236249,-0.091577
-0.064182,-0.233404,-0.092262
-0.064004,-0.234188,-0.090981
-0.063396,-0.236936,-0.092761
-0.062217,-0.234190,-0.094224
-0.059316,-0.234986,-0.090345
-0.057210,-0.236352,-0.092535
-0.057856,-0.234692,-0.092598
-0.056952,-0.235618,-0.092118
-0.054861,-0.235257,-0.093272
-0.052389,-0.236256,-0.093259
-0.053552,-0.234307,-0.093737
-0.050992,-0.233499,-0.092940
-0.049992,-0.235639,-0.093391
-0.048862,-0.234480,-0.093796
-0.046027,-0.232766,-0.094321
-0.044829,-0.234624,-0.095189
-0.042736,-0.234863,-0.094996
-0.040581,-0.236249,-0.093928
-0.040760,-0.235088,-0.096962
-0.038954,-0.233747,-0.094956
-0.037503,-0.234285,-0.093643
-0.035505,-0.235434,-0.094589
-0.036660,-0.235266,-0.094696
-0.034485,-0.235361,-0.096107
-0.033202,-0.236920,-0.096077
-0.030586,-0.236106,-0.098070
-0.029853,-0.233997,-0.096881
-0.028541,-0.235525,-0.098413
-0.028452,-0.234922,-0.099205
-0.026794,-0.236001,-0.099092
-0.021606,-0.235960,-0.100235
-0.023325,-0.235131,-0.101577
-0.020426,-0.235685,-0.103660
-0.021734,-0.234148,-0.102597
-0.017994,-0.236005,-0.102420
-0.018124,-0.237468,-0.102049
-0.016186,-0.236298,-0.103075
-0.013163,-0.234411,-0.103765
-0.013066,-0.234269,-0.104997
-0.012137,-0.234987,-0.105139
-0.009743,-0.235486,-0.106981
-0.007148,-0.237068,-0.107596
-0.007352,-0.236909,-0.109618
-0.007219,-0.234902,-0.111888
-0.004314,-0.234193,-0.113057
-0.003671,-0.235732,-0.111979
-0.001518,-0.235924,-0.117808
-0.000878,-0.235112,-0.116061
-0.001003,-0.236910,-0.119212
0.000900,-0.237099,-0.120631
0.003038,-0.236225,-0.122910
0.003277,-0.235517,-0.125051
0.005129,-0.238179,-0.125025
0.008066,-0.236423,-0.121910
0.007993,-0.237508,-0.112767
0.009103,-0.236267,-0.110910
0.012285,-0.234872,-0.107377
0.011759,-0.236268,-0.108756
0.014381,-0.232852,-0.110179
0.016381,-0.235419,-0.107835
0.018625,-0.235557,-0.107818
0.017173,-0.236257,-0.106700
0.018623,-0.234315,-0.106796
0.021906,-0.237584,-0.107522
0.021629,-0.232978,-0.108177
0.024252,-0.236680,-0.107359
0.025060,-0.234827,-0.110069
0.025992,-0.236755,-0.109754
0.029156,-0.236733,-0.110545
0.028988,-0.235826,-0.113718
0.029208,-0.235037,-0.110828
0.033113,-0.235865,-0.110297
0.031431,-0.235033,-0.104855
0.034394,-0.236591,-0.098214
0.035418,-0.234595,-0.090171
0.037782,-0.234521,-0.089127
0.038049,-0.233844,-0.085364
0.040157,-0.232944,-0.088078
0.041078,-0.234995,-0.085982
0.045070,-0.232187,-0.086092
0.046434,-0.235302,-0.083278
0.044945,-0.233907,-0.081766
0.048579,-0.233605,-0.082740
0.046708,-0.233566,-0.080010
0.050277,-0.235618,-0.077127
0.051762,-0.234946,-0.077420
0.052888,-0.233929,-0.074404
0.052864,-0.231935,-0.073897
0.055441,-0.232994,-0.072173
0.057134,-0.232525,-0.069778
0.058822,-0.232429,-0.070627
0.061046,-0.233707,-0.071687
0.061635,-0.232222,-0.070610
0.060914,-0.233527,-0.069155
0.062433,-0.233278,-0.068614
0.066100,-0.232751,-0.068085
0.067133,-0.231463,-0.066123
0.067282,-0.232542,-0.067646
0.070294,-0.231438,-0.064487
0.069736,-0.232436,-0.063666
0.071680,-0.233248,-0.064905
0.073779,-0.231927,-0.064618
0.074128,-0.232952,-0.063978
0.076232,-0.233464,-0.062547
0.077523,-0.231827,-0.062625
0.079938,-0.231605,-0.060993
0.080424,-0.231716,-0.060094
0.081085,-0.232191,-0.060104
0.083699,-0.232031,-0.057551
0.083961,-0.233126,-0.056891
0.085047,-0.233575,-0.058671
0.085856,-0.232039,-0.057380
0.088442,-0.232484,-0.055179
0.090058,-0.232563,-0.054453
0.089235,-0.232563,-0.053334
0.090503,-0.232024,-0.054762
0.093583,-0.231129,-0.052199
0.096346,-0.232324,-0.053060
0.096898,-0.230343,-0.050909
0.097570,-0.229765,-0.052226
0.100747,-0.229322,-0.051664
0.100403,-0.232602,-0.050515
0.101592,-0.230945,-0.050391
0.102563,-0.231126,-0.051233
0.103691,-0.232207,-0.049068
0.108351,-0.231138,-0.048913
0.107472,-0.230446,-0.049884
0.106713,-0.230278,-0.051039
0.110504,-0.231190,-0.048903
0.110991,-0.233896,-0.050778
0.111647,-0.230997,-0.049521
0.114521,-0.232366,-0.047682
0.115637,-0.230790,-0.050293
0.117830,-0.230999,-0.047574
0.116615,-0.229364,-0.047148
0.118900,-0.233512,-0.050355
0.118752,-0.233143,-0.049292
0.121151,-0.231261,-0.047431
0.122577,-0.230162,-0.051596
0.126439,-0.231428,-0.049662
0.125745,-0.232020,-0.049555
0.127106,-0.231118,-0.051477
0.129084,-0.230297,-0.049955
0.129694,-0.232837,-0.050687
0.130995,-0.231937,-0.052308
0.134134,-0.232235,-0.051858
0.133845,-0.233924,-0.052024
0.135984,-0.230199,-0.052785
0.136685,-0.230570,-0.053361
0.137257,-0.232172,-0.054810
0.139840,-0.231637,-0.054713
0.140449,-0.230875,-0.056422
0.143165,-0.232682,-0.056688
0.144240,-0.232740,-0.058059
0.145337,-0.231848,-0.059347
0.146223,-0.231845,-0.059499
0.148267,-0.233181,-0.061541
0.150671,-0.233038,-0.060506
0.151007,-0.232592,-0.063522
0.151838,-0.232765,-0.063268
0.153861,-0.232995,-0.064373
0.156823,-0.232057,-0.065029
0.155549,-0.231966,-0.065503
0.156441,-0.232760,-0.066012
0.159918,-0.235696,-0.070096
0.161015,-0.231745,-0.068061
0.161213,-0.234488,-0.073045
0.164183,-0.232971,-0.076076
0.165171,-0.233660,-0.078373
0.166529,-0.233270,-0.079213
0.168115,-0.235353,-0.081571
0.167933,-0.234154,-0.080088
0.171602,-0.234952,-0.081535
0.174614,-0.233564,-0.083138
0.172755,-0.233944,-0.087048
0.174762,-0.236061,-0.091610
0.175761,-0.233672,-0.096710
0.178219,-0.236775,-0.098304
0.179186,-0.235473,-0.099772
0.183806,-0.235067,-0.104826
0.183735,-0.235903,-0.108971
0.183912,-0.236652,-0.124606
-0.127876,-0.240696,-0.205977
-0.128493,-0.240888,-0.201304
-0.127537,-0.240665,-0.197197
-0.124084,-0.241477,-0.194281
-0.123321,-0.240417,-0.190434
-0.121314,-0.239999,-0.185488
-0.120516,-0.241043,-0.181854
-0.119842,-0.241433,-0.177234
-0.117047,-0.237663,-0.175185
-0.115175,-0.239324,-0.170132
-0.113315,-0.237576,-0.166297
-0.112745,-0.237455,-0.163959
-0.110240,-0.238404,-0.157558
-0.111047,-0.238861,-0.154342
-0.106403,-0.236548,-0.153071
-0.105193,-0.236931,-0.146256
-0.105366,-0.237399,-0.143677
-0.102066,-0.234434,-0.139601
-0.101348,-0.235934,-0.136993
-0.099742,-0.235462,-0.132503
-0.096956,-0.235723,-0.128569
-0.095529,-0.235488,-0.125644
-0.094799,-0.234950,-0.122038
-0.093858,-0.234703,-0.117610
-0.091201,-0.233991,-0.114536
-0.088950,-0.233657,-0.111100
-0.088132,-0.234776,-0.106418
-0.086401,-0.234368,-0.105682
-0.082940,-0.234023,-0.099439
-0.082803,-0.234082,-0.097881
-0.080577,-0.234133,-0.090954
-0.081767,-0.231818,-0.089150
-0.077944,-0.232185,-0.088243
-0.076758,-0.233438,-0.092257
-0.077049,-0.230310,-0.090145
-0.076085,-0.233718,-0.089844
-0.072913,-0.233652,-0.090237
-0.072404,-0.233129,-0.090484
-0.070704,-0.232172,-0.091265
-0.070247,-0.232956,-0.091332
-0.069172,-0.236751,-0.090559
-0.066180,-0.232703,-0.090743
-0.065193,-0.232635,-0.091201
-0.065796,-0.230908,-0.091920
-0.062704,-0.233241,-0.091927
-0.061813,-0.232361,-0.090767
-0.060805,-0.231875,-0.092128
-0.058146,-0.233136,-0.092738
-0.057103,-0.232263,-0.091579
-0.055274,-0.232801,-0.090389
-0.055321,-0.232923,-0.093366
-0.053076,-0.233294,-0.093060
-0.051066,-0.231655,-0.093165
-0.051138,-0.233807,-0.092505
-0.046190,-0.234032,-0.091809
-0.047891,-0.232722,-0.094230
-0.045545,-0.234378,-0.094319
-0.045510,-0.233835,-0.093938
-0.041059,-0.233186,-0.093592
-0.042884,-0.234697,-0.095541
-0.039283,-0.233252,-0.094295
-0.040818,-0.232046,-0.093657
-0.038229,-0.233719,-0.094771
-0.036325,-0.234245,-0.094646
-0.035007,-0.231135,-0.094849
-0.034594,-0.231780,-0.096139
-0.030689,-0.233553,-0.097116
-0.031126,-0.232899,-0.097342
-0.027249,-0.234193,-0.097597
-0.027128,-0.234317,-0.097887
-0.027094,-0.233190,-0.099691
-0.024425,-0.232396,-0.101188
-0.023711,-0.234376,-0.100836
-0.022752,-0.234701,-0.099947
-0.022767,-0.235569,-0.101705
-0.020950,-0.233305,-0.102359
-0.018370,-0.232091,-0.102661
-0.016445,-0.232080,-0.103090
-0.015951,-0.233456,-0.103865
-0.014582,-0.234522,-0.103353
-0.014730,-0.234225,-0.104220
-0.012331,-0.232712,-0.103246
-0.009083,-0.234060,-0.106301
-0.007896,-0.234718,-0.108048
-0.008902,-0.234538,-0.108485
-0.007751,-0.233095,-0.110571
-0.004679,-0.235604,-0.111148
-0.003154,-0.233576,-0.114092
-0.003051,-0.235643,-0.116146
-0.001404,-0.236045,-0.117052
-0.001520,-0.233938,-0.118060
0.001890,-0.234906,-0.119841
0.002175,-0.235413,-0.122973
0.003384,-0.234808,-0.125130
0.004462,-0.234877,-0.116999
0.007504,-0.234158,-0.113655
0.008350,-0.234466,-0.109281
0.009735,-0.233171,-0.107805
0.010272,-0.234741,-0.107113
0.013327,-0.234506,-0.106740
0.013122,-0.233681,-0.107295
0.014868,-0.234689,-0.105872
0.016940,-0.234136,-0.104299
0.018993,-0.233510,-0.105169
0.020784,-0.235525,-0.105426
0.020842,-0.235018,-0.105565
0.024667,-0.235178,-0.103197
0.022861,-0.234387,-0.105282
0.024976,-0.233928,-0.104183
0.026202,-0.233874,-0.108389
0.028085,-0.235577,-0.109321
0.029314,-0.233799,-0.110741
0.031516,-0.234330,-0.112054
0.031915,-0.233503,-0.109703
0.034495,-0.233861,-0.105403
0.034076,-0.234180,-0.098154
0.035963,-0.233889,-0.092673
0.036721,-0.232961,-0.089228
0.039426,-0.232784,-0.088817
0.039122,-0.234475,-0.087356
0.042307,-0.232752,-0.086483
0.041808,-0.233542,-0.085602
0.044924,-0.234128,-0.082947
0.046805,-0.234392,-0.082221
0.048120,-0.233737,-0.079551
0.048393,-0.231518,-0.080999
0.050628,-0.231049,-0.079286
0.052740,-0.233235,-0.076347
0.051390,-0.230435,-0.076401
0.054369,-0.231969,-0.074057
0.056853,-0.232766,-0.074613
0.056487,-0.230508,-0.072431
0.057371,-0.229470,-0.071983
0.059241,-0.232864,-0.073404
0.061435,-0.230852,-0.071169
0.062731,-0.232218,-0.068623
0.063356,-0.232304,-0.068226
0.066515,-0.231707,-0.067281
0.066831,-0.231787,-0.067998
0.067899,-0.231965,-0.067205
0.068534,-0.231620,-0.067265
0.070158,-0.230954,-0.065010
0.072144,-0.231905,-0.064655
0.071115,-0.230118,-0.064468
0.074624,-0.230938,-0.062562
0.073930,-0.231107,-0.062411
0.076582,-0.231110,-0.062353
0.079436,-0.232032,-0.061703
0.080277,-0.231647,-0.061949
0.081297,-0.230077,-0.061543
0.079997,-0.231910,-0.058803
0.086228,-0.230328,-0.059796
0.084771,-0.232056,-0.057313
0.085773,-0.229379,-0.056869
0.087769,-0.229118,-0.055664
0.088125,-0.230531,-0.055875
0.091808,-0.230549,-0.056295
0.092889,-0.230204,-0.056676
0.091693,-0.230173,-0.053920
0.096703,-0.229052,-0.054209
0.096675,-0.229794,-0.052859
0.097378,-0.231257,-0.052462
0.099540,-0.229425,-0.052665
0.100260,-0.229835,-0.052409
0.102100,-0.230037,-0.051219
0.102745,-0.232668,-0.050363
0.104213,-0.230584,-0.051673
0.107244,-0.230923,-0.052224
0.105022,-0.231103,-0.050833
0.108967,-0.230437,-0.051381
0.109024,-0.228612,-0.050210
0.111768,-0.230103,-0.049569
0.112418,-0.229050,-0.049176
0.112407,-0.228543,-0.049957
0.114083,-0.232138,-0.048093
0.116127,-0.228203,-0.049221
0.118972,-0.229857,-0.049043
0.117773,-0.230071,-0.048893
0.118108,-0.229065,-0.048230
0.122932,-0.229944,-0.047452
0.122522,-0.227381,-0.048468
0.124944,-0.230944,-0.049620
0.126016,-0.231239,-0.050152
0.128286,-0.229693,-0.051622
0.129393,-0.229978,-0.048484
0.129318,-0.228415,-0.050555
0.131800,-0.230704,-0.053720
0.131653,-0.229269,-0.052045
0.134439,-0.230737,-0.053053
0.136305,-0.229465,-0.053392
0.136510,-0.230067,-0.054162
0.136023,-0.230241,-0.054870
0.139713,-0.230103,-0.054125
0.141510,-0.231095,-0.055905
0.143313,-0.231333,-0.056908
0.145938,-0.231166,-0.058974
0.145800,-0.231117,-0.056562
0.146005,-0.230418,-0.061369
0.146933,-0.230272,-0.061401
0.148133,-0.230271,-0.060563
0.151087,-0.231908,-0.063319
0.150986,-0.229821,-0.061099
0.154125,-0.230949,-0.064441
0.156792,-0.231034,-0.064790
0.155075,-0.231652,-0.067020
0.158867,-0.230563,-0.069077
0.158727,-0.231489,-0.070040
0.161745,-0.231259,-0.070798
0.162452,-0.230775,-0.071544
0.164604,-0.229653,-0.075445
0.163444,-0.231747,-0.078124
0.164241,-0.230394,-0.078226
0.167701,-0.232761,-0.081607
0.169111,-0.233235,-0.083259
0.168959,-0.232161,-0.083907
0.170791,-0.232220,-0.083169
0.173696,-0.232667,-0.088552
0.173848,-0.234153,-0.090655
0.176107,-0.233443,-0.093407
0.179658,-0.234363,-0.099079
0.179355,-0.233086,-0.100857
0.180098,-0.233260,-0.103639
0.182012,-0.234140,-0.107748
0.183243,-0.235270,-0.119843
-0.134957,-0.238394,-0.193565
-0.134832,-0.237306,-0.188217
-0.131448,-0.238290,-0.185967
-0.131019,-0.236329,-0.182631
-0.129525,-0.235700,-0.180072
-0.125846,-0.237309,-0.174051
-0.125402,-0.237609,-0.170031
-0.124402,-0.237809,-0.168267
-0.122204,-0.234868,-0.163693
-0.121737,-0.237575,-0.159088
-0.117454,-0.235515,-0.156039
-0.117191,-0.234988,-0.151457
-0.114464,-0.233774,-0.148598
-0.115057,-0.234090,-0.142827
-0.111419,-0.234514,-0.139821
-0.110330,-0.234959,-0.137383
-0.108123,-0.233223,-0.134454
-0.106493,-0.234465,-0.127802
-0.105366,-0.231406,-0.124395
-0.102967,-0.234781,-0.122057
-0.104255,-0.233026,-0.119424
-0.100915,-0.232655,-0.113220
-0.099670,-0.232116,-0.109592
-0.095238,-0.232641,-0.105570
-0.096526,-0.232982,-0.103335
-0.094561,-0.230966,-0.100013
-0.093596,-0.231832,-0.095941
-0.090533,-0.231017,-0.091533
-0.088803,-0.231609,-0.090246
-0.091068,-0.230534,-0.091733
-0.087578,-0.231171,-0.090704
-0.087181,-0.232362,-0.089226
-0.084181,-0.232086,-0.090478
-0.083795,-0.231459,-0.089721
-0.080929,-0.231576,-0.089627
-0.080960,-0.232116,-0.089534
-0.079653,-0.231386,-0.090460
-0.076709,-0.231397,-0.092834
-0.076394,-0.230174,-0.091218
-0.072826,-0.232439,-0.089398
-0.073574,-0.230695,-0.092182
-0.072508,-0.229054,-0.090620
-0.071776,-0.231356,-0.091195
-0.069497,-0.231546,-0.091830
-0.067433,-0.231914,-0.090217
-0.065990,-0.232370,-0.091629
-0.066230,-0.233292,-0.091372
-0.063773,-0.231678,-0.089943
-0.062013,-0.232401,-0.091515
-0.062204,-0.232950,-0.093081
-0.061821,-0.231273,-0.092283
-0.058998,-0.232541,-0.092337
-0.057068,-0.230384,-0.093381
-0.055853,-0.233221,-0.094019
-0.054858,-0.231461,-0.092527
-0.053620,-0.232967,-0.095546
-0.052201,-0.231232,-0.094201
-0.050339,-0.231456,-0.093101
-0.049460,-0.231285,-0.094340
-0.048737,-0.231302,-0.094771
-0.044892,-0.231032,-0.094236
-0.046215,-0.232562,-0.092116
-0.044366,-0.231340,-0.095753
-0.042205,-0.230440,-0.094793
-0.040307,-0.231671,-0.095827
-0.040117,-0.233775,-0.094068
-0.037076,-0.233542,-0.096158
-0.037833,-0.229354,-0.093245
-0.035199,-0.232587,-0.095862
-0.033828,-0.231354,-0.096418
-0.031536,-0.233269,-0.097388
-0.029583,-0.230324,-0.094535
-0.031744,-0.232371,-0.096199
-0.029149,-0.231910,-0.097415
-0.025582,-0.232294,-0.098000
-0.025523,-0.231530,-0.099820
-0.023079,-0.233611,-0.099517
-0.024181,-0.232884,-0.103210
-0.020646,-0.232220,-0.102203
-0.020113,-0.232787,-0.102093
-0.018715,-0.232624,-0.103567
-0.017147,-0.233476,-0.102476
-0.016920,-0.232783,-0.101739
-0.013666,-0.232197,-0.103664
-0.011589,-0.232303,-0.102729
-0.012074,-0.234077,-0.105654
-0.010389,-0.232825,-0.105760
-0.009136,-0.234260,-0.106123
-0.008747,-0.231766,-0.110105
-0.007180,-0.232972,-0.110318
-0.005673,-0.232968,-0.111697
-0.003970,-0.234472,-0.113962
-0.001411,-0.232603,-0.116839
-0.001131,-0.231883,-0.115990
-0.001323,-0.233768,-0.118751
-0.000755,-0.235432,-0.122279
0.002540,-0.233121,-0.120296
0.004060,-0.233994,-0.119745
0.007326,-0.232621,-0.111504
0.007834,-0.232037,-0.108362
0.008671,-0.233325,-0.110409
0.009720,-0.231560,-0.106231
0.010492,-0.233257,-0.104514
0.012426,-0.233407,-0.103455
0.013573,-0.232294,-0.104737
0.014268,-0.231315,-0.101294
0.016629,-0.231156,-0.104812
0.018178,-0.231797,-0.101128
0.019862,-0.232197,-0.100523
0.020198,-0.230518,-0.103437
0.022886,-0.231504,-0.102475
0.023371,-0.231651,-0.100063
0.024805,-0.231019,-0.102937
0.027449,-0.231878,-0.103303
0.029229,-0.230787,-0.104700
0.030381,-0.233601,-0.107376
0.029076,-0.234289,-0.108435
0.032919,-0.233579,-0.105177
0.034065,-0.232374,-0.105364
0.034875,-0.232522,-0.104061
0.037449,-0.232187,-0.093862
0.037861,-0.230121,-0.087942
0.038437,-0.230230,-0.088459
0.041158,-0.231431,-0.089486
0.041303,-0.230065,-0.087008
0.043327,-0.229933,-0.086540
0.044261,-0.232703,-0.084884
0.046082,-0.230634,-0.081666
0.047333,-0.231549,-0.079672
0.048711,-0.231597,-0.079976
0.049441,-0.230807,-0.080213
0.051000,-0.232531,-0.075623
0.054005,-0.230127,-0.076767
0.054945,-0.228490,-0.075791
0.055365,-0.230800,-0.073007
0.056909,-0.230729,-0.071729
0.057863,-0.230555,-0.073172
0.058198,-0.230080,-0.071000
0.061795,-0.230269,-0.070432
0.063349,-0.228605,-0.070146
0.063933,-0.230157,-0.068458
0.066791,-0.232713,-0.070561
0.065798,-0.228660,-0.066304
0.065241,-0.229252,-0.066804
0.068221,-0.228885,-0.067253
0.070115,-0.229766,-0.066853
0.071703,-0.229019,-0.065676
0.072930,-0.228413,-0.065685
0.074254,-0.231993,-0.063871
0.075359,-0.230277,-0.063697
0.077210,-0.231235,-0.063016
0.079164,-0.229764,-0.062080
0.079832,-0.231581,-0.059076
0.080286,-0.228956,-0.061746
0.082651,-0.229611,-0.059803
0.086554,-0.228846,-0.058546
0.085961,-0.230529,-0.056975
0.086022,-0.229049,-0.058248
0.088125,-0.228899,-0.057918
0.088697,-0.228891,-0.055594
0.090469,-0.229665,-0.054163
0.093059,-0.227249,-0.052878
0.093837,-0.229583,-0.052546
0.093666,-0.228839,-0.055610
0.098283,-0.227364,-0.053093
0.096179,-0.228943,-0.053642
0.098037,-0.228742,-0.052717
0.099614,-0.230907,-0.052170
0.102221,-0.228657,-0.054975
0.103968,-0.227340,-0.051793
0.103820,-0.229263,-0.051499
0.106069,-0.228953,-0.052468
0.107262,-0.229445,-0.053257
0.108817,-0.228987,-0.049609
0.109498,-0.228545,-0.048947
0.112849,-0.229649,-0.051543
0.112974,-0.230386,-0.049729
0.114148,-0.229761,-0.047730
0.116427,-0.229133,-0.049141
0.116641,-0.229189,-0.049237
0.116646,-0.229869,-0.049314
0.119646,-0.226776,-0.048448
0.118692,-0.229326,-0.050041
0.122617,-0.230377,-0.052503
0.122074,-0.227913,-0.049557
0.125454,-0.228717,-0.049837
0.125763,-0.229647,-0.049790
0.126728,-0.228591,-0.052039
0.130075,-0.227330,-0.050978
0.129671,-0.228428,-0.052107
0.131367,-0.229980,-0.053817
0.132141,-0.230512,-0.051267
0.132866,-0.230317,-0.054850
0.133718,-0.229939,-0.052957
0.136057,-0.229101,-0.054591
0.137876,-0.228857,-0.052259
0.139784,-0.228151,-0.055537
0.141084,-0.229628,-0.056151
0.141844,-0.228621,-0.055621
0.142907,-0.228828,-0.058353
0.146184,-0.228674,-0.059894
0.147035,-0.230050,-0.059703
0.146437,-0.230464,-0.061426
0.148823,-0.229984,-0.062595
0.149707,-0.232088,-0.062673
0.152644,-0.227328,-0.064600
0.154739,-0.229577,-0.066376
0.151978,-0.230087,-0.065913
0.156868,-0.229953,-0.067218
0.156966,-0.230061,-0.066882
0.159295,-0.229206,-0.069465
0.160894,-0.231262,-0.071356
0.162333,-0.231549,-0.072074
0.164112,-0.232311,-0.075311
0.165303,-0.231000,-0.078056
0.165386,-0.230675,-0.079468
0.168250,-0.233139,-0.081150
0.167241,-0.230247,-0.081665
0.170405,-0.232556,-0.084175
0.172559,-0.230067,-0.083486
0.172457,-0.230312,-0.088339
0.175093,-0.231277,-0.090947
0.174679,-0.230140,-0.094469
0.178005,-0.233292,-0.097253
0.180060,-0.231818,-0.102576
0.180907,-0.233524,-0.105977
0.183121,-0.233824,-0.109995
0.184444,-0.234468,-0.122476
-0.136882,-0.235433,-0.177358
-0.135840,-0.235855,-0.174028
-0.135249,-0.236174,-0.171732
-0.132120,-0.235576,-0.165876
-0.131295,-0.232696,-0.162964
-0.131100,-0.233709,-0.158774
-0.128299,-0.233411,-0.155638
-0.127849,-0.234566,-0.150905
-0.126278,-0.233258,-0.148258
-0.122816,-0.235240,-0.143627
-0.123478,-0.233105,-0.140573
-0.121792,-0.232485,-0.135568
-0.120375,-0.232075,-0.132679
-0.116240,-0.232619,-0.127520
-0.115708,-0.233123,-0.124609
-0.113561,-0.232625,-0.121028
-0.111482,-0.231777,-0.115886
-0.109877,-0.231008,-0.112856
-0.109301,-0.229756,-0.111646
-0.106891,-0.231385,-0.104704
-0.105746,-0.230498,-0.101322
-0.106145,-0.231147,-0.097825
-0.101395,-0.230814,-0.096650
-0.101795,-0.231457,-0.092914
-0.099222,-0.230747,-0.093239
-0.099303,-0.228320,-0.092068
-0.096985,-0.230311,-0.091849
-0.094684,-0.227857,-0.092087
-0.094511,-0.232131,-0.091836
-0.093155,-0.229262,-0.090796
-0.089823,-0.231496,-0.091762
-0.091177,-0.230871,-0.093384
-0.089936,-0.229861,-0.091052
-0.087218,-0.232249,-0.091291
-0.083895,-0.229770,-0.091422
-0.084575,-0.230152,-0.091371
-0.083340,-0.230740,-0.090596
-0.081006,-0.229670,-0.091256
-0.080800,-0.227581,-0.090531
-0.079683,-0.229490,-0.088839
-0.076398,-0.230455,-0.090838
-0.076420,-0.229571,-0.090735
-0.074885,-0.229397,-0.090823
-0.074058,-0.230820,-0.091905
-0.071771,-0.229469,-0.091285
-0.070747,-0.229979,-0.090232
-0.070313,-0.230892,-0.090311
-0.069567,-0.231101,-0.092140
-0.066715,-0.229967,-0.093840
-0.065357,-0.230612,-0.092706
-0.062162,-0.229938,-0.092070
-0.062887,-0.230950,-0.091223
-0.060357,-0.229985,-0.091908
-0.060170,-0.230081,-0.091254
-0.059153,-0.229679,-0.093554
-0.057322,-0.232643,-0.094176
-0.056031,-0.228848,-0.094399
-0.055904,-0.230941,-0.093495
-0.052881,-0.229486,-0.094684
-0.050917,-0.230603,-0.093626
-0.049384,-0.229367,-0.095766
-0.047961,-0.230601,-0.093946
-0.049089,-0.230180,-0.094289
-0.044522,-0.231045,-0.093362
-0.046690,-0.231754,-0.096600
-0.042828,-0.229096,-0.094882
-0.042546,-0.229515,-0.093995
-0.039801,-0.229410,-0.095969
-0.041567,-0.230440,-0.095106
-0.035633,-0.231104,-0.093005
-0.035687,-0.230358,-0.093842
-0.035948,-0.229489,-0.094803
-0.034417,-0.231962,-0.095718
-0.032928,-0.230748,-0.095156
-0.030026,-0.229386,-0.098705
-0.030231,-0.230996,-0.097065
-0.028318,-0.230019,-0.099063
-0.026927,-0.230924,-0.100025
-0.025332,-0.229797,-0.100012
-0.024424,-0.230362,-0.100675
-0.024563,-0.230914,-0.100414
-0.021523,-0.231823,-0.102026
-0.020903,-0.229566,-0.101150
-0.020328,-0.231586,-0.103758
-0.016927,-0.230551,-0.102843
-0.016223,-0.231018,-0.101969
-0.013741,-0.231370,-0.104715
-0.014609,-0.232873,-0.102168
-0.010974,-0.231350,-0.104035
-0.012790,-0.232646,-0.106653
-0.008530,-0.230453,-0.106923
-0.007905,-0.231760,-0.109332
-0.006828,-0.232077,-0.111089
-0.005896,-0.230442,-0.110781
-0.003226,-0.232889,-0.113162
-0.001800,-0.232463,-0.113295
-0.001005,-0.232528,-0.117617
0.001440,-0.232371,-0.117736
0.000204,-0.233223,-0.118765
0.003647,-0.231463,-0.117031
0.003791,-0.230950,-0.110967
0.005549,-0.231244,-0.107197
0.006363,-0.229852,-0.107131
0.007728,-0.231037,-0.102764
0.011055,-0.229135,-0.102771
0.009652,-0.229753,-0.102382
0.011946,-0.230040,-0.099706
0.012873,-0.231546,-0.100954
0.015322,-0.231063,-0.100127
0.017086,-0.230330,-0.098656
0.017461,-0.230254,-0.099403
0.020019,-0.229711,-0.099582
0.020913,-0.231177,-0.097951
0.021977,-0.232277,-0.097328
0.025134,-0.230966,-0.099822
0.024989,-0.229890,-0.100831
0.026361,-0.231075,-0.101842
0.026715,-0.231895,-0.102097
0.029879,-0.230433,-0.104521
0.031271,-0.230615,-0.102445
0.031346,-0.228665,-0.103763
0.033781,-0.231793,-0.102711
0.035393,-0.230656,-0.103473
0.035332,-0.230319,-0.097183
0.038279,-0.229371,-0.092395
0.038318,-0.229246,-0.088426
0.040140,-0.228750,-0.087431
0.041541,-0.229665,-0.086200
0.042565,-0.230384,-0.084260
0.043904,-0.229493,-0.084038
0.046964,-0.229791,-0.082029
0.046728,-0.229972,-0.081611
0.049290,-0.230458,-0.080394
0.050686,-0.228826,-0.077233
0.050585,-0.228033,-0.077250
0.053036,-0.229458,-0.075631
0.053614,-0.229087,-0.075847
0.056513,-0.227893,-0.073186
0.058296,-0.228661,-0.072095
0.057790,-0.228846,-0.071699
0.059559,-0.227366,-0.071968
0.060904,-0.228999,-0.069922
0.062676,-0.229597,-0.070079
0.062666,-0.227299,-0.072533
0.064308,-0.228645,-0.069602
0.066606,-0.227160,-0.068454
0.067504,-0.229242,-0.068091
0.069235,-0.227767,-0.066244
0.070805,-0.227680,-0.069052
0.072656,-0.228127,-0.065013
0.074788,-0.227222,-0.065403
0.074260,-0.229708,-0.063252
0.075208,-0.227146,-0.064563
0.076472,-0.226665,-0.062716
0.078288,-0.229389,-0.062339
0.081052,-0.227583,-0.061891
0.080670,-0.228152,-0.061242
0.083141,-0.227900,-0.061532
0.084560,-0.229430,-0.058023
0.086316,-0.226733,-0.058766
0.087324,-0.226815,-0.057842
0.088675,-0.228530,-0.056315
0.087611,-0.229361,-0.055646
0.092494,-0.227216,-0.056595
0.092233,-0.227705,-0.057334
0.094127,-0.228162,-0.054506
0.093099,-0.227482,-0.052605
0.096063,-0.226648,-0.052763
0.096903,-0.225622,-0.052674
0.099042,-0.227997,-0.053584
0.099445,-0.225254,-0.053828
0.100665,-0.228157,-0.051823
0.103950,-0.225772,-0.052951
0.103632,-0.226461,-0.053255
0.104022,-0.227225,-0.050897
0.107798,-0.227726,-0.050642
0.108210,-0.227524,-0.049128
0.109939,-0.227561,-0.049732
0.109772,-0.226752,-0.051211
0.110474,-0.225180,-0.048974
0.114989,-0.225892,-0.050054
0.114150,-0.227369,-0.048574
0.117036,-0.226841,-0.051992
0.116238,-0.227746,-0.048937
0.121018,-0.227734,-0.048991
0.121349,-0.226200,-0.048111
0.122413,-0.226968,-0.052447
0.122809,-0.225327,-0.050941
0.123760,-0.227663,-0.051472
0.125861,-0.226465,-0.050759
0.129002,-0.228127,-0.051554
0.131299,-0.226140,-0.051704
0.129218,-0.227165,-0.050735
0.132234,-0.229231,-0.052713
0.134086,-0.228453,-0.053558
0.133521,-0.227064,-0.051186
0.134794,-0.228311,-0.054100
0.138425,-0.227574,-0.053528
0.138190,-0.227867,-0.054869
0.138260,-0.228585,-0.054624
0.140180,-0.227042,-0.056157
0.142944,-0.225608,-0.056607
0.143199,-0.226510,-0.059933
0.145453,-0.226508,-0.059561
0.146485,-0.228089,-0.060460
0.149444,-0.226866,-0.062009
0.149086,-0.227741,-0.062492
0.150014,-0.229498,-0.063134
0.151256,-0.228988,-0.066555
0.154375,-0.225961,-0.063631
0.154878,-0.228567,-0.067009
0.157120,-0.229715,-0.066478
0.156718,-0.228651,-0.069153
0.159019,-0.227431,-0.069939
0.160246,-0.227331,-0.072322
0.163151,-0.231201,-0.071735
0.163803,-0.229262,-0.074105
0.165260,-0.228247,-0.076058
0.166734,-0.228124,-0.079003
0.168495,-0.229901,-0.079655
0.168930,-0.230222,-0.083836
0.170698,-0.228713,-0.083150
0.172037,-0.229682,-0.085669
0.174339,-0.230159,-0.087419
0.176457,-0.228593,-0.091421
0.176308,-0.229803,-0.093137
0.178476,-0.230869,-0.099276
0.180229,-0.230188,-0.102092
0.180851,-0.231292,-0.105276
0.182099,-0.230803,-0.109299
0.185182,-0.233299,-0.123298
-0.141273,-0.233317,-0.163197
-0.140791,-0.232882,-0.159344
-0.137373,-0.232362,-0.154346
-0.137898,-0.231523,-0.152623
-0.134723,-0.232293,-0.146051
-0.133290,-0.230987,-0.142286
-0.133033,-0.231417,-0.137913
-0.129908,-0.231060,-0.135335
-0.127143,-0.230815,-0.130893
-0.124421,-0.231233,-0.128617
-0.125103,-0.231617,-0.124418
-0.124837,-0.230537,-0.121946
-0.121846,-0.231580,-0.118632
-0.120802,-0.232323,-0.113727
-0.117210,-0.229843,-0.109364
-0.116814,-0.229725,-0.105531
-0.115108,-0.228058,-0.102305
-0.114043,-0.231491,-0.100280
-0.111350,-0.228733,-0.099042
-0.113387,-0.229746,-0.099318
-0.109662,-0.226782,-0.095487
-0.108180,-0.229700,-0.095194
-0.106297,-0.228925,-0.093808
-0.104842,-0.229498,-0.095227
-0.104796,-0.227151,-0.093581
-0.101931,-0.230508,-0.095242
-0.100694,-0.230081,-0.094025
-0.099525,-0.228062,-0.093423
-0.100242,-0.228674,-0.095219
-0.096070,-0.227421,-0.093265
-0.096095,-0.230398,-0.091500
-0.094029,-0.227628,-0.092471
-0.090701,-0.227611,-0.092266
-0.092044,-0.227458,-0.090663
-0.089407,-0.228148,-0.092656
-0.089225,-0.228822,-0.093771
-0.086828,-0.228073,-0.093034
-0.087527,-0.228196,-0.090992
-0.083255,-0.228920,-0.089766
-0.083243,-0.228896,-0.090526
-0.081211,-0.229305,-0.089679
-0.082973,-0.226617,-0.089812
-0.078918,-0.228393,-0.090278
-0.077345,-0.227975,-0.091535
-0.077900,-0.228167,-0.091565
-0.076308,-0.229380,-0.092389
-0.073112,-0.228975,-0.091816
-0.071188,-0.229300,-0.092590
-0.071810,-0.228104,-0.090875
-0.069809,-0.230443,-0.091725
-0.068100,-0.227547,-0.092384
-0.066734,-0.229082,-0.091629
-0.064391,-0.229153,-0.092624
-0.064977,-0.229617,-0.090685
-0.060852,-0.229398,-0.092278
-0.060506,-0.228294,-0.092463
-0.062480,-0.229003,-0.092713
-0.057204,-0.228462,-0.092621
-0.055893,-0.228861,-0.093865
-0.055904,-0.229113,-0.091721
-0.055176,-0.228947,-0.092039
-0.054795,-0.228184,-0.093170
-0.050623,-0.226814,-0.093500
-0.049794,-0.229061,-0.095571
-0.048555,-0.228767,-0.095212
-0.047358,-0.228372,-0.094191
-0.046013,-0.227061,-0.093190
-0.044534,-0.228779,-0.093333
-0.045545,-0.228941,-0.094298
-0.042388,-0.229345,-0.094847
-0.041137,-0.228767,-0.095234
-0.037077,-0.229416,-0.096152
-0.037662,-0.227746,-0.095351
-0.036016,-0.228989,-0.095250
-0.035058,-0.228584,-0.094313
-0.034467,-0.228792,-0.096558
-0.032079,-0.228306,-0.100420
-0.030699,-0.228644,-0.098646
-0.030122,-0.230576,-0.097107
-0.026934,-0.229309,-0.098073
-0.026899,-0.228277,-0.100255
-0.025764,-0.229843,-0.098811
-0.025708,-0.228427,-0.100291
-0.022392,-0.228226,-0.099382
-0.021253,-0.230426,-0.100560
-0.019833,-0.228919,-0.100697
-0.018444,-0.230249,-0.102101
-0.018374,-0.228177,-0.102451
-0.015106,-0.228860,-0.101429
-0.015172,-0.228438,-0.101465
-0.012719,-0.230751,-0.102521
-0.013135,-0.229183,-0.106276
-0.010712,-0.229499,-0.107008
-0.010096,-0.228591,-0.106207
-0.006614,-0.230200,-0.110046
-0.007332,-0.229853,-0.109342
-0.003949,-0.230478,-0.112969
-0.004247,-0.230480,-0.112429
-0.002142,-0.232571,-0.115668
-0.001490,-0.230899,-0.119719
0.000145,-0.231420,-0.117677
0.001538,-0.232009,-0.114953
0.003197,-0.230441,-0.110539
0.005186,-0.230593,-0.106427
0.006402,-0.229626,-0.105970
0.008291,-0.231537,-0.101119
0.009586,-0.228271,-0.100986
0.009479,-0.228489,-0.097782
0.010886,-0.227848,-0.099041
0.012157,-0.228434,-0.096291
0.015471,-0.227497,-0.097838
0.016260,-0.230293,-0.097389
0.017468,-0.229818,-0.098259
0.017401,-0.228746,-0.096314
0.020285,-0.227421,-0.098439
0.020291,-0.228725,-0.095721
0.022409,-0.226873,-0.096153
0.024168,-0.227329,-0.097934
0.026184,-0.227261,-0.098152
0.027588,-0.227968,-0.099259
0.028134,-0.229716,-0.098803
0.029671,-0.227766,-0.100596
0.031106,-0.229883,-0.101819
0.032351,-0.229697,-0.102613
0.034125,-0.230607,-0.101322
0.033954,-0.227046,-0.100397
0.035804,-0.228680,-0.098308
0.035982,-0.227276,-0.092711
0.039703,-0.227964,-0.089140
0.041454,-0.225678,-0.089102
0.041693,-0.227967,-0.087162
0.042995,-0.228736,-0.086685
0.043929,-0.227321,-0.086203
0.044959,-0.228411,-0.084075
0.045944,-0.225613,-0.082998
0.048994,-0.228158,-0.080643
0.049679,-0.226796,-0.079500
0.052649,-0.229448,-0.077710
0.054613,-0.227454,-0.077637
0.054195,-0.227213,-0.074533
0.055351,-0.227328,-0.074785
0.057191,-0.227499,-0.073268
0.058038,-0.228522,-0.073194
0.059601,-0.226900,-0.073371
0.061581,-0.226277,-0.070116
0.064035,-0.227808,-0.070968
0.065385,-0.228036,-0.069932
0.064890,-0.227201,-0.068231
0.065822,-0.227910,-0.068043
0.067328,-0.227288,-0.069777
0.068599,-0.225777,-0.068617
0.069977,-0.227064,-0.067085
0.071727,-0.225890,-0.066124
0.073803,-0.227573,-0.065344
0.074874,-0.226216,-0.065339
0.077154,-0.225599,-0.062698
0.076503,-0.227754,-0.061299
0.079128,-0.226835,-0.062030
0.081013,-0.226239,-0.061237
0.080119,-0.226413,-0.060823
0.082310,-0.228032,-0.059552
0.082828,-0.225929,-0.059832
0.085427,-0.225136,-0.059328
0.086543,-0.228287,-0.057911
0.087111,-0.225501,-0.057392
0.089999,-0.225636,-0.056475
0.093339,-0.225864,-0.056371
0.090866,-0.226568,-0.054730
0.093890,-0.225326,-0.056009
0.093471,-0.225651,-0.055442
0.094738,-0.226721,-0.053688
0.096720,-0.225920,-0.052239
0.100966,-0.226572,-0.053751
0.100150,-0.227522,-0.054038
0.102114,-0.224582,-0.052007
0.103439,-0.225153,-0.054090
0.103575,-0.228252,-0.052432
0.104910,-0.225865,-0.053409
0.105891,-0.224674,-0.052308
0.108045,-0.225058,-0.049685
0.109165,-0.226124,-0.052120
0.109750,-0.227087,-0.052866
0.114643,-0.224844,-0.050799
0.113832,-0.226491,-0.050217
0.116283,-0.223782,-0.050857
0.115501,-0.226323,-0.051429
0.117322,-0.225643,-0.050615
0.118253,-0.226210,-0.048773
0.121394,-0.224852,-0.049598
0.123256,-0.225508,-0.051144
0.123157,-0.223966,-0.049439
0.124463,-0.224471,-0.051696
0.126335,-0.226517,-0.052231
0.125774,-0.224701,-0.051313
0.128846,-0.225943,-0.051954
0.130642,-0.223855,-0.052172
0.131439,-0.225671,-0.053675
0.132258,-0.225711,-0.053234
0.132572,-0.225616,-0.051492
0.136202,-0.227772,-0.054393
0.135898,-0.223306,-0.056018
0.137981,-0.226527,-0.054662
0.139451,-0.224308,-0.055021
0.141484,-0.225934,-0.054707
0.141424,-0.227415,-0.059175
0.143033,-0.225395,-0.057842
0.146189,-0.225641,-0.058301
0.146614,-0.227122,-0.060629
0.148030,-0.227332,-0.062636
0.148528,-0.225508,-0.063031
0.151343,-0.226205,-0.064749
0.152789,-0.226173,-0.063642
0.153463,-0.225181,-0.066223
0.153867,-0.227314,-0.067009
0.156809,-0.225580,-0.068490
0.157512,-0.225478,-0.068242
0.159193,-0.227458,-0.071354
0.161239,-0.228101,-0.071529
0.162490,-0.226974,-0.073009
0.162383,-0.226210,-0.074053
0.162694,-0.227122,-0.076925
0.164962,-0.227180,-0.078883
0.167876,-0.226774,-0.081056
0.168198,-0.226792,-0.081663
0.172341,-0.228747,-0.083750
0.171148,-0.227037,-0.083707
0.175424,-0.226549,-0.086321
0.175896,-0.227741,-0.091327
0.177539,-0.227837,-0.094845
0.177138,-0.229854,-0.099424
0.178360,-0.228994,-0.103622
0.180850,-0.227948,-0.106140
0.181984,-0.230771,-0.111576
0.185854,-0.230365,-0.123271
-0.140517,-0.230524,-0.145362
-0.138103,-0.229149,-0.139482
-0.138237,-0.229686,-0.135655
-0.138497,-0.229432,-0.130874
-0.135063,-0.228705,-0.126819
-0.133217,-0.228703,-0.123564
-0.130290,-0.229653,-0.118569
-0.128481,-0.228318,-0.117529
-0.128260,-0.227882,-0.114753
-0.125670,-0.227957,-0.109573
-0.125468,-0.226370,-0.108748
-0.122671,-0.227592,-0.105500
-0.123375,-0.225990,-0.106248
-0.119021,-0.226260,-0.104002
-0.117607,-0.228570,-0.103579
-0.115610,-0.227446,-0.103120
-0.116747,-0.226575,-0.103575
-0.114438,-0.229448,-0.100410
-0.112505,-0.228123,-0.100863
-0.112210,-0.226548,-0.099098
-0.109459,-0.226736,-0.098229
-0.107699,-0.227518,-0.098398
-0.107894,-0.225522,-0.096706
-0.107246,-0.225855,-0.096047
-0.104469,-0.226666,-0.094950
-0.102785,-0.226646,-0.092748
-0.102199,-0.227350,-0.093078
-0.098013,-0.226801,-0.093457
-0.097333,-0.227292,-0.094387
-0.096074,-0.226198,-0.090599
-0.095666,-0.226970,-0.094640
-0.094154,-0.226990,-0.093502
-0.092957,-0.227965,-0.090897
-0.091552,-0.225120,-0.090580
-0.090255,-0.228114,-0.092019
-0.090084,-0.226206,-0.092600
-0.085853,-0.227336,-0.091140
-0.085947,-0.227456,-0.090220
-0.086147,-0.227985,-0.090464
-0.083521,-0.226749,-0.090624
-0.081689,-0.226758,-0.087719
-0.081949,-0.226765,-0.090894
-0.080453,-0.226883,-0.090604
-0.075255,-0.226228,-0.091236
-0.078538,-0.226528,-0.095145
-0.074580,-0.228559,-0.092034
-0.073927,-0.225807,-0.091966
-0.070181,-0.225221,-0.093123
-0.071151,-0.227421,-0.091785
-0.068348,-0.227491,-0.091677
-0.068325,-0.226043,-0.092203
-0.065839,-0.227056,-0.090902
-0.065720,-0.227665,-0.092234
-0.066091,-0.226381,-0.093978
-0.063716,-0.227166,-0.092510
-0.060626,-0.225843,-0.091228
-0.060747,-0.227734,-0.092657
-0.057437,-0.226872,-0.093686
-0.058490,-0.229243,-0.092970
-0.055917,-0.226218,-0.092993
-0.055564,-0.226155,-0.092089
-0.055386,-0.226726,-0.095344
-0.051585,-0.227333,-0.095526
-0.050972,-0.226898,-0.094029
-0.050032,-0.228495,-0.092855
-0.048391,-0.226988,-0.092307
-0.045143,-0.227031,-0.095977
-0.046023,-0.226316,-0.096011
-0.043772,-0.226994,-0.094666
-0.041752,-0.226961,-0.095407
-0.042099,-0.226434,-0.094955
-0.039975,-0.226513,-0.095734
-0.038270,-0.229077,-0.094574
-0.037287,-0.227284,-0.094632
-0.034695,-0.226726,-0.096706
-0.034051,-0.228926,-0.095259
-0.032251,-0.229110,-0.095807
-0.032866,-0.226313,-0.096745
-0.028851,-0.225072,-0.098171
-0.029291,-0.225567,-0.098360
-0.028722,-0.227146,-0.098277
-0.023599,-0.228357,-0.100072
-0.024727,-0.229169,-0.100480
-0.021965,-0.224909,-0.100221
-0.021692,-0.227934,-0.099210
-0.019932,-0.227018,-0.101936
-0.019047,-0.228273,-0.102397
-0.015991,-0.226693,-0.100767
-0.016338,-0.227743,-0.101288
-0.014029,-0.225970,-0.102504
-0.012811,-0.227346,-0.102262
-0.012421,-0.228710,-0.104500
-0.011473,-0.228080,-0.106345
-0.009440,-0.227944,-0.107482
-0.006415,-0.228729,-0.109630
-0.006065,-0.227501,-0.110501
-0.007284,-0.227802,-0.114546
-0.005369,-0.229440,-0.113628
-0.001669,-0.229424,-0.114338
-0.001905,-0.228862,-0.114937
0.000467,-0.227190,-0.114897
0.001049,-0.230292,-0.111786
0.002645,-0.227588,-0.106571
0.006587,-0.227757,-0.104301
0.005731,-0.226116,-0.101235
0.007434,-0.226625,-0.098229
0.008098,-0.227181,-0.098196
0.010487,-0.226844,-0.097605
0.011195,-0.228006,-0.096493
0.012625,-0.227178,-0.096708
0.015207,-0.227725,-0.097486
0.014475,-0.227606,-0.096671
0.016732,-0.228429,-0.096154
0.018330,-0.227804,-0.094827
0.017307,-0.226019,-0.096614
0.022229,-0.227852,-0.094271
0.022528,-0.227052,-0.092757
0.024531,-0.226138,-0.096490
0.025522,-0.229226,-0.095937
0.025899,-0.227088,-0.098321
0.028003,-0.227504,-0.096697
0.030533,-0.225343,-0.099674
0.032295,-0.227542,-0.100338
0.033576,-0.228231,-0.098880
0.034312,-0.225280,-0.097457
0.033813,-0.225586,-0.098566
0.035703,-0.229158,-0.095831
0.035632,-0.227080,-0.094183
0.039119,-0.227468,-0.088024
0.040868,-0.226606,-0.087184
0.041458,-0.225971,-0.086953
0.043967,-0.226920,-0.087736
0.045479,-0.225275,-0.085325
0.045575,-0.224906,-0.081017
0.047663,-0.225120,-0.082326
0.048939,-0.227089,-0.081967
0.049915,-0.226145,-0.079266
0.053149,-0.226753,-0.077211
0.049957,-0.223912,-0.077919
0.056066,-0.224132,-0.075437
0.056862,-0.224674,-0.075221
0.056953,-0.224951,-0.073214
0.058587,-0.225707,-0.072324
0.061289,-0.225389,-0.072040
0.062372,-0.225121,-0.072769
0.062737,-0.224409,-0.072558
0.065088,-0.224745,-0.073332
0.065156,-0.224826,-0.069326
0.067382,-0.225992,-0.069163
0.068695,-0.225656,-0.068038
0.069185,-0.225325,-0.067403
0.070553,-0.224263,-0.066304
0.073435,-0.224338,-0.067964
0.074031,-0.225313,-0.065794
0.072954,-0.225667,-0.064448
0.076300,-0.225533,-0.065782
0.076550,-0.226047,-0.061942
0.077926,-0.225270,-0.061729
0.079501,-0.226019,-0.061940
0.081245,-0.223577,-0.062182
0.082743,-0.224608,-0.062036
0.084940,-0.225066,-0.061252
0.085604,-0.225303,-0.059311
0.087052,-0.224582,-0.059364
0.087640,-0.225113,-0.059642
0.089107,-0.224035,-0.058133
0.092672,-0.224318,-0.056605
0.092680,-0.224268,-0.057878
0.093353,-0.224110,-0.056220
0.094678,-0.223590,-0.056204
0.095343,-0.224667,-0.054475
0.096372,-0.223451,-0.053926
0.097289,-0.225845,-0.054100
0.101772,-0.223828,-0.053361
0.101239,-0.222834,-0.055128
0.102171,-0.224589,-0.053341
0.105078,-0.225387,-0.052506
0.105333,-0.223050,-0.053686
0.107405,-0.223048,-0.052174
0.107346,-0.224631,-0.050676
0.110477,-0.224066,-0.051073
0.111130,-0.224749,-0.051444
0.112302,-0.223660,-0.051121
0.112685,-0.223023,-0.052272
0.113792,-0.223721,-0.049919
0.114561,-0.224335,-0.051586
0.119036,-0.225172,-0.050636
0.119392,-0.221677,-0.049858
0.120589,-0.226785,-0.051168
0.122812,-0.223200,-0.051423
0.122882,-0.223326,-0.051896
0.123683,-0.224659,-0.051247
0.127298,-0.225007,-0.051437
0.128272,-0.223099,-0.052403
0.128962,-0.224900,-0.054189
0.130743,-0.224127,-0.051954
0.132491,-0.223406,-0.053843
0.132579,-0.224706,-0.052889
0.134425,-0.225235,-0.053808
0.135978,-0.224086,-0.053977
0.137223,-0.223009,-0.054562
0.137620,-0.224523,-0.054538
0.140365,-0.224422,-0.054888
0.140435,-0.226191,-0.055636
0.142038,-0.223558,-0.059036
0.144376,-0.223564,-0.058445
0.143989,-0.224453,-0.058425
0.145971,-0.222449,-0.060901
0.146982,-0.225040,-0.062155
0.148542,-0.225207,-0.062596
0.151076,-0.225565,-0.062776
0.151586,-0.224274,-0.065551
0.156022,-0.226222,-0.064746
0.153821,-0.223702,-0.065576
0.156754,-0.226166,-0.066253
0.160040,-0.225249,-0.067952
0.159128,-0.226951,-0.067846
0.160835,-0.225373,-0.072064
0.162016,-0.225000,-0.073743
0.165146,-0.227049,-0.075992
0.164034,-0.227417,-0.076374
0.164752,-0.226548,-0.080024
0.168404,-0.226732,-0.081076
0.169601,-0.227067,-0.082375
0.171664,-0.226781,-0.082636
0.171515,-0.225478,-0.085275
0.175450,-0.227152,-0.090833
0.175724,-0.227397,-0.091657
0.175731,-0.227291,-0.095800
0.177960,-0.226365,-0.097474
0.180045,-0.227377,-0.102273
0.182857,-0.229159,-0.105971
0.183738,-0.228983,-0.110953
0.183490,-0.228075,-0.122747
-0.140439,-0.227182,-0.148329
-0.138956,-0.229363,-0.141873
-0.136532,-0.228958,-0.136490
-0.136388,-0.228546,-0.130114
-0.133966,-0.225655,-0.125638
-0.130876,-0.227225,-0.122203
-0.128963,-0.226952,-0.120821
-0.130074,-0.226230,-0.118145
-0.127806,-0.225871,-0.115278
-0.125627,-0.226961,-0.113091
-0.123527,-0.230431,-0.110891
-0.123312,-0.225484,-0.110543
-0.121151,-0.227169,-0.107494
-0.117992,-0.226192,-0.107294
-0.119334,-0.226348,-0.106488
-0.115853,-0.229249,-0.103402
-0.114313,-0.226729,-0.103185
-0.114594,-0.225409,-0.101861
-0.112244,-0.225017,-0.100882
-0.111996,-0.225402,-0.098904
-0.110176,-0.224856,-0.098077
-0.107503,-0.226603,-0.096625
-0.107231,-0.225424,-0.096348
-0.105627,-0.223348,-0.095477
-0.104255,-0.225553,-0.094386
-0.101853,-0.226640,-0.094140
-0.102091,-0.223241,-0.095231
-0.100465,-0.225595,-0.094176
-0.098352,-0.227378,-0.094350
-0.097435,-0.227265,-0.092902
-0.094658,-0.226470,-0.092281
-0.096254,-0.223781,-0.092734
-0.092474,-0.225987,-0.093707
-0.093558,-0.225700,-0.091826
-0.090342,-0.224981,-0.091273
-0.088016,-0.227059,-0.092727
-0.087750,-0.226557,-0.092615
-0.085429,-0.225185,-0.091350
-0.083855,-0.226631,-0.092493
-0.083357,-0.224164,-0.090144
-0.081727,-0.223179,-0.091495
-0.079311,-0.225969,-0.093737
-0.076545,-0.223556,-0.092007
-0.077438,-0.226214,-0.092594
-0.078585,-0.225530,-0.091759
-0.075890,-0.223286,-0.092098
-0.075046,-0.223319,-0.092657
-0.072491,-0.224381,-0.092429
-0.070657,-0.225641,-0.092392
-0.069026,-0.224963,-0.092491
-0.066837,-0.223918,-0.091876
-0.065840,-0.225048,-0.093110
-0.065470,-0.224948,-0.091472
-0.063921,-0.224505,-0.094868
-0.063604,-0.224915,-0.092189
-0.061328,-0.225336,-0.091850
-0.061609,-0.223618,-0.091758
-0.058309,-0.224402,-0.091966
-0.057369,-0.223505,-0.092242
-0.056366,-0.225733,-0.095327
-0.053980,-0.225562,-0.094840
-0.054343,-0.223791,-0.096057
-0.052064,-0.224734,-0.093617
-0.051187,-0.226132,-0.093708
-0.050006,-0.226645,-0.094161
-0.049484,-0.225916,-0.096345
-0.046117,-0.225291,-0.094483
-0.043645,-0.226087,-0.094847
-0.044082,-0.226695,-0.094377
-0.042419,-0.225945,-0.095202
-0.041661,-0.226700,-0.095187
-0.038268,-0.225953,-0.094206
-0.037111,-0.225848,-0.093932
-0.036872,-0.225549,-0.096878
-0.033722,-0.225799,-0.096264
-0.035893,-0.226476,-0.096904
-0.031200,-0.225442,-0.096191
-0.031908,-0.225957,-0.097255
-0.028936,-0.225144,-0.098012
-0.028444,-0.225530,-0.098219
-0.027937,-0.226281,-0.100297
-0.026318,-0.224434,-0.100293
-0.024275,-0.226124,-0.101214
-0.023432,-0.225619,-0.099587
-0.022998,-0.226359,-0.101455
-0.019128,-0.226766,-0.103038
-0.019766,-0.224688,-0.101949
-0.017590,-0.224480,-0.100793
-0.016995,-0.226713,-0.102393
-0.015949,-0.224297,-0.103206
-0.013113,-0.225187,-0.102776
-0.011075,-0.226247,-0.105533
-0.010339,-0.226766,-0.105133
-0.009630,-0.223755,-0.107696
-0.009522,-0.225772,-0.107938
-0.006363,-0.226132,-0.111462
-0.005857,-0.226777,-0.113503
-0.002737,-0.225886,-0.110814
-0.004135,-0.226145,-0.113849
0.000154,-0.228029,-0.110387
-0.000183,-0.225343,-0.109493
0.002424,-0.227059,-0.106023
0.004688,-0.224905,-0.101510
0.003986,-0.225333,-0.099963
0.006949,-0.225180,-0.098415
0.006641,-0.226705,-0.096749
0.008742,-0.226140,-0.097898
0.008516,-0.224891,-0.096125
0.010876,-0.224827,-0.096059
0.013417,-0.225597,-0.093096
0.014589,-0.226213,-0.095517
0.014627,-0.225829,-0.094439
0.016729,-0.225232,-0.094412
0.017002,-0.225051,-0.095736
0.020050,-0.224759,-0.094694
0.020599,-0.225787,-0.096374
0.023734,-0.226865,-0.093908
0.024727,-0.227158,-0.094995
0.025268,-0.225413,-0.095349
0.025529,-0.226916,-0.097172
0.028520,-0.224631,-0.094395
0.029991,-0.224645,-0.095993
0.031838,-0.226208,-0.094472
0.031603,-0.225084,-0.096406
0.034489,-0.224434,-0.096157
0.034273,-0.225464,-0.095180
0.036552,-0.225369,-0.094335
0.039394,-0.226114,-0.092625
0.036965,-0.226604,-0.089726
0.040286,-0.226369,-0.089185
0.040605,-0.224737,-0.086977
0.042987,-0.224257,-0.085580
0.044442,-0.224065,-0.085660
0.045206,-0.224755,-0.083987
0.046388,-0.224863,-0.081391
0.050262,-0.223671,-0.084168
0.049857,-0.225517,-0.079792
0.051527,-0.222123,-0.081012
0.053147,-0.223107,-0.078690
0.054438,-0.224585,-0.077416
0.056745,-0.224476,-0.075124
0.057378,-0.223671,-0.073596
0.058177,-0.223824,-0.071272
0.059625,-0.224243,-0.072625
0.061370,-0.224931,-0.071173
0.061913,-0.221638,-0.070109
0.064524,-0.223805,-0.071942
0.065789,-0.225443,-0.070188
0.064979,-0.222719,-0.069622
0.068284,-0.223721,-0.068782
0.069104,-0.224183,-0.069231
0.070688,-0.224008,-0.069676
0.070999,-0.223074,-0.067766
0.074497,-0.225132,-0.066332
0.074402,-0.220822,-0.066013
0.075464,-0.220294,-0.063798
0.078104,-0.222664,-0.064180
0.079833,-0.223590,-0.063394
0.079031,-0.223781,-0.062993
0.081919,-0.222264,-0.063705
0.082843,-0.223704,-0.063132
0.083678,-0.223577,-0.061485
0.085708,-0.221930,-0.059758
0.084560,-0.222935,-0.058918
0.086913,-0.222821,-0.058137
0.089430,-0.222219,-0.058179
0.092450,-0.220272,-0.056587
0.092758,-0.224626,-0.058046
0.093548,-0.221772,-0.056951
0.095961,-0.222329,-0.056654
0.094151,-0.222355,-0.057683
0.098553,-0.221531,-0.053177
0.099683,-0.222771,-0.053792
0.100147,-0.222162,-0.054819
0.102834,-0.221794,-0.052991
0.103763,-0.222932,-0.053945
0.104054,-0.222225,-0.050173
0.107602,-0.221804,-0.055955
0.107105,-0.221322,-0.053348
0.108875,-0.222986,-0.049211
0.110760,-0.222179,-0.052528
0.112325,-0.221802,-0.051800
0.112839,-0.221930,-0.050024
0.115187,-0.221842,-0.052448
0.115704,-0.224721,-0.051358
0.115916,-0.221357,-0.050397
0.119909,-0.223208,-0.051681
0.120980,-0.221840,-0.049766
0.121275,-0.221699,-0.051060
0.121408,-0.223721,-0.051209
0.121777,-0.221242,-0.051246
0.124441,-0.223003,-0.050954
0.126144,-0.222161,-0.051318
0.128004,-0.222926,-0.053076
0.127937,-0.221839,-0.053530
0.129362,-0.223950,-0.053653
0.130475,-0.221921,-0.053534
0.133824,-0.222774,-0.053442
0.133500,-0.223550,-0.053862
0.136104,-0.222574,-0.053656
0.135829,-0.221689,-0.054632
0.139199,-0.222944,-0.056678
0.138318,-0.223789,-0.055496
0.141069,-0.222113,-0.057136
0.141595,-0.222091,-0.056065
0.145458,-0.223699,-0.059246
0.146527,-0.223008,-0.058822
0.148309,-0.224121,-0.061030
0.147445,-0.222820,-0.061853
0.148466,-0.222214,-0.061535
0.149589,-0.222645,-0.063939
0.149838,-0.223242,-0.064175
0.152279,-0.222995,-0.064745
0.154416,-0.222115,-0.066576
0.156299,-0.222986,-0.068477
0.157534,-0.223743,-0.068930
0.158906,-0.224355,-0.070240
0.160620,-0.223587,-0.072501
0.163243,-0.223162,-0.073659
0.162076,-0.224207,-0.075035
0.166698,-0.224478,-0.078228
0.167071,-0.222368,-0.081393
0.166765,-0.224966,-0.081081
0.170358,-0.226049,-0.081687
0.169919,-0.225311,-0.086282
0.171025,-0.225635,-0.086439
0.172528,-0.226960,-0.086350
0.176834,-0.224497,-0.092202
0.175737,-0.225491,-0.093673
0.180223,-0.223965,-0.099756
0.179207,-0.225992,-0.103948
0.181608,-0.225832,-0.107269
0.182877,-0.227213,-0.110515
0.183904,-0.226732,-0.123578
-0.138549,-0.228402,-0.143668
-0.137615,-0.227032,-0.139747
-0.137244,-0.226263,-0.133693
-0.134239,-0.223686,-0.127777
-0.131647,-0.226928,-0.124634
-0.129156,-0.225224,-0.122253
-0.128784,-0.225802,-0.120255
-0.127370,-0.226344,-0.116878
-0.126073,-0.225395,-0.116184
-0.125300,-0.223503,-0.112505
-0.124195,-0.223930,-0.109661
-0.122314,-0.224536,-0.107748
-0.118553,-0.223649,-0.106844
-0.119395,-0.224156,-0.105344
-0.116743,-0.223418,-0.104542
-0.116648,-0.224264,-0.103116
-0.113620,-0.224168,-0.103206
-0.113211,-0.224144,-0.100154
-0.111735,-0.222235,-0.098445
-0.110492,-0.224487,-0.098529
-0.107945,-0.223944,-0.097313
-0.107155,-0.223606,-0.096379
-0.102928,-0.224163,-0.094783
-0.103153,-0.223400,-0.093768
-0.103486,-0.223731,-0.094888
-0.101580,-0.224006,-0.093735
-0.100828,-0.224190,-0.094515
-0.099214,-0.222860,-0.095234
-0.098046,-0.224468,-0.094321
-0.094636,-0.223519,-0.091837
-0.094513,-0.223734,-0.093029
-0.091548,-0.223539,-0.093709
-0.091006,-0.223387,-0.091410
-0.091017,-0.224504,-0.094333
-0.088515,-0.222365,-0.092579
-0.085027,-0.223865,-0.093494
-0.085228,-0.223006,-0.094013
-0.084261,-0.223769,-0.093448
-0.082646,-0.224844,-0.094574
-0.080714,-0.224093,-0.090963
-0.080817,-0.223997,-0.091646
-0.079641,-0.224392,-0.090037
-0.077421,-0.222989,-0.090902
-0.075895,-0.224047,-0.092337
-0.074164,-0.223221,-0.091215
-0.072834,-0.221974,-0.092168
-0.072717,-0.223163,-0.091851
-0.072223,-0.224613,-0.093440
-0.070857,-0.224399,-0.092723
-0.066795,-0.223605,-0.093426
-0.066252,-0.223204,-0.093178
-0.065929,-0.222345,-0.090454
-0.063276,-0.223600,-0.091880
-0.063487,-0.224157,-0.093247
-0.061235,-0.222392,-0.092953
-0.061686,-0.223053,-0.093976
-0.058121,-0.224262,-0.093544
-0.055348,-0.224210,-0.092626
-0.055823,-0.223905,-0.096010
-0.053267,-0.223039,-0.093841
-0.053367,-0.223358,-0.094927
-0.053041,-0.223601,-0.094480
-0.049199,-0.223765,-0.097457
-0.049983,-0.222386,-0.095223
-0.048052,-0.226037,-0.094788
-0.045321,-0.223214,-0.094097
-0.043704,-0.225380,-0.095153
-0.043886,-0.223786,-0.093537
-0.041071,-0.223103,-0.095437
-0.040102,-0.222952,-0.096859
-0.038554,-0.226743,-0.096579
-0.039059,-0.225294,-0.095551
-0.036240,-0.223220,-0.094569
-0.032796,-0.224031,-0.096862
-0.032765,-0.224087,-0.097290
-0.032428,-0.223526,-0.097328
-0.033132,-0.224575,-0.098896
-0.030125,-0.225840,-0.098249
-0.031343,-0.224158,-0.098932
-0.025999,-0.225296,-0.099860
-0.024618,-0.225104,-0.100333
-0.024670,-0.222899,-0.100728
-0.022253,-0.224129,-0.098891
-0.021747,-0.224968,-0.099575
-0.020086,-0.224432,-0.099572
-0.017421,-0.224580,-0.101388
-0.018897,-0.223541,-0.103849
-0.014863,-0.224643,-0.101232
-0.014184,-0.224376,-0.104357
-0.013991,-0.225596,-0.102035
-0.010515,-0.224996,-0.104036
-0.011702,-0.223567,-0.104480
-0.009049,-0.226773,-0.109060
-0.006708,-0.225167,-0.109061
-0.003961,-0.226740,-0.110067
-0.005472,-0.223899,-0.111940
-0.005548,-0.224366,-0.109453
-0.002136,-0.223872,-0.109776
-0.000984,-0.224345,-0.108729
-0.000567,-0.224623,-0.104790
0.000859,-0.223986,-0.099471
0.003655,-0.222638,-0.099264
0.004099,-0.224002,-0.099963
0.005880,-0.221460,-0.098072
0.006549,-0.224111,-0.096639
0.008877,-0.223190,-0.095879
0.007837,-0.223237,-0.095013
0.009673,-0.221521,-0.094845
0.014547,-0.224371,-0.095068
0.012686,-0.223631,-0.093771
0.014977,-0.224474,-0.093449
0.018016,-0.223640,-0.093168
0.019334,-0.224211,-0.094134
0.019642,-0.223457,-0.093171
0.022865,-0.224644,-0.094627
0.022410,-0.222096,-0.093429
0.024826,-0.223885,-0.092518
0.026309,-0.223489,-0.094664
0.025432,-0.223070,-0.092332
0.027359,-0.223043,-0.093806
0.030221,-0.224328,-0.094544
0.030142,-0.223675,-0.096434
0.029508,-0.223708,-0.094948
0.034726,-0.224771,-0.093738
0.034710,-0.223346,-0.092507
0.034174,-0.224023,-0.092099
0.038885,-0.223815,-0.092260
0.037942,-0.224090,-0.088901
0.039214,-0.224691,-0.087027
0.041690,-0.224138,-0.088091
0.041966,-0.222166,-0.087644
0.045099,-0.223233,-0.084615
0.044971,-0.223508,-0.083398
0.049019,-0.221721,-0.083630
0.049366,-0.224154,-0.082142
0.050259,-0.224423,-0.082834
0.053017,-0.222501,-0.078466
0.051581,-0.223313,-0.076161
0.053768,-0.223846,-0.077712
0.055185,-0.223388,-0.076640
0.056559,-0.222445,-0.074220
0.057405,-0.222372,-0.073169
0.058931,-0.222546,-0.072715
0.061398,-0.222385,-0.071911
0.061983,-0.222198,-0.071485
0.063257,-0.220880,-0.070974
0.066533,-0.223379,-0.069790
0.065770,-0.223921,-0.070579
0.067240,-0.221945,-0.068953
0.069740,-0.223151,-0.068268
0.069193,-0.220588,-0.066396
0.071681,-0.222015,-0.067953
0.071363,-0.221265,-0.065854
0.072781,-0.221580,-0.066263
0.075788,-0.223066,-0.063530
0.076962,-0.220676,-0.064599
0.078563,-0.221622,-0.065716
0.079291,-0.222719,-0.062823
0.082767,-0.219725,-0.064120
0.082697,-0.221540,-0.061878
0.082621,-0.220830,-0.060429
0.085666,-0.221904,-0.062096
0.085486,-0.220509,-0.061476
0.089583,-0.220642,-0.059033
0.090832,-0.220042,-0.059718
0.088925,-0.222353,-0.058651
0.093527,-0.220936,-0.057841
0.092835,-0.220380,-0.057466
0.095535,-0.222736,-0.057550
0.095780,-0.218853,-0.055528
0.097560,-0.220107,-0.053574
0.099140,-0.221261,-0.053904
0.100402,-0.221498,-0.056218
0.102414,-0.220812,-0.054732
0.102311,-0.223366,-0.053629
0.104991,-0.221910,-0.054621
0.105570,-0.219823,-0.052709
0.106775,-0.222936,-0.054837
0.107960,-0.219350,-0.052502
0.109070,-0.220423,-0.053136
0.110200,-0.222685,-0.052378
0.111888,-0.218394,-0.052357
0.113776,-0.219744,-0.052504
0.114116,-0.220387,-0.050519
0.116597,-0.221366,-0.051355
0.118153,-0.220517,-0.050834
0.120608,-0.220560,-0.050564
0.120089,-0.222526,-0.051517
0.121773,-0.220764,-0.052198
0.122450,-0.220513,-0.051861
0.123174,-0.221700,-0.053431
0.126770,-0.220767,-0.052113
0.126388,-0.220174,-0.052449
0.126563,-0.221376,-0.053659
0.129171,-0.220094,-0.053263
0.132601,-0.221538,-0.053678
0.133270,-0.220522,-0.055892
0.133134,-0.222524,-0.054005
0.134954,-0.221102,-0.055108
0.139141,-0.220830,-0.056183
0.139693,-0.221277,-0.056781
0.139622,-0.222683,-0.055763
0.141550,-0.220420,-0.056580
0.143437,-0.224083,-0.058014
0.143220,-0.222446,-0.060698
0.145788,-0.221659,-0.059030
0.146503,-0.220616,-0.059683
0.147529,-0.221846,-0.061233
0.149015,-0.222034,-0.062601
0.151722,-0.220023,-0.064225
0.153023,-0.222739,-0.065988
0.152243,-0.221571,-0.066453
0.156079,-0.223218,-0.068016
0.157018,-0.224330,-0.069729
0.156587,-0.221520,-0.070229
0.157781,-0.221548,-0.070876
0.161555,-0.220453,-0.072351
0.160828,-0.221596,-0.075342
0.165267,-0.223835,-0.076698
0.163179,-0.220949,-0.077043
0.167435,-0.222023,-0.081168
0.168377,-0.220615,-0.080564
0.169466,-0.223328,-0.081663
0.170297,-0.222527,-0.085315
0.174378,-0.220895,-0.086214
0.174551,-0.222886,-0.090337
0.175014,-0.225439,-0.090311
0.174788,-0.222459,-0.095298
0.179118,-0.223917,-0.101024
0.177537,-0.226255,-0.104324
0.179974,-0.223481,-0.106845
0.183187,-0.224063,-0.111034
0.182076,-0.227028,-0.122363
-0.140181,-0.225795,-0.146264
-0.137019,-0.225054,-0.140318
-0.135067,-0.225553,-0.136108
-0.133347,-0.224180,-0.130737
-0.131029,-0.225485,-0.125066
-0.129923,-0.222547,-0.123020
-0.129063,-0.223736,-0.120059
-0.126986,-0.225118,-0.118213
-0.127162,-0.223634,-0.114332
-0.123999,-0.223165,-0.112961
-0.123219,-0.223319,-0.108914
-0.120853,-0.222701,-0.107935
-0.119604,-0.220469,-0.105998
-0.117415,-0.222861,-0.105883
-0.119031,-0.222475,-0.105155
-0.115432,-0.223300,-0.103122
-0.113812,-0.223513,-0.102231
-0.114298,-0.222866,-0.104365
-0.110951,-0.221008,-0.100208
-0.108354,-0.222589,-0.099400
-0.107665,-0.223888,-0.098527
-0.106483,-0.222409,-0.096902
-0.104282,-0.223004,-0.095831
-0.103320,-0.223146,-0.095102
-0.102994,-0.222145,-0.092335
-0.100502,-0.222887,-0.095002
-0.101260,-0.222049,-0.094600
-0.097505,-0.222172,-0.093517
-0.095077,-0.220003,-0.094190
-0.094346,-0.222115,-0.095231
-0.094572,-0.223026,-0.092639
-0.094753,-0.223976,-0.094891
-0.092019,-0.223673,-0.093811
-0.087837,-0.222472,-0.094562
-0.088810,-0.221689,-0.091121
-0.088922,-0.223881,-0.092540
-0.086562,-0.223705,-0.093266
-0.082986,-0.222593,-0.093430
-0.085497,-0.221909,-0.090993
-0.082463,-0.222728,-0.091316
-0.080430,-0.220321,-0.090626
-0.081108,-0.222116,-0.093361
-0.079628,-0.220026,-0.091562
-0.074842,-0.221826,-0.091753
-0.073965,-0.221322,-0.093740
-0.073581,-0.222223,-0.092063
-0.071722,-0.222609,-0.093730
-0.072388,-0.221962,-0.093035
-0.070927,-0.220684,-0.094599
-0.068169,-0.221364,-0.093293
-0.067055,-0.220479,-0.092583
-0.064413,-0.222583,-0.093552
-0.064602,-0.222815,-0.092906
-0.061935,-0.221077,-0.094302
-0.062623,-0.224071,-0.092886
-0.060094,-0.220805,-0.094072
-0.057598,-0.223914,-0.094696
-0.058398,-0.222210,-0.095395
-0.058192,-0.221914,-0.094471
-0.055430,-0.223506,-0.095422
-0.053080,-0.221434,-0.093597
-0.051186,-0.221070,-0.094371
-0.051508,-0.220403,-0.094893
-0.051294,-0.222715,-0.096063
-0.047968,-0.222271,-0.095433
-0.045797,-0.222213,-0.096720
-0.043984,-0.221871,-0.095435
-0.043626,-0.220869,-0.094846
-0.043459,-0.221980,-0.096388
-0.040092,-0.224111,-0.095036
-0.039824,-0.222840,-0.095512
-0.037253,-0.221710,-0.095229
-0.036154,-0.223509,-0.095439
-0.034512,-0.222462,-0.096430
-0.032639,-0.223287,-0.098222
-0.032294,-0.222043,-0.096917
-0.031000,-0.223472,-0.098445
-0.031057,-0.223324,-0.096869
-0.028396,-0.223318,-0.100555
-0.026037,-0.222898,-0.099854
-0.024618,-0.222729,-0.096252
-0.024272,-0.223080,-0.098634
-0.024828,-0.222427,-0.100788
-0.022870,-0.222825,-0.100871
-0.019355,-0.222750,-0.100401
-0.018891,-0.222098,-0.102019
-0.017140,-0.223523,-0.102185
-0.016868,-0.223569,-0.100338
-0.013821,-0.221642,-0.103827
-0.013478,-0.223473,-0.104411
-0.010221,-0.220758,-0.102659
-0.011379,-0.224240,-0.104499
-0.009758,-0.221788,-0.107845
-0.007578,-0.224190,-0.108839
-0.006505,-0.224546,-0.105783
-0.007169,-0.224928,-0.108297
-0.003831,-0.222995,-0.107872
-0.000421,-0.224618,-0.106667
-0.002314,-0.222387,-0.105689
0.002090,-0.222713,-0.100313
0.001840,-0.220483,-0.099458
0.001038,-0.223677,-0.097937
0.006442,-0.222827,-0.096570
0.005915,-0.222717,-0.096528
0.006684,-0.219938,-0.095818
0.007546,-0.223128,-0.094359
0.009258,-0.222164,-0.094060
0.012261,-0.221299,-0.093377
0.011493,-0.224919,-0.093604
0.014884,-0.221985,-0.093586
0.015823,-0.220897,-0.092280
0.017345,-0.220648,-0.094916
0.019908,-0.223222,-0.094324
0.019202,-0.223153,-0.092292
0.021539,-0.223436,-0.093238
0.023434,-0.221463,-0.091898
0.024247,-0.219879,-0.092267
0.025127,-0.222041,-0.093066
0.028246,-0.222634,-0.093452
0.029734,-0.221145,-0.095268
0.029421,-0.222490,-0.093275
0.031327,-0.219925,-0.093864
0.031464,-0.222479,-0.095039
0.033379,-0.221220,-0.093949
0.037253,-0.221474,-0.092535
0.036673,-0.224320,-0.092408
0.037885,-0.221185,-0.089905
0.040578,-0.223964,-0.090311
0.041041,-0.220942,-0.089257
0.042633,-0.221812,-0.086592
0.042401,-0.222623,-0.085494
0.044401,-0.221108,-0.086433
0.044729,-0.220841,-0.084378
0.046315,-0.220552,-0.081360
0.047952,-0.223066,-0.083461
0.050257,-0.220765,-0.080329
0.051504,-0.221614,-0.082071
0.052586,-0.220355,-0.078702
0.056631,-0.220887,-0.076755
0.054441,-0.221774,-0.076662
0.057887,-0.220562,-0.075069
0.056868,-0.220996,-0.073601
0.058534,-0.221179,-0.073753
0.061602,-0.221491,-0.074192
0.063191,-0.220289,-0.072210
0.065303,-0.220567,-0.070144
0.064335,-0.219821,-0.071041
0.065898,-0.221939,-0.071041
0.067458,-0.219428,-0.069410
0.068449,-0.219607,-0.069973
0.071896,-0.219418,-0.069100
0.073153,-0.220469,-0.067446
0.073510,-0.217929,-0.068782
0.075476,-0.219760,-0.066545
0.075727,-0.218943,-0.065651
0.077237,-0.220768,-0.065579
0.078039,-0.219375,-0.065514
0.080281,-0.221305,-0.063435
0.081449,-0.219559,-0.062445
0.083171,-0.219669,-0.063406
0.084779,-0.219767,-0.062848
0.085456,-0.218886,-0.059251
0.087744,-0.220232,-0.059447
0.088293,-0.219226,-0.060550
0.088622,-0.219147,-0.058850
0.092165,-0.219019,-0.058777
0.092024,-0.219363,-0.056437
0.093368,-0.219727,-0.055574
0.095066,-0.219571,-0.056036
0.095734,-0.219943,-0.057074
0.095566,-0.220019,-0.054650
0.098633,-0.218744,-0.054833
0.100758,-0.219903,-0.054901
0.102146,-0.220045,-0.053303
0.103179,-0.220363,-0.052847
0.104000,-0.219068,-0.054114
0.105442,-0.219913,-0.054287
0.105217,-0.219546,-0.055369
0.109540,-0.218407,-0.055130
0.109201,-0.222045,-0.052657
0.113933,-0.217052,-0.052983
0.114173,-0.218849,-0.051761
0.114030,-0.219700,-0.052393
0.114553,-0.219095,-0.052728
0.117005,-0.217753,-0.051549
0.118872,-0.220916,-0.050350
0.118744,-0.219246,-0.050328
0.120300,-0.220314,-0.049488
0.121104,-0.219078,-0.051582
0.124773,-0.217192,-0.053666
0.124678,-0.216651,-0.053346
0.127339,-0.220083,-0.051278
0.129367,-0.218751,-0.052717
0.127664,-0.218594,-0.053760
0.130781,-0.218864,-0.054796
0.133300,-0.218695,-0.054714
0.134033,-0.218449,-0.053762
0.135641,-0.218966,-0.054464
0.135116,-0.219525,-0.054837
0.137905,-0.218433,-0.058032
0.138239,-0.220050,-0.056919
0.136955,-0.221053,-0.055694
0.140704,-0.218967,-0.056219
0.141998,-0.220042,-0.057388
0.142287,-0.220488,-0.059330
0.146775,-0.218644,-0.060242
0.144300,-0.218910,-0.061790
0.147011,-0.219296,-0.060738
0.148139,-0.217964,-0.064757
0.148829,-0.218717,-0.063286
0.154631,-0.219391,-0.065785
0.152071,-0.220539,-0.066607
0.155389,-0.220510,-0.067400
0.157134,-0.220293,-0.069273
0.157719,-0.220009,-0.069036
0.157749,-0.219603,-0.073243
0.160053,-0.220298,-0.072019
0.159654,-0.221289,-0.075799
0.163582,-0.220547,-0.076515
0.163926,-0.220797,-0.076518
0.165834,-0.222154,-0.079862
0.167620,-0.221609,-0.082580
0.171577,-0.222238,-0.082999
0.169661,-0.223763,-0.086763
0.172004,-0.222659,-0.086220
0.175509,-0.220961,-0.089390
0.174266,-0.222605,-0.093266
0.176485,-0.223701,-0.096511
0.178864,-0.223948,-0.101817
0.179165,-0.222260,-0.102387
0.182155,-0.222090,-0.108150
0.180402,-0.224940,-0.109676
0.183588,-0.224511,-0.123435
-0.138224,-0.225889,-0.146043
-0.137619,-0.222612,-0.142425
-0.136585,-0.223854,-0.135395
-0.134011,-0.220429,-0.130111
-0.131771,-0.220920,-0.126602
-0.130713,-0.222238,-0.123686
-0.130187,-0.221535,-0.121521
-0.127341,-0.223331,-0.119469
-0.126382,-0.219293,-0.115825
-0.123031,-0.222117,-0.113950
-0.124022,-0.222993,-0.110488
-0.121774,-0.221551,-0.108250
-0.120188,-0.220452,-0.108377
-0.116703,-0.221504,-0.105115
-0.117121,-0.221190,-0.104540
-0.115955,-0.221008,-0.104371
-0.114911,-0.222386,-0.103260
-0.111442,-0.221334,-0.100649
-0.112029,-0.220929,-0.101310
-0.109335,-0.222671,-0.100033
-0.109138,-0.221975,-0.099141
-0.106605,-0.220530,-0.097692
-0.105735,-0.221253,-0.096481
-0.104353,-0.222269,-0.095434
-0.102636,-0.221389,-0.095352
-0.100791,-0.219702,-0.095530
-0.099089,-0.222156,-0.094916
-0.097610,-0.220732,-0.091972
-0.096947,-0.220325,-0.094029
-0.095569,-0.220239,-0.093567
-0.093885,-0.220457,-0.093075
-0.092270,-0.220504,-0.094984
-0.092261,-0.220636,-0.092090
-0.090787,-0.220357,-0.094537
-0.087795,-0.219858,-0.094123
-0.086849,-0.220145,-0.093255
-0.086317,-0.218112,-0.093111
-0.084904,-0.220381,-0.093357
-0.082426,-0.221460,-0.092738
-0.081012,-0.219079,-0.090957
-0.078748,-0.220882,-0.092629
-0.078381,-0.220090,-0.094456
-0.076567,-0.220177,-0.091433
-0.077163,-0.220646,-0.092278
-0.075560,-0.219137,-0.091063
-0.073899,-0.221594,-0.092493
-0.070116,-0.220192,-0.093029
-0.071669,-0.222871,-0.092381
-0.068741,-0.221863,-0.093884
-0.068081,-0.221536,-0.092544
-0.066527,-0.220747,-0.093458
-0.067348,-0.221306,-0.093905
-0.063899,-0.221861,-0.094654
-0.061222,-0.221361,-0.094206
-0.061825,-0.219897,-0.094004
-0.061461,-0.220807,-0.092007
-0.058657,-0.222060,-0.095335
-0.056311,-0.219735,-0.093679
-0.055400,-0.220378,-0.094021
-0.054113,-0.221676,-0.093758
-0.053753,-0.221278,-0.095370
-0.051741,-0.220590,-0.094365
-0.051475,-0.220883,-0.095499
-0.050586,-0.220496,-0.095092
-0.047751,-0.220032,-0.097639
-0.046288,-0.221178,-0.095513
-0.044288,-0.221093,-0.094519
-0.043543,-0.220591,-0.095352
-0.041201,-0.221626,-0.095397
-0.041470,-0.220056,-0.096530
-0.037783,-0.221562,-0.096983
-0.036189,-0.221106,-0.095845
-0.038398,-0.220864,-0.094542
-0.033678,-0.220107,-0.096645
-0.034903,-0.220787,-0.096971
-0.032361,-0.222333,-0.097418
-0.030571,-0.221304,-0.096269
-0.030162,-0.220342,-0.097815
-0.026972,-0.221836,-0.099226
-0.025977,-0.219836,-0.100214
-0.027405,-0.222954,-0.100213
-0.024592,-0.222633,-0.101344
-0.023882,-0.220387,-0.098378
-0.022879,-0.219679,-0.100195
-0.020712,-0.221054,-0.097969
-0.020665,-0.221358,-0.101391
-0.015922,-0.221718,-0.103145
-0.015628,-0.223682,-0.102899
-0.014638,-0.222066,-0.102526
-0.011674,-0.222425,-0.103477
-0.011753,-0.221861,-0.103815
-0.012684,-0.222367,-0.106733
-0.007740,-0.220725,-0.109482
-0.009147,-0.221635,-0.106556
-0.005686,-0.222040,-0.106011
-0.004604,-0.222364,-0.108694
-0.003289,-0.222022,-0.105082
-0.002769,-0.221672,-0.105028
-0.001496,-0.221310,-0.101499
0.000797,-0.220641,-0.101207
0.002561,-0.218933,-0.099168
0.003823,-0.220468,-0.098595
0.004679,-0.221923,-0.096895
0.005840,-0.220971,-0.095853
0.006994,-0.220843,-0.096103
0.007728,-0.219318,-0.092113
0.010540,-0.219923,-0.094646
0.010948,-0.220852,-0.092986
0.012259,-0.219700,-0.094184
0.014137,-0.220049,-0.091832
0.015526,-0.221249,-0.092676
0.018093,-0.220642,-0.093074
0.018738,-0.222230,-0.091181
0.019626,-0.219197,-0.090653
0.020611,-0.220932,-0.088628
0.024632,-0.220121,-0.091984
0.023192,-0.220671,-0.090884
0.023523,-0.219252,-0.092599
0.027776,-0.220701,-0.091164
0.028446,-0.220931,-0.091813
0.028010,-0.222781,-0.091482
0.029345,-0.221980,-0.090882
0.031950,-0.219995,-0.093767
0.033079,-0.221179,-0.094143
0.035698,-0.219487,-0.091733
0.036695,-0.219427,-0.093210
0.037268,-0.219662,-0.091582
0.038625,-0.220056,-0.089488
0.038563,-0.219685,-0.087403
0.041465,-0.218275,-0.087427
0.042873,-0.221804,-0.089299
0.046826,-0.219510,-0.086019
0.045261,-0.219928,-0.085121
0.047254,-0.219648,-0.083733
0.048925,-0.218339,-0.081988
0.050838,-0.219757,-0.081978
0.051720,-0.221801,-0.081045
0.053610,-0.220088,-0.078468
0.054448,-0.219831,-0.078851
0.057181,-0.219795,-0.076851
0.055657,-0.218799,-0.074194
0.056807,-0.216777,-0.074921
0.060555,-0.219335,-0.073786
0.062121,-0.218475,-0.072313
0.063459,-0.218853,-0.071814
0.063523,-0.219115,-0.071184
0.064712,-0.219101,-0.070592
0.065726,-0.219325,-0.071345
0.069148,-0.220438,-0.070569
0.068413,-0.221301,-0.068792
0.069113,-0.219523,-0.067991
0.072851,-0.218073,-0.069347
0.072046,-0.218461,-0.068574
0.074024,-0.217133,-0.066071
0.075825,-0.217957,-0.066894
0.078212,-0.219205,-0.066883
0.078728,-0.218295,-0.065334
0.080839,-0.218970,-0.063870
0.081807,-0.219381,-0.062837
0.081645,-0.218785,-0.064705
0.084941,-0.219713,-0.061871
0.084190,-0.218575,-0.062960
0.087722,-0.216217,-0.059390
0.088720,-0.218818,-0.060028
0.089264,-0.217565,-0.059556
0.092033,-0.217481,-0.058861
0.092350,-0.218156,-0.058448
0.094683,-0.218425,-0.057292
0.093917,-0.216714,-0.056567
0.095713,-0.219509,-0.056813
0.098210,-0.218920,-0.057017
0.098991,-0.218711,-0.054511
0.099693,-0.218205,-0.052458
0.101192,-0.218492,-0.054693
0.100996,-0.216939,-0.053059
0.102690,-0.217583,-0.055269
0.106853,-0.216935,-0.053289
0.106160,-0.218189,-0.054562
0.108649,-0.216868,-0.053508
0.110193,-0.218744,-0.053753
0.112194,-0.218841,-0.053421
0.111569,-0.218118,-0.053942
0.114459,-0.217917,-0.051697
0.113975,-0.219007,-0.052463
0.116489,-0.217020,-0.051749
0.119387,-0.217341,-0.052088
0.120615,-0.219380,-0.052784
0.120950,-0.217181,-0.052341
0.121645,-0.216716,-0.052485
0.122916,-0.217034,-0.052800
0.125363,-0.216911,-0.053045
0.127290,-0.219126,-0.052059
0.127006,-0.218495,-0.053999
0.129147,-0.219378,-0.054177
0.128640,-0.217858,-0.053367
0.132100,-0.219686,-0.054844
0.133460,-0.217840,-0.056113
0.135512,-0.217819,-0.056807
0.135827,-0.218968,-0.054602
0.138703,-0.217544,-0.054554
0.137740,-0.216194,-0.059039
0.138502,-0.217548,-0.056043
0.141183,-0.217357,-0.058517
0.143164,-0.217692,-0.058585
0.141409,-0.217509,-0.059966
0.144338,-0.217681,-0.060421
0.145072,-0.217350,-0.061683
0.146826,-0.218611,-0.063971
0.151515,-0.219246,-0.065084
0.150219,-0.219476,-0.065477
0.152196,-0.218930,-0.064829
0.152427,-0.218114,-0.067408
0.155672,-0.217234,-0.066761
0.156840,-0.219420,-0.068931
0.158084,-0.218715,-0.068434
0.158405,-0.218709,-0.071973
0.161061,-0.220051,-0.070923
0.162419,-0.218664,-0.074884
0.163368,-0.221019,-0.076329
0.165134,-0.217948,-0.078288
0.166937,-0.219005,-0.080456
0.168066,-0.220462,-0.082072
0.169094,-0.219641,-0.082635
0.169292,-0.219848,-0.083108
0.172476,-0.220471,-0.085788
0.173352,-0.219493,-0.089097
0.176527,-0.220825,-0.093002
0.176476,-0.218667,-0.096094
0.178066,-0.219320,-0.100096
0.179881,-0.220335,-0.105608
0.181209,-0.220172,-0.107875
0.182940,-0.222381,-0.109507
0.183227,-0.221291,-0.123548
-0.138077,-0.222668,-0.146485
-0.138135,-0.222010,-0.145144
-0.136586,-0.222660,-0.136580
-0.136419,-0.220882,-0.133139
-0.133495,-0.221821,-0.127573
-0.131597,-0.221811,-0.120488
-0.128470,-0.220245,-0.121041
-0.127996,-0.220117,-0.121057
-0.125123,-0.220181,-0.117673
-0.125108,-0.220640,-0.114201
-0.124508,-0.221326,-0.111626
-0.121025,-0.220372,-0.110382
-0.122226,-0.219704,-0.108134
-0.118185,-0.218178,-0.106617
-0.115434,-0.220650,-0.107139
-0.115246,-0.219051,-0.106419
-0.114274,-0.220461,-0.103445
-0.113332,-0.220975,-0.101169
-0.112574,-0.220068,-0.100928
-0.111976,-0.221235,-0.099288
-0.110004,-0.220449,-0.099932
-0.106333,-0.218342,-0.097426
-0.104111,-0.220132,-0.098096
-0.103562,-0.218893,-0.095847
-0.103206,-0.218913,-0.096170
-0.101405,-0.219450,-0.094863
-0.099780,-0.218989,-0.093835
-0.098094,-0.219509,-0.094739
-0.097858,-0.219177,-0.096127
-0.097834,-0.219779,-0.095347
-0.092037,-0.217638,-0.094915
-0.094575,-0.217844,-0.093976
-0.090363,-0.218527,-0.095802
-0.089601,-0.218169,-0.094682
-0.089885,-0.217605,-0.094021
-0.085807,-0.219142,-0.093406
-0.084853,-0.218635,-0.092257
-0.082239,-0.218405,-0.094183
-0.084449,-0.219420,-0.091920
-0.082232,-0.220525,-0.092086
-0.080593,-0.217964,-0.093284
-0.078369,-0.219645,-0.092382
-0.077919,-0.219379,-0.091770
-0.077286,-0.218865,-0.094365
-0.075327,-0.218048,-0.092326
-0.073322,-0.217446,-0.093722
-0.073334,-0.218169,-0.092558
-0.069143,-0.220216,-0.092928
-0.068672,-0.219004,-0.093938
-0.066795,-0.219398,-0.092653
-0.066890,-0.218764,-0.092936
-0.065867,-0.219684,-0.093079
-0.064496,-0.219713,-0.092103
-0.063207,-0.219131,-0.094380
-0.060664,-0.219353,-0.094327
-0.058523,-0.219242,-0.094417
-0.057194,-0.219589,-0.094770
-0.057660,-0.219405,-0.095424
-0.054690,-0.219416,-0.095381
-0.054258,-0.217759,-0.097556
-0.053676,-0.219417,-0.095662
-0.051312,-0.218832,-0.094482
-0.050478,-0.220105,-0.095590
-0.048997,-0.217921,-0.093856
-0.046683,-0.217882,-0.093971
-0.046041,-0.217253,-0.095793
-0.045415,-0.217932,-0.096812
-0.042152,-0.218717,-0.096323
-0.042795,-0.219777,-0.096221
-0.039338,-0.217982,-0.096388
-0.039740,-0.217435,-0.095627
-0.037204,-0.220900,-0.096516
-0.036162,-0.218288,-0.097073
-0.035335,-0.218116,-0.095838
-0.036299,-0.219157,-0.094200
-0.031309,-0.217364,-0.098449
-0.030941,-0.219865,-0.096699
-0.029885,-0.219478,-0.098037
-0.029380,-0.218104,-0.098809
-0.027126,-0.219166,-0.099423
-0.026280,-0.220463,-0.099275
-0.026932,-0.218491,-0.100047
-0.024096,-0.219682,-0.100255
-0.022014,-0.219986,-0.101717
-0.021110,-0.221209,-0.100236
-0.018161,-0.219733,-0.100709
-0.017125,-0.219219,-0.101624
-0.016533,-0.218277,-0.102546
-0.014899,-0.219132,-0.101139
-0.015326,-0.219789,-0.103544
-0.011931,-0.221190,-0.104990
-0.011518,-0.221380,-0.107370
-0.009713,-0.220696,-0.105537
-0.007293,-0.218327,-0.103993
-0.006519,-0.219074,-0.103374
-0.005158,-0.219148,-0.103368
-0.005471,-0.218740,-0.103577
-0.002204,-0.219785,-0.100943
-0.000970,-0.219063,-0.098662
0.000203,-0.219220,-0.098067
0.002174,-0.219918,-0.098708
0.003192,-0.217745,-0.095024
0.004990,-0.218755,-0.094421
0.007115,-0.219075,-0.094956
0.006858,-0.217950,-0.092297
0.009952,-0.217209,-0.093914
0.009118,-0.218756,-0.094016
0.012516,-0.220361,-0.092146
0.012047,-0.218975,-0.092899
0.015049,-0.218702,-0.088683
0.015554,-0.218705,-0.090397
0.016044,-0.220149,-0.089037
0.018276,-0.216631,-0.090202
0.019846,-0.219614,-0.091615
0.021017,-0.219455,-0.091782
0.022008,-0.218008,-0.089487
0.023099,-0.218912,-0.091577
0.025463,-0.217638,-0.090568
0.026632,-0.219004,-0.090166
0.027488,-0.217943,-0.090600
0.029050,-0.217743,-0.090462
0.032009,-0.218568,-0.090533
0.031242,-0.219504,-0.092978
0.033202,-0.219092,-0.092215
0.035571,-0.220190,-0.093465
0.036662,-0.219879,-0.091947
0.038042,-0.219244,-0.091333
0.040001,-0.218919,-0.090783
0.040282,-0.218808,-0.091264
0.043454,-0.218258,-0.087029
0.041975,-0.218829,-0.085793
0.044373,-0.219566,-0.086528
0.045034,-0.217775,-0.085544
0.048026,-0.218102,-0.083130
0.049415,-0.217483,-0.081871
0.049702,-0.217293,-0.082067
0.051996,-0.220550,-0.079365
0.053263,-0.219080,-0.080154
0.055302,-0.217203,-0.078625
0.055223,-0.217242,-0.077059
0.056683,-0.217606,-0.076309
0.057363,-0.218570,-0.074553
0.061027,-0.218156,-0.073437
0.061968,-0.218222,-0.073633
0.063111,-0.219640,-0.073002
0.063571,-0.217896,-0.071373
0.066169,-0.217434,-0.072295
0.065079,-0.217093,-0.069375
0.066963,-0.217232,-0.072041
0.068062,-0.218491,-0.070495
0.070818,-0.217872,-0.070450
0.071748,-0.218055,-0.067017
0.072521,-0.218162,-0.066427
0.074676,-0.217785,-0.068421
0.075916,-0.217139,-0.067761
0.078388,-0.215758,-0.065779
0.076896,-0.218280,-0.065881
0.080002,-0.216012,-0.064983
0.081425,-0.217288,-0.064134
0.082038,-0.217572,-0.064449
0.086618,-0.215815,-0.064363
0.085176,-0.218105,-0.064200
0.086468,-0.217253,-0.061306
0.087618,-0.214226,-0.060407
0.091512,-0.217609,-0.059673
0.090923,-0.217064,-0.060613
0.092541,-0.216485,-0.059062
0.093675,-0.217471,-0.057607
0.093690,-0.217614,-0.057126
0.097103,-0.216286,-0.057046
0.096567,-0.218103,-0.056977
0.096338,-0.216349,-0.055931
0.100339,-0.215849,-0.054502
0.099379,-0.216140,-0.053968
0.101651,-0.216103,-0.056829
0.105119,-0.216597,-0.052113
0.105996,-0.216055,-0.054092
0.109006,-0.216963,-0.053411
0.105389,-0.216088,-0.054857
0.109601,-0.215138,-0.054863
0.110865,-0.217666,-0.053607
0.112351,-0.216551,-0.053777
0.114565,-0.216200,-0.053996
0.116117,-0.218409,-0.052255
0.117134,-0.215689,-0.053166
0.115761,-0.218400,-0.054318
0.119090,-0.215607,-0.053612
0.120965,-0.217095,-0.050698
0.122147,-0.217025,-0.051925
0.122607,-0.215497,-0.052985
0.125848,-0.219319,-0.053808
0.125159,-0.216734,-0.054257
0.125334,-0.214275,-0.055249
0.128094,-0.215398,-0.055256
0.128239,-0.217471,-0.054390
0.130951,-0.216800,-0.054867
0.133475,-0.217321,-0.055762
0.133527,-0.217305,-0.055202
0.136094,-0.216350,-0.057106
0.138486,-0.217471,-0.056928
0.138573,-0.215167,-0.057625
0.140495,-0.217279,-0.057613
0.141052,-0.216364,-0.058465
0.143705,-0.216828,-0.060183
0.144672,-0.216852,-0.061059
0.145380,-0.219402,-0.059683
0.145560,-0.216626,-0.060354
0.146685,-0.218087,-0.063299
0.148416,-0.215620,-0.064324
0.151207,-0.216554,-0.066018
0.151595,-0.218110,-0.065967
0.151881,-0.215835,-0.066900
0.155452,-0.217680,-0.067390
0.157018,-0.218142,-0.069257
0.157648,-0.218362,-0.069881
0.157825,-0.218108,-0.070390
0.160377,-0.218919,-0.073347
0.161205,-0.218308,-0.073818
0.165256,-0.217852,-0.075738
0.165521,-0.216455,-0.080355
0.165580,-0.216502,-0.079821
0.167163,-0.218795,-0.083518
0.167923,-0.217386,-0.083116
0.171699,-0.218198,-0.085762
0.172517,-0.218504,-0.087658
0.173679,-0.216664,-0.090488
0.174340,-0.220099,-0.092436
0.174541,-0.219007,-0.097452
0.178878,-0.218138,-0.100104
0.180037,-0.219571,-0.105032
0.181840,-0.219941,-0.109444
0.183052,-0.218297,-0.111443
0.184197,-0.220233,-0.123347
0.187047,-0.221916,-0.136879
-0.140704,-0.221470,-0.149233
-0.137801,-0.219033,-0.141636
-0.136567,-0.220595,-0.139266
-0.133200,-0.220377,-0.134565
-0.133989,-0.219280,-0.130802
-0.129735,-0.220545,-0.126702
-0.127142,-0.217061,-0.122888
-0.127306,-0.219096,-0.119020
-0.126362,-0.219298,-0.118251
-0.122627,-0.219078,-0.113341
-0.123571,-0.218713,-0.111918
-0.120049,-0.218809,-0.109518
-0.118266,-0.218552,-0.107541
-0.118329,-0.216546,-0.106227
-0.118656,-0.218311,-0.105582
-0.117548,-0.217963,-0.105121
-0.113455,-0.216725,-0.103072
-0.110596,-0.217046,-0.102910
-0.110921,-0.217861,-0.103195
-0.108858,-0.218166,-0.100817
-0.109680,-0.219085,-0.099647
-0.105798,-0.217025,-0.098457
-0.104679,-0.216232,-0.097235
-0.104670,-0.218018,-0.096221
-0.103252,-0.217504,-0.095543
-0.101265,-0.216530,-0.094309
-0.100613,-0.217709,-0.094694
-0.098253,-0.216723,-0.094856
-0.095465,-0.216277,-0.094991
-0.093435,-0.217272,-0.095960
-0.094996,-0.216406,-0.096419
-0.093465,-0.218472,-0.093547
-0.090698,-0.216636,-0.096138
-0.090057,-0.219568,-0.094167
-0.088348,-0.218061,-0.094584
-0.088989,-0.217468,-0.095280
-0.086525,-0.216368,-0.094350
-0.084045,-0.216602,-0.093889
-0.082621,-0.216618,-0.092893
-0.083072,-0.218330,-0.094402
-0.081311,-0.216288,-0.095348
-0.076901,-0.215822,-0.092343
-0.080744,-0.216638,-0.093521
-0.075943,-0.217767,-0.094169
-0.075258,-0.215870,-0.094334
-0.073492,-0.220380,-0.094721
-0.072451,-0.218461,-0.095030
-0.071755,-0.218496,-0.095240
-0.069591,-0.218855,-0.093119
-0.067108,-0.216716,-0.095000
-0.064954,-0.216898,-0.095426
-0.063789,-0.216967,-0.092944
-0.064131,-0.217579,-0.095346
-0.061873,-0.217154,-0.093498
-0.061686,-0.218345,-0.094891
-0.059869,-0.217334,-0.095320
-0.059428,-0.217991,-0.095996
-0.057166,-0.217456,-0.094108
-0.053965,-0.218454,-0.095233
-0.054715,-0.218933,-0.095062
-0.053484,-0.214925,-0.094721
-0.054100,-0.217954,-0.095039
-0.051770,-0.218238,-0.094751
-0.048046,-0.218203,-0.095813
-0.047923,-0.218283,-0.097226
-0.046029,-0.220209,-0.097406
-0.044301,-0.216698,-0.095938
-0.043926,-0.217564,-0.096387
-0.042268,-0.217362,-0.095817
-0.040768,-0.216155,-0.097244
-0.040173,-0.218364,-0.095427
-0.038742,-0.217004,-0.097097
-0.036002,-0.217696,-0.095736
-0.034619,-0.217883,-0.098176
-0.032775,-0.217008,-0.096330
-0.031407,-0.218725,-0.096938
-0.030566,-0.215794,-0.098502
-0.029314,-0.217214,-0.098962
-0.027646,-0.218521,-0.099860
-0.025891,-0.218576,-0.098577
-0.026001,-0.215893,-0.101307
-0.022722,-0.218821,-0.101176
-0.023292,-0.218457,-0.100279
-0.021063,-0.217742,-0.101161
-0.021319,-0.219045,-0.101554
-0.019577,-0.216795,-0.100829
-0.016459,-0.218004,-0.101325
-0.018409,-0.218023,-0.102349
-0.012818,-0.217855,-0.104327
-0.013697,-0.217060,-0.103278
-0.012498,-0.218687,-0.103748
-0.008482,-0.218351,-0.105852
-0.008690,-0.216775,-0.101888
-0.006973,-0.218531,-0.103566
-0.006025,-0.218981,-0.103665
-0.005871,-0.217169,-0.105488
-0.004230,-0.218046,-0.101046
-0.002509,-0.218874,-0.100127
-0.002066,-0.218105,-0.098313
0.001363,-0.217158,-0.097913
0.001917,-0.218948,-0.096825
0.003358,-0.216478,-0.094746
0.003406,-0.217088,-0.093324
0.008020,-0.216803,-0.093294
0.006943,-0.218154,-0.092764
0.008720,-0.218398,-0.093943
0.009969,-0.216165,-0.092318
0.010873,-0.217769,-0.092792
0.011131,-0.218455,-0.090952
0.014028,-0.218859,-0.091681
0.017098,-0.217866,-0.090309
0.015686,-0.217784,-0.090477
0.019120,-0.217351,-0.089615
0.019139,-0.217622,-0.089763
0.020496,-0.216858,-0.090537
0.022458,-0.217218,-0.089598
0.024230,-0.216386,-0.089042
0.024413,-0.216861,-0.090850
0.026074,-0.217722,-0.090049
0.026502,-0.216255,-0.089922
0.029994,-0.217827,-0.089628
0.030672,-0.218127,-0.089373
0.033696,-0.216693,-0.089004
0.033249,-0.217321,-0.089824
0.035596,-0.216250,-0.089888
0.035276,-0.218178,-0.089524
0.038541,-0.218966,-0.090361
0.038872,-0.218983,-0.090572
0.040347,-0.216592,-0.089775
0.043861,-0.217216,-0.087009
0.041907,-0.215321,-0.087625
0.045576,-0.217830,-0.086335
0.047019,-0.217227,-0.084609
0.046201,-0.214371,-0.085459
0.049441,-0.218881,-0.082579
0.050537,-0.216470,-0.083587
0.050554,-0.217639,-0.079146
0.054124,-0.217517,-0.079377
0.052795,-0.217727,-0.079390
0.056631,-0.216407,-0.075970
0.056633,-0.216881,-0.074776
0.058170,-0.214828,-0.074836
0.060064,-0.215193,-0.074144
0.062141,-0.216174,-0.071094
0.061273,-0.215501,-0.072496
0.064373,-0.217234,-0.073951
0.063529,-0.217390,-0.072103
0.067535,-0.215467,-0.069979
0.069684,-0.214384,-0.069981
0.067428,-0.218363,-0.071117
0.072203,-0.214516,-0.071048
0.070728,-0.215445,-0.071227
0.072569,-0.214844,-0.069345
0.077349,-0.216208,-0.068067
0.077598,-0.217097,-0.067725
0.077417,-0.215358,-0.066767
0.080279,-0.214710,-0.067475
0.079387,-0.216283,-0.064485
0.082861,-0.215393,-0.066287
0.084426,-0.216526,-0.063722
0.084887,-0.215410,-0.062822
0.083306,-0.215141,-0.064863
0.085281,-0.216423,-0.063124
0.087360,-0.214718,-0.059893
0.088808,-0.215102,-0.060824
0.091793,-0.215070,-0.059630
0.091294,-0.214426,-0.060054
0.094488,-0.214654,-0.059451
0.093076,-0.215015,-0.059610
0.096119,-0.214402,-0.057551
0.097703,-0.215135,-0.056692
0.098015,-0.214488,-0.056416
0.101566,-0.215727,-0.056716
0.101886,-0.214664,-0.055226
0.102773,-0.214188,-0.055104
0.106018,-0.215201,-0.056146
0.103896,-0.215439,-0.053604
0.106288,-0.215157,-0.055448
0.107799,-0.214311,-0.053920
0.110798,-0.214550,-0.053036
0.111577,-0.216375,-0.054824
0.111540,-0.214653,-0.054124
0.112510,-0.213629,-0.055182
0.113693,-0.215621,-0.053875
0.115429,-0.215066,-0.051850
0.119534,-0.215668,-0.052346
0.117815,-0.212542,-0.051743
0.121017,-0.214288,-0.052143
0.121585,-0.213498,-0.052084
0.125001,-0.215701,-0.053636
0.124227,-0.213169,-0.051843
0.126697,-0.215642,-0.053504
0.128621,-0.216141,-0.054612
0.128721,-0.214635,-0.054415
0.129563,-0.213615,-0.056596
0.130259,-0.215760,-0.055646
0.130771,-0.215988,-0.056160
0.134734,-0.216113,-0.056770
0.134553,-0.214035,-0.057813
0.136018,-0.215044,-0.056450
0.139389,-0.214449,-0.056214
0.139321,-0.215462,-0.058187
0.142042,-0.215545,-0.057354
0.144666,-0.214493,-0.058528
0.144618,-0.213891,-0.060343
0.147097,-0.214790,-0.058853
0.147721,-0.216170,-0.062710
0.148196,-0.216533,-0.062530
0.149296,-0.214518,-0.062477
0.150304,-0.214945,-0.064617
0.151685,-0.215372,-0.065472
0.154730,-0.214451,-0.068679
0.154378,-0.216776,-0.068026
0.156737,-0.216994,-0.070055
0.158804,-0.217010,-0.068611
0.160976,-0.216979,-0.072831
0.160701,-0.217040,-0.073793
0.161085,-0.215416,-0.074095
0.163009,-0.215502,-0.077226
0.162960,-0.217886,-0.080092
0.165460,-0.217477,-0.082740
0.164909,-0.216875,-0.082426
0.170513,-0.216680,-0.083605
0.171949,-0.216786,-0.086156
0.172331,-0.218670,-0.088864
0.174503,-0.216564,-0.090176
0.174267,-0.218461,-0.092891
0.177605,-0.219033,-0.097069
0.178396,-0.218449,-0.099435
0.179933,-0.218603,-0.105101
0.179108,-0.217476,-0.109213
0.182567,-0.218585,-0.112204
0.184505,-0.219776,-0.125161
0.188512,-0.221228,-0.138422
-0.138277,-0.218008,-0.146215
-0.136190,-0.218789,-0.141143
-0.133578,-0.218641,-0.135618
-0.132677,-0.218938,-0.130107
-0.130259,-0.216781,-0.125219
-0.129833,-0.218902,-0.125216
-0.130489,-0.215826,-0.121606
-0.125153,-0.217396,-0.119694
-0.126299,-0.219142,-0.116339
-0.122903,-0.216301,-0.113960
-0.122036,-0.217087,-0.109902
-0.119141,-0.218415,-0.108576
-0.119045,-0.215514,-0.108181
-0.117318,-0.217233,-0.107678
-0.115544,-0.217685,-0.105975
-0.114188,-0.217272,-0.102927
-0.112418,-0.217492,-0.103077
-0.111476,-0.215185,-0.101529
-0.110900,-0.216977,-0.101397
-0.107263,-0.216499,-0.100865
-0.106696,-0.215521,-0.098274
-0.106864,-0.215873,-0.098192
-0.103452,-0.216007,-0.097712
-0.103062,-0.214350,-0.095655
-0.101630,-0.214447,-0.095217
-0.099473,-0.214514,-0.094744
-0.096947,-0.215593,-0.094195
-0.096307,-0.216241,-0.096881
-0.096317,-0.215357,-0.095521
-0.093610,-0.216322,-0.096747
-0.091657,-0.214512,-0.095800
-0.092957,-0.216921,-0.096239
-0.090253,-0.214542,-0.095170
-0.089295,-0.213280,-0.095658
-0.089124,-0.214831,-0.093358
-0.085004,-0.215272,-0.095712
-0.083969,-0.215491,-0.093333
-0.085161,-0.216531,-0.093525
-0.081794,-0.216189,-0.092685
-0.079055,-0.215805,-0.093906
-0.080197,-0.215157,-0.095014
-0.080430,-0.214171,-0.093261
-0.074516,-0.214416,-0.094391
-0.074470,-0.215604,-0.093699
-0.073334,-0.217271,-0.093982
-0.073775,-0.217508,-0.093972
-0.070225,-0.216258,-0.093185
-0.069143,-0.216884,-0.093727
-0.070932,-0.216764,-0.092904
-0.067066,-0.217193,-0.095055
-0.066570,-0.216800,-0.093803
-0.063962,-0.214281,-0.094653
-0.063643,-0.214710,-0.094397
-0.060920,-0.215604,-0.096197
-0.060213,-0.216752,-0.096367
-0.058254,-0.214416,-0.096324
-0.056829,-0.217232,-0.095966
-0.055676,-0.216054,-0.097443
-0.053917,-0.216849,-0.094851
-0.055170,-0.217349,-0.097256
-0.053818,-0.215682,-0.095728
-0.049419,-0.214908,-0.094886
-0.048824,-0.216013,-0.098005
-0.047616,-0.216641,-0.095541
-0.047930,-0.216170,-0.095431
-0.044925,-0.216172,-0.096690
-0.044671,-0.215634,-0.097360
-0.041485,-0.214041,-0.095513
-0.039975,-0.217024,-0.096797
-0.040291,-0.217459,-0.096241
-0.038768,-0.216562,-0.096398
-0.035767,-0.215368,-0.097708
-0.035581,-0.218421,-0.094052
-0.035373,-0.215772,-0.096273
-0.030109,-0.216285,-0.099201
-0.032798,-0.217797,-0.098484
-0.030791,-0.215986,-0.096423
-0.027656,-0.215292,-0.098485
-0.027180,-0.216833,-0.099004
-0.024873,-0.215047,-0.100251
-0.025089,-0.214988,-0.101255
-0.021393,-0.215379,-0.101766
-0.023400,-0.216819,-0.100841
-0.020884,-0.217166,-0.102364
-0.018041,-0.216194,-0.100501
-0.017307,-0.216060,-0.102021
-0.019069,-0.218308,-0.100805
-0.014800,-0.218260,-0.101464
-0.015109,-0.218527,-0.102681
-0.013089,-0.216729,-0.103351
-0.012041,-0.215307,-0.104050
-0.009842,-0.216949,-0.102863
-0.008318,-0.216569,-0.102589
-0.006623,-0.217643,-0.103018
-0.004807,-0.216632,-0.103258
-0.003574,-0.217550,-0.099094
-0.002029,-0.215595,-0.096937
-0.001463,-0.216190,-0.096834
-0.002813,-0.214692,-0.095349
0.001627,-0.214983,-0.094826
0.002334,-0.215017,-0.093791
0.004034,-0.215814,-0.091042
0.006477,-0.216473,-0.092971
0.008346,-0.213601,-0.090882
0.008298,-0.215173,-0.089807
0.009367,-0.214683,-0.091778
0.011401,-0.215809,-0.090242
0.014632,-0.216190,-0.092064
0.013643,-0.215451,-0.091024
0.016031,-0.216633,-0.088411
0.018975,-0.216985,-0.088045
0.018230,-0.215467,-0.087122
0.020078,-0.215150,-0.089016
0.023103,-0.216374,-0.087892
0.022042,-0.216562,-0.088999
0.023021,-0.214466,-0.088937
0.024805,-0.216972,-0.089642
0.027986,-0.214467,-0.088678
0.027732,-0.217123,-0.087841
0.029877,-0.216328,-0.087650
0.030776,-0.214539,-0.090275
0.032682,-0.216702,-0.088970
0.033516,-0.215142,-0.088189
0.035254,-0.215902,-0.088464
0.035369,-0.217745,-0.090095
0.037629,-0.213384,-0.088349
0.039141,-0.216548,-0.091019
0.040153,-0.215220,-0.089591
0.042495,-0.215215,-0.087068
0.044575,-0.214112,-0.088862
0.043050,-0.214761,-0.086974
0.047149,-0.216132,-0.087598
0.046860,-0.215236,-0.085855
0.047127,-0.215589,-0.084433
0.051029,-0.215492,-0.082017
0.051340,-0.214177,-0.080915
0.053793,-0.217198,-0.081420
0.053894,-0.215558,-0.077128
0.057442,-0.215532,-0.078263
0.055531,-0.214050,-0.077425
0.057240,-0.213609,-0.074843
0.061552,-0.215986,-0.074919
0.060558,-0.215705,-0.072197
0.063974,-0.213438,-0.071164
0.063063,-0.215054,-0.071985
0.064328,-0.213975,-0.071542
0.065721,-0.216697,-0.071010
0.067398,-0.214552,-0.071570
0.068887,-0.213088,-0.070349
0.070871,-0.214890,-0.069546
0.071722,-0.214880,-0.068958
0.073025,-0.214134,-0.069682
0.075098,-0.213396,-0.070253
0.076793,-0.214339,-0.067522
0.077887,-0.215887,-0.067834
0.077851,-0.212930,-0.065267
0.081399,-0.213447,-0.066353
0.081517,-0.215253,-0.064599
0.082892,-0.213685,-0.066785
0.084727,-0.215199,-0.062736
0.086231,-0.213811,-0.062068
0.087033,-0.211657,-0.061743
0.087615,-0.212389,-0.061994
0.089992,-0.213940,-0.063490
0.091577,-0.213500,-0.059805
0.090485,-0.214204,-0.060576
0.094039,-0.212669,-0.057960
0.095242,-0.213264,-0.057879
0.095442,-0.212822,-0.058001
0.096985,-0.213122,-0.058787
0.100717,-0.214662,-0.056873
0.101975,-0.211854,-0.056162
0.101633,-0.212476,-0.053867
0.103478,-0.213701,-0.057551
0.103886,-0.215183,-0.056277
0.106017,-0.213041,-0.056320
0.107785,-0.213825,-0.056199
0.108766,-0.215556,-0.054669
0.110532,-0.212103,-0.056319
0.112320,-0.214055,-0.055213
0.111827,-0.211987,-0.052910
0.114224,-0.213718,-0.054354
0.115626,-0.213650,-0.051634
0.116524,-0.213000,-0.053773
0.119193,-0.211960,-0.053915
0.118108,-0.214410,-0.052081
0.121820,-0.212616,-0.053034
0.122467,-0.211504,-0.055719
0.123156,-0.214066,-0.053665
0.123916,-0.214406,-0.052439
0.126677,-0.215276,-0.052970
0.125928,-0.213534,-0.055783
0.129131,-0.210390,-0.055228
0.129714,-0.213067,-0.055903
0.133640,-0.213385,-0.057283
0.133640,-0.216031,-0.055074
0.134911,-0.211990,-0.057109
0.135870,-0.215122,-0.055662
0.137539,-0.213449,-0.056487
0.137776,-0.213720,-0.057094
0.139183,-0.213596,-0.057242
0.140194,-0.215065,-0.058177
0.145469,-0.213107,-0.059193
0.143631,-0.213014,-0.059899
0.144416,-0.213985,-0.061086
0.144841,-0.214336,-0.063679
0.146933,-0.214667,-0.064312
0.148253,-0.213205,-0.066090
0.150806,-0.213786,-0.065711
0.153180,-0.214520,-0.065549
0.153530,-0.213736,-0.066865
0.156369,-0.213298,-0.068058
0.157938,-0.211599,-0.071823
0.157442,-0.214879,-0.069442
0.157937,-0.214963,-0.069368
0.161100,-0.214701,-0.072416
0.161170,-0.214071,-0.074502
0.164116,-0.214969,-0.078894
0.163129,-0.213728,-0.080995
0.165926,-0.214476,-0.082057
0.166748,-0.214843,-0.082403
0.168198,-0.216409,-0.085929
0.170371,-0.214878,-0.085933
0.171254,-0.216724,-0.088401
0.172705,-0.215897,-0.090504
0.175538,-0.214931,-0.091602
0.178079,-0.216665,-0.097913
0.177801,-0.215695,-0.102186
0.180734,-0.218455,-0.105820
0.180898,-0.217614,-0.110442
0.184667,-0.217412,-0.114053
0.183903,-0.216403,-0.126371
0.186168,-0.218731,-0.138757
-0.136663,-0.219764,-0.149110
-0.137404,-0.217424,-0.141873
-0.133998,-0.214042,-0.136239
-0.132061,-0.217346,-0.133041
-0.130102,-0.215420,-0.128822
-0.128462,-0.216207,-0.125928
-0.127725,-0.217381,-0.123087
-0.124344,-0.215722,-0.120711
-0.123721,-0.214623,-0.116761
-0.123118,-0.215719,-0.115247
-0.121280,-0.214254,-0.111446
-0.119203,-0.215226,-0.109400
-0.117038,-0.215279,-0.109894
-0.116073,-0.213995,-0.108923
-0.114423,-0.215135,-0.105009
-0.114039,-0.214686,-0.105695
-0.112181,-0.214379,-0.105013
-0.111755,-0.214083,-0.103122
-0.109405,-0.213875,-0.102755
-0.107742,-0.213969,-0.101164
-0.106569,-0.214500,-0.099837
-0.107036,-0.215833,-0.099512
-0.105738,-0.214556,-0.099250
-0.104253,-0.214160,-0.096262
-0.101187,-0.214861,-0.097027
-0.100660,-0.215952,-0.095839
-0.098197,-0.213735,-0.095715
-0.096595,-0.215319,-0.096446
-0.095762,-0.215125,-0.094729
-0.094095,-0.214148,-0.096907
-0.091996,-0.215182,-0.097485
-0.092367,-0.214989,-0.096848
-0.091474,-0.213918,-0.095618
-0.090380,-0.214306,-0.096734
-0.086790,-0.214805,-0.094539
-0.086953,-0.213509,-0.094415
-0.085443,-0.212756,-0.093540
-0.082304,-0.214333,-0.094134
-0.080455,-0.214713,-0.093746
-0.079494,-0.214956,-0.093156
-0.079250,-0.214858,-0.094107
-0.076183,-0.213255,-0.095403
-0.078320,-0.214505,-0.093432
-0.073969,-0.214413,-0.092785
-0.074647,-0.213990,-0.095991
-0.072770,-0.214749,-0.095172
-0.070402,-0.215824,-0.096062
-0.069542,-0.214262,-0.094736
-0.068509,-0.212549,-0.095292
-0.066663,-0.213891,-0.093738
-0.063879,-0.214466,-0.094974
-0.063580,-0.213031,-0.094384
-0.062265,-0.214735,-0.093888
-0.061787,-0.215631,-0.097335
-0.061410,-0.215258,-0.091984
-0.057532,-0.212528,-0.095935
-0.057095,-0.214299,-0.096574
-0.057122,-0.213948,-0.094477
-0.056087,-0.214280,-0.095848
-0.051839,-0.215304,-0.095261
-0.051732,-0.213233,-0.096603
-0.050214,-0.215222,-0.096216
-0.048648,-0.214028,-0.096175
-0.048971,-0.215458,-0.096946
-0.047483,-0.214449,-0.096985
-0.043573,-0.214744,-0.097486
-0.042937,-0.214852,-0.095741
-0.042026,-0.213418,-0.096211
-0.040181,-0.215499,-0.094694
-0.038622,-0.212723,-0.097092
-0.038791,-0.213637,-0.095349
-0.036625,-0.215598,-0.096996
-0.034645,-0.212561,-0.098407
-0.035663,-0.215354,-0.095882
-0.032447,-0.216049,-0.096145
-0.030865,-0.214763,-0.097700
-0.030465,-0.215602,-0.098168
-0.029092,-0.214718,-0.098865
-0.028016,-0.216287,-0.099501
-0.025304,-0.214357,-0.100781
-0.023521,-0.215320,-0.100579
-0.022496,-0.215295,-0.099910
-0.023204,-0.213875,-0.101058
-0.019146,-0.216413,-0.100143
-0.019156,-0.215326,-0.102288
-0.019815,-0.214905,-0.101800
-0.015751,-0.215176,-0.101948
-0.013942,-0.215208,-0.103765
-0.013952,-0.213605,-0.101119
-0.012711,-0.214796,-0.101392
-0.011487,-0.214017,-0.102337
-0.008057,-0.214950,-0.102260
-0.008539,-0.214737,-0.103686
-0.006498,-0.215646,-0.101467
-0.006304,-0.215319,-0.100642
-0.005561,-0.214056,-0.099112
-0.002952,-0.214013,-0.096644
-0.000754,-0.213675,-0.096554
0.001897,-0.214293,-0.094707
0.001525,-0.214843,-0.094567
0.003622,-0.216209,-0.093483
0.003453,-0.213226,-0.090992
0.004583,-0.214546,-0.091953
0.007823,-0.214600,-0.090315
0.007953,-0.213662,-0.090433
0.011367,-0.214518,-0.088856
0.011762,-0.215449,-0.088558
0.013205,-0.212372,-0.087702
0.013667,-0.213779,-0.089352
0.016266,-0.214570,-0.088417
0.014279,-0.214627,-0.088984
0.019024,-0.214049,-0.088530
0.021345,-0.214005,-0.087871
0.022412,-0.214147,-0.086624
0.020666,-0.214278,-0.088799
0.023431,-0.213295,-0.088375
0.025881,-0.213764,-0.087176
0.025870,-0.213857,-0.085885
0.027074,-0.214417,-0.087614
0.028488,-0.213039,-0.087483
0.032419,-0.213648,-0.088477
0.032285,-0.211376,-0.088913
0.033063,-0.213238,-0.088799
0.037646,-0.213090,-0.088920
0.036889,-0.215070,-0.086385
0.036864,-0.215586,-0.088127
0.038985,-0.215943,-0.088642
0.041718,-0.212026,-0.087329
0.040614,-0.213487,-0.087628
0.043034,-0.212413,-0.088810
0.044943,-0.216601,-0.086071
0.044445,-0.213114,-0.085555
0.046274,-0.213612,-0.084015
0.047729,-0.213408,-0.084008
0.049156,-0.214613,-0.083617
0.050558,-0.213584,-0.080990
0.051380,-0.213546,-0.083051
0.053513,-0.213358,-0.079733
0.055324,-0.212351,-0.077718
0.056938,-0.213833,-0.076861
0.059174,-0.212763,-0.075724
0.058142,-0.213417,-0.073349
0.062153,-0.213259,-0.072900
0.062467,-0.211927,-0.073049
0.062668,-0.214387,-0.072072
0.063574,-0.213684,-0.071563
0.066718,-0.215154,-0.070156
0.068219,-0.212817,-0.070873
0.070661,-0.212181,-0.072791
0.069372,-0.210887,-0.070969
0.073278,-0.210532,-0.072426
0.074717,-0.212860,-0.070609
0.074219,-0.214350,-0.069043
0.075742,-0.213940,-0.067539
0.077444,-0.212454,-0.067736
0.078460,-0.213107,-0.067966
0.079444,-0.211835,-0.067409
0.082710,-0.215406,-0.066894
0.083451,-0.213761,-0.066018
0.083030,-0.213416,-0.064303
0.083048,-0.212216,-0.064280
0.086300,-0.214382,-0.064305
0.087126,-0.213872,-0.063189
0.088882,-0.213214,-0.062185
0.091088,-0.211470,-0.062170
0.091906,-0.210417,-0.062130
0.092705,-0.212889,-0.059636
0.095389,-0.212156,-0.059508
0.095212,-0.211841,-0.058895
0.097536,-0.211151,-0.057876
0.099165,-0.213230,-0.056473
0.099568,-0.212369,-0.058020
0.103476,-0.210433,-0.056188
0.102994,-0.213226,-0.055326
0.103796,-0.211537,-0.056036
0.105674,-0.211336,-0.055345
0.105587,-0.211083,-0.055802
0.109996,-0.211739,-0.057787
0.108283,-0.212896,-0.056320
0.109748,-0.211961,-0.055727
0.111312,-0.211627,-0.054077
0.112424,-0.210673,-0.055560
0.116492,-0.212674,-0.053789
0.116522,-0.210622,-0.053983
0.117789,-0.211066,-0.052235
0.119200,-0.211514,-0.052807
0.121447,-0.211341,-0.053272
0.121934,-0.210824,-0.053760
0.123149,-0.209695,-0.054127
0.123813,-0.210426,-0.054451
0.125105,-0.211232,-0.054112
0.125396,-0.211639,-0.054814
0.127631,-0.212208,-0.054034
0.129507,-0.210797,-0.056535
0.132847,-0.211569,-0.056660
0.132019,-0.212735,-0.055801
0.135504,-0.213180,-0.056384
0.134285,-0.211627,-0.058048
0.135790,-0.213077,-0.057507
0.139162,-0.212142,-0.057374
0.140049,-0.213858,-0.058848
0.140875,-0.213463,-0.059105
0.142197,-0.210461,-0.059897
0.143586,-0.214997,-0.060604
0.143931,-0.211923,-0.062310
0.144402,-0.212425,-0.063620
0.147878,-0.211020,-0.064744
0.146657,-0.213288,-0.064859
0.149887,-0.212971,-0.066303
0.153804,-0.213249,-0.067195
0.154304,-0.211433,-0.069047
0.154912,-0.212664,-0.066546
0.156143,-0.211710,-0.070832
0.156219,-0.212956,-0.071328
0.159756,-0.213632,-0.072846
0.158086,-0.214402,-0.074413
0.162794,-0.213669,-0.076529
0.163403,-0.213946,-0.076623
0.164075,-0.212912,-0.079164
0.167086,-0.212354,-0.082886
0.167038,-0.212971,-0.083331
0.168935,-0.215359,-0.085563
0.170235,-0.214659,-0.086766
0.170797,-0.213053,-0.087222
0.174860,-0.213562,-0.089680
0.174531,-0.214443,-0.093189
0.175638,-0.214562,-0.097112
0.179046,-0.215457,-0.101078
0.178754,-0.214989,-0.105377
0.180355,-0.215486,-0.109368
0.183355,-0.214593,-0.113054
0.183244,-0.215538,-0.127019
0.186847,-0.217915,-0.139277
-0.137597,-0.216605,-0.149512
-0.136893,-0.215855,-0.143725
-0.134308,-0.216966,-0.137495
-0.132088,-0.214181,-0.134116
-0.130875,-0.214667,-0.129352
-0.130600,-0.216133,-0.126883
-0.128456,-0.216604,-0.122043
-0.127155,-0.214382,-0.121768
-0.125370,-0.213496,-0.119059
-0.123553,-0.214108,-0.115996
-0.122196,-0.214486,-0.112757
-0.120471,-0.210978,-0.110270
-0.118229,-0.213945,-0.109095
-0.116738,-0.214140,-0.107964
-0.116283,-0.213392,-0.107185
-0.115707,-0.213120,-0.107004
-0.111287,-0.213526,-0.104983
-0.110395,-0.213028,-0.105399
-0.107225,-0.213195,-0.101926
-0.108434,-0.212983,-0.101454
-0.106696,-0.212413,-0.100583
-0.105804,-0.212944,-0.098416
-0.105378,-0.213786,-0.098196
-0.103480,-0.211274,-0.094910
-0.101906,-0.213079,-0.096922
-0.099941,-0.210275,-0.097252
-0.097688,-0.212395,-0.097333
-0.097953,-0.213936,-0.096625
-0.096308,-0.212255,-0.096957
-0.095259,-0.211378,-0.096738
-0.092736,-0.213927,-0.097494
-0.090059,-0.214014,-0.095728
-0.089310,-0.213242,-0.096461
-0.088286,-0.213544,-0.095215
-0.085934,-0.211136,-0.095504
-0.086526,-0.212891,-0.095243
-0.086097,-0.212163,-0.096055
-0.084425,-0.211652,-0.094774
-0.081578,-0.212349,-0.094612
-0.079579,-0.212923,-0.095486
-0.080063,-0.213532,-0.093851
-0.078400,-0.211383,-0.093643
-0.076311,-0.211882,-0.095014
-0.074434,-0.214365,-0.094556
-0.073625,-0.214392,-0.094093
-0.072596,-0.213447,-0.094988
-0.069726,-0.215066,-0.094278
-0.069821,-0.213179,-0.094778
-0.067145,-0.212073,-0.096292
-0.066474,-0.213768,-0.093950
-0.064917,-0.213155,-0.094498
-0.063700,-0.212919,-0.096296
-0.063655,-0.214518,-0.096980
-0.062119,-0.212254,-0.095531
-0.058854,-0.214437,-0.095925
-0.058415,-0.213846,-0.097296
-0.058338,-0.213124,-0.094762
-0.056182,-0.213644,-0.095965
-0.053803,-0.213035,-0.096318
-0.052687,-0.212997,-0.096889
-0.050670,-0.213442,-0.094894
-0.048832,-0.211554,-0.097227
-0.048259,-0.212715,-0.097598
-0.046977,-0.211794,-0.097341
-0.046571,-0.213777,-0.096348
-0.047353,-0.211075,-0.095052
-0.041652,-0.213742,-0.096440
-0.042481,-0.212859,-0.096259
-0.042348,-0.210961,-0.096705
-0.040144,-0.211078,-0.097068
-0.037979,-0.213043,-0.096954
-0.037752,-0.211932,-0.096852
-0.035118,-0.214813,-0.096851
-0.033512,-0.213150,-0.098241
-0.031792,-0.213049,-0.097793
-0.030747,-0.213916,-0.099457
-0.029909,-0.214438,-0.098172
-0.028094,-0.213635,-0.099751
-0.027604,-0.212374,-0.099988
-0.025152,-0.214404,-0.100921
-0.022927,-0.213814,-0.100839
-0.020672,-0.213775,-0.101372
-0.022958,-0.213106,-0.101729
-0.019307,-0.213483,-0.102723
-0.018795,-0.212868,-0.102293
-0.019569,-0.212451,-0.101700
-0.016997,-0.212711,-0.103484
-0.014269,-0.213123,-0.101340
-0.011581,-0.213705,-0.100361
-0.013595,-0.212347,-0.102767
-0.010766,-0.215147,-0.102345
-0.008699,-0.212496,-0.101538
-0.006096,-0.211949,-0.101212
-0.007868,-0.213263,-0.100504
-0.004074,-0.213213,-0.099198
-0.004142,-0.214228,-0.097410
-0.003818,-0.211372,-0.094973
0.001518,-0.213661,-0.095088
0.000580,-0.212426,-0.094398
0.001400,-0.213632,-0.093670
0.003343,-0.213430,-0.094261
0.004898,-0.212916,-0.092859
0.006101,-0.212155,-0.090664
0.006735,-0.212391,-0.090715
0.008417,-0.213959,-0.089453
0.009724,-0.212518,-0.089443
0.012071,-0.212000,-0.088754
0.012235,-0.212224,-0.088683
0.015031,-0.211491,-0.088289
0.015288,-0.212609,-0.088295
0.017846,-0.214679,-0.087731
0.019317,-0.212740,-0.085850
0.020222,-0.213370,-0.088489
0.021410,-0.212036,-0.087241
0.024867,-0.211421,-0.086708
0.023917,-0.211506,-0.086061
0.025660,-0.212038,-0.086439
0.025715,-0.213058,-0.086305
0.028867,-0.211077,-0.086255
0.028906,-0.211647,-0.086240
0.029471,-0.212262,-0.086223
0.032034,-0.211690,-0.086671
0.032049,-0.212948,-0.087298
0.036142,-0.212034,-0.086577
0.035055,-0.213316,-0.087207
0.037018,-0.214132,-0.087619
0.042057,-0.212124,-0.086796
0.040624,-0.212663,-0.087624
0.041735,-0.213907,-0.086541
0.044418,-0.213138,-0.086554
0.045463,-0.213074,-0.084765
0.046581,-0.211305,-0.082812
0.047732,-0.212718,-0.083984
0.047824,-0.213089,-0.083752
0.050577,-0.212400,-0.084142
0.052252,-0.212271,-0.081885
0.049979,-0.211622,-0.081318
0.053478,-0.211273,-0.081447
0.055707,-0.211725,-0.077698
0.056939,-0.211454,-0.078160
0.056847,-0.211619,-0.077699
0.059424,-0.210441,-0.076181
0.059254,-0.211165,-0.074416
0.062384,-0.211687,-0.073267
0.065705,-0.211332,-0.071365
0.063930,-0.212170,-0.071622
0.065978,-0.213099,-0.069697
0.068134,-0.211801,-0.072310
0.067336,-0.210382,-0.070374
0.070700,-0.209879,-0.071095
0.070553,-0.211694,-0.068534
0.072481,-0.210952,-0.068576
0.074682,-0.211878,-0.066726
0.075305,-0.210914,-0.070755
0.076175,-0.210117,-0.067854
0.078470,-0.211049,-0.066495
0.079590,-0.211346,-0.069364
0.081411,-0.211559,-0.067487
0.081531,-0.209805,-0.067113
0.084482,-0.212276,-0.063945
0.085808,-0.209033,-0.065054
0.086482,-0.210187,-0.062638
0.087573,-0.210264,-0.064665
0.089915,-0.211769,-0.062899
0.091135,-0.210520,-0.062799
0.090397,-0.212105,-0.061151
0.094926,-0.210645,-0.059808
0.094634,-0.212868,-0.060285
0.096621,-0.210124,-0.059942
0.096592,-0.211195,-0.058876
0.099164,-0.208744,-0.058617
0.100990,-0.208801,-0.056330
0.100476,-0.208512,-0.057292
0.101447,-0.210876,-0.056281
0.103205,-0.210956,-0.054892
0.105049,-0.209871,-0.055312
0.108222,-0.210581,-0.055477
0.107088,-0.209740,-0.054089
0.109323,-0.207310,-0.054094
0.109795,-0.209865,-0.057217
0.113604,-0.210858,-0.057037
0.115579,-0.210112,-0.056450
0.115667,-0.210892,-0.054790
0.117967,-0.210834,-0.052746
0.117789,-0.209516,-0.053434
0.120269,-0.211188,-0.054306
0.121996,-0.209875,-0.054432
0.121268,-0.211267,-0.053297
0.122433,-0.209773,-0.055716
0.125655,-0.210676,-0.055172
0.124574,-0.211562,-0.055468
0.127933,-0.210752,-0.053361
0.128057,-0.210158,-0.055119
0.130158,-0.208984,-0.056001
0.132385,-0.211487,-0.058114
0.133916,-0.208989,-0.058153
0.133605,-0.209489,-0.057040
0.135101,-0.210953,-0.060366
0.136575,-0.210547,-0.057752
0.137805,-0.211797,-0.057295
0.138657,-0.210390,-0.058634
0.140577,-0.212024,-0.059125
0.141532,-0.210603,-0.059695
0.142230,-0.210329,-0.060359
0.145375,-0.209090,-0.062018
0.146961,-0.211285,-0.064020
0.147506,-0.210535,-0.065866
0.150011,-0.211148,-0.066864
0.149570,-0.211607,-0.065553
0.152612,-0.211977,-0.067879
0.154810,-0.209050,-0.068421
0.154834,-0.211914,-0.068692
0.156209,-0.212363,-0.069673
0.158413,-0.211244,-0.072428
0.158984,-0.211885,-0.073277
0.161175,-0.211525,-0.074910
0.162520,-0.212300,-0.076740
0.163213,-0.211390,-0.077430
0.165471,-0.211520,-0.081564
0.166799,-0.211201,-0.079787
0.167466,-0.214906,-0.084435
0.168733,-0.211845,-0.082330
0.171496,-0.212756,-0.087879
0.172109,-0.212129,-0.089289
0.174594,-0.213343,-0.091467
0.175315,-0.214085,-0.093580
0.175667,-0.212613,-0.096951
0.178935,-0.213049,-0.102037
0.179680,-0.211914,-0.104950
0.181529,-0.213679,-0.108763
0.181593,-0.213836,-0.111528
0.185375,-0.214719,-0.126209
0.185580,-0.215021,-0.139843
-0.138168,-0.213301,-0.151655
-0.136704,-0.215354,-0.144375
-0.134528,-0.214016,-0.138839
-0.133476,-0.214170,-0.134227
-0.130483,-0.214267,-0.128656
-0.130567,-0.212874,-0.127410
-0.129283,-0.213218,-0.125187
-0.126680,-0.212962,-0.123689
-0.124634,-0.212797,-0.120536
-0.122688,-0.213588,-0.115386
-0.121384,-0.212210,-0.115037
-0.120170,-0.211739,-0.112206
-0.120269,-0.211567,-0.108767
-0.116783,-0.210574,-0.108169
-0.115245,-0.210471,-0.107496
-0.113431,-0.211396,-0.107573
-0.114275,-0.212906,-0.105349
-0.111256,-0.211558,-0.104612
-0.110228,-0.210687,-0.103320
-0.108655,-0.210532,-0.102766
-0.105825,-0.211208,-0.100014
-0.105958,-0.211877,-0.099691
-0.105030,-0.212391,-0.098018
-0.101514,-0.212039,-0.097268
-0.101311,-0.209465,-0.096277
-0.101051,-0.210073,-0.096358
-0.097639,-0.208577,-0.097037
-0.097645,-0.209402,-0.096555
-0.095091,-0.212698,-0.096075
-0.094563,-0.211209,-0.095099
-0.091442,-0.211143,-0.096433
-0.091914,-0.211979,-0.095275
-0.091990,-0.211402,-0.096300
-0.087678,-0.210693,-0.096131
-0.087744,-0.211999,-0.095631
-0.087089,-0.212907,-0.096014
-0.086164,-0.211075,-0.096145
-0.082481,-0.210668,-0.093499
-0.081493,-0.210531,-0.095636
-0.081578,-0.211374,-0.094144
-0.079912,-0.212226,-0.092881
-0.077250,-0.212260,-0.094275
-0.074948,-0.211395,-0.095076
-0.075697,-0.209325,-0.096516
-0.073281,-0.209741,-0.095209
-0.073569,-0.211704,-0.095617
-0.070300,-0.211034,-0.094195
-0.068657,-0.211735,-0.094905
-0.068548,-0.211196,-0.093951
-0.067180,-0.212060,-0.095809
-0.065050,-0.211214,-0.094836
-0.063337,-0.211632,-0.096144
-0.063064,-0.212286,-0.094429
-0.062231,-0.210881,-0.096283
-0.059969,-0.209871,-0.096812
-0.059690,-0.211737,-0.095921
-0.058352,-0.210363,-0.094374
-0.055823,-0.211375,-0.096163
-0.056160,-0.211365,-0.095947
-0.053478,-0.211695,-0.096990
-0.052778,-0.212683,-0.097453
-0.050760,-0.212234,-0.097673
-0.048176,-0.211088,-0.096177
-0.047869,-0.212078,-0.096045
-0.047230,-0.210666,-0.096525
-0.046692,-0.210125,-0.096867
-0.044185,-0.211663,-0.096952
-0.042029,-0.209903,-0.097944
-0.039508,-0.211888,-0.096485
-0.037379,-0.213281,-0.098194
-0.036734,-0.210306,-0.096118
-0.036757,-0.211445,-0.094084
-0.034617,-0.212285,-0.096361
-0.035320,-0.211165,-0.097614
-0.031693,-0.211995,-0.101880
-0.030068,-0.211662,-0.099935
-0.029353,-0.211273,-0.100101
-0.028510,-0.213480,-0.098720
-0.026808,-0.212459,-0.100527
-0.025910,-0.212372,-0.099624
-0.023651,-0.210987,-0.099572
-0.023509,-0.211414,-0.101376
-0.021784,-0.210458,-0.100656
-0.019209,-0.211630,-0.100674
-0.017490,-0.210497,-0.101205
-0.016907,-0.210624,-0.102544
-0.016891,-0.211691,-0.100523
-0.013156,-0.211891,-0.098960
-0.013149,-0.212424,-0.101654
-0.012906,-0.212573,-0.101205
-0.008113,-0.211800,-0.100906
-0.010565,-0.212914,-0.100462
-0.007569,-0.211062,-0.101304
-0.006230,-0.210609,-0.100763
-0.004946,-0.212664,-0.096735
-0.002598,-0.211185,-0.095995
-0.004226,-0.212389,-0.094645
0.000590,-0.210283,-0.094345
0.000179,-0.211082,-0.092638
0.000674,-0.211105,-0.092386
0.002179,-0.211657,-0.089951
0.004882,-0.209092,-0.090238
0.007926,-0.210107,-0.089744
0.009454,-0.211084,-0.090238
0.007950,-0.211158,-0.089218
0.007167,-0.210539,-0.088397
0.011632,-0.208981,-0.086987
0.012041,-0.210851,-0.087626
0.014143,-0.211506,-0.086962
0.014276,-0.211282,-0.087266
0.019320,-0.211270,-0.087586
0.018653,-0.208793,-0.086128
0.019271,-0.212075,-0.084662
0.021010,-0.210307,-0.086657
0.021962,-0.210666,-0.085024
0.023815,-0.209985,-0.086116
0.024953,-0.211411,-0.085820
0.027470,-0.210754,-0.084691
0.027634,-0.212153,-0.086860
0.028155,-0.209368,-0.085261
0.030591,-0.208420,-0.085598
0.034080,-0.211157,-0.084437
0.033983,-0.209386,-0.083925
0.033816,-0.211202,-0.085510
0.035345,-0.210548,-0.086864
0.036302,-0.210698,-0.085957
0.038476,-0.210610,-0.086675
0.040556,-0.210675,-0.085173
0.041633,-0.210989,-0.085977
0.042925,-0.212231,-0.086502
0.044004,-0.210702,-0.085287
0.045635,-0.210487,-0.084531
0.047523,-0.210596,-0.084578
0.048744,-0.209573,-0.082278
0.051695,-0.210549,-0.083595
0.052256,-0.211265,-0.082545
0.050941,-0.210308,-0.081292
0.053407,-0.210416,-0.079993
0.054771,-0.210089,-0.079090
0.056142,-0.211242,-0.078438
0.056041,-0.210489,-0.077957
0.060014,-0.208923,-0.076979
0.061481,-0.209069,-0.073263
0.060984,-0.208659,-0.073900
0.063466,-0.209285,-0.073793
0.064703,-0.211809,-0.069831
0.064626,-0.209955,-0.072107
0.066628,-0.209713,-0.070682
0.067901,-0.210317,-0.072034
0.071902,-0.208746,-0.071772
0.072227,-0.210309,-0.071139
0.072423,-0.209782,-0.070935
0.074678,-0.209391,-0.068998
0.076960,-0.210743,-0.070030
0.077727,-0.209136,-0.069415
0.079217,-0.208319,-0.068701
0.077956,-0.209082,-0.069040
0.082109,-0.209938,-0.066962
0.082964,-0.209528,-0.067482
0.084611,-0.207778,-0.066220
0.086634,-0.210915,-0.065562
0.086181,-0.209626,-0.064475
0.088309,-0.209187,-0.063708
0.087170,-0.209939,-0.064663
0.090403,-0.209584,-0.061443
0.092334,-0.209894,-0.064007
0.093532,-0.210872,-0.062703
0.094668,-0.208607,-0.060575
0.094939,-0.210711,-0.058791
0.096712,-0.210037,-0.058018
0.099330,-0.208078,-0.058028
0.099721,-0.209394,-0.057132
0.101569,-0.209862,-0.056348
0.103742,-0.209407,-0.057294
0.106217,-0.208950,-0.055186
0.105400,-0.209973,-0.056970
0.107827,-0.208747,-0.056554
0.107460,-0.209838,-0.054899
0.110839,-0.210474,-0.057763
0.111316,-0.208309,-0.055613
0.113954,-0.209549,-0.055672
0.113670,-0.208745,-0.054932
0.114698,-0.209152,-0.054075
0.114633,-0.208363,-0.054026
0.118643,-0.206624,-0.056381
0.119665,-0.209215,-0.055291
0.121199,-0.208339,-0.054555
0.122297,-0.210263,-0.055599
0.122918,-0.208381,-0.055298
0.124187,-0.205068,-0.055669
0.126262,-0.208926,-0.053947
0.127101,-0.210062,-0.055452
0.129339,-0.208960,-0.055113
0.130276,-0.207983,-0.056508
0.131693,-0.209848,-0.055185
0.133452,-0.208628,-0.058170
0.134547,-0.206674,-0.058384
0.135205,-0.207046,-0.058611
0.140097,-0.207546,-0.058425
0.138247,-0.208124,-0.058666
0.141452,-0.209313,-0.058728
0.141161,-0.209898,-0.058256
0.144859,-0.209808,-0.059620
0.143761,-0.209256,-0.061530
0.145480,-0.209451,-0.062843
0.146601,-0.209492,-0.062839
0.146668,-0.209805,-0.064101
0.149014,-0.208546,-0.065733
0.150895,-0.210059,-0.067875
0.149955,-0.208251,-0.066832
0.153605,-0.210247,-0.069347
0.153168,-0.209845,-0.069503
0.155801,-0.208069,-0.070515
0.157412,-0.210980,-0.069784
0.159353,-0.207741,-0.073564
0.161917,-0.209820,-0.075138
0.163162,-0.212671,-0.076743
0.164255,-0.210500,-0.077734
0.163995,-0.210168,-0.081618
0.166549,-0.210551,-0.082254
0.169015,-0.210621,-0.083141
0.169632,-0.211360,-0.086454
0.171010,-0.212352,-0.087653
0.171745,-0.210911,-0.087938
0.173125,-0.209470,-0.089517
0.173383,-0.210169,-0.092354
0.176805,-0.212724,-0.096257
0.177580,-0.210989,-0.103582
0.181669,-0.211322,-0.106009
0.179993,-0.211057,-0.110253
0.183792,-0.212091,-0.113847
0.183219,-0.215157,-0.124054
0.186292,-0.214133,-0.138441
-0.136458,-0.212989,-0.146433
-0.135064,-0.211921,-0.141051
-0.134877,-0.213896,-0.137262
-0.129192,-0.211566,-0.131073
-0.129357,-0.211864,-0.127479
-0.127174,-0.211740,-0.124743
-0.126331,-0.212342,-0.123503
-0.124419,-0.210967,-0.121135
-0.122453,-0.210260,-0.116441
-0.120354,-0.208712,-0.115418
-0.118427,-0.210366,-0.112735
-0.119679,-0.209277,-0.111260
-0.116970,-0.211187,-0.110799
-0.116275,-0.209501,-0.108556
-0.112301,-0.210193,-0.106177
-0.113052,-0.209069,-0.105614
-0.109668,-0.209948,-0.104577
-0.110294,-0.209906,-0.103790
-0.109025,-0.211756,-0.103761
-0.105842,-0.209527,-0.102706
-0.104795,-0.209707,-0.101931
-0.103088,-0.208755,-0.100068
-0.103168,-0.210498,-0.098095
-0.102122,-0.208923,-0.097734
-0.099536,-0.210270,-0.098652
-0.098092,-0.209286,-0.096378
-0.096498,-0.211284,-0.098537
-0.097939,-0.209145,-0.097622
-0.095639,-0.209719,-0.095208
-0.092544,-0.209983,-0.097566
-0.092911,-0.209465,-0.098278
-0.090911,-0.208719,-0.096722
-0.089509,-0.211140,-0.096062
-0.087161,-0.210453,-0.096169
-0.086806,-0.210118,-0.095704
-0.084654,-0.209734,-0.095523
-0.083004,-0.208839,-0.095459
-0.083452,-0.209506,-0.093902
-0.079879,-0.210581,-0.094972
-0.079395,-0.207807,-0.095805
-0.077951,-0.209312,-0.097428
-0.076595,-0.210941,-0.095072
-0.074891,-0.209126,-0.096242
-0.073128,-0.210165,-0.095459
-0.072518,-0.208458,-0.095547
-0.071866,-0.208855,-0.094789
-0.070631,-0.209930,-0.094716
-0.068600,-0.210776,-0.095880
-0.067066,-0.209919,-0.096038
-0.066371,-0.210309,-0.096765
-0.063152,-0.208929,-0.096015
-0.063865,-0.209519,-0.095485
-0.060481,-0.210480,-0.097350
-0.060202,-0.209870,-0.095512
-0.058633,-0.209604,-0.095954
-0.056148,-0.209243,-0.097074
-0.056250,-0.210362,-0.096098
-0.054014,-0.208592,-0.095258
-0.051437,-0.209171,-0.095863
-0.052001,-0.209936,-0.095788
-0.049640,-0.210490,-0.096729
-0.048397,-0.208419,-0.096759
-0.047567,-0.209942,-0.097329
-0.048095,-0.208949,-0.093989
-0.045635,-0.207849,-0.097566
-0.044151,-0.208256,-0.097419
-0.041401,-0.208885,-0.099040
-0.041938,-0.210367,-0.097331
-0.039462,-0.209832,-0.096806
-0.038273,-0.211561,-0.096094
-0.036561,-0.209665,-0.097839
-0.033333,-0.209779,-0.096598
-0.032336,-0.209757,-0.096472
-0.031552,-0.210319,-0.097486
-0.030973,-0.209521,-0.097267
-0.027073,-0.209549,-0.098596
-0.028681,-0.210163,-0.099582
-0.026097,-0.210724,-0.100990
-0.025930,-0.209542,-0.100468
-0.024583,-0.208529,-0.101615
-0.024017,-0.207747,-0.100837
-0.021313,-0.210069,-0.100894
-0.020981,-0.209104,-0.101973
-0.018432,-0.210028,-0.101531
-0.016713,-0.209778,-0.100519
-0.016672,-0.208892,-0.102067
-0.013511,-0.208484,-0.101164
-0.012529,-0.209626,-0.100914
-0.012046,-0.209238,-0.101040
-0.010246,-0.211024,-0.099140
-0.009189,-0.209427,-0.100928
-0.006998,-0.209703,-0.099920
-0.006153,-0.209567,-0.095580
-0.007121,-0.207996,-0.096498
-0.003286,-0.210093,-0.096166
-0.002401,-0.209427,-0.094376
-0.001395,-0.210584,-0.093882
0.000818,-0.211450,-0.092696
0.002630,-0.208842,-0.091192
0.003119,-0.210133,-0.091715
0.006176,-0.210064,-0.088867
0.003733,-0.208645,-0.086761
0.007628,-0.210221,-0.087962
0.008351,-0.209612,-0.088140
0.011057,-0.210342,-0.087943
0.011052,-0.209027,-0.086648
0.012816,-0.211539,-0.086835
0.014483,-0.208955,-0.085105
0.017767,-0.208447,-0.087094
0.017252,-0.209122,-0.086032
0.018919,-0.208120,-0.086760
0.019783,-0.207378,-0.083489
0.022994,-0.208227,-0.085227
0.021999,-0.209030,-0.087086
0.024250,-0.208225,-0.085604
0.025111,-0.209979,-0.084514
0.025370,-0.207711,-0.083065
0.028167,-0.210433,-0.082875
0.029157,-0.210057,-0.084313
0.030254,-0.208071,-0.084777
0.032407,-0.208995,-0.084475
0.032069,-0.208657,-0.083600
0.033826,-0.208380,-0.083449
0.036541,-0.211129,-0.083763
0.037405,-0.210519,-0.085250
0.040120,-0.208543,-0.084516
0.039902,-0.208278,-0.085519
0.043125,-0.209164,-0.084849
0.045502,-0.209071,-0.084272
0.044642,-0.210186,-0.083884
0.046732,-0.207612,-0.085262
0.048802,-0.210122,-0.083614
0.047396,-0.208224,-0.083935
0.048878,-0.208696,-0.082557
0.050242,-0.207777,-0.082311
0.051207,-0.207653,-0.080458
0.053294,-0.208711,-0.081455
0.056523,-0.208061,-0.083013
0.056599,-0.207168,-0.078783
0.058966,-0.208882,-0.078165
0.061201,-0.208343,-0.075835
0.060578,-0.208726,-0.074299
0.060876,-0.210642,-0.073180
0.065492,-0.206576,-0.073500
0.063558,-0.207019,-0.071742
0.065474,-0.208025,-0.072229
0.067317,-0.208326,-0.071743
0.068366,-0.209046,-0.071338
0.070645,-0.208094,-0.070976
0.071590,-0.208647,-0.070600
0.073231,-0.208702,-0.068397
0.075541,-0.208645,-0.068871
0.075675,-0.206167,-0.070206
0.077171,-0.206927,-0.066866
0.078678,-0.206165,-0.068680
0.079571,-0.207660,-0.068096
0.082034,-0.209099,-0.066730
0.083182,-0.209528,-0.066332
0.083486,-0.207961,-0.065634
0.085827,-0.206472,-0.064879
0.087516,-0.210036,-0.065222
0.089277,-0.208975,-0.065240
0.090530,-0.208294,-0.065040
0.091398,-0.208605,-0.063727
0.091565,-0.207944,-0.064236
0.093272,-0.208853,-0.062300
0.095986,-0.208160,-0.061846
0.095337,-0.208804,-0.058876
0.098176,-0.207241,-0.060264
0.099710,-0.205536,-0.058074
0.099535,-0.209089,-0.060236
0.102639,-0.206769,-0.058904
0.105534,-0.208236,-0.056723
0.104462,-0.207180,-0.057927
0.105933,-0.206633,-0.058069
0.106805,-0.207515,-0.057751
0.108419,-0.207514,-0.056370
0.109802,-0.208450,-0.056423
0.111300,-0.206712,-0.056632
0.111682,-0.208814,-0.057139
0.112935,-0.207000,-0.056635
0.114068,-0.207576,-0.054717
0.115590,-0.206076,-0.055411
0.116783,-0.205789,-0.057055
0.120483,-0.208089,-0.053521
0.119995,-0.204538,-0.055220
0.121999,-0.205845,-0.055763
0.123567,-0.208848,-0.054755
0.125120,-0.207424,-0.055419
0.126536,-0.207032,-0.055756
0.127850,-0.206552,-0.056092
0.128031,-0.208053,-0.057361
0.130170,-0.208530,-0.056591
0.133090,-0.205765,-0.057576
0.135093,-0.208509,-0.056033
0.134991,-0.207133,-0.058209
0.134884,-0.206663,-0.056787
0.137875,-0.208357,-0.061145
0.138951,-0.207788,-0.058175
0.138888,-0.207019,-0.059877
0.142214,-0.205935,-0.059516
0.141848,-0.208283,-0.060054
0.143723,-0.207913,-0.061822
0.145407,-0.208317,-0.062551
0.145610,-0.208963,-0.063508
0.146379,-0.205643,-0.063034
0.148465,-0.209730,-0.065897
0.150789,-0.207286,-0.067300
0.153300,-0.206529,-0.066763
0.154902,-0.208005,-0.070670
0.154019,-0.206879,-0.069394
0.158083,-0.209376,-0.069180
0.157494,-0.208758,-0.072477
0.159094,-0.208510,-0.072899
0.159528,-0.207906,-0.076010
0.161580,-0.208906,-0.077872
0.164391,-0.209329,-0.078447
0.165478,-0.210065,-0.079965
0.164916,-0.209318,-0.081802
0.168068,-0.211227,-0.084427
0.170043,-0.210068,-0.086109
0.170607,-0.209159,-0.089200
0.170763,-0.210086,-0.089437
0.173715,-0.209685,-0.091793
0.175335,-0.209736,-0.095929
0.177931,-0.208982,-0.097818
0.179812,-0.211260,-0.102324
0.178183,-0.212424,-0.105651
0.179791,-0.208222,-0.110830
0.182026,-0.211944,-0.114450
0.185233,-0.210450,-0.124301
0.187590,-0.213107,-0.140789
-0.136854,-0.211365,-0.149208
-0.135230,-0.212439,-0.144977
-0.132770,-0.209967,-0.140023
-0.131990,-0.210940,-0.133394
-0.128464,-0.211957,-0.128858
-0.129629,-0.208036,-0.126443
-0.126985,-0.209152,-0.123302
-0.125544,-0.209135,-0.120273
-0.122310,-0.207683,-0.119372
-0.122247,-0.209495,-0.115394
-0.118258,-0.208647,-0.112989
-0.116854,-0.208712,-0.111607
-0.116062,-0.208891,-0.110751
-0.114662,-0.209309,-0.109368
-0.114198,-0.209082,-0.107534
-0.112016,-0.208099,-0.106027
-0.109911,-0.207915,-0.107019
-0.108763,-0.206814,-0.103918
-0.106659,-0.208552,-0.103039
-0.106045,-0.208809,-0.102405
-0.104166,-0.209540,-0.102214
-0.102680,-0.207716,-0.099663
-0.102862,-0.209905,-0.098884
-0.101288,-0.208319,-0.098821
-0.099850,-0.205820,-0.097874
-0.099577,-0.209165,-0.097115
-0.097686,-0.208939,-0.097409
-0.096930,-0.208119,-0.099213
-0.095408,-0.206017,-0.097694
-0.092827,-0.207183,-0.099484
-0.092628,-0.207236,-0.097289
-0.090509,-0.207629,-0.098642
-0.089235,-0.209417,-0.096800
-0.087632,-0.207536,-0.096701
-0.084538,-0.208564,-0.097104
-0.084609,-0.208872,-0.097422
-0.084008,-0.207839,-0.095389
-0.082725,-0.208011,-0.095980
-0.081328,-0.207810,-0.096248
-0.079498,-0.208148,-0.095143
-0.075707,-0.208255,-0.095442
-0.075244,-0.207549,-0.095722
-0.075130,-0.208151,-0.097375
-0.072097,-0.207372,-0.095263
-0.069691,-0.207032,-0.096659
-0.071657,-0.208163,-0.096804
-0.071549,-0.209165,-0.094645
-0.067978,-0.209686,-0.094639
-0.066251,-0.208710,-0.095437
-0.064667,-0.208123,-0.095323
-0.065001,-0.207939,-0.095558
-0.061989,-0.207954,-0.095432
-0.061459,-0.208005,-0.099391
-0.057569,-0.206774,-0.096878
-0.059303,-0.207506,-0.097482
-0.058816,-0.208263,-0.096635
-0.055718,-0.208506,-0.097929
-0.055627,-0.207879,-0.098991
-0.053385,-0.207563,-0.097349
-0.051878,-0.208230,-0.098000
-0.049902,-0.209581,-0.097618
-0.049072,-0.208739,-0.097367
-0.047902,-0.207979,-0.097806
-0.046811,-0.208759,-0.098033
-0.042149,-0.209032,-0.096635
-0.042096,-0.207719,-0.099131
-0.042963,-0.208697,-0.097573
-0.039290,-0.208574,-0.096881
-0.037849,-0.207862,-0.097986
-0.038520,-0.206928,-0.097349
-0.037271,-0.208688,-0.097185
-0.036348,-0.207878,-0.096807
-0.032445,-0.207993,-0.098825
-0.033869,-0.207241,-0.099894
-0.031019,-0.207892,-0.098311
-0.031580,-0.208572,-0.099863
-0.027819,-0.206674,-0.100583
-0.026076,-0.209356,-0.100625
-0.024980,-0.207712,-0.100265
-0.024728,-0.208185,-0.099893
-0.023150,-0.209021,-0.102615
-0.021972,-0.209505,-0.100316
-0.019320,-0.209911,-0.103446
-0.016887,-0.208941,-0.103863
-0.017061,-0.209011,-0.102046
-0.016299,-0.208617,-0.101767
-0.015359,-0.208627,-0.101915
-0.013984,-0.208840,-0.100633
-0.011557,-0.207762,-0.099943
-0.011577,-0.208538,-0.101711
-0.009138,-0.207506,-0.099955
-0.007982,-0.209516,-0.098890
-0.007088,-0.208660,-0.095441
-0.004486,-0.207761,-0.093642
-0.002384,-0.209024,-0.094163
-0.000923,-0.207452,-0.091215
-0.000719,-0.209501,-0.093402
0.002104,-0.208675,-0.090832
0.004461,-0.210234,-0.090517
0.002730,-0.207863,-0.090493
0.004330,-0.208676,-0.087253
0.004320,-0.206326,-0.087840
0.007312,-0.207144,-0.088845
0.009099,-0.207400,-0.089066
0.009392,-0.206464,-0.089228
0.012930,-0.208703,-0.087770
0.012768,-0.206481,-0.085541
0.012946,-0.209590,-0.086312
0.017911,-0.207355,-0.086693
0.017014,-0.206561,-0.086491
0.021710,-0.208748,-0.084291
0.020312,-0.208471,-0.085458
0.020328,-0.207248,-0.084589
0.025890,-0.207086,-0.083979
0.024236,-0.206999,-0.085584
0.025085,-0.208883,-0.083692
0.024688,-0.204921,-0.081960
0.028461,-0.206563,-0.084327
0.030869,-0.206510,-0.083226
0.030846,-0.208626,-0.084256
0.032676,-0.207687,-0.083383
0.032646,-0.207925,-0.084729
0.035436,-0.206463,-0.084175
0.035919,-0.208678,-0.081027
0.036557,-0.207338,-0.083534
0.039210,-0.207850,-0.082965
0.039891,-0.206289,-0.085269
0.040969,-0.208546,-0.081525
0.043847,-0.206657,-0.082566
0.047270,-0.207684,-0.084838
0.046827,-0.207622,-0.082473
0.049447,-0.207849,-0.083397
0.049600,-0.208551,-0.081451
0.049044,-0.207813,-0.082047
0.051954,-0.207220,-0.082015
0.052907,-0.206360,-0.083207
0.054305,-0.208121,-0.080603
0.056198,-0.206807,-0.080435
0.056263,-0.207174,-0.079127
0.058257,-0.206733,-0.079072
0.060822,-0.207212,-0.075156
0.061490,-0.206275,-0.076725
0.063014,-0.205628,-0.073253
0.063926,-0.206547,-0.074510
0.064561,-0.207537,-0.071704
0.066208,-0.208213,-0.071758
0.067048,-0.206795,-0.073440
0.069287,-0.208084,-0.073068
0.068219,-0.206486,-0.071716
0.071706,-0.205690,-0.071100
0.073380,-0.206515,-0.071043
0.074027,-0.206967,-0.071220
0.076104,-0.206284,-0.069894
0.076632,-0.207159,-0.070270
0.077867,-0.209062,-0.069890
0.078995,-0.204089,-0.067612
0.080851,-0.205921,-0.067379
0.082028,-0.207414,-0.066883
0.083923,-0.206473,-0.065121
0.084167,-0.206954,-0.066058
0.087467,-0.206044,-0.065967
0.087151,-0.206539,-0.065300
0.090641,-0.205959,-0.066586
0.090303,-0.207028,-0.064447
0.091919,-0.204905,-0.062664
0.094436,-0.204561,-0.064478
0.095696,-0.207471,-0.061956
0.094388,-0.205027,-0.061110
0.098121,-0.205132,-0.059241
0.098699,-0.205078,-0.058284
0.100478,-0.205456,-0.059183
0.100482,-0.205624,-0.057043
0.104132,-0.206159,-0.058845
0.102900,-0.206770,-0.058965
0.104969,-0.205768,-0.057176
0.106115,-0.205978,-0.057324
0.108029,-0.206295,-0.057473
0.110787,-0.205836,-0.056768
0.110308,-0.205803,-0.056785
0.111854,-0.205149,-0.055937
0.113888,-0.203745,-0.057502
0.114825,-0.207039,-0.056103
0.115885,-0.204285,-0.056397
0.118809,-0.206195,-0.057503
0.119396,-0.205062,-0.056119
0.119308,-0.205522,-0.054953
0.122033,-0.204448,-0.054117
0.122719,-0.205040,-0.055002
0.123915,-0.205434,-0.058501
0.126338,-0.205207,-0.056783
0.125353,-0.207410,-0.055964
0.128805,-0.204862,-0.057666
0.130135,-0.207357,-0.057293
0.130939,-0.205573,-0.059135
0.132291,-0.205436,-0.058109
0.134716,-0.206493,-0.057364
0.134134,-0.207877,-0.057750
0.136864,-0.205498,-0.059340
0.137001,-0.205924,-0.060067
0.140378,-0.204493,-0.059452
0.139930,-0.205672,-0.059647
0.141787,-0.204166,-0.061021
0.142594,-0.206167,-0.061031
0.144403,-0.207080,-0.062197
0.147908,-0.205680,-0.065293
0.147055,-0.204932,-0.064780
0.147843,-0.205386,-0.066869
0.151498,-0.205932,-0.066568
0.150734,-0.206399,-0.067723
0.153063,-0.206277,-0.069520
0.155515,-0.207035,-0.071704
0.155226,-0.204976,-0.071722
0.157138,-0.207011,-0.072106
0.159313,-0.208655,-0.074476
0.161537,-0.206536,-0.076263
0.162524,-0.206135,-0.076622
0.163068,-0.207640,-0.077666
0.165180,-0.209463,-0.080308
0.167951,-0.206845,-0.080518
0.168153,-0.207211,-0.083543
0.168732,-0.206714,-0.087276
0.170832,-0.206679,-0.087384
0.170853,-0.208660,-0.090068
0.174996,-0.207017,-0.091846
0.175985,-0.209449,-0.092993
0.177116,-0.209092,-0.096538
0.178943,-0.207820,-0.102368
0.179743,-0.208824,-0.104969
0.181845,-0.209498,-0.110851
0.183933,-0.210299,-0.113801
0.184512,-0.208812,-0.126417
0.186662,-0.210128,-0.139749
-0.136493,-0.208772,-0.151897
-0.134219,-0.210835,-0.145881
-0.130951,-0.209886,-0.142074
-0.131040,-0.208735,-0.135992
-0.129173,-0.209492,-0.132712
-0.127190,-0.208571,-0.126599
-0.125437,-0.210086,-0.126377
-0.125270,-0.206964,-0.123117
-0.122115,-0.208509,-0.120232
-0.122117,-0.208540,-0.117019
-0.122504,-0.207613,-0.114867
-0.119294,-0.208264,-0.112102
-0.117616,-0.206936,-0.112237
-0.115580,-0.207459,-0.110585
-0.113397,-0.208416,-0.109914
-0.114247,-0.207469,-0.106508
-0.110834,-0.207741,-0.107306
-0.111300,-0.208044,-0.104933
-0.108878,-0.208628,-0.102621
-0.106803,-0.207479,-0.104494
-0.105502,-0.207214,-0.101592
-0.105559,-0.206747,-0.103212
-0.103060,-0.206765,-0.101128
-0.099612,-0.206715,-0.099813
-0.100111,-0.207091,-0.098588
-0.098689,-0.206801,-0.100061
-0.097296,-0.206957,-0.098361
-0.096202,-0.206366,-0.097684
-0.093818,-0.207513,-0.097568
-0.092860,-0.205840,-0.098788
-0.091895,-0.207053,-0.099557
-0.089430,-0.207866,-0.098477
-0.089063,-0.206083,-0.098585
-0.085369,-0.207578,-0.096664
-0.086117,-0.206146,-0.097301
-0.084229,-0.206415,-0.096050
-0.084924,-0.205625,-0.095523
-0.081300,-0.204729,-0.096388
-0.080199,-0.206891,-0.095394
-0.078028,-0.206776,-0.095589
-0.078498,-0.204900,-0.097249
-0.075713,-0.205307,-0.096957
-0.075377,-0.206339,-0.094275
-0.073292,-0.206865,-0.095778
-0.071149,-0.206762,-0.096211
-0.069763,-0.206300,-0.095829
-0.068975,-0.206239,-0.095109
-0.068178,-0.205854,-0.097540
-0.067092,-0.205615,-0.095629
-0.063874,-0.207463,-0.098789
-0.063919,-0.206930,-0.097891
-0.062915,-0.206446,-0.094626
-0.062030,-0.205896,-0.098795
-0.061262,-0.207490,-0.098524
-0.058230,-0.205881,-0.096532
-0.056289,-0.205535,-0.097884
-0.054547,-0.206991,-0.097462
-0.055417,-0.206819,-0.098074
-0.052241,-0.205774,-0.098836
-0.048895,-0.207438,-0.097626
-0.050411,-0.204995,-0.098822
-0.048782,-0.206962,-0.098517
-0.046451,-0.206715,-0.097241
-0.046758,-0.207037,-0.096193
-0.044895,-0.207042,-0.097150
-0.043038,-0.207248,-0.097860
-0.042153,-0.206634,-0.098792
-0.040519,-0.207265,-0.099283
-0.038966,-0.208141,-0.097401
-0.039367,-0.206684,-0.097348
-0.037374,-0.207692,-0.098376
-0.035288,-0.207121,-0.098489
-0.033398,-0.204779,-0.097272
-0.030521,-0.208536,-0.100874
-0.032011,-0.207102,-0.098692
-0.028358,-0.207341,-0.100347
-0.026632,-0.207324,-0.099692
-0.026664,-0.207102,-0.100782
-0.025388,-0.206324,-0.099228
-0.023165,-0.205826,-0.099826
-0.023241,-0.207041,-0.101662
-0.021640,-0.208743,-0.101646
-0.020957,-0.208208,-0.102307
-0.021028,-0.207663,-0.102201
-0.016008,-0.206441,-0.101433
-0.015252,-0.206745,-0.100934
-0.013389,-0.207187,-0.099731
-0.011810,-0.207731,-0.101795
-0.013537,-0.208539,-0.100594
-0.010823,-0.207323,-0.098104
-0.008121,-0.206271,-0.097414
-0.006721,-0.207810,-0.095885
-0.007741,-0.205477,-0.093435
-0.006716,-0.205201,-0.093193
-0.004177,-0.205371,-0.093819
0.000615,-0.205621,-0.091575
0.000056,-0.206041,-0.090968
-0.000706,-0.205717,-0.092211
0.001916,-0.207292,-0.089463
0.005237,-0.207372,-0.088700
0.003864,-0.205601,-0.088477
0.006625,-0.207343,-0.088162
0.009622,-0.205224,-0.090174
0.008744,-0.206001,-0.087223
0.010078,-0.206772,-0.086770
0.011155,-0.206788,-0.085571
0.014526,-0.208945,-0.083478
0.013964,-0.208062,-0.085283
0.015587,-0.204221,-0.085445
0.018024,-0.204979,-0.085691
0.018741,-0.204542,-0.085788
0.021704,-0.204654,-0.084752
0.022722,-0.204677,-0.084169
0.023314,-0.205452,-0.082818
0.025136,-0.205455,-0.083590
0.025281,-0.203128,-0.085824
0.027111,-0.205736,-0.082790
0.027526,-0.206917,-0.084177
0.030202,-0.204063,-0.083232
0.030939,-0.205278,-0.082984
0.032496,-0.204195,-0.082504
0.033529,-0.206761,-0.082185
0.034750,-0.204155,-0.082919
0.035812,-0.205516,-0.084695
0.038642,-0.207820,-0.082438
0.039766,-0.206175,-0.082629
0.039541,-0.204958,-0.083352
0.042115,-0.205475,-0.081244
0.045001,-0.204636,-0.082326
0.045193,-0.205100,-0.081829
0.046593,-0.206909,-0.083864
0.045829,-0.206285,-0.083672
0.047044,-0.206311,-0.083815
0.049466,-0.205065,-0.083140
0.051422,-0.204548,-0.082158
0.054560,-0.205176,-0.081923
0.053083,-0.204130,-0.080920
0.054675,-0.205413,-0.080134
0.056442,-0.204746,-0.079430
0.057803,-0.204345,-0.077329
0.059107,-0.205986,-0.077039
0.060204,-0.203953,-0.076417
0.062483,-0.204764,-0.074157
0.064191,-0.205796,-0.073766
0.064372,-0.205253,-0.072578
0.064951,-0.204767,-0.071624
0.069443,-0.203276,-0.072716
0.070894,-0.203889,-0.072782
0.069225,-0.206048,-0.071695
0.071809,-0.202914,-0.071419
0.073829,-0.203838,-0.069515
0.073868,-0.205762,-0.069985
0.074979,-0.204191,-0.069539
0.075819,-0.205341,-0.070524
0.077607,-0.206375,-0.069179
0.080754,-0.205534,-0.071004
0.081448,-0.203968,-0.069024
0.083205,-0.204811,-0.067911
0.083477,-0.205546,-0.066446
0.085754,-0.203141,-0.066006
0.087412,-0.203451,-0.066381
0.086918,-0.205399,-0.064036
0.091316,-0.203120,-0.065171
0.091001,-0.205802,-0.063731
0.091619,-0.203459,-0.065166
0.093063,-0.205501,-0.064676
0.096351,-0.206198,-0.062067
0.095433,-0.205830,-0.062181
0.099707,-0.202823,-0.060543
0.101238,-0.202637,-0.060799
0.100256,-0.205420,-0.059397
0.101139,-0.203109,-0.060153
0.102235,-0.205220,-0.058599
0.104473,-0.202516,-0.058806
0.106866,-0.204252,-0.059221
0.107849,-0.203682,-0.057703
0.108988,-0.204221,-0.056723
0.111680,-0.203455,-0.057642
0.110869,-0.204197,-0.059493
0.113754,-0.203751,-0.054952
0.114175,-0.203668,-0.057581
0.113901,-0.203281,-0.056232
0.117763,-0.205254,-0.056173
0.117759,-0.205692,-0.057993
0.119829,-0.203558,-0.057243
0.120206,-0.202823,-0.054633
0.121959,-0.205379,-0.056412
0.124093,-0.201765,-0.055599
0.124768,-0.203741,-0.058725
0.126674,-0.203898,-0.055008
0.127267,-0.205709,-0.057253
0.129041,-0.204669,-0.057220
0.130081,-0.202736,-0.058699
0.130801,-0.203324,-0.058017
0.132759,-0.205143,-0.058887
0.133501,-0.203101,-0.058413
0.134730,-0.204094,-0.059003
0.136347,-0.204271,-0.060662
0.138973,-0.204904,-0.060032
0.138684,-0.205866,-0.060581
0.142167,-0.204961,-0.060654
0.141982,-0.205956,-0.060684
0.145190,-0.203647,-0.062304
0.143012,-0.204799,-0.061649
0.147286,-0.203631,-0.065179
0.148344,-0.203253,-0.066080
0.148906,-0.203832,-0.065992
0.148053,-0.203959,-0.067874
0.152996,-0.205533,-0.068424
0.156295,-0.204583,-0.069265
0.155979,-0.205783,-0.072315
0.155430,-0.204947,-0.070583
0.158333,-0.205720,-0.073011
0.160259,-0.205416,-0.073026
0.159696,-0.205523,-0.073408
0.160668,-0.205673,-0.075744
0.163156,-0.206692,-0.079088
0.165590,-0.204927,-0.081768
0.166817,-0.205626,-0.084350
0.169118,-0.205281,-0.083904
0.168631,-0.205314,-0.084555
0.170746,-0.205066,-0.087648
0.172206,-0.204107,-0.090086
0.174635,-0.206813,-0.089831
0.174463,-0.206460,-0.092885
0.175260,-0.204613,-0.096904
0.176438,-0.206464,-0.102885
0.176863,-0.206929,-0.109449
0.182464,-0.207946,-0.110612
0.182483,-0.206772,-0.114370
0.186265,-0.207329,-0.125159
0.186810,-0.206912,-0.141164
-0.135398,-0.209186,-0.149015
-0.132553,-0.209695,-0.143018
-0.133066,-0.207174,-0.138349
-0.128730,-0.205094,-0.132427
-0.129802,-0.207863,-0.129481
-0.125824,-0.205840,-0.125292
-0.127432,-0.205059,-0.124763
-0.124442,-0.208183,-0.120696
-0.122173,-0.206775,-0.116935
-0.120748,-0.207716,-0.117251
-0.118987,-0.206419,-0.114786
-0.116256,-0.206782,-0.112067
-0.117219,-0.207320,-0.111538
-0.116209,-0.206363,-0.108511
-0.113890,-0.204307,-0.108009
-0.111772,-0.205502,-0.106160
-0.110904,-0.206801,-0.107280
-0.107049,-0.205379,-0.105417
-0.107942,-0.207435,-0.104301
-0.103537,-0.205444,-0.103713
-0.104389,-0.203459,-0.104947
-0.100370,-0.204683,-0.101464
-0.100085,-0.205883,-0.100745
-0.099292,-0.205842,-0.099429
-0.098174,-0.205900,-0.100257
-0.096721,-0.205936,-0.100429
-0.097394,-0.204314,-0.100129
-0.095255,-0.207610,-0.098117
-0.091949,-0.205829,-0.099155
-0.090814,-0.204733,-0.099578
-0.090288,-0.204659,-0.098226
-0.088113,-0.203824,-0.099629
-0.087325,-0.203778,-0.096758
-0.085234,-0.205712,-0.096654
-0.085393,-0.204572,-0.096771
-0.083987,-0.203863,-0.097639
-0.082476,-0.205372,-0.096835
-0.080811,-0.204336,-0.097503
-0.079785,-0.205087,-0.097290
-0.078003,-0.205228,-0.097135
-0.075456,-0.205569,-0.095304
-0.075260,-0.205310,-0.097111
-0.073991,-0.205854,-0.094553
-0.071203,-0.205361,-0.095919
-0.070325,-0.204306,-0.097688
-0.068410,-0.204496,-0.096104
-0.067874,-0.204592,-0.097254
-0.067610,-0.204806,-0.098171
-0.064202,-0.207009,-0.098049
-0.065380,-0.203785,-0.096457
-0.061876,-0.206792,-0.096735
-0.061415,-0.204683,-0.097315
-0.059726,-0.205104,-0.095864
-0.059043,-0.206254,-0.098995
-0.058487,-0.205554,-0.097570
-0.056927,-0.206102,-0.098347
-0.051980,-0.205759,-0.097586
-0.052951,-0.205220,-0.098993
-0.051403,-0.204978,-0.097465
-0.049505,-0.207047,-0.097238
-0.049585,-0.205730,-0.096370
-0.047035,-0.205785,-0.099201
-0.048278,-0.205079,-0.100529
-0.044353,-0.204495,-0.095866
-0.043740,-0.205519,-0.100171
-0.041717,-0.203698,-0.097424
-0.041141,-0.203509,-0.097850
-0.040454,-0.203947,-0.097595
-0.036707,-0.205826,-0.096254
-0.038041,-0.204803,-0.096492
-0.037105,-0.205618,-0.096957
-0.034302,-0.205101,-0.098543
-0.031308,-0.205198,-0.097382
-0.030695,-0.204078,-0.099030
-0.029156,-0.205555,-0.099177
-0.029357,-0.204789,-0.101015
-0.027922,-0.203686,-0.101172
-0.025592,-0.205772,-0.100210
-0.023182,-0.205042,-0.101529
-0.022916,-0.205532,-0.101220
-0.022677,-0.204420,-0.101658
-0.019903,-0.205368,-0.100166
-0.016746,-0.206587,-0.100810
-0.016789,-0.207392,-0.101243
-0.016133,-0.206441,-0.100508
-0.013915,-0.205657,-0.101568
-0.014122,-0.205732,-0.101886
-0.011548,-0.205145,-0.098642
-0.010203,-0.206621,-0.098127
-0.008677,-0.204477,-0.094845
-0.006108,-0.205722,-0.095601
-0.008078,-0.203349,-0.093467
-0.003779,-0.205370,-0.093036
-0.001175,-0.204675,-0.091605
-0.002976,-0.203738,-0.091142
0.000204,-0.203550,-0.089876
-0.001235,-0.202206,-0.089458
0.002283,-0.205818,-0.089338
0.002603,-0.204403,-0.089497
0.004643,-0.203435,-0.087395
0.006494,-0.203102,-0.086498
0.009860,-0.202570,-0.087907
0.008593,-0.204677,-0.085051
0.007589,-0.205293,-0.086462
0.012012,-0.204413,-0.085366
0.012500,-0.203906,-0.086407
0.014748,-0.203529,-0.086955
0.016146,-0.204258,-0.084275
0.015484,-0.203120,-0.082955
0.016511,-0.205691,-0.083149
0.021520,-0.204146,-0.083999
0.020948,-0.202283,-0.084621
0.023160,-0.204969,-0.084225
0.025201,-0.202681,-0.084239
0.024953,-0.202483,-0.084897
0.027621,-0.204290,-0.084376
0.029615,-0.205778,-0.082898
0.030935,-0.204010,-0.082455
0.031179,-0.204020,-0.084783
0.032512,-0.205286,-0.082803
0.034543,-0.203296,-0.084052
0.034992,-0.204033,-0.083160
0.035623,-0.204896,-0.082503
0.036133,-0.203956,-0.083169
0.040825,-0.201392,-0.081113
0.041353,-0.203602,-0.082410
0.042027,-0.202258,-0.081977
0.043071,-0.205126,-0.082575
0.043762,-0.204296,-0.081888
0.046874,-0.205704,-0.081653
0.047201,-0.203534,-0.081674
0.048844,-0.202631,-0.079980
0.051571,-0.203515,-0.082071
0.051241,-0.203987,-0.079994
0.052019,-0.203349,-0.079321
0.054529,-0.204870,-0.080823
0.055860,-0.204587,-0.081877
0.056197,-0.205428,-0.080300
0.059069,-0.204557,-0.080997
0.059834,-0.204529,-0.077954
0.062779,-0.204804,-0.075788
0.062343,-0.203928,-0.075113
0.064695,-0.205473,-0.074344
0.065618,-0.202345,-0.073764
0.066019,-0.204072,-0.071938
0.069637,-0.203745,-0.073198
0.070289,-0.204706,-0.073206
0.069000,-0.201093,-0.071554
0.071513,-0.203582,-0.073495
0.073817,-0.201998,-0.071944
0.074998,-0.203481,-0.069902
0.076669,-0.202595,-0.069043
0.077503,-0.203686,-0.069685
0.079096,-0.202516,-0.069596
0.080548,-0.203681,-0.067330
0.080027,-0.202393,-0.068482
0.081508,-0.203763,-0.068316
0.084386,-0.204395,-0.068521
0.084693,-0.202869,-0.066824
0.087064,-0.203608,-0.067798
0.088742,-0.204520,-0.065800
0.089749,-0.204341,-0.065551
0.091680,-0.202884,-0.065900
0.089838,-0.202356,-0.065581
0.093827,-0.203767,-0.065290
0.094039,-0.202902,-0.063701
0.096431,-0.202909,-0.062812
0.097451,-0.204025,-0.062811
0.099170,-0.202994,-0.061440
0.098729,-0.201395,-0.060973
0.100863,-0.203939,-0.059831
0.103503,-0.203909,-0.058069
0.103976,-0.202138,-0.057570
0.104599,-0.203567,-0.057673
0.109856,-0.204626,-0.058526
0.107140,-0.201385,-0.058285
0.110616,-0.203620,-0.059880
0.110425,-0.201620,-0.057274
0.112699,-0.202543,-0.058043
0.114324,-0.202292,-0.056910
0.116652,-0.201506,-0.057404
0.115253,-0.202109,-0.056527
0.116594,-0.202552,-0.058229
0.117887,-0.201862,-0.057462
0.121502,-0.203067,-0.056350
0.123679,-0.201686,-0.056429
0.124327,-0.200437,-0.056316
0.124846,-0.202458,-0.056852
0.125353,-0.201702,-0.055254
0.127746,-0.202037,-0.055326
0.128549,-0.202724,-0.058238
0.130006,-0.202877,-0.058996
0.131697,-0.203485,-0.059961
0.131110,-0.201547,-0.057941
0.134927,-0.202119,-0.060506
0.136496,-0.202710,-0.056727
0.135937,-0.202107,-0.059610
0.138927,-0.204432,-0.060574
0.139587,-0.202022,-0.064161
0.141098,-0.202179,-0.062617
0.141811,-0.204217,-0.061544
0.141270,-0.204591,-0.063901
0.145048,-0.202761,-0.063531
0.146602,-0.202608,-0.063338
0.149112,-0.203652,-0.066670
0.149788,-0.204373,-0.065811
0.149029,-0.202233,-0.066643
0.152584,-0.202948,-0.069477
0.152469,-0.204783,-0.069903
0.155945,-0.204554,-0.071502
0.154826,-0.205495,-0.071120
0.156728,-0.202821,-0.071466
0.159232,-0.203457,-0.074394
0.159305,-0.204161,-0.076363
0.162746,-0.204953,-0.077221
0.163973,-0.204332,-0.079390
0.164977,-0.204300,-0.079134
0.164736,-0.205017,-0.083588
0.168761,-0.203934,-0.082915
0.168790,-0.205307,-0.085533
0.169826,-0.205681,-0.089682
0.172476,-0.205219,-0.090115
0.173280,-0.204417,-0.092066
0.173967,-0.204249,-0.093926
0.176822,-0.204444,-0.095639
0.178640,-0.206037,-0.103391
0.178687,-0.203795,-0.106592
0.181434,-0.204187,-0.111719
0.183038,-0.204814,-0.116256
0.186098,-0.206642,-0.126192
0.188058,-0.207943,-0.142103
-0.134960,-0.207700,-0.150768
-0.133510,-0.206738,-0.147062
-0.130047,-0.207426,-0.140446
-0.129363,-0.204567,-0.135293
-0.128100,-0.205145,-0.129074
-0.127156,-0.204721,-0.127969
-0.123739,-0.205150,-0.123832
-0.124180,-0.205023,-0.122771
-0.123126,-0.204738,-0.119670
-0.120741,-0.204490,-0.117090
-0.118393,-0.204545,-0.115428
-0.116928,-0.204332,-0.110276
-0.116062,-0.204432,-0.112212
-0.114324,-0.205956,-0.109663
-0.112459,-0.206223,-0.109699
-0.111487,-0.203990,-0.106282
-0.109541,-0.203187,-0.106416
-0.108279,-0.204797,-0.105441
-0.108309,-0.203868,-0.105979
-0.105221,-0.204596,-0.104218
-0.106199,-0.202029,-0.101817
-0.104189,-0.204991,-0.103792
-0.101370,-0.203260,-0.101692
-0.100337,-0.204768,-0.098461
-0.098288,-0.202924,-0.099794
-0.099084,-0.204045,-0.099989
-0.097399,-0.204032,-0.099916
-0.095558,-0.203406,-0.100068
-0.092380,-0.201573,-0.098982
-0.091833,-0.202179,-0.099655
-0.091992,-0.204037,-0.097965
-0.089004,-0.201667,-0.099628
-0.085724,-0.204696,-0.098180
-0.086058,-0.202256,-0.098384
-0.085445,-0.203668,-0.095872
-0.083922,-0.204869,-0.095514
-0.082261,-0.204444,-0.098190
-0.082214,-0.204605,-0.096427
-0.079177,-0.202890,-0.095347
-0.078093,-0.203639,-0.096346
-0.075229,-0.203359,-0.097949
-0.074937,-0.203162,-0.096454
-0.073745,-0.202963,-0.095228
-0.071889,-0.205272,-0.095754
-0.071550,-0.205027,-0.095164
-0.069158,-0.202885,-0.097092
-0.067462,-0.204023,-0.098238
-0.066287,-0.205381,-0.097282
-0.065078,-0.203585,-0.098112
-0.064146,-0.205922,-0.096285
-0.064739,-0.203786,-0.096213
-0.060401,-0.203596,-0.097516
-0.060755,-0.202058,-0.098813
-0.059228,-0.203479,-0.097205
-0.056639,-0.201209,-0.098618
-0.056393,-0.202229,-0.100217
-0.054492,-0.203780,-0.095722
-0.053419,-0.202318,-0.098941
-0.052126,-0.202813,-0.096809
-0.049826,-0.202920,-0.097160
-0.048482,-0.203331,-0.096164
-0.047808,-0.204008,-0.099944
-0.045346,-0.204224,-0.098959
-0.043878,-0.204443,-0.098701
-0.042506,-0.204078,-0.099786
-0.041678,-0.203120,-0.098536
-0.041237,-0.203955,-0.098907
-0.039989,-0.203794,-0.097755
-0.038350,-0.203102,-0.097560
-0.036416,-0.202562,-0.100058
-0.035820,-0.203378,-0.097880
-0.034763,-0.203786,-0.097737
-0.031995,-0.203964,-0.099552
-0.031894,-0.203592,-0.099078
-0.029627,-0.202255,-0.099627
-0.028256,-0.204429,-0.099064
-0.027197,-0.202678,-0.100961
-0.025486,-0.202114,-0.099884
-0.024722,-0.202643,-0.101987
-0.024776,-0.204979,-0.101227
-0.021639,-0.204499,-0.101946
-0.021713,-0.205193,-0.099645
-0.020768,-0.202257,-0.099697
-0.017794,-0.204908,-0.099319
-0.016682,-0.201562,-0.099946
-0.013217,-0.204004,-0.101543
-0.013226,-0.205020,-0.101112
-0.013155,-0.204731,-0.096838
-0.008989,-0.204607,-0.095627
-0.010009,-0.202804,-0.094090
-0.005767,-0.203359,-0.093188
-0.005241,-0.202367,-0.092959
-0.005102,-0.202391,-0.092378
-0.002622,-0.203344,-0.091658
-0.000750,-0.204748,-0.089979
-0.000748,-0.203429,-0.090567
0.000754,-0.203448,-0.088839
0.002523,-0.202400,-0.088426
0.003202,-0.205189,-0.089180
0.004569,-0.203364,-0.088029
0.007022,-0.202879,-0.087362
0.008002,-0.203386,-0.089283
0.009363,-0.202451,-0.084833
0.009667,-0.203630,-0.086079
0.011655,-0.202137,-0.086930
0.013649,-0.202523,-0.086873
0.014611,-0.201740,-0.083983
0.016643,-0.201250,-0.084804
0.016584,-0.202917,-0.084092
0.018274,-0.203792,-0.082901
0.019084,-0.202540,-0.085544
0.021803,-0.203207,-0.084153
0.021019,-0.203466,-0.082373
0.024320,-0.203149,-0.083269
0.026360,-0.202293,-0.082602
0.026757,-0.202527,-0.082906
0.030260,-0.202512,-0.081958
0.026849,-0.201446,-0.082988
0.029567,-0.201515,-0.084240
0.031562,-0.203608,-0.084579
0.032727,-0.203619,-0.081338
0.034005,-0.203024,-0.082957
0.036925,-0.203447,-0.083702
0.036386,-0.202730,-0.082987
0.040045,-0.202578,-0.083564
0.040529,-0.202768,-0.083490
0.041514,-0.202529,-0.081421
0.043526,-0.203200,-0.081648
0.042601,-0.201185,-0.081817
0.045359,-0.201084,-0.082004
0.046565,-0.200403,-0.080476
0.048872,-0.201473,-0.083059
0.049656,-0.202858,-0.081383
0.051260,-0.203227,-0.081579
0.051410,-0.202226,-0.080710
0.055445,-0.202286,-0.080747
0.054989,-0.201833,-0.080769
0.056424,-0.200465,-0.079324
0.059523,-0.201940,-0.079697
0.060077,-0.201884,-0.079412
0.062833,-0.200569,-0.078240
0.062002,-0.202561,-0.076801
0.063626,-0.202249,-0.076325
0.065369,-0.200220,-0.074348
0.067028,-0.199730,-0.072875
0.068524,-0.200777,-0.071991
0.068721,-0.202430,-0.073631
0.071268,-0.201852,-0.072999
0.072498,-0.201406,-0.072765
0.073025,-0.202267,-0.070947
0.072278,-0.201095,-0.071270
0.076681,-0.201942,-0.070384
0.076710,-0.203122,-0.068302
0.078648,-0.203321,-0.068057
0.081219,-0.202747,-0.070891
0.082159,-0.202542,-0.067121
0.082233,-0.200856,-0.067664
0.082986,-0.204054,-0.066475
0.084494,-0.203784,-0.068100
0.086124,-0.203008,-0.067880
0.088466,-0.201668,-0.065618
0.089462,-0.198996,-0.067371
0.091295,-0.200993,-0.064652
0.092131,-0.202400,-0.066028
0.093573,-0.201197,-0.064392
0.094534,-0.200401,-0.064308
0.095693,-0.201863,-0.063660
0.097074,-0.200586,-0.064312
0.098171,-0.200593,-0.061980
0.099501,-0.199539,-0.061401
0.101984,-0.200435,-0.060734
0.102778,-0.201140,-0.060646
0.106704,-0.202065,-0.057712
0.106030,-0.201622,-0.059746
0.107678,-0.200528,-0.060685
0.108295,-0.201214,-0.058483
0.109242,-0.202046,-0.059333
0.110571,-0.200232,-0.058389
0.111419,-0.200951,-0.058959
0.114323,-0.203249,-0.058158
0.115079,-0.201241,-0.057897
0.116664,-0.202091,-0.056792
0.117910,-0.200486,-0.054562
0.120680,-0.200762,-0.056210
0.120234,-0.199501,-0.057094
0.123088,-0.200567,-0.058516
0.123974,-0.200442,-0.057488
0.125054,-0.200904,-0.057071
0.124598,-0.200972,-0.056785
0.127412,-0.200948,-0.056172
0.129525,-0.199446,-0.058509
0.127823,-0.201783,-0.058448
0.133638,-0.202649,-0.059037
0.132158,-0.201133,-0.058908
0.135293,-0.200686,-0.058310
0.135756,-0.200576,-0.060989
0.136560,-0.199751,-0.060261
0.138709,-0.200669,-0.061845
0.141484,-0.201569,-0.059448
0.140830,-0.200267,-0.063009
0.141442,-0.201258,-0.062838
0.143635,-0.201850,-0.062998
0.145281,-0.200399,-0.065137
0.146329,-0.200949,-0.065382
0.148636,-0.202421,-0.065151
0.149162,-0.201757,-0.066145
0.149518,-0.201841,-0.068924
0.154276,-0.200977,-0.069289
0.154065,-0.201328,-0.071578
0.156177,-0.203140,-0.071115
0.155510,-0.200298,-0.072795
0.156785,-0.202250,-0.073551
0.158558,-0.199682,-0.074008
0.160427,-0.204008,-0.075097
0.160550,-0.202817,-0.078600
0.162911,-0.202399,-0.080456
0.165630,-0.202044,-0.080172
0.165094,-0.201968,-0.085293
0.168033,-0.202132,-0.084969
0.167769,-0.204488,-0.086024
0.170595,-0.205049,-0.087802
0.170879,-0.203869,-0.089827
0.173089,-0.203382,-0.093006
0.172479,-0.201916,-0.094603
0.177943,-0.201873,-0.098394
0.177580,-0.203187,-0.102999
0.180317,-0.204122,-0.106817
0.180905,-0.205615,-0.113290
0.183350,-0.205635,-0.116178
0.183890,-0.206199,-0.128831
-0.134006,-0.205860,-0.151935
-0.134085,-0.206254,-0.148338
-0.132064,-0.204379,-0.140486
-0.130286,-0.203596,-0.136049
-0.129021,-0.203613,-0.131187
-0.126501,-0.203310,-0.129010
-0.124746,-0.204020,-0.127576
-0.124804,-0.203792,-0.124656
-0.122739,-0.203733,-0.121130
-0.119719,-0.203612,-0.117692
-0.117819,-0.203331,-0.116990
-0.117192,-0.204039,-0.113299
-0.116858,-0.202048,-0.112717
-0.114857,-0.204189,-0.111829
-0.112947,-0.202364,-0.109180
-0.111904,-0.204526,-0.107149
-0.110259,-0.201760,-0.107300
-0.109564,-0.200456,-0.107300
-0.109164,-0.202875,-0.107180
-0.105923,-0.200089,-0.106220
-0.102978,-0.202591,-0.105522
-0.101513,-0.200664,-0.102167
-0.101358,-0.201822,-0.101925
-0.098421,-0.204171,-0.100250
-0.097208,-0.203246,-0.100282
-0.098785,-0.202414,-0.099259
-0.096718,-0.201702,-0.100253
-0.094094,-0.204318,-0.100244
-0.092557,-0.202125,-0.100060
-0.092858,-0.200446,-0.101358
-0.089763,-0.202225,-0.100761
-0.090306,-0.199667,-0.098212
-0.088341,-0.200330,-0.098666
-0.084984,-0.202900,-0.097375
-0.084811,-0.200967,-0.096510
-0.083637,-0.201834,-0.097012
-0.082635,-0.201567,-0.096703
-0.081155,-0.203746,-0.095889
-0.079038,-0.200876,-0.098095
-0.076569,-0.202802,-0.095858
-0.075356,-0.200985,-0.097348
-0.074446,-0.201658,-0.096721
-0.074565,-0.203311,-0.096200
-0.069364,-0.201039,-0.095921
-0.071632,-0.202379,-0.098677
-0.068702,-0.202366,-0.097159
-0.067834,-0.202052,-0.098805
-0.066717,-0.202488,-0.096962
-0.064468,-0.199815,-0.097345
-0.064192,-0.202081,-0.098186
-0.063245,-0.202328,-0.097652
-0.061917,-0.202293,-0.097592
-0.059044,-0.202030,-0.099381
-0.059487,-0.202368,-0.099504
-0.057022,-0.200446,-0.100110
-0.055129,-0.202376,-0.099563
-0.053744,-0.201992,-0.098749
-0.053920,-0.201968,-0.099306
-0.051144,-0.202887,-0.098510
-0.050202,-0.202376,-0.097573
-0.049303,-0.202052,-0.099756
-0.047639,-0.201935,-0.099431
-0.046490,-0.200324,-0.098192
-0.047398,-0.200733,-0.098959
-0.042059,-0.200844,-0.098764
-0.042738,-0.200947,-0.097114
-0.041527,-0.203467,-0.097564
-0.038712,-0.202443,-0.098819
-0.037955,-0.201939,-0.099451
-0.035788,-0.202231,-0.097951
-0.034975,-0.200985,-0.099414
-0.033925,-0.203748,-0.098589
-0.032494,-0.201515,-0.096798
-0.032082,-0.201051,-0.099951
-0.030527,-0.202644,-0.099655
-0.030249,-0.202390,-0.100184
-0.026944,-0.201083,-0.099846
-0.025953,-0.202427,-0.100427
-0.024894,-0.201192,-0.101005
-0.024479,-0.200966,-0.103520
-0.022432,-0.201666,-0.102054
-0.019612,-0.203473,-0.101060
-0.018177,-0.201476,-0.100700
-0.019133,-0.203043,-0.099481
-0.016953,-0.201621,-0.100595
-0.014555,-0.203794,-0.098519
-0.012924,-0.202015,-0.096476
-0.012962,-0.199839,-0.095525
-0.009921,-0.203039,-0.094043
-0.009438,-0.201637,-0.093711
-0.007460,-0.201115,-0.094589
-0.005496,-0.201668,-0.093007
-0.005047,-0.202696,-0.090264
-0.004416,-0.201056,-0.091103
-0.001564,-0.199891,-0.089712
-0.001923,-0.201673,-0.089922
-0.000196,-0.199688,-0.088878
0.001725,-0.199947,-0.089646
0.003041,-0.201174,-0.088945
0.004182,-0.202656,-0.088141
0.007721,-0.201584,-0.085729
0.009909,-0.201500,-0.086186
0.007149,-0.202390,-0.085261
0.010921,-0.200295,-0.084860
0.013347,-0.202496,-0.084503
0.013800,-0.200843,-0.085567
0.014921,-0.201523,-0.085680
0.014932,-0.201447,-0.085000
0.017193,-0.201556,-0.083801
0.019027,-0.199647,-0.084953
0.019884,-0.201626,-0.083915
0.020650,-0.200132,-0.083101
0.024457,-0.199972,-0.082022
0.023733,-0.202498,-0.083954
0.025296,-0.201797,-0.083706
0.026292,-0.201471,-0.082912
0.029322,-0.201540,-0.081448
0.028852,-0.202235,-0.081894
0.031028,-0.200219,-0.083714
0.031514,-0.200884,-0.083368
0.033343,-0.202922,-0.082096
0.036880,-0.201110,-0.082533
0.037175,-0.201645,-0.084530
0.037905,-0.202641,-0.082624
0.040920,-0.200601,-0.083177
0.040457,-0.200126,-0.083083
0.041283,-0.202289,-0.082142
0.043865,-0.202775,-0.081784
0.043350,-0.201339,-0.079324
0.044214,-0.201501,-0.081117
0.048508,-0.201262,-0.081949
0.047593,-0.200930,-0.079169
0.051911,-0.200148,-0.080358
0.052017,-0.200952,-0.081147
0.053664,-0.201206,-0.080292
0.054551,-0.200861,-0.079443
0.055459,-0.200838,-0.079244
0.056159,-0.200677,-0.078230
0.057988,-0.202445,-0.078219
0.059236,-0.200702,-0.077886
0.060781,-0.199307,-0.077238
0.063384,-0.200899,-0.078772
0.064584,-0.199870,-0.075265
0.064175,-0.200895,-0.074913
0.067439,-0.201850,-0.072804
0.068494,-0.200065,-0.072010
0.068911,-0.200531,-0.071956
0.068306,-0.201161,-0.070303
0.070873,-0.198434,-0.071244
0.072549,-0.200163,-0.070454
0.073803,-0.200368,-0.067419
0.076360,-0.201292,-0.068871
0.076428,-0.201056,-0.070536
0.079285,-0.200801,-0.069453
0.078685,-0.200320,-0.067993
0.081162,-0.198580,-0.067427
0.081618,-0.199589,-0.069200
0.084745,-0.198568,-0.067580
0.084789,-0.199086,-0.067741
0.085186,-0.200005,-0.066544
0.088849,-0.200227,-0.067327
0.089583,-0.200873,-0.066938
0.090399,-0.200993,-0.066086
0.091420,-0.200367,-0.066586
0.093688,-0.200148,-0.064860
0.095211,-0.199245,-0.063849
0.093238,-0.201143,-0.063226
0.096683,-0.201648,-0.061688
0.098853,-0.201616,-0.064453
0.100750,-0.200697,-0.061360
0.102773,-0.198821,-0.062395
0.102891,-0.198535,-0.060945
0.105428,-0.201208,-0.061446
0.105767,-0.199061,-0.057815
0.108162,-0.200322,-0.059069
0.108352,-0.201110,-0.059825
0.109058,-0.199156,-0.058420
0.109921,-0.198302,-0.059032
0.113182,-0.201373,-0.058907
0.111584,-0.201207,-0.058101
0.113918,-0.200073,-0.056198
0.116553,-0.197638,-0.059862
0.119347,-0.199504,-0.057693
0.119024,-0.199331,-0.057019
0.122350,-0.199739,-0.058521
0.122546,-0.199384,-0.056393
0.122714,-0.200182,-0.058493
0.123514,-0.198864,-0.056869
0.125183,-0.201187,-0.057328
0.125636,-0.199558,-0.059195
0.129790,-0.198326,-0.058717
0.129747,-0.200455,-0.057987
0.130312,-0.199324,-0.058535
0.133196,-0.199793,-0.059623
0.132821,-0.199081,-0.058907
0.134978,-0.198011,-0.060231
0.137326,-0.198588,-0.059752
0.138215,-0.199315,-0.059425
0.139328,-0.199070,-0.060129
0.140415,-0.199629,-0.062768
0.142210,-0.198842,-0.063789
0.143632,-0.199422,-0.063666
0.145440,-0.200417,-0.064827
0.146967,-0.200283,-0.064285
0.147424,-0.199351,-0.066347
0.149341,-0.200257,-0.064726
0.149595,-0.200016,-0.068176
0.152471,-0.200266,-0.072263
0.153582,-0.201470,-0.070029
0.155202,-0.200479,-0.070092
0.156493,-0.201131,-0.073676
0.158008,-0.200172,-0.073822
0.158710,-0.201032,-0.074944
0.159656,-0.201816,-0.075820
0.160331,-0.200053,-0.079946
0.163470,-0.200253,-0.080125
0.165541,-0.202390,-0.082265
0.166837,-0.201276,-0.083824
0.168296,-0.199882,-0.083698
0.168991,-0.202530,-0.087524
0.172270,-0.200099,-0.088931
0.171030,-0.202410,-0.091865
0.175019,-0.200447,-0.092933
0.173605,-0.201911,-0.093930
0.177500,-0.203656,-0.097521
0.178424,-0.203777,-0.105420
0.180836,-0.202376,-0.108846
0.181299,-0.201505,-0.112201
0.183653,-0.203038,-0.117230
0.185533,-0.202337,-0.127226
-0.133488,-0.204303,-0.150400
-0.131045,-0.203949,-0.143973
-0.131905,-0.202453,-0.139514
-0.126966,-0.203599,-0.132526
-0.126577,-0.202797,-0.128204
-0.124433,-0.201076,-0.126400
-0.123740,-0.202095,-0.125309
-0.122339,-0.201473,-0.122947
-0.121311,-0.201567,-0.118527
-0.119837,-0.202102,-0.117986
-0.116364,-0.203421,-0.114173
-0.114390,-0.200225,-0.111465
-0.115082,-0.199941,-0.112476
-0.113939,-0.200695,-0.109264
-0.111756,-0.201270,-0.109228
-0.110622,-0.200456,-0.107256
-0.108621,-0.199496,-0.107797
-0.105965,-0.199724,-0.106362
-0.107807,-0.200406,-0.105965
-0.102475,-0.201955,-0.104747
-0.103093,-0.200957,-0.104018
-0.103900,-0.199763,-0.101818
-0.099006,-0.198954,-0.101757
-0.099397,-0.199482,-0.101777
-0.098570,-0.200490,-0.099686
-0.095892,-0.200121,-0.099891
-0.096024,-0.200113,-0.101936
-0.093684,-0.200170,-0.099792
-0.090857,-0.200887,-0.099076
-0.090983,-0.199445,-0.098891
-0.088886,-0.200545,-0.098396
-0.090633,-0.200322,-0.098000
-0.087556,-0.200078,-0.096587
-0.085985,-0.200545,-0.096916
-0.083414,-0.200251,-0.097758
-0.083784,-0.199132,-0.097624
-0.080953,-0.200210,-0.097144
-0.078297,-0.199973,-0.097896
-0.076953,-0.198069,-0.097511
-0.076391,-0.202811,-0.097076
-0.075977,-0.199770,-0.097111
-0.074004,-0.202273,-0.097543
-0.073035,-0.201043,-0.097219
-0.069132,-0.201491,-0.097970
-0.069895,-0.201462,-0.099420
-0.068702,-0.198530,-0.097699
-0.066226,-0.201765,-0.097817
-0.067337,-0.199607,-0.097218
-0.063257,-0.200834,-0.099497
-0.064127,-0.203160,-0.096670
-0.062525,-0.199620,-0.098023
-0.061029,-0.199851,-0.097847
-0.059153,-0.200198,-0.097920
-0.058377,-0.199450,-0.099506
-0.057092,-0.199901,-0.100130
-0.055059,-0.200439,-0.098098
-0.053804,-0.200929,-0.099493
-0.049315,-0.200633,-0.098514
-0.050025,-0.199770,-0.100143
-0.049392,-0.200636,-0.099152
-0.049013,-0.198620,-0.098710
-0.046372,-0.202025,-0.099145
-0.044441,-0.202657,-0.099481
-0.044267,-0.202146,-0.099373
-0.042204,-0.200667,-0.098790
-0.039550,-0.201218,-0.098765
-0.037109,-0.200613,-0.097900
-0.037292,-0.199567,-0.099323
-0.036961,-0.199559,-0.098526
-0.036023,-0.200682,-0.097551
-0.034495,-0.199686,-0.098802
-0.033357,-0.199815,-0.098848
-0.031141,-0.200626,-0.099007
-0.030786,-0.202957,-0.098816
-0.029942,-0.199562,-0.101552
-0.027890,-0.199780,-0.100388
-0.025654,-0.201213,-0.101233
-0.024878,-0.201996,-0.102276
-0.022777,-0.199414,-0.102840
-0.020532,-0.199581,-0.101715
-0.020583,-0.200266,-0.099883
-0.018643,-0.200768,-0.099286
-0.017222,-0.200279,-0.099257
-0.015186,-0.201044,-0.099334
-0.012921,-0.201403,-0.095859
-0.014455,-0.200174,-0.095589
-0.014040,-0.199018,-0.093346
-0.011752,-0.200107,-0.092048
-0.008169,-0.201067,-0.091867
-0.008710,-0.199096,-0.091672
-0.003644,-0.199779,-0.092915
-0.005172,-0.202116,-0.089913
-0.004056,-0.201098,-0.091191
-0.002316,-0.198649,-0.090127
-0.000945,-0.200787,-0.088428
0.000703,-0.200616,-0.087318
0.002844,-0.200125,-0.089179
0.004494,-0.199174,-0.086828
0.005866,-0.200725,-0.088063
0.006235,-0.201093,-0.086344
0.007578,-0.200262,-0.086154
0.007878,-0.199329,-0.086126
0.009429,-0.198942,-0.086671
0.011746,-0.199593,-0.086217
0.012731,-0.199727,-0.086276
0.016305,-0.198626,-0.085803
0.017173,-0.198375,-0.083362
0.016873,-0.201171,-0.082059
0.019442,-0.198627,-0.080599
0.018733,-0.197592,-0.083076
0.022723,-0.199644,-0.081983
0.022243,-0.199031,-0.082798
0.024136,-0.198159,-0.083143
0.025846,-0.198555,-0.084176
0.026928,-0.199209,-0.083769
0.028877,-0.198525,-0.084239
0.028661,-0.199283,-0.080983
0.031597,-0.199501,-0.081161
0.031925,-0.197885,-0.081935
0.033166,-0.198593,-0.082656
0.035316,-0.197643,-0.084452
0.037529,-0.197405,-0.081842
0.036215,-0.198443,-0.083067
0.040312,-0.199642,-0.082390
0.040067,-0.201851,-0.082498
0.042449,-0.199117,-0.080977
0.043558,-0.199485,-0.083020
0.045507,-0.199728,-0.081903
0.047438,-0.196932,-0.081424
0.048521,-0.198314,-0.080872
0.047609,-0.199324,-0.081144
0.051571,-0.197831,-0.080466
0.052515,-0.198373,-0.079400
0.054420,-0.199954,-0.079035
0.055530,-0.199212,-0.079879
0.054688,-0.199256,-0.079148
0.056008,-0.198125,-0.076560
0.057085,-0.199384,-0.078109
0.059510,-0.199750,-0.078719
0.060319,-0.198122,-0.076768
0.062022,-0.198804,-0.079329
0.063357,-0.198640,-0.075720
0.066175,-0.199804,-0.074229
0.065964,-0.201025,-0.073721
0.068255,-0.199008,-0.073662
0.067078,-0.199270,-0.073651
0.071764,-0.198944,-0.072391
0.071555,-0.198086,-0.073542
0.072648,-0.198604,-0.070312
0.076677,-0.198101,-0.070734
0.076264,-0.199683,-0.070020
0.076499,-0.199426,-0.067490
0.079138,-0.199172,-0.070434
0.080103,-0.200977,-0.070117
0.081182,-0.200381,-0.068557
0.082446,-0.198782,-0.067931
0.083252,-0.197779,-0.068047
0.088301,-0.197169,-0.067138
0.085065,-0.197426,-0.067328
0.088652,-0.198250,-0.066191
0.090675,-0.198616,-0.066695
0.090988,-0.198082,-0.067162
0.092411,-0.197031,-0.064937
0.094148,-0.199531,-0.065393
0.095752,-0.197192,-0.065647
0.097676,-0.198985,-0.064467
0.097266,-0.197441,-0.065000
0.099895,-0.197422,-0.061868
0.099371,-0.199146,-0.062847
0.102548,-0.195987,-0.061033
0.103236,-0.198132,-0.060978
0.104068,-0.199255,-0.059915
0.105796,-0.199431,-0.061123
0.108575,-0.197420,-0.059493
0.108639,-0.197348,-0.059754
0.109361,-0.198872,-0.060101
0.110964,-0.198769,-0.058153
0.112162,-0.199270,-0.059043
0.112927,-0.198384,-0.058533
0.114444,-0.198259,-0.058618
0.116919,-0.197142,-0.057544
0.117573,-0.197709,-0.058436
0.119219,-0.197078,-0.059049
0.119404,-0.197959,-0.059393
0.123237,-0.197124,-0.059422
0.125188,-0.199595,-0.058432
0.126113,-0.197369,-0.057521
0.126338,-0.198621,-0.058308
0.125497,-0.197848,-0.058252
0.128480,-0.200254,-0.058616
0.129235,-0.199522,-0.059632
0.131670,-0.199027,-0.059541
0.133831,-0.199476,-0.060968
0.133116,-0.198841,-0.059808
0.136519,-0.198006,-0.059692
0.138281,-0.199160,-0.062462
0.138858,-0.199124,-0.062239
0.139573,-0.196719,-0.061488
0.141617,-0.197984,-0.062456
0.139894,-0.197600,-0.061438
0.143055,-0.198467,-0.063048
0.145722,-0.198597,-0.063984
0.146536,-0.197526,-0.065172
0.146706,-0.198489,-0.067757
0.150769,-0.197459,-0.066723
0.150865,-0.198827,-0.068552
0.154012,-0.197011,-0.068974
0.152253,-0.197868,-0.072630
0.155139,-0.199492,-0.071842
0.155706,-0.199334,-0.074551
0.158217,-0.200729,-0.074745
0.159758,-0.198730,-0.073525
0.158799,-0.199027,-0.076242
0.161737,-0.198552,-0.079808
0.162924,-0.199852,-0.079030
0.164078,-0.199262,-0.081662
0.164515,-0.197290,-0.083052
0.167848,-0.198984,-0.087607
0.169160,-0.198388,-0.087970
0.171371,-0.199561,-0.089597
0.173713,-0.200195,-0.091326
0.173810,-0.199256,-0.093525
0.176060,-0.199257,-0.095049
0.176255,-0.200672,-0.100648
0.178277,-0.200235,-0.103016
0.179869,-0.200389,-0.107718
0.180942,-0.199699,-0.111209
0.183659,-0.202525,-0.116539
0.183991,-0.202711,-0.127499
-0.133835,-0.201197,-0.152471
-0.132889,-0.201084,-0.146010
-0.129639,-0.200991,-0.140203
-0.129221,-0.201991,-0.135501
-0.127769,-0.202437,-0.130707
-0.123593,-0.199390,-0.128968
-0.125377,-0.200282,-0.127504
-0.121850,-0.199878,-0.122770
-0.120086,-0.198738,-0.121548
-0.118519,-0.199039,-0.119555
-0.117396,-0.199449,-0.113827
-0.116266,-0.200374,-0.113589
-0.115224,-0.199783,-0.112453
-0.113466,-0.198877,-0.111870
-0.112115,-0.200970,-0.110798
-0.108871,-0.202382,-0.107977
-0.107828,-0.200449,-0.109175
-0.105385,-0.198822,-0.105666
-0.108125,-0.199846,-0.105979
-0.106329,-0.199058,-0.105320
-0.101840,-0.199068,-0.104928
-0.102721,-0.199012,-0.103639
-0.100349,-0.198479,-0.102475
-0.099503,-0.200421,-0.102350
-0.098586,-0.199499,-0.100892
-0.093381,-0.197772,-0.101544
-0.094368,-0.199949,-0.100886
-0.093888,-0.200793,-0.099883
-0.092674,-0.197703,-0.101376
-0.090194,-0.197886,-0.100144
-0.088167,-0.199192,-0.098559
-0.088455,-0.198290,-0.101042
-0.085902,-0.198365,-0.100748
-0.083865,-0.201058,-0.098796
-0.082629,-0.199836,-0.097546
-0.081542,-0.199604,-0.097733
-0.080498,-0.198983,-0.097505
-0.078014,-0.197076,-0.096071
-0.076601,-0.197342,-0.098978
-0.077177,-0.200110,-0.097732
-0.076488,-0.200182,-0.096224
-0.074599,-0.197744,-0.098572
-0.072359,-0.199245,-0.100493
-0.071385,-0.197733,-0.099140
-0.068965,-0.198217,-0.096732
-0.069397,-0.199920,-0.096784
-0.066646,-0.197454,-0.097696
-0.064199,-0.197966,-0.099499
-0.065734,-0.199560,-0.098911
-0.062508,-0.198799,-0.096103
-0.062193,-0.198783,-0.098890
-0.059468,-0.197327,-0.099342
-0.057285,-0.197509,-0.099943
-0.057221,-0.201045,-0.099571
-0.055725,-0.199785,-0.098584
-0.055217,-0.199026,-0.099410
-0.052782,-0.198976,-0.099883
-0.051517,-0.197861,-0.100150
-0.050613,-0.200021,-0.098654
-0.050906,-0.199152,-0.101681
-0.048408,-0.196537,-0.099924
-0.046429,-0.198484,-0.099191
-0.043631,-0.199222,-0.099276
-0.045292,-0.197106,-0.098547
-0.042272,-0.198838,-0.098646
-0.041485,-0.198813,-0.100440
-0.039299,-0.197407,-0.096162
-0.038765,-0.198060,-0.096279
-0.038504,-0.198057,-0.095526
-0.034985,-0.199410,-0.098478
-0.033034,-0.198225,-0.098072
-0.032025,-0.198941,-0.097827
-0.031309,-0.200391,-0.100115
-0.028614,-0.198247,-0.100059
-0.027799,-0.197811,-0.100912
-0.026514,-0.198138,-0.101806
-0.025884,-0.198697,-0.101351
-0.024549,-0.198376,-0.102571
-0.023331,-0.199004,-0.100625
-0.021656,-0.198634,-0.101044
-0.020129,-0.200426,-0.098657
-0.018689,-0.198052,-0.096901
-0.018359,-0.200547,-0.097815
-0.013858,-0.198391,-0.096560
-0.015541,-0.200554,-0.095533
-0.012936,-0.197754,-0.096077
-0.011927,-0.198222,-0.093322
-0.010398,-0.198916,-0.092713
-0.009380,-0.197371,-0.092047
-0.007597,-0.197012,-0.091138
-0.006612,-0.199304,-0.093817
-0.004312,-0.198316,-0.090538
-0.003292,-0.199196,-0.091486
-0.003903,-0.197250,-0.090337
-0.000099,-0.199135,-0.090211
0.002426,-0.199946,-0.089629
0.001843,-0.198388,-0.086904
0.003030,-0.198520,-0.085562
0.003995,-0.198883,-0.088401
0.007266,-0.197938,-0.087054
0.008570,-0.198836,-0.086190
0.009210,-0.198912,-0.083262
0.008745,-0.197435,-0.085029
0.012360,-0.196478,-0.085681
0.013300,-0.197430,-0.084235
0.014779,-0.197022,-0.083966
0.013628,-0.199778,-0.082876
0.017738,-0.197966,-0.083661
0.018830,-0.197926,-0.082803
0.020270,-0.200179,-0.082623
0.021531,-0.198514,-0.081229
0.022979,-0.198437,-0.082477
0.025304,-0.198851,-0.084190
0.025142,-0.198230,-0.083569
0.026686,-0.198694,-0.082549
0.028094,-0.198309,-0.080648
0.030802,-0.197316,-0.081598
0.032606,-0.197674,-0.081849
0.033616,-0.196919,-0.080607
0.034005,-0.197602,-0.082306
0.035487,-0.197349,-0.082215
0.036127,-0.197612,-0.081735
0.035937,-0.198437,-0.080898
0.037419,-0.196018,-0.080601
0.039802,-0.199241,-0.080926
0.042404,-0.197850,-0.081054
0.044112,-0.197105,-0.079340
0.045969,-0.197332,-0.081248
0.045173,-0.196982,-0.080072
0.047476,-0.197448,-0.081497
0.049885,-0.196739,-0.079651
0.051638,-0.198951,-0.079270
0.052076,-0.198113,-0.081005
0.052783,-0.198533,-0.080137
0.054499,-0.198270,-0.081127
0.055575,-0.198152,-0.079353
0.056006,-0.197967,-0.080549
0.059848,-0.197292,-0.077287
0.060023,-0.196119,-0.078077
0.061161,-0.197005,-0.077097
0.061453,-0.198076,-0.076834
0.063062,-0.197475,-0.075916
0.063297,-0.196888,-0.075624
0.068861,-0.198440,-0.072913
0.067376,-0.198612,-0.073333
0.068646,-0.197137,-0.074039
0.071224,-0.198512,-0.071943
0.071022,-0.196833,-0.071378
0.073901,-0.197404,-0.071913
0.074867,-0.197989,-0.069542
0.075308,-0.196247,-0.070922
0.080115,-0.197436,-0.070179
0.078543,-0.197726,-0.068408
0.079651,-0.197512,-0.069620
0.079794,-0.198293,-0.069567
0.083806,-0.197290,-0.068880
0.084763,-0.197980,-0.068091
0.087052,-0.195934,-0.067685
0.086464,-0.197424,-0.069189
0.088549,-0.196272,-0.069676
0.089806,-0.196182,-0.066566
0.090562,-0.196022,-0.066117
0.090796,-0.199264,-0.067176
0.093897,-0.195290,-0.065015
0.094979,-0.196893,-0.066151
0.095776,-0.195544,-0.065139
0.098709,-0.196547,-0.064351
0.098540,-0.198173,-0.065478
0.099270,-0.196579,-0.063602
0.099733,-0.196990,-0.063251
0.104018,-0.195542,-0.062796
0.101913,-0.197986,-0.062027
0.106537,-0.197215,-0.061899
0.107915,-0.195665,-0.059513
0.109832,-0.196372,-0.061497
0.108991,-0.195870,-0.060469
0.110297,-0.199316,-0.060663
0.113188,-0.195622,-0.060113
0.114739,-0.195422,-0.060064
0.114674,-0.196698,-0.060225
0.114595,-0.195693,-0.060334
0.116788,-0.196969,-0.057354
0.119892,-0.196862,-0.058251
0.119627,-0.193826,-0.059338
0.123270,-0.195703,-0.059576
0.122369,-0.195065,-0.058452
0.125083,-0.197150,-0.059251
0.127668,-0.197040,-0.058998
0.127883,-0.196504,-0.059103
0.129142,-0.196205,-0.059692
0.129501,-0.196156,-0.058320
0.131506,-0.195420,-0.059479
0.132463,-0.197680,-0.060386
0.134990,-0.197866,-0.059605
0.137103,-0.196212,-0.060030
0.138792,-0.196650,-0.060808
0.138592,-0.195366,-0.060833
0.140109,-0.198075,-0.062100
0.142357,-0.197061,-0.064088
0.143787,-0.194961,-0.061551
0.144936,-0.195602,-0.064303
0.144238,-0.198160,-0.064639
0.146669,-0.197049,-0.065792
0.149736,-0.196683,-0.065225
0.150822,-0.196132,-0.068350
0.149793,-0.198718,-0.068851
0.152745,-0.197378,-0.069739
0.153902,-0.197412,-0.071097
0.154830,-0.196082,-0.072383
0.155694,-0.196900,-0.073268
0.157363,-0.197845,-0.074784
0.158955,-0.197762,-0.076115
0.160094,-0.198788,-0.076507
0.161161,-0.197271,-0.077164
0.164247,-0.198129,-0.079291
0.165931,-0.196107,-0.080528
0.165652,-0.198579,-0.085104
0.166921,-0.196985,-0.085533
0.170678,-0.199033,-0.087300
0.172808,-0.199247,-0.089663
0.172191,-0.199804,-0.090752
0.176403,-0.198041,-0.092874
0.175571,-0.199347,-0.095256
0.176308,-0.198499,-0.098704
0.176348,-0.199302,-0.104759
0.180064,-0.199340,-0.107351
0.180394,-0.199874,-0.111763
0.182567,-0.199567,-0.117624
0.184897,-0.201724,-0.126801
-0.135672,-0.200298,-0.153060
-0.132628,-0.200293,-0.151102
-0.129962,-0.198951,-0.143897
-0.126122,-0.199142,-0.136935
-0.127083,-0.198616,-0.133495
-0.125457,-0.200280,-0.129421
-0.123828,-0.198644,-0.125955
-0.122957,-0.198316,-0.125226
-0.122763,-0.197063,-0.121155
-0.119792,-0.198093,-0.120076
-0.116379,-0.198701,-0.116139
-0.116312,-0.197701,-0.114232
-0.114280,-0.199122,-0.111814
-0.113317,-0.198125,-0.112146
-0.113630,-0.197534,-0.108152
-0.111070,-0.197498,-0.109837
-0.108786,-0.197959,-0.107257
-0.107741,-0.198274,-0.107596
-0.104891,-0.198632,-0.105415
-0.103865,-0.197160,-0.105783
-0.102529,-0.197914,-0.104677
-0.101193,-0.198147,-0.102083
-0.100786,-0.199081,-0.103785
-0.098713,-0.195850,-0.100868
-0.096325,-0.197554,-0.101234
-0.095865,-0.197646,-0.101494
-0.094966,-0.198942,-0.100776
-0.092961,-0.198454,-0.099830
-0.091948,-0.196878,-0.101750
-0.090391,-0.198142,-0.100017
-0.089996,-0.196489,-0.100872
-0.087788,-0.198356,-0.099468
-0.087368,-0.197443,-0.099574
-0.084296,-0.196512,-0.099032
-0.084749,-0.196432,-0.099542
-0.081473,-0.196875,-0.099502
-0.081950,-0.196619,-0.097694
-0.078402,-0.196768,-0.097661
-0.077775,-0.194745,-0.097870
-0.076154,-0.194893,-0.098041
-0.075439,-0.198025,-0.097736
-0.072849,-0.195671,-0.098656
-0.073629,-0.197118,-0.098972
-0.071734,-0.198046,-0.097002
-0.071232,-0.197022,-0.098244
-0.068613,-0.196932,-0.099421
-0.065779,-0.195515,-0.097069
-0.063999,-0.198424,-0.097314
-0.064500,-0.195354,-0.098130
-0.059993,-0.197012,-0.098658
-0.061818,-0.197485,-0.098863
-0.059386,-0.195935,-0.100647
-0.059041,-0.197088,-0.099121
-0.058309,-0.199198,-0.099278
-0.056486,-0.197427,-0.098902
-0.052638,-0.199097,-0.099530
-0.051570,-0.196814,-0.099572
-0.052474,-0.197923,-0.100964
-0.049584,-0.198053,-0.098608
-0.049049,-0.197692,-0.100150
-0.047816,-0.199066,-0.101121
-0.046260,-0.198807,-0.100824
-0.046273,-0.197155,-0.098743
-0.043321,-0.196022,-0.099777
-0.041174,-0.197158,-0.098712
-0.040403,-0.197866,-0.100619
-0.041048,-0.195803,-0.099738
-0.036750,-0.196103,-0.098268
-0.036930,-0.196323,-0.099837
-0.036042,-0.197316,-0.096895
-0.034655,-0.198379,-0.099323
-0.033719,-0.196103,-0.099118
-0.031016,-0.195162,-0.100908
-0.029779,-0.198156,-0.100205
-0.027114,-0.196622,-0.100517
-0.026688,-0.198085,-0.101310
-0.025767,-0.198028,-0.102391
-0.024922,-0.198266,-0.099461
-0.024497,-0.198841,-0.100057
-0.020534,-0.197195,-0.098341
-0.019978,-0.196928,-0.098476
-0.019860,-0.198188,-0.098991
-0.017795,-0.198924,-0.096066
-0.015010,-0.197574,-0.096437
-0.014466,-0.196914,-0.093926
-0.014923,-0.197704,-0.093993
-0.012937,-0.196291,-0.093937
-0.011419,-0.198229,-0.094399
-0.009878,-0.198422,-0.091370
-0.007767,-0.198212,-0.092237
-0.006217,-0.196404,-0.091368
-0.005326,-0.195337,-0.091680
-0.004756,-0.196611,-0.091062
-0.001318,-0.199129,-0.090375
-0.001512,-0.196309,-0.088449
-0.000714,-0.197125,-0.088466
0.002677,-0.196512,-0.087983
0.003518,-0.196699,-0.087828
0.004740,-0.195916,-0.086069
0.005264,-0.196004,-0.085815
0.007524,-0.196025,-0.086575
0.008458,-0.196077,-0.084797
0.011931,-0.195407,-0.083174
0.012161,-0.197086,-0.085440
0.014028,-0.195385,-0.084319
0.014032,-0.196541,-0.082777
0.015321,-0.196538,-0.082826
0.018938,-0.196349,-0.084105
0.018603,-0.197395,-0.081992
0.021722,-0.194339,-0.081581
0.021781,-0.195994,-0.081141
0.024018,-0.197411,-0.080274
0.023640,-0.197665,-0.079904
0.026610,-0.195629,-0.081637
0.026000,-0.196733,-0.080974
0.030224,-0.195382,-0.082493
0.029401,-0.195919,-0.081475
0.030652,-0.195519,-0.081588
0.032974,-0.194627,-0.082713
0.032791,-0.196639,-0.080247
0.033358,-0.196983,-0.081862
0.037141,-0.196996,-0.081950
0.038107,-0.196878,-0.082382
0.038581,-0.196499,-0.080677
0.040811,-0.196469,-0.083433
0.041498,-0.195585,-0.082825
0.042357,-0.196335,-0.080955
0.044189,-0.196603,-0.080136
0.045434,-0.195271,-0.080232
0.048336,-0.195475,-0.082517
0.046406,-0.196476,-0.079496
0.052833,-0.197798,-0.079107
0.052513,-0.194036,-0.080787
0.053008,-0.195227,-0.080196
0.052950,-0.197600,-0.078622
0.056717,-0.196175,-0.078217
0.057896,-0.196063,-0.077686
0.058268,-0.194476,-0.079987
0.059553,-0.194715,-0.078199
0.059837,-0.195912,-0.076560
0.063472,-0.195602,-0.075922
0.062372,-0.194510,-0.074744
0.066393,-0.195464,-0.076042
0.065613,-0.195948,-0.073510
0.066215,-0.196474,-0.071868
0.068154,-0.196815,-0.073470
0.069806,-0.195661,-0.073044
0.072033,-0.193823,-0.070494
0.073209,-0.198112,-0.071374
0.072849,-0.196225,-0.072347
0.075854,-0.194766,-0.070630
0.077795,-0.195693,-0.071672
0.078805,-0.196639,-0.070567
0.081289,-0.195109,-0.069435
0.083868,-0.195727,-0.069792
0.084026,-0.196616,-0.069095
0.084981,-0.196357,-0.069191
0.082740,-0.197026,-0.069339
0.086388,-0.196372,-0.068444
0.088758,-0.197079,-0.066633
0.091110,-0.194663,-0.068796
0.092412,-0.194235,-0.065927
0.093815,-0.197096,-0.067076
0.093981,-0.194362,-0.067352
0.095547,-0.193427,-0.069019
0.097121,-0.195884,-0.066179
0.097346,-0.194699,-0.066445
0.099470,-0.193688,-0.066369
0.099873,-0.194623,-0.063216
0.101658,-0.194657,-0.063702
0.106202,-0.195211,-0.063448
0.105973,-0.195108,-0.062373
0.105949,-0.195608,-0.061278
0.105952,-0.193691,-0.062105
0.108091,-0.195702,-0.060736
0.109387,-0.196078,-0.063289
0.111906,-0.195563,-0.059262
0.111653,-0.195567,-0.059446
0.112984,-0.195509,-0.059111
0.115516,-0.195459,-0.059187
0.115256,-0.193913,-0.060722
0.118345,-0.195634,-0.058069
0.118600,-0.195292,-0.059798
0.119759,-0.193995,-0.058646
0.122824,-0.194703,-0.059875
0.123883,-0.195761,-0.058231
0.122762,-0.195819,-0.057949
0.127348,-0.195042,-0.059950
0.125327,-0.194355,-0.059714
0.130222,-0.194237,-0.061513
0.132071,-0.195741,-0.059652
0.132149,-0.195348,-0.058979
0.132304,-0.197629,-0.060478
0.134815,-0.195944,-0.060049
0.135511,-0.193326,-0.062669
0.137657,-0.194084,-0.062386
0.138511,-0.195502,-0.061863
0.138855,-0.195554,-0.061362
0.140922,-0.195169,-0.062991
0.144953,-0.194117,-0.064133
0.143794,-0.195852,-0.062916
0.147068,-0.195696,-0.065901
0.146549,-0.196589,-0.065277
0.146761,-0.193401,-0.069524
0.149397,-0.195344,-0.068971
0.150561,-0.194696,-0.070368
0.153572,-0.194898,-0.070716
0.153515,-0.194915,-0.070321
0.154255,-0.196622,-0.074401
0.157456,-0.195069,-0.072679
0.155776,-0.195562,-0.074216
0.159568,-0.195346,-0.076026
0.159695,-0.196224,-0.076612
0.162383,-0.194330,-0.078388
0.163999,-0.195138,-0.082642
0.166646,-0.196897,-0.082313
0.166230,-0.197686,-0.084131
0.167699,-0.197239,-0.085949
0.171023,-0.195174,-0.087945
0.170473,-0.196010,-0.091108
0.173469,-0.194870,-0.090489
0.172516,-0.197473,-0.094870
0.174336,-0.196840,-0.094584
0.176777,-0.198192,-0.099478
0.177485,-0.196726,-0.104913
0.180834,-0.196609,-0.107608
0.182003,-0.199941,-0.113327
0.182383,-0.198516,-0.116969
0.185921,-0.199060,-0.129654
-0.130558,-0.198338,-0.151691
-0.130091,-0.196248,-0.146929
-0.128857,-0.199259,-0.137862
-0.125136,-0.196964,-0.133949
-0.124367,-0.196559,-0.129423
-0.123503,-0.197661,-0.126832
-0.122296,-0.197672,-0.122835
-0.119936,-0.198231,-0.121669
-0.119235,-0.197643,-0.120584
-0.117715,-0.195246,-0.117794
-0.116332,-0.196646,-0.114565
-0.114988,-0.196611,-0.114139
-0.112132,-0.198598,-0.112561
-0.112058,-0.197197,-0.108933
-0.110719,-0.196643,-0.110877
-0.110246,-0.197310,-0.109614
-0.106968,-0.197016,-0.107647
-0.104720,-0.196858,-0.107833
-0.104871,-0.195804,-0.106232
-0.103777,-0.196756,-0.105801
-0.101780,-0.195203,-0.103965
-0.100836,-0.197046,-0.103932
-0.098821,-0.194802,-0.103097
-0.096842,-0.196986,-0.101803
-0.095431,-0.196795,-0.103017
-0.095148,-0.196727,-0.101499
-0.092636,-0.195516,-0.099878
-0.093297,-0.198318,-0.101667
-0.090420,-0.195155,-0.101855
-0.088752,-0.196269,-0.100528
-0.087750,-0.196120,-0.100153
-0.087406,-0.194909,-0.101486
-0.083762,-0.195605,-0.100587
-0.083276,-0.197790,-0.100652
-0.082295,-0.197018,-0.097140
-0.080431,-0.195818,-0.100131
-0.080299,-0.195112,-0.096660
-0.078043,-0.196036,-0.096500
-0.076735,-0.195695,-0.098170
-0.074170,-0.195539,-0.097788
-0.073270,-0.194319,-0.100508
-0.073981,-0.195794,-0.099154
-0.070748,-0.197478,-0.097856
-0.068387,-0.195309,-0.098930
-0.068280,-0.196844,-0.101240
-0.065973,-0.195282,-0.099699
-0.066602,-0.195886,-0.099887
-0.065730,-0.194780,-0.099519
-0.062551,-0.196055,-0.099355
-0.061830,-0.195383,-0.099080
-0.059407,-0.197301,-0.100602
-0.058274,-0.197267,-0.101581
-0.059199,-0.195185,-0.098655
-0.057153,-0.195361,-0.099959
-0.053074,-0.196055,-0.100695
-0.052411,-0.194740,-0.100421
-0.051876,-0.196245,-0.100535
-0.049856,-0.197211,-0.100790
-0.049499,-0.196492,-0.101814
-0.047975,-0.197029,-0.099735
-0.045316,-0.195807,-0.101881
-0.045254,-0.195786,-0.101157
-0.044610,-0.195904,-0.097388
-0.042009,-0.197140,-0.098360
-0.040591,-0.195504,-0.098896
-0.039963,-0.195552,-0.099017
-0.036844,-0.193810,-0.095659
-0.035322,-0.194779,-0.097389
-0.036986,-0.197661,-0.097660
-0.033966,-0.196152,-0.100461
-0.031682,-0.197360,-0.099852
-0.030796,-0.196050,-0.099849
-0.031233,-0.196438,-0.100098
-0.027239,-0.194922,-0.100446
-0.026571,-0.196237,-0.100163
-0.024797,-0.194379,-0.100109
-0.024770,-0.194374,-0.098981
-0.022743,-0.195722,-0.098443
-0.020980,-0.194268,-0.097025
-0.018898,-0.193952,-0.099580
-0.019367,-0.195337,-0.095575
-0.017834,-0.195158,-0.096423
-0.016372,-0.196457,-0.096822
-0.014867,-0.196148,-0.095023
-0.014136,-0.196177,-0.094932
-0.012762,-0.195828,-0.093266
-0.010556,-0.193260,-0.091993
-0.008687,-0.193773,-0.093097
-0.006946,-0.195583,-0.091281
-0.005246,-0.196066,-0.091244
-0.005027,-0.197539,-0.090874
-0.003930,-0.195424,-0.093159
-0.002404,-0.196974,-0.090214
-0.000053,-0.193997,-0.088430
0.000528,-0.196187,-0.088497
0.000589,-0.197564,-0.088017
0.002409,-0.194525,-0.086692
0.004843,-0.194936,-0.088059
0.007537,-0.196242,-0.084237
0.007728,-0.194020,-0.085027
0.010394,-0.194572,-0.086034
0.011431,-0.195062,-0.084545
0.011056,-0.196216,-0.084790
0.012590,-0.194467,-0.082397
0.012650,-0.192805,-0.083336
0.018954,-0.194428,-0.083650
0.016087,-0.195339,-0.084569
0.019354,-0.196053,-0.082570
0.020317,-0.194941,-0.082668
0.020606,-0.195797,-0.082402
0.023766,-0.193976,-0.081851
0.022503,-0.193013,-0.080714
0.025155,-0.195475,-0.081477
0.027582,-0.192293,-0.080234
0.028489,-0.196104,-0.080966
0.029793,-0.194126,-0.080123
0.029546,-0.195320,-0.080713
0.031581,-0.194073,-0.079301
0.033412,-0.196015,-0.082476
0.036072,-0.195767,-0.080180
0.036425,-0.194861,-0.081344
0.037953,-0.195999,-0.081218
0.038397,-0.194840,-0.081903
0.039523,-0.193960,-0.082211
0.042526,-0.195920,-0.080225
0.042311,-0.195121,-0.081033
0.043759,-0.196711,-0.079499
0.046590,-0.193967,-0.079953
0.048252,-0.193841,-0.080155
0.048794,-0.195387,-0.078144
0.050685,-0.195012,-0.080311
0.051045,-0.195013,-0.078669
0.052483,-0.195147,-0.079919
0.055437,-0.194129,-0.079453
0.055989,-0.193866,-0.077105
0.055673,-0.195113,-0.078568
0.058194,-0.194704,-0.078095
0.060475,-0.192583,-0.078118
0.061472,-0.194195,-0.076711
0.061250,-0.196627,-0.076256
0.063318,-0.194012,-0.075963
0.065587,-0.194105,-0.074553
0.066463,-0.193536,-0.074958
0.068586,-0.194303,-0.074437
0.070044,-0.193993,-0.073510
0.070492,-0.194751,-0.071097
0.072021,-0.193079,-0.072602
0.071768,-0.193709,-0.073968
0.074959,-0.194828,-0.070566
0.076147,-0.193961,-0.071647
0.077112,-0.194211,-0.072203
0.078165,-0.195713,-0.071288
0.081467,-0.192383,-0.070139
0.080123,-0.191599,-0.068950
0.082270,-0.195062,-0.070038
0.086146,-0.193698,-0.067742
0.085315,-0.195244,-0.067000
0.085469,-0.194223,-0.069016
0.088095,-0.194375,-0.067794
0.088972,-0.193963,-0.068001
0.090601,-0.193619,-0.066823
0.093627,-0.194041,-0.067038
0.094460,-0.194858,-0.067267
0.095838,-0.192931,-0.067357
0.100374,-0.194639,-0.064611
0.098290,-0.195228,-0.063662
0.098194,-0.191948,-0.065463
0.101100,-0.192636,-0.063956
0.103532,-0.193062,-0.063066
0.101526,-0.195199,-0.063030
0.105052,-0.194106,-0.063636
0.106528,-0.193180,-0.062978
0.110029,-0.193571,-0.061199
0.108323,-0.191226,-0.061512
0.110742,-0.193857,-0.061439
0.112464,-0.192997,-0.061535
0.111039,-0.195251,-0.061535
0.115380,-0.193848,-0.062828
0.117447,-0.192514,-0.059014
0.116411,-0.192094,-0.060787
0.118452,-0.194651,-0.059613
0.119926,-0.193381,-0.059689
0.120843,-0.193594,-0.060734
0.123249,-0.193655,-0.059423
0.124333,-0.192811,-0.060382
0.124980,-0.192802,-0.060563
0.127291,-0.192753,-0.058517
0.126621,-0.192749,-0.061294
0.129294,-0.192850,-0.059834
0.130588,-0.191729,-0.061598
0.131162,-0.194034,-0.062259
0.134834,-0.192394,-0.062721
0.134316,-0.194049,-0.061603
0.133434,-0.194636,-0.064203
0.137644,-0.193903,-0.061911
0.137906,-0.192892,-0.063667
0.141737,-0.192364,-0.062393
0.142796,-0.193052,-0.064232
0.144530,-0.193383,-0.064391
0.143837,-0.194248,-0.064488
0.145666,-0.194175,-0.063665
0.146792,-0.194489,-0.068115
0.148361,-0.195440,-0.067621
0.148868,-0.192485,-0.068373
0.152210,-0.194013,-0.070341
0.152450,-0.194162,-0.071598
0.154174,-0.195044,-0.072803
0.156202,-0.194644,-0.073134
0.156862,-0.194701,-0.075243
0.157274,-0.194063,-0.074581
0.158579,-0.194149,-0.076540
0.160005,-0.193233,-0.077231
0.160728,-0.193431,-0.080130
0.164268,-0.193597,-0.079682
0.164157,-0.194999,-0.081433
0.167119,-0.193904,-0.084440
0.168626,-0.194219,-0.086823
0.168559,-0.195031,-0.088960
0.170623,-0.194400,-0.090000
0.173810,-0.194098,-0.093884
0.173068,-0.195428,-0.091626
0.174143,-0.195772,-0.096108
0.175911,-0.197025,-0.099462
0.178552,-0.198357,-0.104959
0.178247,-0.195378,-0.111072
0.181195,-0.197898,-0.113549
0.180823,-0.196122,-0.120694
0.183769,-0.198241,-0.128635
-0.132069,-0.196553,-0.153909
-0.131765,-0.196270,-0.148366
-0.130220,-0.197670,-0.140574
-0.126716,-0.195831,-0.134546
-0.125712,-0.196847,-0.131318
-0.123933,-0.196252,-0.128866
-0.122352,-0.197155,-0.125367
-0.120063,-0.195303,-0.125371
-0.119958,-0.196781,-0.122103
-0.118443,-0.196121,-0.119638
-0.114880,-0.196420,-0.115425
-0.115032,-0.195387,-0.114245
-0.112279,-0.194635,-0.111814
-0.111953,-0.193953,-0.110924
-0.110810,-0.195525,-0.110658
-0.107984,-0.193715,-0.109029
-0.107714,-0.195211,-0.109013
-0.107407,-0.193785,-0.107929
-0.105852,-0.195616,-0.105005
-0.101550,-0.195566,-0.106425
-0.100392,-0.195618,-0.107048
-0.100700,-0.192397,-0.103783
-0.100363,-0.194081,-0.104142
-0.097779,-0.193400,-0.102495
-0.097772,-0.196216,-0.102129
-0.093867,-0.194442,-0.102924
-0.091374,-0.195431,-0.102403
-0.092166,-0.194022,-0.102077
-0.092921,-0.195636,-0.100650
-0.089143,-0.195984,-0.100839
-0.088167,-0.195123,-0.101635
-0.085681,-0.193542,-0.101260
-0.084727,-0.195890,-0.101428
-0.083594,-0.194127,-0.098660
-0.081136,-0.193844,-0.100045
-0.081183,-0.195991,-0.098998
-0.080373,-0.194106,-0.098255
-0.078215,-0.194014,-0.098239
-0.078936,-0.193661,-0.100737
-0.075860,-0.193678,-0.100577
-0.074114,-0.194369,-0.100008
-0.072340,-0.194580,-0.098325
-0.070704,-0.195325,-0.100333
-0.069005,-0.191995,-0.099983
-0.066268,-0.194426,-0.099434
-0.066113,-0.194241,-0.099689
-0.065683,-0.194462,-0.100364
-0.063778,-0.194700,-0.099501
-0.062322,-0.195093,-0.099883
-0.060100,-0.195277,-0.099937
-0.060969,-0.193268,-0.099924
-0.058917,-0.195054,-0.101605
-0.058271,-0.193574,-0.101097
-0.054553,-0.195990,-0.099952
-0.053602,-0.192823,-0.102128
-0.052601,-0.191759,-0.100784
-0.050257,-0.193338,-0.101491
-0.051555,-0.193947,-0.099418
-0.048886,-0.194494,-0.100656
-0.047717,-0.195349,-0.099990
-0.046676,-0.191710,-0.098021
-0.045178,-0.194956,-0.100102
-0.044345,-0.194573,-0.099840
-0.042733,-0.193855,-0.099661
-0.040983,-0.193431,-0.101329
-0.039674,-0.194458,-0.099792
-0.037858,-0.194110,-0.099988
-0.036145,-0.193915,-0.098266
-0.034430,-0.194491,-0.099503
-0.033315,-0.194885,-0.098805
-0.033019,-0.193745,-0.099786
-0.029335,-0.193760,-0.099702
-0.029069,-0.191927,-0.102577
-0.028602,-0.194339,-0.098797
-0.028028,-0.193481,-0.102048
-0.024784,-0.195347,-0.099625
-0.025987,-0.195227,-0.100995
-0.022775,-0.194391,-0.098772
-0.022570,-0.194998,-0.097993
-0.019296,-0.194673,-0.097803
-0.020452,-0.194586,-0.097904
-0.016438,-0.194172,-0.095837
-0.013777,-0.192721,-0.095783
-0.014526,-0.194016,-0.094325
-0.012568,-0.191568,-0.094514
-0.012132,-0.191712,-0.091369
-0.011535,-0.194607,-0.095916
-0.008594,-0.193713,-0.093193
-0.010042,-0.194818,-0.092682
-0.006673,-0.194281,-0.091691
-0.005043,-0.193231,-0.089760
-0.004515,-0.194012,-0.087926
-0.003053,-0.193049,-0.089526
0.000480,-0.193202,-0.086155
0.001527,-0.194440,-0.088077
0.003298,-0.194364,-0.088800
0.002826,-0.193090,-0.088287
0.005989,-0.191659,-0.086078
0.006882,-0.192739,-0.084716
0.006779,-0.191688,-0.085255
0.009450,-0.193104,-0.083816
0.010978,-0.193846,-0.083219
0.010832,-0.194176,-0.083628
0.013239,-0.193014,-0.083820
0.014313,-0.193382,-0.081792
0.015460,-0.194065,-0.083105
0.016853,-0.191152,-0.082518
0.019309,-0.194074,-0.081751
0.020172,-0.193693,-0.080619
0.022216,-0.193592,-0.081393
0.021774,-0.192819,-0.078643
0.025875,-0.193514,-0.081502
0.024342,-0.194940,-0.082170
0.025227,-0.191521,-0.079890
0.028286,-0.192408,-0.080234
0.030969,-0.192661,-0.079386
0.030687,-0.195104,-0.081960
0.032705,-0.194233,-0.080467
0.033988,-0.191239,-0.080516
0.034201,-0.192174,-0.080397
0.036947,-0.194223,-0.082316
0.038448,-0.192429,-0.080845
0.039489,-0.192270,-0.081596
0.042241,-0.193858,-0.081008
0.040471,-0.193048,-0.080651
0.042645,-0.192139,-0.081375
0.044187,-0.192141,-0.081197
0.047845,-0.193400,-0.079398
0.047465,-0.194262,-0.079927
0.049549,-0.193560,-0.078929
0.049861,-0.192576,-0.078668
0.053188,-0.192449,-0.078569
0.051708,-0.193335,-0.077741
0.053674,-0.194371,-0.077148
0.056906,-0.194132,-0.080255
0.055158,-0.193729,-0.080351
0.058014,-0.194015,-0.075670
0.058481,-0.191612,-0.076436
0.061554,-0.193183,-0.077770
0.063891,-0.193226,-0.076524
0.063369,-0.193406,-0.076786
0.064845,-0.191066,-0.076725
0.067517,-0.194848,-0.076367
0.067734,-0.192027,-0.072905
0.069179,-0.190776,-0.075426
0.072432,-0.190842,-0.071808
0.072967,-0.193789,-0.071450
0.072988,-0.193199,-0.071671
0.074685,-0.192569,-0.072446
0.076422,-0.191990,-0.070597
0.078956,-0.192855,-0.070577
0.079587,-0.191923,-0.070535
0.079912,-0.191390,-0.072332
0.080869,-0.191670,-0.068065
0.082512,-0.191497,-0.067959
0.085004,-0.191238,-0.068392
0.085149,-0.192641,-0.068213
0.086435,-0.192489,-0.068422
0.088747,-0.192211,-0.066941
0.089052,-0.190939,-0.068889
0.090693,-0.192336,-0.066389
0.090943,-0.191338,-0.066835
0.094786,-0.192331,-0.068222
0.094612,-0.191727,-0.065986
0.097490,-0.192680,-0.066540
0.096440,-0.192328,-0.065795
0.100743,-0.190163,-0.063143
0.098950,-0.192752,-0.065526
0.102401,-0.191513,-0.065962
0.103361,-0.191320,-0.064073
0.104975,-0.192176,-0.063285
0.105904,-0.191408,-0.063849
0.107242,-0.192153,-0.061513
0.107580,-0.192394,-0.063279
0.109598,-0.192061,-0.061174
0.110622,-0.190821,-0.063947
0.111835,-0.192628,-0.060248
0.112818,-0.192929,-0.061683
0.115405,-0.191191,-0.059842
0.117228,-0.190509,-0.061715
0.117325,-0.190856,-0.061190
0.119959,-0.191672,-0.059645
0.121714,-0.192318,-0.060122
0.121251,-0.190505,-0.059963
0.124423,-0.191431,-0.060408
0.125066,-0.192982,-0.059902
0.127239,-0.190363,-0.059486
0.126977,-0.192129,-0.060939
0.130259,-0.189976,-0.061628
0.131781,-0.195900,-0.062375
0.132397,-0.190226,-0.062441
0.134282,-0.191171,-0.062409
0.134740,-0.193759,-0.060089
0.135444,-0.189951,-0.061197
0.138269,-0.193211,-0.063397
0.140481,-0.192483,-0.063311
0.139651,-0.191615,-0.063815
0.141107,-0.192977,-0.064421
0.143145,-0.193284,-0.064358
0.143409,-0.191975,-0.064341
0.144865,-0.191324,-0.065551
0.147826,-0.190202,-0.066351
0.148045,-0.192666,-0.068724
0.149456,-0.191715,-0.068154
0.151978,-0.194988,-0.069824
0.154216,-0.192788,-0.071611
0.153134,-0.192167,-0.071135
0.154400,-0.192394,-0.075885
0.157394,-0.194168,-0.075859
0.157090,-0.193451,-0.076707
0.158628,-0.191612,-0.077061
0.160584,-0.192202,-0.077432
0.161000,-0.194019,-0.081271
0.164517,-0.194867,-0.081111
0.164690,-0.191861,-0.083062
0.166722,-0.192575,-0.086962
0.167336,-0.192332,-0.086343
0.169327,-0.192483,-0.089509
0.171662,-0.194423,-0.089954
0.172637,-0.193062,-0.091141
0.174268,-0.194780,-0.093891
0.175902,-0.193530,-0.095853
0.177229,-0.196119,-0.099308
0.179615,-0.195282,-0.103181
0.180675,-0.194435,-0.109498
0.182070,-0.194714,-0.112999
0.182733,-0.196452,-0.118586
0.186824,-0.194030,-0.129294
-0.131987,-0.197417,-0.156359
-0.130210,-0.195215,-0.150520
-0.128800,-0.194234,-0.143971
-0.126800,-0.194594,-0.137021
-0.124703,-0.194445,-0.131726
-0.124823,-0.194909,-0.130498
-0.123553,-0.193337,-0.127339
-0.120117,-0.193302,-0.123675
-0.121014,-0.192013,-0.121287
-0.118005,-0.193956,-0.121065
-0.116503,-0.193196,-0.116736
-0.114247,-0.192976,-0.116271
-0.114692,-0.194074,-0.114042
-0.111315,-0.193598,-0.111546
-0.110865,-0.193102,-0.110801
-0.106743,-0.192284,-0.113361
-0.105348,-0.194344,-0.110252
-0.107082,-0.193697,-0.107985
-0.104929,-0.193243,-0.109342
-0.101547,-0.192175,-0.106382
-0.101573,-0.193732,-0.106883
-0.100040,-0.194939,-0.104802
-0.097957,-0.193522,-0.103583
-0.097100,-0.192815,-0.100837
-0.095447,-0.191683,-0.100671
-0.093639,-0.192347,-0.102506
-0.094335,-0.192402,-0.101958
-0.092963,-0.194887,-0.101914
-0.089989,-0.192752,-0.101012
-0.089022,-0.191836,-0.101640
-0.087966,-0.193462,-0.100667
-0.086204,-0.193103,-0.102505
-0.084279,-0.192964,-0.101037
-0.084728,-0.191157,-0.101949
-0.081174,-0.191849,-0.099970
-0.077788,-0.191685,-0.099764
-0.079722,-0.191294,-0.099717
-0.077001,-0.192464,-0.099089
-0.076300,-0.193907,-0.100892
-0.074814,-0.194087,-0.100244
-0.074116,-0.192537,-0.099093
-0.072448,-0.192931,-0.100420
-0.072180,-0.193234,-0.100682
-0.070834,-0.192783,-0.100566
-0.067027,-0.192996,-0.101376
-0.065958,-0.193505,-0.100501
-0.064253,-0.191379,-0.101685
-0.063125,-0.194432,-0.101016
-0.062060,-0.192076,-0.101577
-0.062617,-0.192929,-0.100437
-0.059071,-0.192151,-0.100960
-0.056418,-0.191807,-0.101393
-0.058599,-0.191165,-0.099515
-0.056399,-0.192086,-0.100208
-0.054781,-0.193036,-0.101466
-0.053279,-0.193395,-0.102045
-0.050392,-0.191283,-0.100347
-0.050324,-0.191977,-0.101106
-0.048267,-0.193110,-0.102021
-0.048198,-0.192968,-0.099504
-0.047407,-0.193788,-0.099303
-0.045052,-0.191868,-0.099893
-0.043448,-0.193767,-0.100391
-0.039837,-0.193118,-0.099781
-0.042698,-0.193588,-0.099754
-0.038380,-0.192391,-0.098980
-0.036515,-0.192458,-0.099771
-0.037885,-0.193958,-0.100003
-0.035960,-0.193494,-0.098803
-0.033750,-0.192412,-0.098314
-0.033417,-0.193501,-0.099565
-0.030188,-0.193472,-0.099307
-0.030837,-0.192321,-0.099524
-0.027603,-0.191212,-0.099625
-0.027641,-0.193500,-0.101198
-0.025439,-0.193211,-0.099842
-0.022385,-0.192858,-0.098404
-0.022100,-0.192559,-0.096954
-0.020319,-0.191858,-0.095112
-0.021535,-0.191693,-0.097063
-0.017220,-0.193337,-0.096951
-0.015285,-0.192964,-0.096395
-0.016381,-0.193403,-0.094927
-0.013105,-0.190198,-0.094531
-0.012867,-0.191582,-0.093440
-0.011133,-0.191500,-0.092266
-0.010653,-0.192085,-0.092504
-0.007563,-0.192732,-0.092616
-0.006866,-0.191653,-0.092558
-0.007282,-0.191729,-0.090271
-0.004802,-0.191697,-0.089601
-0.002838,-0.191450,-0.090082
-0.001971,-0.189815,-0.087134
-0.003463,-0.190810,-0.087543
0.001249,-0.190536,-0.085782
0.002444,-0.193046,-0.085042
0.003038,-0.190896,-0.085004
0.005665,-0.191541,-0.085682
0.006305,-0.190327,-0.084714
0.006096,-0.192357,-0.085056
0.009547,-0.192448,-0.084480
0.010385,-0.189789,-0.083923
0.012369,-0.190535,-0.082496
0.013573,-0.193343,-0.082674
0.015027,-0.192394,-0.081854
0.016569,-0.192758,-0.081176
0.017318,-0.190133,-0.083272
0.019013,-0.191993,-0.082690
0.018660,-0.191047,-0.082936
0.021352,-0.191928,-0.082037
0.021215,-0.191215,-0.079739
0.025934,-0.191446,-0.082061
0.025589,-0.192248,-0.079257
0.026884,-0.192030,-0.080729
0.029658,-0.191432,-0.081101
0.029637,-0.191161,-0.082247
0.031376,-0.192191,-0.081969
0.031609,-0.190867,-0.080752
0.034164,-0.192484,-0.081984
0.034721,-0.192735,-0.081801
0.037923,-0.192040,-0.078565
0.036750,-0.191659,-0.079909
0.038229,-0.191067,-0.080036
0.041253,-0.192732,-0.080638
0.041135,-0.193102,-0.080979
0.040971,-0.191174,-0.078706
0.044020,-0.191337,-0.081999
0.045393,-0.191923,-0.078937
0.047470,-0.192031,-0.080249
0.049784,-0.190402,-0.078494
0.051079,-0.192398,-0.078132
0.050998,-0.191606,-0.079516
0.051607,-0.191312,-0.077809
0.055383,-0.190039,-0.078360
0.054902,-0.192060,-0.078858
0.056374,-0.191069,-0.078668
0.059218,-0.191540,-0.079232
0.059716,-0.191181,-0.077032
0.061290,-0.192713,-0.076853
0.062687,-0.190894,-0.077254
0.063840,-0.192236,-0.077877
0.064572,-0.191962,-0.073482
0.065881,-0.192574,-0.075289
0.068119,-0.191160,-0.074564
0.068778,-0.191608,-0.072891
0.069498,-0.192984,-0.072490
0.072109,-0.191454,-0.072705
0.072778,-0.192409,-0.071236
0.074067,-0.190794,-0.069042
0.076404,-0.190812,-0.071275
0.079382,-0.191131,-0.071053
0.078276,-0.192288,-0.072442
0.079760,-0.189964,-0.070116
0.080350,-0.191327,-0.069092
0.082480,-0.192596,-0.069725
0.082817,-0.190626,-0.069540
0.084641,-0.190420,-0.068545
0.087575,-0.188650,-0.068359
0.088722,-0.191100,-0.068256
0.089739,-0.189540,-0.067318
0.091552,-0.190308,-0.068108
0.092055,-0.191442,-0.069153
0.092400,-0.190797,-0.067962
0.095710,-0.189916,-0.068262
0.097115,-0.191194,-0.068747
0.096767,-0.190348,-0.066828
0.099646,-0.191434,-0.068551
0.100832,-0.190479,-0.064124
0.101866,-0.190696,-0.064804
0.104233,-0.190957,-0.065238
0.102811,-0.191506,-0.062841
0.104794,-0.189736,-0.061903
0.107129,-0.194221,-0.062822
0.109004,-0.190105,-0.062960
0.110166,-0.191395,-0.061048
0.112785,-0.190384,-0.063112
0.112684,-0.190388,-0.063404
0.113678,-0.191637,-0.062645
0.116416,-0.190070,-0.063122
0.116725,-0.189712,-0.061760
0.118874,-0.190926,-0.062267
0.118578,-0.188509,-0.062375
0.121322,-0.189365,-0.061910
0.122299,-0.189386,-0.060734
0.121229,-0.189563,-0.058585
0.124772,-0.191164,-0.058365
0.125347,-0.189871,-0.062526
0.127596,-0.190243,-0.060749
0.129102,-0.189201,-0.061497
0.128976,-0.190353,-0.061548
0.131789,-0.189478,-0.062800
0.134525,-0.191721,-0.061710
0.134226,-0.191090,-0.062042
0.136901,-0.189684,-0.062449
0.137762,-0.191098,-0.063636
0.139828,-0.190711,-0.062270
0.140572,-0.190012,-0.064285
0.139345,-0.190525,-0.063784
0.142540,-0.192052,-0.064677
0.144345,-0.190896,-0.065082
0.145428,-0.191956,-0.066602
0.146632,-0.191336,-0.068434
0.146093,-0.190839,-0.068991
0.150769,-0.190565,-0.068469
0.150539,-0.192061,-0.068479
0.152540,-0.191229,-0.071288
0.153350,-0.189301,-0.071817
0.154279,-0.192006,-0.074934
0.158077,-0.189483,-0.075021
0.157670,-0.191210,-0.074038
0.159006,-0.190391,-0.076199
0.162740,-0.190205,-0.079204
0.162264,-0.191669,-0.081367
0.163191,-0.190770,-0.081518
0.164017,-0.192286,-0.083957
0.166180,-0.191448,-0.084897
0.165579,-0.192120,-0.087047
0.168508,-0.192856,-0.088598
0.171447,-0.193675,-0.091385
0.171254,-0.193006,-0.093020
0.172097,-0.192720,-0.094218
0.174044,-0.191810,-0.095580
0.175528,-0.195648,-0.099800
0.177565,-0.192571,-0.105136
0.179346,-0.193365,-0.110087
0.182520,-0.191803,-0.113261
0.183653,-0.195554,-0.119327
0.185128,-0.195196,-0.130492
-0.129790,-0.192608,-0.151925
-0.131141,-0.192751,-0.143994
-0.126648,-0.192741,-0.140300
-0.127045,-0.194103,-0.133064
-0.123061,-0.193204,-0.131390
-0.124395,-0.191831,-0.128284
-0.122742,-0.192682,-0.125194
-0.119747,-0.193172,-0.123431
-0.118800,-0.190975,-0.121565
-0.116814,-0.192071,-0.117079
-0.112708,-0.191419,-0.115405
-0.114096,-0.191625,-0.114404
-0.111677,-0.191386,-0.112926
-0.110051,-0.190715,-0.110999
-0.106146,-0.192489,-0.110613
-0.109080,-0.191209,-0.112611
-0.106053,-0.192875,-0.109720
-0.106240,-0.191925,-0.110040
-0.102687,-0.190198,-0.107591
-0.100267,-0.190123,-0.106658
-0.103027,-0.190666,-0.106962
-0.097022,-0.191240,-0.104392
-0.097948,-0.190220,-0.104842
-0.096866,-0.191013,-0.102697
-0.093474,-0.190122,-0.104011
-0.092578,-0.190488,-0.103622
-0.092282,-0.190365,-0.101595
-0.089272,-0.191806,-0.100131
-0.088516,-0.191770,-0.103370
-0.087469,-0.191921,-0.101043
-0.087167,-0.190601,-0.101836
-0.085454,-0.189873,-0.101731
-0.083952,-0.189681,-0.100813
-0.082506,-0.191896,-0.099768
-0.083240,-0.191612,-0.102153
-0.077277,-0.192089,-0.101036
-0.076698,-0.191178,-0.099947
-0.076120,-0.191179,-0.098255
-0.074334,-0.191318,-0.100296
-0.074888,-0.190553,-0.100057
-0.072064,-0.189753,-0.101400
-0.070327,-0.191636,-0.098269
-0.068049,-0.192009,-0.100137
-0.068883,-0.189995,-0.100220
-0.066076,-0.191589,-0.101433
-0.064929,-0.190605,-0.100427
-0.064499,-0.192411,-0.101599
-0.061314,-0.192504,-0.101339
-0.062325,-0.190807,-0.102074
-0.059540,-0.191889,-0.101370
-0.056768,-0.190653,-0.102160
-0.056516,-0.190547,-0.099102
-0.055596,-0.190067,-0.102433
-0.053855,-0.192584,-0.101180
-0.052194,-0.193299,-0.101305
-0.051302,-0.191174,-0.099552
-0.050088,-0.190176,-0.101424
-0.048538,-0.192230,-0.101446
-0.047460,-0.189714,-0.099964
-0.046213,-0.191704,-0.099287
-0.045147,-0.190545,-0.101744
-0.042870,-0.190316,-0.099992
-0.043178,-0.191184,-0.099577
-0.039912,-0.189972,-0.099801
-0.040326,-0.190671,-0.100567
-0.038119,-0.190370,-0.100156
-0.035304,-0.190409,-0.098254
-0.034589,-0.190471,-0.099516
-0.033330,-0.190902,-0.098698
-0.032356,-0.192591,-0.099002
-0.031792,-0.190268,-0.099000
-0.030828,-0.191604,-0.100055
-0.029050,-0.191263,-0.098984
-0.026428,-0.190087,-0.099664
-0.024705,-0.191895,-0.099028
-0.024062,-0.191166,-0.098267
-0.021809,-0.191020,-0.097658
-0.022846,-0.190086,-0.096334
-0.021159,-0.192060,-0.098467
-0.017880,-0.189970,-0.096491
-0.018677,-0.190443,-0.096045
-0.016626,-0.191036,-0.093511
-0.014209,-0.189999,-0.093566
-0.011449,-0.189634,-0.093546
-0.013206,-0.191972,-0.094015
-0.012931,-0.189700,-0.093621
-0.009407,-0.188897,-0.092215
-0.007306,-0.190031,-0.092350
-0.004334,-0.189275,-0.089390
-0.004628,-0.188853,-0.090289
-0.004598,-0.190213,-0.088890
-0.000771,-0.191408,-0.087880
-0.000094,-0.191982,-0.086910
-0.001241,-0.189697,-0.086867
0.002949,-0.190748,-0.085810
0.003705,-0.189858,-0.087067
0.005735,-0.191482,-0.084839
0.006836,-0.189993,-0.083449
0.008536,-0.189268,-0.083537
0.009172,-0.188963,-0.082904
0.009943,-0.190308,-0.083558
0.011351,-0.189899,-0.083409
0.012635,-0.188906,-0.082014
0.013810,-0.190862,-0.081391
0.017066,-0.188621,-0.080571
0.017086,-0.189703,-0.081364
0.018072,-0.189683,-0.081922
0.019639,-0.191288,-0.081424
0.021134,-0.190747,-0.080112
0.022111,-0.191008,-0.081317
0.024007,-0.190578,-0.080678
0.024455,-0.189599,-0.081931
0.025912,-0.189454,-0.079258
0.029441,-0.190767,-0.080392
0.030187,-0.189094,-0.079937
0.031682,-0.189931,-0.079397
0.032328,-0.189064,-0.079978
0.035111,-0.188733,-0.079636
0.033904,-0.192143,-0.081916
0.036885,-0.188466,-0.079175
0.039140,-0.189297,-0.078196
0.039204,-0.190392,-0.081082
0.039881,-0.190135,-0.080106
0.043063,-0.190176,-0.081339
0.043948,-0.188283,-0.080649
0.044979,-0.187847,-0.080543
0.045590,-0.189538,-0.077556
0.046615,-0.189256,-0.079379
0.049107,-0.189889,-0.079584
0.050123,-0.190868,-0.080020
0.052012,-0.190710,-0.079042
0.051292,-0.187866,-0.077430
0.054037,-0.189401,-0.078025
0.054864,-0.188743,-0.079958
0.057637,-0.190075,-0.079277
0.058453,-0.189401,-0.076379
0.058856,-0.187904,-0.077477
0.061900,-0.189387,-0.079473
0.063331,-0.188833,-0.077955
0.063347,-0.191118,-0.076967
0.066228,-0.189941,-0.075127
0.066539,-0.189953,-0.076608
0.067216,-0.188484,-0.076156
0.070835,-0.190043,-0.074297
0.069668,-0.188702,-0.071547
0.071613,-0.189018,-0.074615
0.072795,-0.190538,-0.073293
0.075341,-0.189105,-0.071706
0.077026,-0.190606,-0.073178
0.077901,-0.191065,-0.071941
0.078169,-0.188081,-0.070304
0.080442,-0.189780,-0.070319
0.082117,-0.190698,-0.072367
0.083467,-0.190327,-0.067825
0.084342,-0.187903,-0.069226
0.085834,-0.189101,-0.069437
0.086248,-0.188132,-0.070268
0.088725,-0.188992,-0.067328
0.089016,-0.188216,-0.067746
0.089975,-0.187000,-0.067671
0.091631,-0.188758,-0.066721
0.092877,-0.188495,-0.070008
0.096770,-0.188604,-0.068045
0.097102,-0.188251,-0.067240
0.096553,-0.189589,-0.065101
0.100106,-0.190437,-0.067211
0.100394,-0.188762,-0.066835
0.103425,-0.188722,-0.064678
0.102376,-0.187403,-0.064167
0.104343,-0.190495,-0.062663
0.107310,-0.188176,-0.064188
0.108456,-0.187804,-0.063334
0.107437,-0.188171,-0.063891
0.110360,-0.189575,-0.062641
0.112536,-0.190662,-0.062792
0.112652,-0.187223,-0.061998
0.113953,-0.189927,-0.062174
0.115374,-0.189781,-0.063164
0.116238,-0.187985,-0.061066
0.120849,-0.187757,-0.062958
0.120728,-0.188486,-0.060695
0.120718,-0.188164,-0.061680
0.123150,-0.188782,-0.061401
0.123376,-0.188394,-0.061065
0.126477,-0.188754,-0.060451
0.125518,-0.187400,-0.062602
0.128000,-0.187572,-0.060630
0.128238,-0.188289,-0.061499
0.130704,-0.189218,-0.062257
0.130551,-0.187875,-0.061711
0.130889,-0.190488,-0.062741
0.132515,-0.189205,-0.061614
0.136409,-0.188502,-0.064032
0.137894,-0.190090,-0.063314
0.138535,-0.189579,-0.061951
0.140899,-0.189079,-0.064602
0.141541,-0.190724,-0.065617
0.143073,-0.188625,-0.064006
0.142597,-0.188606,-0.063917
0.146747,-0.187419,-0.065481
0.145989,-0.189110,-0.068352
0.148645,-0.190356,-0.070694
0.148636,-0.187566,-0.069507
0.150762,-0.189170,-0.069827
0.152453,-0.186667,-0.072937
0.152701,-0.187037,-0.072057
0.155810,-0.189505,-0.072695
0.155681,-0.190000,-0.074991
0.158974,-0.189844,-0.075933
0.159247,-0.190268,-0.079538
0.159240,-0.190545,-0.078249
0.162963,-0.189771,-0.079052
0.164184,-0.190129,-0.082180
0.163273,-0.190037,-0.084571
0.165007,-0.189770,-0.085732
0.169654,-0.191661,-0.087333
0.169186,-0.188528,-0.090107
0.171887,-0.190367,-0.092027
0.174025,-0.190437,-0.094231
0.173578,-0.191670,-0.095590
0.174203,-0.189992,-0.096771
0.175933,-0.189756,-0.100488
0.179849,-0.191356,-0.106417
0.178045,-0.193720,-0.111600
0.180846,-0.190727,-0.113900
0.183148,-0.193208,-0.118565
0.183234,-0.191234,-0.131742
-0.131807,-0.192080,-0.153725
-0.127618,-0.192649,-0.148225
-0.128110,-0.190983,-0.141834
-0.126027,-0.191756,-0.134324
-0.123446,-0.190794,-0.132587
-0.121339,-0.193648,-0.128323
-0.120130,-0.191472,-0.125911
-0.119296,-0.190683,-0.124060
-0.118215,-0.192004,-0.121713
-0.116515,-0.190753,-0.118673
-0.115601,-0.191454,-0.118746
-0.111698,-0.190450,-0.114883
-0.112062,-0.191273,-0.113093
-0.110613,-0.190194,-0.113752
-0.107088,-0.189497,-0.111170
-0.108012,-0.189931,-0.111784
-0.106373,-0.190405,-0.109421
-0.105235,-0.190436,-0.109898
-0.103855,-0.190390,-0.109631
-0.102266,-0.190093,-0.107424
-0.099021,-0.190659,-0.106381
-0.098418,-0.189456,-0.104817
-0.098283,-0.190548,-0.105742
-0.096033,-0.190301,-0.104974
-0.094380,-0.189098,-0.103148
-0.093339,-0.188561,-0.103881
-0.091902,-0.189208,-0.102608
-0.089611,-0.189276,-0.101934
-0.089173,-0.189475,-0.102550
-0.088121,-0.188848,-0.102754
-0.087669,-0.191456,-0.102760
-0.086078,-0.189776,-0.102514
-0.083952,-0.189230,-0.102462
-0.083367,-0.189884,-0.100080
-0.081839,-0.188688,-0.101594
-0.079204,-0.187737,-0.098050
-0.077494,-0.189651,-0.102205
-0.075817,-0.189237,-0.098514
-0.075467,-0.190213,-0.099717
-0.074874,-0.188789,-0.099090
-0.073716,-0.188898,-0.100003
-0.070191,-0.189058,-0.099491
-0.071655,-0.188785,-0.100214
-0.070087,-0.188884,-0.101143
-0.065729,-0.190532,-0.103293
-0.066143,-0.189211,-0.102172
-0.063249,-0.188514,-0.100623
-0.064171,-0.189182,-0.100119
-0.061899,-0.190861,-0.101860
-0.059955,-0.189573,-0.101519
-0.059280,-0.189564,-0.103637
-0.058477,-0.190099,-0.102164
-0.055589,-0.189248,-0.103388
-0.053579,-0.190157,-0.100727
-0.052703,-0.189159,-0.101696
-0.051031,-0.189119,-0.101954
-0.052035,-0.191135,-0.102290
-0.048915,-0.189035,-0.103219
-0.047662,-0.189969,-0.102710
-0.048175,-0.187632,-0.101408
-0.046517,-0.189490,-0.099501
-0.044797,-0.189262,-0.100140
-0.041274,-0.191809,-0.100529
-0.039702,-0.188934,-0.099218
-0.040859,-0.189911,-0.098847
-0.037835,-0.189153,-0.099501
-0.037712,-0.189284,-0.098011
-0.036063,-0.189791,-0.101167
-0.034669,-0.190307,-0.099568
-0.033058,-0.190881,-0.099146
-0.030325,-0.189787,-0.099871
-0.029673,-0.192177,-0.101750
-0.028390,-0.190124,-0.098958
-0.027741,-0.188428,-0.099398
-0.024754,-0.189357,-0.097588
-0.022824,-0.189803,-0.097931
-0.020951,-0.189956,-0.097379
-0.021069,-0.188577,-0.097350
-0.021031,-0.189280,-0.096813
-0.017607,-0.190462,-0.095377
-0.017310,-0.189062,-0.096211
-0.017235,-0.188954,-0.095475
-0.014748,-0.189263,-0.094615
-0.013139,-0.188079,-0.093720
-0.013098,-0.189527,-0.091383
-0.011208,-0.188134,-0.093292
-0.009204,-0.190356,-0.092322
-0.007010,-0.188162,-0.092901
-0.004572,-0.190690,-0.088560
-0.006130,-0.188165,-0.089973
-0.005476,-0.188330,-0.089865
-0.002133,-0.188421,-0.087604
-0.001163,-0.191245,-0.087571
0.002100,-0.190122,-0.085552
0.003847,-0.189378,-0.086189
0.004491,-0.189000,-0.084063
0.006420,-0.188698,-0.083676
0.005417,-0.189032,-0.084284
0.007928,-0.187335,-0.083264
0.008897,-0.188708,-0.082694
0.008680,-0.188130,-0.083752
0.012428,-0.188270,-0.083475
0.012440,-0.187299,-0.081035
0.015507,-0.189825,-0.081398
0.015802,-0.188044,-0.081441
0.016768,-0.189242,-0.080438
0.018030,-0.187994,-0.082004
0.021453,-0.188310,-0.081332
0.020091,-0.188909,-0.081089
0.022942,-0.188003,-0.079077
0.024305,-0.186369,-0.080172
0.025950,-0.187687,-0.081442
0.026022,-0.189301,-0.080003
0.028994,-0.187868,-0.080255
0.029498,-0.188190,-0.079320
0.031323,-0.186791,-0.079173
0.032926,-0.188113,-0.079064
0.033762,-0.187232,-0.078267
0.033437,-0.187944,-0.080613
0.036318,-0.188133,-0.080465
0.036590,-0.188903,-0.080390
0.039509,-0.188670,-0.079037
0.039391,-0.188855,-0.080220
0.039153,-0.190603,-0.079977
0.041805,-0.188456,-0.080274
0.044607,-0.188531,-0.078893
0.044245,-0.187495,-0.078855
0.047896,-0.188962,-0.076939
0.048462,-0.187251,-0.077674
0.050651,-0.186950,-0.078561
0.052071,-0.190087,-0.078609
0.052099,-0.187883,-0.078949
0.056067,-0.187711,-0.078915
0.056628,-0.189562,-0.078116
0.059082,-0.187729,-0.077949
0.060108,-0.188197,-0.076829
0.059431,-0.188155,-0.077802
0.060220,-0.189151,-0.077040
0.063136,-0.188880,-0.078243
0.063342,-0.189266,-0.078109
0.065640,-0.188900,-0.076775
0.068304,-0.188321,-0.074256
0.068805,-0.188675,-0.074934
0.065574,-0.188373,-0.074088
0.071061,-0.188164,-0.073983
0.072823,-0.188606,-0.073848
0.074387,-0.188537,-0.072899
0.075088,-0.186107,-0.072030
0.074032,-0.188974,-0.073070
0.077127,-0.187619,-0.070818
0.079156,-0.187310,-0.072193
0.082152,-0.187311,-0.070867
0.078814,-0.187554,-0.070957
0.083274,-0.187148,-0.070901
0.085385,-0.186505,-0.069137
0.085668,-0.188324,-0.069292
0.087392,-0.186355,-0.068038
0.086606,-0.188536,-0.066719
0.089091,-0.187514,-0.068805
0.090173,-0.189305,-0.067444
0.092925,-0.185507,-0.068488
0.091988,-0.186570,-0.068887
0.096030,-0.186921,-0.070211
0.094943,-0.186174,-0.069512
0.095294,-0.186693,-0.066374
0.098835,-0.188910,-0.067941
0.101242,-0.186478,-0.066731
0.100760,-0.188149,-0.064306
0.103917,-0.186710,-0.064391
0.104074,-0.186868,-0.061965
0.106458,-0.189368,-0.066897
0.106995,-0.189015,-0.062769
0.107008,-0.187255,-0.063894
0.111278,-0.188146,-0.063070
0.112723,-0.186714,-0.065311
0.113208,-0.187732,-0.064053
0.114898,-0.185854,-0.064142
0.113840,-0.186580,-0.062268
0.115779,-0.188005,-0.061001
0.118947,-0.189091,-0.061916
0.118441,-0.187509,-0.060619
0.119146,-0.188062,-0.061761
0.122169,-0.187077,-0.062342
0.124305,-0.187479,-0.062123
0.125528,-0.188211,-0.060364
0.125177,-0.187001,-0.062686
0.126685,-0.189019,-0.062263
0.128354,-0.186970,-0.060743
0.130732,-0.188248,-0.062818
0.131259,-0.187254,-0.062631
0.132462,-0.186971,-0.062103
0.134340,-0.188326,-0.063659
0.135875,-0.187411,-0.064291
0.138005,-0.187861,-0.063061
0.138860,-0.187922,-0.064615
0.139847,-0.186730,-0.064393
0.142243,-0.186724,-0.067057
0.143084,-0.188016,-0.063632
0.142692,-0.187639,-0.065408
0.143282,-0.188173,-0.066056
0.144604,-0.187584,-0.067125
0.149034,-0.186823,-0.068524
0.149914,-0.188555,-0.070174
0.150100,-0.187691,-0.068643
0.152462,-0.187778,-0.072172
0.156364,-0.188187,-0.071189
0.154150,-0.187646,-0.074055
0.156808,-0.186868,-0.075807
0.158352,-0.189020,-0.076219
0.160398,-0.189329,-0.079899
0.162269,-0.188929,-0.077578
0.162386,-0.188621,-0.078854
0.164366,-0.187810,-0.082829
0.165757,-0.188084,-0.086003
0.166090,-0.187245,-0.085985
0.170568,-0.190030,-0.088341
0.169920,-0.188745,-0.088701
0.169994,-0.191142,-0.090465
0.171609,-0.188921,-0.094292
0.173402,-0.190017,-0.095332
0.177016,-0.187974,-0.097466
0.177832,-0.188261,-0.100412
0.179179,-0.189858,-0.108002
0.180454,-0.190668,-0.112145
0.182285,-0.189504,-0.113321
0.183990,-0.191310,-0.119561
0.183681,-0.191725,-0.133854
-0.132492,-0.192219,-0.154935
-0.129450,-0.190063,-0.151636
-0.127225,-0.189889,-0.145958
-0.125856,-0.190141,-0.138855
-0.125096,-0.189705,-0.133916
-0.122276,-0.187377,-0.130038
-0.121610,-0.188406,-0.130065
-0.117999,-0.189537,-0.126737
-0.118988,-0.188830,-0.122997
-0.115828,-0.188600,-0.120133
-0.116194,-0.188164,-0.119159
-0.112948,-0.188387,-0.116421
-0.111971,-0.188899,-0.114186
-0.109503,-0.189149,-0.113892
-0.108653,-0.187662,-0.113789
-0.105949,-0.189490,-0.113042
-0.106660,-0.188678,-0.111601
-0.107480,-0.188126,-0.109922
-0.103512,-0.188803,-0.109339
-0.101989,-0.187662,-0.105718
-0.099100,-0.187956,-0.106064
-0.097822,-0.187252,-0.105247
-0.096926,-0.187659,-0.104833
-0.097161,-0.189260,-0.105598
-0.094881,-0.188375,-0.104189
-0.094200,-0.187635,-0.103559
-0.092017,-0.187662,-0.103453
-0.091314,-0.187814,-0.103866
-0.088106,-0.189816,-0.101980
-0.086269,-0.188173,-0.103309
-0.086081,-0.186722,-0.101933
-0.083532,-0.188408,-0.102728
-0.084069,-0.189656,-0.102022
-0.081815,-0.188305,-0.102109
-0.082322,-0.187125,-0.101921
-0.078472,-0.188198,-0.100353
-0.078929,-0.188410,-0.101030
-0.076262,-0.186643,-0.099724
-0.075974,-0.187295,-0.099949
-0.074826,-0.188343,-0.101497
-0.072338,-0.187816,-0.101895
-0.070366,-0.190838,-0.101489
-0.069595,-0.188667,-0.099162
-0.068463,-0.189450,-0.101111
-0.067006,-0.187538,-0.103349
-0.064585,-0.188872,-0.103975
-0.062032,-0.186105,-0.102223
-0.063834,-0.187926,-0.104043
-0.060768,-0.187937,-0.099249
-0.058134,-0.187769,-0.102482
-0.057758,-0.188479,-0.101979
-0.057419,-0.188677,-0.100731
-0.055351,-0.188050,-0.100961
-0.054548,-0.188425,-0.102291
-0.051838,-0.187130,-0.101313
-0.053158,-0.187342,-0.102434
-0.051826,-0.188117,-0.101190
-0.048458,-0.185928,-0.100350
-0.048086,-0.187773,-0.100183
-0.045828,-0.187455,-0.098580
-0.044971,-0.189275,-0.100026
-0.043859,-0.188534,-0.098958
-0.040701,-0.188194,-0.099106
-0.041366,-0.187322,-0.099297
-0.041202,-0.186136,-0.098648
-0.037134,-0.187238,-0.098876
-0.037493,-0.187252,-0.097708
-0.034841,-0.187856,-0.099737
-0.034686,-0.187874,-0.101116
-0.032186,-0.185725,-0.099268
-0.031989,-0.187079,-0.101562
-0.030224,-0.187972,-0.099802
-0.028142,-0.187813,-0.098984
-0.025083,-0.187917,-0.097440
-0.027779,-0.189510,-0.098516
-0.023006,-0.188151,-0.096795
-0.020328,-0.187621,-0.096838
-0.021645,-0.186018,-0.097413
-0.021443,-0.187110,-0.096624
-0.018660,-0.187765,-0.095461
-0.017429,-0.186019,-0.095832
-0.016151,-0.187567,-0.093331
-0.014350,-0.187600,-0.094648
-0.013009,-0.188583,-0.092945
-0.012124,-0.186827,-0.094317
-0.010593,-0.187868,-0.091913
-0.007880,-0.187760,-0.091034
-0.006154,-0.187335,-0.091146
-0.006279,-0.187958,-0.090752
-0.004247,-0.188881,-0.088308
-0.002098,-0.185994,-0.087799
-0.002018,-0.186401,-0.088417
-0.000817,-0.187851,-0.088017
0.001449,-0.186765,-0.086702
0.003005,-0.189085,-0.083760
0.003134,-0.186600,-0.085107
0.003450,-0.183787,-0.084009
0.006197,-0.184936,-0.084224
0.006678,-0.189538,-0.082727
0.008485,-0.187836,-0.084244
0.010809,-0.186545,-0.081207
0.010666,-0.186284,-0.083659
0.013403,-0.186829,-0.081746
0.015893,-0.184912,-0.081551
0.014828,-0.187951,-0.082326
0.017252,-0.187090,-0.079307
0.018540,-0.186807,-0.081405
0.018917,-0.185704,-0.080647
0.020387,-0.187306,-0.080013
0.022794,-0.186644,-0.080022
0.025145,-0.186115,-0.079386
0.025606,-0.187067,-0.080323
0.026348,-0.186008,-0.079933
0.028089,-0.187977,-0.081042
0.028711,-0.188043,-0.078225
0.030318,-0.185383,-0.079312
0.033305,-0.187847,-0.078396
0.033073,-0.188318,-0.079125
0.036039,-0.187674,-0.079044
0.036334,-0.186263,-0.078983
0.039827,-0.186980,-0.079384
0.040159,-0.184989,-0.079389
0.040023,-0.186310,-0.081189
0.043626,-0.187483,-0.079991
0.043840,-0.187357,-0.078992
0.045090,-0.186443,-0.080919
0.045182,-0.186396,-0.080222
0.047783,-0.186965,-0.077792
0.050032,-0.185040,-0.078052
0.050481,-0.185326,-0.079182
0.052550,-0.187199,-0.078548
0.052483,-0.185706,-0.079344
0.053598,-0.185501,-0.075943
0.055893,-0.186428,-0.078911
0.055250,-0.187475,-0.080032
0.059616,-0.185541,-0.077821
0.060840,-0.186461,-0.076825
0.061206,-0.185839,-0.077649
0.062741,-0.185591,-0.078234
0.063067,-0.187196,-0.078021
0.065446,-0.187304,-0.076268
0.064966,-0.185365,-0.075800
0.067012,-0.185122,-0.074785
0.070083,-0.186078,-0.071995
0.071877,-0.188211,-0.073746
0.071663,-0.187907,-0.073249
0.072696,-0.186125,-0.071716
0.073563,-0.186112,-0.072719
0.077702,-0.186619,-0.073319
0.076766,-0.186687,-0.071049
0.080107,-0.185874,-0.069172
0.080317,-0.186206,-0.072133
0.081662,-0.187261,-0.068498
0.084926,-0.185867,-0.069438
0.084030,-0.185003,-0.071995
0.085368,-0.184889,-0.069939
0.086458,-0.185915,-0.068125
0.088999,-0.186284,-0.067435
0.089368,-0.186587,-0.067224
0.089786,-0.188304,-0.066373
0.093160,-0.184783,-0.068662
0.095200,-0.186868,-0.070221
0.095471,-0.185353,-0.067980
0.095967,-0.186511,-0.068583
0.097433,-0.186018,-0.068666
0.099869,-0.187349,-0.064745
0.099582,-0.186818,-0.066432
0.101988,-0.186249,-0.065988
0.101406,-0.186898,-0.065485
0.101873,-0.184533,-0.065385
0.107923,-0.186556,-0.064950
0.106748,-0.186090,-0.064642
0.107128,-0.187922,-0.063336
0.111389,-0.185696,-0.062581
0.112379,-0.186249,-0.065179
0.114094,-0.186130,-0.063107
0.115010,-0.186478,-0.063629
0.115459,-0.185422,-0.063639
0.116915,-0.185774,-0.063686
0.117116,-0.185659,-0.063044
0.119842,-0.185325,-0.062960
0.120779,-0.185956,-0.061647
0.121567,-0.186307,-0.061745
0.124572,-0.185929,-0.063794
0.126093,-0.185884,-0.063308
0.125880,-0.183508,-0.061785
0.126666,-0.186009,-0.064478
0.128660,-0.185781,-0.061385
0.130785,-0.185497,-0.061386
0.131186,-0.185120,-0.064202
0.134542,-0.186246,-0.065601
0.135858,-0.183665,-0.065935
0.135999,-0.186586,-0.062745
0.135680,-0.186572,-0.064326
0.138282,-0.185199,-0.064868
0.140896,-0.186256,-0.065040
0.142131,-0.186136,-0.065939
0.144145,-0.188019,-0.066181
0.142368,-0.185926,-0.065424
0.145740,-0.186609,-0.067453
0.145549,-0.185475,-0.068416
0.147778,-0.186921,-0.068090
0.150189,-0.187737,-0.071528
0.151799,-0.187276,-0.071487
0.152762,-0.189114,-0.073426
0.153176,-0.186840,-0.072530
0.154714,-0.186412,-0.073444
0.156668,-0.187852,-0.076351
0.157360,-0.187096,-0.078315
0.160157,-0.186588,-0.077281
0.160068,-0.187884,-0.079232
0.161924,-0.186514,-0.078902
0.164353,-0.185725,-0.080487
0.162277,-0.187920,-0.084073
0.166973,-0.187289,-0.088367
0.170294,-0.188642,-0.089501
0.169266,-0.186579,-0.092132
0.171278,-0.186859,-0.092428
0.170626,-0.187974,-0.094112
0.173993,-0.186930,-0.095715
0.174587,-0.185684,-0.099629
0.176470,-0.187383,-0.101202
0.178647,-0.189465,-0.109201
0.179519,-0.189448,-0.111047
0.181556,-0.188713,-0.116087
0.183346,-0.188041,-0.120178
0.186170,-0.191882,-0.131812
-0.130114,-0.187946,-0.151107
-0.126899,-0.189220,-0.147029
-0.126048,-0.187732,-0.139550
-0.125352,-0.188228,-0.134122
-0.122578,-0.187022,-0.131015
-0.121392,-0.187859,-0.130614
-0.120125,-0.187214,-0.127884
-0.118468,-0.187428,-0.124690
-0.117220,-0.188599,-0.121996
-0.115448,-0.187006,-0.118940
-0.113587,-0.189049,-0.116074
-0.112579,-0.185211,-0.116724
-0.111669,-0.187801,-0.113596
-0.109947,-0.188626,-0.111651
-0.107081,-0.187353,-0.112217
-0.105925,-0.186648,-0.111266
-0.104193,-0.186812,-0.110949
-0.104415,-0.188672,-0.111754
-0.101004,-0.187441,-0.109730
-0.101904,-0.186733,-0.107594
-0.099331,-0.187933,-0.106417
-0.097052,-0.186257,-0.106103
-0.095720,-0.186301,-0.106578
-0.094975,-0.186282,-0.105390
-0.091115,-0.188840,-0.104635
-0.092295,-0.187296,-0.103685
-0.091157,-0.184644,-0.103530
-0.089026,-0.188246,-0.103639
-0.086031,-0.186407,-0.103901
-0.086600,-0.186370,-0.104007
-0.085507,-0.187753,-0.104208
-0.083384,-0.186909,-0.102549
-0.081865,-0.185670,-0.101292
-0.079731,-0.186105,-0.102141
-0.080009,-0.187129,-0.100411
-0.078119,-0.184278,-0.100992
-0.075747,-0.186423,-0.100945
-0.075011,-0.185745,-0.101144
-0.074294,-0.186459,-0.100609
-0.070844,-0.186530,-0.099842
-0.071521,-0.187211,-0.100421
-0.070962,-0.185054,-0.102712
-0.068854,-0.187899,-0.102869
-0.066734,-0.185814,-0.101795
-0.064762,-0.186299,-0.102236
-0.064379,-0.185100,-0.102932
-0.061293,-0.185585,-0.101482
-0.061568,-0.184816,-0.101351
-0.060828,-0.184918,-0.102315
-0.058553,-0.188802,-0.103871
-0.057927,-0.187333,-0.101451
-0.055314,-0.185490,-0.101661
-0.054783,-0.186346,-0.101417
-0.052302,-0.185528,-0.102654
-0.052168,-0.185848,-0.100260
-0.051548,-0.187607,-0.101852
-0.049406,-0.187060,-0.099360
-0.046931,-0.185614,-0.100445
-0.047214,-0.186668,-0.101408
-0.046649,-0.186798,-0.101967
-0.044538,-0.186855,-0.100381
-0.043196,-0.186438,-0.100643
-0.040812,-0.186091,-0.099079
-0.037032,-0.186148,-0.099286
-0.038803,-0.186637,-0.098706
-0.036681,-0.187116,-0.097896
-0.034101,-0.186778,-0.098740
-0.033697,-0.186787,-0.098986
-0.032189,-0.184876,-0.098632
-0.030695,-0.185700,-0.098513
-0.030905,-0.188852,-0.099076
-0.028414,-0.185868,-0.098584
-0.026599,-0.185170,-0.097506
-0.026558,-0.185214,-0.098468
-0.024072,-0.185488,-0.098905
-0.022572,-0.185393,-0.098360
-0.022930,-0.187042,-0.096723
-0.019683,-0.185778,-0.094953
-0.018884,-0.185796,-0.093421
-0.017702,-0.186869,-0.094040
-0.015332,-0.187048,-0.092518
-0.014248,-0.184673,-0.093872
-0.014581,-0.185942,-0.092342
-0.011444,-0.185425,-0.093075
-0.010501,-0.186693,-0.092633
-0.009058,-0.187625,-0.091610
-0.006050,-0.187084,-0.091098
-0.004846,-0.185695,-0.090253
-0.004844,-0.185503,-0.089304
-0.003427,-0.187932,-0.088130
-0.001522,-0.186467,-0.087953
-0.000418,-0.184667,-0.086342
0.001181,-0.186025,-0.086115
0.001714,-0.186634,-0.086898
0.002720,-0.185767,-0.083329
0.005190,-0.186491,-0.086423
0.008175,-0.186193,-0.083451
0.008414,-0.185639,-0.083290
0.009575,-0.185365,-0.082373
0.008679,-0.184453,-0.082161
0.012197,-0.184363,-0.081442
0.013070,-0.184568,-0.082472
0.015417,-0.183940,-0.082429
0.015426,-0.186444,-0.083656
0.015769,-0.184695,-0.081266
0.018069,-0.185706,-0.078961
0.018955,-0.184386,-0.082051
0.023015,-0.185179,-0.081033
0.021750,-0.185739,-0.079179
0.023532,-0.185146,-0.079648
0.025512,-0.186044,-0.079412
0.025422,-0.185611,-0.079957
0.027465,-0.184124,-0.080266
0.028820,-0.184850,-0.079549
0.032986,-0.184025,-0.079645
0.031685,-0.184997,-0.079583
0.034197,-0.184378,-0.078879
0.036894,-0.183620,-0.078442
0.035250,-0.184618,-0.079650
0.037670,-0.184478,-0.078166
0.039049,-0.185259,-0.080382
0.040272,-0.186501,-0.078501
0.042871,-0.186118,-0.078805
0.045201,-0.185705,-0.078554
0.043203,-0.185273,-0.079762
0.045497,-0.184673,-0.077837
0.046520,-0.184593,-0.079740
0.048937,-0.183899,-0.079331
0.050466,-0.184782,-0.077694
0.052478,-0.183851,-0.077203
0.052209,-0.184491,-0.076500
0.054513,-0.183368,-0.077675
0.056360,-0.185238,-0.077449
0.057724,-0.185401,-0.078626
0.058558,-0.185147,-0.078250
0.058147,-0.183848,-0.077721
0.060051,-0.183922,-0.078449
0.062930,-0.185415,-0.077199
0.063820,-0.185913,-0.075777
0.065754,-0.186093,-0.077712
0.067280,-0.184585,-0.077436
0.068322,-0.186101,-0.074437
0.068743,-0.184337,-0.073323
0.073077,-0.183758,-0.073574
0.071433,-0.184935,-0.073025
0.074626,-0.183911,-0.073143
0.074640,-0.185491,-0.072480
0.076207,-0.184889,-0.071588
0.077528,-0.186317,-0.069938
0.078352,-0.185247,-0.072023
0.079637,-0.183163,-0.071512
0.079913,-0.184100,-0.072325
0.084867,-0.184538,-0.069580
0.083796,-0.184012,-0.068977
0.086552,-0.184573,-0.069726
0.087443,-0.184938,-0.069989
0.089212,-0.184912,-0.066883
0.089083,-0.184751,-0.068012
0.090708,-0.184513,-0.068256
0.092678,-0.185516,-0.068742
0.093327,-0.185041,-0.067529
0.095040,-0.184478,-0.067739
0.096435,-0.184884,-0.066214
0.096974,-0.184287,-0.070506
0.100873,-0.183930,-0.068459
0.101432,-0.185208,-0.067694
0.101905,-0.185100,-0.065118
0.104133,-0.183838,-0.065520
0.105314,-0.185493,-0.067294
0.105105,-0.185668,-0.065891
0.106207,-0.184416,-0.065323
0.107032,-0.184019,-0.063307
0.110758,-0.185317,-0.064463
0.111097,-0.184379,-0.063771
0.112390,-0.182712,-0.064942
0.114024,-0.184316,-0.064250
0.115819,-0.186177,-0.063471
0.117880,-0.183758,-0.062372
0.119572,-0.184232,-0.064581
0.117584,-0.183381,-0.063480
0.120099,-0.185748,-0.062736
0.122696,-0.184459,-0.063576
0.123777,-0.183851,-0.063112
0.123626,-0.183696,-0.062130
0.126455,-0.184700,-0.064233
0.127877,-0.183766,-0.061558
0.129196,-0.185443,-0.063019
0.130009,-0.184111,-0.061294
0.132365,-0.184307,-0.063704
0.131482,-0.185168,-0.064961
0.133754,-0.185229,-0.064630
0.136087,-0.182019,-0.065939
0.136332,-0.183782,-0.063890
0.137732,-0.183504,-0.065261
0.138557,-0.183421,-0.065819
0.140012,-0.184708,-0.068234
0.142349,-0.184686,-0.063040
0.144718,-0.184237,-0.067165
0.145622,-0.184806,-0.067825
0.146708,-0.184427,-0.068758
0.147527,-0.185099,-0.068270
0.149934,-0.183068,-0.071376
0.150712,-0.184444,-0.072684
0.151078,-0.184070,-0.073750
0.154091,-0.185978,-0.074040
0.155310,-0.184598,-0.075954
0.157230,-0.184217,-0.078265
0.158029,-0.183681,-0.077517
0.159572,-0.184029,-0.078081
0.161335,-0.185476,-0.080559
0.162581,-0.185392,-0.079642
0.163017,-0.184489,-0.082148
0.165741,-0.186834,-0.084241
0.166108,-0.185689,-0.086296
0.167796,-0.185778,-0.088945
0.168489,-0.185651,-0.091786
0.170958,-0.185769,-0.092016
0.173789,-0.184761,-0.094470
0.172985,-0.186050,-0.097002
0.175205,-0.186118,-0.098219
0.175607,-0.186476,-0.104064
0.178522,-0.186927,-0.107315
0.179415,-0.186757,-0.111288
0.182000,-0.186540,-0.116123
0.182929,-0.187739,-0.121566
0.184821,-0.188950,-0.132174
-0.129913,-0.188401,-0.156356
-0.126720,-0.187898,-0.149715
-0.125459,-0.185947,-0.141580
-0.124295,-0.185439,-0.138052
-0.124903,-0.187447,-0.132622
-0.119215,-0.186201,-0.130710
-0.118908,-0.186697,-0.129266
-0.118758,-0.186330,-0.124687
-0.116985,-0.186675,-0.122286
-0.115457,-0.187505,-0.119644
-0.112840,-0.186817,-0.118799
-0.113719,-0.184805,-0.116537
-0.110525,-0.184231,-0.114328
-0.109295,-0.184983,-0.115146
-0.107604,-0.183583,-0.114163
-0.106243,-0.183558,-0.113278
-0.105694,-0.185516,-0.112792
-0.104852,-0.185321,-0.111956
-0.101131,-0.185614,-0.109437
-0.100356,-0.186091,-0.107638
-0.099287,-0.185087,-0.107678
-0.098221,-0.184725,-0.105651
-0.095354,-0.186893,-0.105949
-0.093834,-0.184656,-0.106864
-0.093998,-0.184473,-0.103280
-0.092279,-0.185433,-0.103991
-0.091573,-0.184352,-0.104554
-0.089694,-0.182241,-0.104713
-0.088561,-0.184519,-0.104524
-0.085102,-0.184238,-0.101903
-0.085597,-0.185008,-0.103709
-0.083308,-0.186334,-0.102396
-0.081529,-0.185799,-0.103155
-0.080014,-0.185979,-0.102280
-0.079241,-0.185106,-0.102355
-0.079574,-0.185895,-0.102847
-0.075054,-0.185612,-0.099917
-0.074944,-0.184519,-0.102436
-0.075044,-0.185793,-0.101382
-0.071703,-0.184804,-0.099258
-0.071132,-0.185417,-0.102635
-0.072069,-0.184581,-0.101236
-0.068844,-0.185196,-0.102370
-0.067477,-0.184697,-0.101690
-0.064171,-0.184532,-0.101089
-0.065498,-0.184841,-0.102351
-0.064159,-0.186921,-0.103390
-0.060265,-0.186266,-0.102452
-0.059613,-0.185482,-0.100230
-0.059399,-0.184154,-0.103982
-0.058211,-0.183258,-0.102288
-0.056919,-0.183932,-0.105326
-0.054536,-0.184251,-0.102713
-0.053389,-0.184454,-0.100379
-0.050678,-0.184969,-0.101487
-0.049548,-0.183692,-0.102211
-0.049051,-0.183740,-0.102620
-0.049226,-0.185373,-0.101993
-0.045605,-0.185131,-0.101185
-0.044956,-0.185552,-0.100017
-0.044670,-0.185677,-0.102230
-0.043773,-0.186229,-0.102114
-0.040587,-0.184608,-0.100097
-0.041279,-0.185163,-0.098354
-0.039292,-0.185602,-0.098290
-0.037162,-0.183655,-0.098935
-0.034906,-0.183419,-0.099481
-0.033551,-0.185823,-0.100210
-0.031722,-0.185227,-0.099883
-0.029483,-0.187034,-0.099000
-0.028880,-0.184582,-0.096469
-0.029109,-0.185621,-0.097461
-0.026606,-0.185961,-0.097754
-0.024949,-0.184873,-0.097575
-0.024212,-0.185909,-0.097731
-0.022025,-0.184878,-0.097120
-0.020550,-0.185298,-0.096233
-0.020982,-0.185741,-0.094034
-0.018009,-0.184626,-0.096267
-0.018238,-0.185811,-0.094559
-0.016348,-0.183805,-0.092783
-0.013153,-0.182255,-0.092522
-0.012874,-0.186170,-0.092644
-0.011571,-0.186290,-0.093422
-0.009771,-0.183941,-0.091303
-0.008863,-0.184849,-0.090611
-0.007316,-0.184103,-0.089130
-0.006287,-0.183477,-0.089955
-0.004555,-0.184766,-0.088099
-0.004982,-0.183810,-0.088147
-0.001825,-0.183620,-0.086530
-0.000482,-0.182810,-0.086604
0.001727,-0.185722,-0.086615
0.002005,-0.183101,-0.084926
0.004322,-0.184019,-0.084324
0.004273,-0.183883,-0.083547
0.006059,-0.182836,-0.083445
0.008605,-0.184500,-0.083415
0.008813,-0.184470,-0.083402
0.010924,-0.186972,-0.083015
0.012465,-0.182425,-0.082476
0.012244,-0.183091,-0.082036
0.013021,-0.185293,-0.082537
0.014034,-0.182282,-0.079892
0.016883,-0.183323,-0.081779
0.018432,-0.183416,-0.082503
0.021303,-0.184227,-0.080859
0.020707,-0.184142,-0.080142
0.023013,-0.184340,-0.078209
0.022924,-0.184200,-0.081065
0.024168,-0.183123,-0.080252
0.024491,-0.184016,-0.080128
0.027393,-0.182959,-0.079753
0.030290,-0.184164,-0.079525
0.030837,-0.182246,-0.079658
0.033492,-0.184512,-0.080653
0.034048,-0.184244,-0.079484
0.034945,-0.184597,-0.078319
0.036336,-0.181912,-0.080364
0.038078,-0.183597,-0.080207
0.039141,-0.183225,-0.079679
0.040576,-0.185081,-0.077825
0.043691,-0.182966,-0.077688
0.043296,-0.182891,-0.078730
0.045236,-0.181608,-0.078595
0.044417,-0.182643,-0.078530
0.048127,-0.182668,-0.077128
0.048616,-0.184215,-0.077841
0.048600,-0.182819,-0.077908
0.050097,-0.183842,-0.077900
0.052438,-0.182584,-0.078672
0.054908,-0.183102,-0.077748
0.054688,-0.183046,-0.077650
0.056373,-0.183976,-0.079497
0.057408,-0.181807,-0.075446
0.060880,-0.183856,-0.077805
0.063452,-0.183853,-0.078529
0.062203,-0.183626,-0.076778
0.064141,-0.182045,-0.078253
0.063723,-0.181578,-0.077532
0.065846,-0.183494,-0.075131
0.068445,-0.184102,-0.074657
0.068547,-0.184487,-0.075581
0.070298,-0.183566,-0.073693
0.073073,-0.183286,-0.073248
0.072065,-0.182373,-0.073175
0.075003,-0.182824,-0.074627
0.074319,-0.182660,-0.074274
0.075700,-0.182916,-0.073602
0.078859,-0.182370,-0.074014
0.080615,-0.184015,-0.071683
0.082010,-0.182870,-0.071582
0.082300,-0.182967,-0.071576
0.084454,-0.182320,-0.068833
0.085383,-0.183899,-0.069926
0.087683,-0.183126,-0.069101
0.087860,-0.183757,-0.069053
0.090682,-0.180721,-0.068400
0.090745,-0.182807,-0.070061
0.092819,-0.181103,-0.069080
0.094185,-0.181877,-0.068925
0.092027,-0.182373,-0.068991
0.097058,-0.181478,-0.066773
0.096961,-0.183984,-0.069043
0.099291,-0.183204,-0.067039
0.101652,-0.183060,-0.068337
0.101368,-0.182492,-0.067094
0.102685,-0.182692,-0.065606
0.105888,-0.184808,-0.066837
0.106030,-0.182899,-0.066362
0.107623,-0.183819,-0.065022
0.106635,-0.181793,-0.064576
0.109734,-0.182111,-0.065558
0.110848,-0.181764,-0.064746
0.114067,-0.181913,-0.064762
0.112945,-0.182914,-0.065071
0.116437,-0.182904,-0.064977
0.115846,-0.182824,-0.066350
0.119228,-0.182598,-0.063535
0.119132,-0.181621,-0.064677
0.119192,-0.181300,-0.065513
0.123246,-0.183990,-0.064404
0.123697,-0.184249,-0.064653
0.126920,-0.182855,-0.063732
0.126905,-0.183820,-0.064066
0.126798,-0.180540,-0.062254
0.128689,-0.182791,-0.061277
0.128708,-0.183687,-0.063669
0.133048,-0.182282,-0.064475
0.132305,-0.183025,-0.066718
0.134616,-0.181105,-0.064166
0.136996,-0.183411,-0.065618
0.137717,-0.183395,-0.064441
0.135914,-0.181032,-0.067018
0.140200,-0.182003,-0.065819
0.141656,-0.185081,-0.068331
0.141153,-0.181808,-0.067356
0.144248,-0.181884,-0.067276
0.144128,-0.183161,-0.066941
0.145258,-0.181341,-0.068474
0.148197,-0.183150,-0.070661
0.150116,-0.184083,-0.071611
0.150629,-0.183635,-0.072534
0.152949,-0.183235,-0.072617
0.155598,-0.183477,-0.075891
0.156646,-0.183522,-0.077371
0.157293,-0.181976,-0.077548
0.157426,-0.182457,-0.077099
0.160914,-0.183388,-0.079145
0.161008,-0.184799,-0.079971
0.160278,-0.184993,-0.080594
0.162338,-0.184935,-0.084703
0.165733,-0.181904,-0.082228
0.165008,-0.183892,-0.087560
0.168610,-0.185776,-0.088685
0.168544,-0.184180,-0.091463
0.170497,-0.183269,-0.093209
0.172681,-0.186284,-0.095532
0.174393,-0.185292,-0.096983
0.176339,-0.184745,-0.096960
0.176729,-0.185221,-0.100566
0.177794,-0.185253,-0.106831
0.180507,-0.185846,-0.112051
0.180101,-0.184238,-0.115449
0.183402,-0.184501,-0.121829
0.184929,-0.188047,-0.133732
-0.129041,-0.185673,-0.157089
-0.127978,-0.184644,-0.151579
-0.125588,-0.186122,-0.142974
-0.123125,-0.185462,-0.137025
-0.122944,-0.182907,-0.133711
-0.121725,-0.185562,-0.130003
-0.120817,-0.185498,-0.127668
-0.116996,-0.182984,-0.124675
-0.117063,-0.185146,-0.124300
-0.115013,-0.182293,-0.122062
-0.112478,-0.183241,-0.119265
-0.112434,-0.184626,-0.116122
-0.110614,-0.183946,-0.115315
-0.107664,-0.183011,-0.112675
-0.105750,-0.183740,-0.114159
-0.108120,-0.182648,-0.112520
-0.105223,-0.185507,-0.110762
-0.102598,-0.181168,-0.111419
-0.104018,-0.184073,-0.109658
-0.101014,-0.183725,-0.109274
-0.099316,-0.182146,-0.109195
-0.097365,-0.182510,-0.107463
-0.094385,-0.183743,-0.107493
-0.094614,-0.183555,-0.105263
-0.092881,-0.183824,-0.106203
-0.093650,-0.183885,-0.106513
-0.092479,-0.182838,-0.105593
-0.088311,-0.183744,-0.104923
-0.087162,-0.183157,-0.104547
-0.086565,-0.183636,-0.104537
-0.083844,-0.183885,-0.102605
-0.084369,-0.182439,-0.103774
-0.082016,-0.184005,-0.103732
-0.081290,-0.183142,-0.102137
-0.080226,-0.182774,-0.102576
-0.078272,-0.182021,-0.100294
-0.074513,-0.184134,-0.100583
-0.074244,-0.182382,-0.103260
-0.075107,-0.183992,-0.101259
-0.071995,-0.182651,-0.104647
-0.071205,-0.183840,-0.102451
-0.069611,-0.183760,-0.102647
-0.068373,-0.182985,-0.103249
-0.067474,-0.183651,-0.102874
-0.065598,-0.182907,-0.105114
-0.065196,-0.183885,-0.102420
-0.062163,-0.183313,-0.102272
-0.064285,-0.183729,-0.102637
-0.061435,-0.183666,-0.101766
-0.058703,-0.183034,-0.102593
-0.055955,-0.182616,-0.101590
-0.055820,-0.184607,-0.103464
-0.055029,-0.184630,-0.102339
-0.051450,-0.182531,-0.102023
-0.051329,-0.184726,-0.101630
-0.049294,-0.181616,-0.100223
-0.049725,-0.184060,-0.103352
-0.046990,-0.181676,-0.101816
-0.046620,-0.182949,-0.101437
-0.046154,-0.184115,-0.100617
-0.044230,-0.183636,-0.101110
-0.040319,-0.185203,-0.101357
-0.041210,-0.182045,-0.102053
-0.039323,-0.183815,-0.100636
-0.036490,-0.181311,-0.100439
-0.034997,-0.184601,-0.100282
-0.032922,-0.184319,-0.100662
-0.033772,-0.184259,-0.099132
-0.033563,-0.183601,-0.100549
-0.032012,-0.182033,-0.099286
-0.028388,-0.182783,-0.097876
-0.029605,-0.183810,-0.098726
-0.027254,-0.184261,-0.096973
-0.025889,-0.180939,-0.099307
-0.026736,-0.183913,-0.094720
-0.023997,-0.182695,-0.096149
-0.021009,-0.182565,-0.094917
-0.020861,-0.181684,-0.096367
-0.019199,-0.182219,-0.094509
-0.016176,-0.183441,-0.093529
-0.015917,-0.182427,-0.093559
-0.012799,-0.183894,-0.091206
-0.012124,-0.183161,-0.093772
-0.010823,-0.182810,-0.091778
-0.011713,-0.182248,-0.093181
-0.008778,-0.181239,-0.090134
-0.007091,-0.183285,-0.090100
-0.007128,-0.183554,-0.088524
-0.005695,-0.179539,-0.086809
-0.002819,-0.182781,-0.088132
-0.002425,-0.182149,-0.086598
-0.000258,-0.184745,-0.085506
0.001298,-0.182297,-0.086950
0.001442,-0.181469,-0.083787
0.004507,-0.181124,-0.082230
0.005290,-0.182319,-0.083047
0.006712,-0.182851,-0.085464
0.009011,-0.182815,-0.084330
0.008792,-0.184051,-0.084428
0.009735,-0.184629,-0.081993
0.011598,-0.180309,-0.082125
0.012188,-0.183014,-0.080814
0.012919,-0.183154,-0.080527
0.017033,-0.182432,-0.081026
0.017199,-0.182264,-0.082516
0.016291,-0.183826,-0.079791
0.021456,-0.182493,-0.080279
0.021386,-0.180500,-0.081345
0.023151,-0.180592,-0.081179
0.024099,-0.181846,-0.080561
0.024716,-0.181681,-0.079681
0.027328,-0.181983,-0.081069
0.029856,-0.182568,-0.078837
0.029936,-0.182487,-0.080414
0.031033,-0.183110,-0.079070
0.030495,-0.182849,-0.079307
0.034297,-0.181586,-0.079227
0.035079,-0.181864,-0.078898
0.035462,-0.182203,-0.079467
0.035601,-0.182014,-0.079781
0.038222,-0.182132,-0.078631
0.038993,-0.181475,-0.078760
0.041437,-0.180671,-0.079264
0.042654,-0.180893,-0.079686
0.045747,-0.182179,-0.079005
0.044717,-0.182632,-0.078927
0.047962,-0.181658,-0.077370
0.049769,-0.182665,-0.077955
0.050000,-0.181996,-0.080226
0.052601,-0.180238,-0.077900
0.052444,-0.181463,-0.077335
0.053749,-0.183147,-0.078922
0.055163,-0.183274,-0.076597
0.057690,-0.181938,-0.075412
0.058427,-0.180549,-0.074572
0.058902,-0.182572,-0.077663
0.061174,-0.181002,-0.076362
0.061321,-0.182194,-0.075992
0.064332,-0.182430,-0.077086
0.064045,-0.181319,-0.076036
0.065269,-0.182357,-0.077127
0.068580,-0.181564,-0.076464
0.068165,-0.181442,-0.074925
0.069989,-0.179988,-0.075087
0.070768,-0.182798,-0.073092
0.076157,-0.181158,-0.072365
0.074876,-0.181979,-0.073127
0.075682,-0.181140,-0.074179
0.077089,-0.180709,-0.072610
0.079741,-0.183142,-0.072333
0.078716,-0.182122,-0.071611
0.081739,-0.182246,-0.071921
0.082766,-0.182961,-0.071302
0.084226,-0.181745,-0.070034
0.086474,-0.180932,-0.070433
0.087316,-0.182567,-0.069345
0.087953,-0.182150,-0.068316
0.088006,-0.182324,-0.069653
0.090414,-0.182774,-0.069292
0.092375,-0.180606,-0.066996
0.095454,-0.180803,-0.068050
0.095641,-0.181238,-0.068931
0.097287,-0.181192,-0.067852
0.097059,-0.180975,-0.069539
0.099728,-0.181934,-0.068966
0.101473,-0.181280,-0.066860
0.103238,-0.180619,-0.066896
0.102644,-0.181790,-0.067901
0.104348,-0.185155,-0.067974
0.106684,-0.182026,-0.066706
0.106705,-0.181916,-0.066452
0.107444,-0.181512,-0.066874
0.110999,-0.179680,-0.065423
0.109347,-0.181286,-0.063830
0.114625,-0.180884,-0.066401
0.113956,-0.181911,-0.065129
0.113363,-0.179951,-0.064003
0.114440,-0.181969,-0.064654
0.117576,-0.181667,-0.065998
0.118390,-0.179342,-0.064959
0.118717,-0.180762,-0.065899
0.121666,-0.181031,-0.065673
0.123581,-0.181593,-0.065276
0.125501,-0.181418,-0.062822
0.126789,-0.180130,-0.064540
0.129609,-0.181464,-0.065445
0.129652,-0.181778,-0.064331
0.131019,-0.180819,-0.064288
0.131522,-0.178361,-0.065126
0.133584,-0.180050,-0.065058
0.133638,-0.180888,-0.065568
0.136202,-0.181238,-0.065654
0.137655,-0.181456,-0.067606
0.137669,-0.180923,-0.065636
0.139849,-0.180604,-0.065922
0.140876,-0.179652,-0.068610
0.142068,-0.181047,-0.066829
0.143371,-0.182032,-0.068016
0.145245,-0.180663,-0.068123
0.147641,-0.179645,-0.067738
0.148794,-0.182910,-0.071615
0.149422,-0.181703,-0.071486
0.151395,-0.182125,-0.073779
0.152299,-0.180866,-0.070985
0.152156,-0.181620,-0.074863
0.154943,-0.180410,-0.077457
0.157450,-0.182952,-0.076725
0.158182,-0.180988,-0.079077
0.159188,-0.182742,-0.078987
0.160745,-0.183655,-0.080645
0.162639,-0.180284,-0.082589
0.163430,-0.179970,-0.084414
0.163835,-0.183806,-0.086510
0.165590,-0.182925,-0.088362
0.170114,-0.179980,-0.090847
0.169107,-0.183820,-0.091561
0.169573,-0.183059,-0.094282
0.173219,-0.181968,-0.096175
0.173368,-0.182058,-0.098019
0.176113,-0.181594,-0.099216
0.177203,-0.182206,-0.103286
0.178799,-0.182849,-0.107928
0.180743,-0.183213,-0.113334
0.182014,-0.182726,-0.116499
0.183644,-0.183041,-0.121630
0.184983,-0.182861,-0.135993
-0.128656,-0.184616,-0.155039
-0.128623,-0.183166,-0.146962
-0.125655,-0.184723,-0.140411
-0.123318,-0.182998,-0.135453
-0.123352,-0.184029,-0.134327
-0.119181,-0.180811,-0.131000
-0.118148,-0.183642,-0.129461
-0.117752,-0.183824,-0.124719
-0.115404,-0.183410,-0.123425
-0.114452,-0.184066,-0.120309
-0.111590,-0.182203,-0.118459
-0.112252,-0.182713,-0.118137
-0.108654,-0.182960,-0.116362
-0.107404,-0.181410,-0.116776
-0.106842,-0.180961,-0.112361
-0.104530,-0.183325,-0.112400
-0.103595,-0.181888,-0.112015
-0.101350,-0.181673,-0.110834
-0.101771,-0.181903,-0.109907
-0.098373,-0.182210,-0.110228
-0.097949,-0.182439,-0.108006
-0.096742,-0.183337,-0.106399
-0.095713,-0.183534,-0.105881
-0.094113,-0.183780,-0.106481
-0.093396,-0.181981,-0.105719
-0.090173,-0.181640,-0.105739
-0.088690,-0.182455,-0.104503
-0.088038,-0.181735,-0.106514
-0.087829,-0.182273,-0.104580
-0.083347,-0.181504,-0.104722
-0.081624,-0.180911,-0.102917
-0.081419,-0.183443,-0.105342
-0.081993,-0.184839,-0.104061
-0.080640,-0.181428,-0.103812
-0.078509,-0.180264,-0.103121
-0.077236,-0.180365,-0.102233
-0.076009,-0.180055,-0.103118
-0.073510,-0.183191,-0.102039
-0.071363,-0.180472,-0.101929
-0.071134,-0.180967,-0.103130
-0.069910,-0.180991,-0.103259
-0.068046,-0.180302,-0.104713
-0.067201,-0.181539,-0.104272
-0.065671,-0.182504,-0.103752
-0.063566,-0.182049,-0.102449
-0.063668,-0.183720,-0.103093
-0.060987,-0.182422,-0.103488
-0.060483,-0.182576,-0.103850
-0.058549,-0.180599,-0.105108
-0.056549,-0.183277,-0.103165
-0.057290,-0.180745,-0.102586
-0.054015,-0.183699,-0.102479
-0.053313,-0.182443,-0.101627
-0.050763,-0.180941,-0.103164
-0.050298,-0.182219,-0.103318
-0.049946,-0.181084,-0.101827
-0.048485,-0.182525,-0.101027
-0.046091,-0.181139,-0.101489
-0.044084,-0.181101,-0.102244
-0.044781,-0.182318,-0.101265
-0.043021,-0.182096,-0.099488
-0.040853,-0.183074,-0.101134
-0.039487,-0.181233,-0.099114
-0.037640,-0.181122,-0.100489
-0.036472,-0.182357,-0.099355
-0.034329,-0.181460,-0.100625
-0.034667,-0.181151,-0.098314
-0.031873,-0.182949,-0.097818
-0.031007,-0.182163,-0.099826
-0.028974,-0.182004,-0.099705
-0.026439,-0.182286,-0.100165
-0.027327,-0.181987,-0.099933
-0.023064,-0.181492,-0.097791
-0.026372,-0.179583,-0.096252
-0.023217,-0.181272,-0.096119
-0.020903,-0.182123,-0.095317
-0.020271,-0.181132,-0.094137
-0.020504,-0.181246,-0.093126
-0.018665,-0.181754,-0.094192
-0.015994,-0.181621,-0.092129
-0.014623,-0.181200,-0.091678
-0.012936,-0.182212,-0.092298
-0.012792,-0.181389,-0.092710
-0.012924,-0.179135,-0.091659
-0.010295,-0.181593,-0.090398
-0.006894,-0.181183,-0.090051
-0.005843,-0.180210,-0.088989
-0.005040,-0.181940,-0.087651
-0.004756,-0.180864,-0.085691
-0.003526,-0.180093,-0.087128
-0.001599,-0.180845,-0.085558
-0.000563,-0.180386,-0.085472
0.001097,-0.179894,-0.086743
0.004043,-0.179471,-0.085178
0.005837,-0.179047,-0.084006
0.006943,-0.178930,-0.083821
0.008134,-0.180053,-0.083279
0.009804,-0.182378,-0.082607
0.009048,-0.180942,-0.083674
0.012958,-0.181327,-0.080453
0.012036,-0.181460,-0.082547
0.014963,-0.180126,-0.081409
0.015820,-0.179956,-0.079491
0.019358,-0.182122,-0.078790
0.019281,-0.179870,-0.081238
0.020655,-0.181561,-0.079685
0.021113,-0.180698,-0.079554
0.023057,-0.181173,-0.078523
0.023606,-0.181513,-0.080093
0.025763,-0.181985,-0.080098
0.025190,-0.180027,-0.080327
0.027993,-0.179421,-0.080461
0.028450,-0.182355,-0.080038
0.031201,-0.180541,-0.078330
0.033758,-0.180632,-0.078935
0.033022,-0.181348,-0.078588
0.035518,-0.179027,-0.079139
0.035367,-0.179021,-0.079763
0.037236,-0.181495,-0.076906
0.040159,-0.181555,-0.078895
0.040050,-0.180485,-0.077746
0.041677,-0.180254,-0.079753
0.041943,-0.179682,-0.078828
0.043051,-0.179731,-0.077946
0.047010,-0.182673,-0.079468
0.047015,-0.180720,-0.078581
0.048640,-0.179086,-0.079453
0.052596,-0.180929,-0.079353
0.051433,-0.180227,-0.076212
0.053994,-0.180739,-0.077030
0.054272,-0.181171,-0.077659
0.056687,-0.181101,-0.076342
0.056805,-0.180799,-0.077300
0.057748,-0.179989,-0.076050
0.061064,-0.181616,-0.076963
0.060570,-0.181927,-0.074948
0.063456,-0.178789,-0.076697
0.063398,-0.180428,-0.076698
0.063704,-0.181486,-0.077825
0.066603,-0.179748,-0.075910
0.069261,-0.179471,-0.077871
0.068145,-0.180128,-0.074845
0.071731,-0.181375,-0.074386
0.074067,-0.181046,-0.074878
0.072216,-0.180973,-0.073856
0.073547,-0.180943,-0.071646
0.077363,-0.180342,-0.072340
0.077390,-0.180389,-0.072690
0.077562,-0.178749,-0.071697
0.081578,-0.178556,-0.071140
0.081900,-0.181093,-0.070138
0.081691,-0.180344,-0.070370
0.083456,-0.181100,-0.067990
0.084549,-0.181265,-0.069275
0.084883,-0.179163,-0.069709
0.087052,-0.180705,-0.069205
0.087169,-0.180370,-0.068626
0.092572,-0.179842,-0.068454
0.091499,-0.178686,-0.069202
0.095120,-0.179012,-0.068125
0.097828,-0.179648,-0.068735
0.096558,-0.180452,-0.068144
0.098599,-0.179806,-0.068695
0.098853,-0.180109,-0.067772
0.100574,-0.181457,-0.067831
0.102093,-0.180533,-0.068747
0.104906,-0.180678,-0.067511
0.105776,-0.179354,-0.068571
0.105720,-0.180180,-0.066593
0.107387,-0.178957,-0.068824
0.108257,-0.179207,-0.063997
0.110089,-0.178721,-0.065832
0.111176,-0.179110,-0.064753
0.110183,-0.179029,-0.065054
0.114132,-0.179429,-0.065859
0.113877,-0.179303,-0.064658
0.115610,-0.179611,-0.064103
0.118214,-0.180787,-0.065272
0.119709,-0.179575,-0.064363
0.120664,-0.181931,-0.064829
0.120749,-0.180434,-0.064700
0.123214,-0.179569,-0.064973
0.125940,-0.179705,-0.063647
0.126012,-0.179767,-0.064061
0.130171,-0.179197,-0.065502
0.129692,-0.180652,-0.063422
0.130855,-0.180190,-0.066176
0.132281,-0.180769,-0.065932
0.131933,-0.178291,-0.066469
0.132242,-0.179431,-0.066164
0.135860,-0.177809,-0.064615
0.139917,-0.179007,-0.066937
0.139522,-0.178503,-0.067510
0.138609,-0.179590,-0.067746
0.141113,-0.179003,-0.065984
0.143067,-0.178863,-0.067461
0.145460,-0.181336,-0.070382
0.144668,-0.181461,-0.067393
0.147004,-0.180396,-0.069697
0.147685,-0.180889,-0.071362
0.152070,-0.181421,-0.072147
0.151820,-0.179247,-0.072042
0.154533,-0.181274,-0.074021
0.152755,-0.179796,-0.076376
0.154480,-0.179730,-0.075603
0.157815,-0.177871,-0.077745
0.158621,-0.180346,-0.079095
0.159339,-0.180600,-0.079891
0.160270,-0.180633,-0.079631
0.162996,-0.179165,-0.080930
0.163403,-0.177937,-0.083933
0.165519,-0.180590,-0.086694
0.167817,-0.180850,-0.086986
0.168442,-0.179536,-0.088578
0.169962,-0.179783,-0.091808
0.170677,-0.180622,-0.093262
0.173060,-0.181437,-0.098256
0.173797,-0.183656,-0.099284
0.175500,-0.181242,-0.098732
0.177908,-0.180441,-0.104044
0.180010,-0.181109,-0.106720
0.179969,-0.180988,-0.113297
0.180842,-0.182335,-0.118755
0.184601,-0.183104,-0.125235
0.185811,-0.182597,-0.138381
-0.130151,-0.183755,-0.155991
-0.127070,-0.182797,-0.148297
-0.124213,-0.181727,-0.143958
-0.123535,-0.182601,-0.136845
-0.122416,-0.180642,-0.134722
-0.120564,-0.181921,-0.132222
-0.119061,-0.182036,-0.126988
-0.116389,-0.182868,-0.126503
-0.115316,-0.181112,-0.124701
-0.112154,-0.181525,-0.121452
-0.112473,-0.183507,-0.119371
-0.108656,-0.180460,-0.115353
-0.109817,-0.179813,-0.114619
-0.107421,-0.179404,-0.115816
-0.104459,-0.181400,-0.114930
-0.105596,-0.180249,-0.113776
-0.103945,-0.182257,-0.113834
-0.100733,-0.180925,-0.113833
-0.099188,-0.178259,-0.110039
-0.099185,-0.178639,-0.108207
-0.098865,-0.178383,-0.109688
-0.096059,-0.179181,-0.107425
-0.095155,-0.181244,-0.105758
-0.094427,-0.179162,-0.105599
-0.092441,-0.180581,-0.105351
-0.091595,-0.180801,-0.105083
-0.088904,-0.180765,-0.106961
-0.088077,-0.178495,-0.106508
-0.086837,-0.177625,-0.104954
-0.085574,-0.180879,-0.103758
-0.083269,-0.179326,-0.103130
-0.083013,-0.180275,-0.103840
-0.079501,-0.180545,-0.103498
-0.079667,-0.180429,-0.104804
-0.078100,-0.180474,-0.103208
-0.076886,-0.180154,-0.101400
-0.075221,-0.178186,-0.103053
-0.074015,-0.178980,-0.102581
-0.072660,-0.180612,-0.100977
-0.070194,-0.182252,-0.105469
-0.071085,-0.179422,-0.104303
-0.071248,-0.180090,-0.103021
-0.066239,-0.179763,-0.103573
-0.066722,-0.180137,-0.104392
-0.064142,-0.180814,-0.104116
-0.062070,-0.178718,-0.103680
-0.062915,-0.178962,-0.103559
-0.058046,-0.180836,-0.103578
-0.061591,-0.179749,-0.104145
-0.057631,-0.180527,-0.105081
-0.056311,-0.179779,-0.103948
-0.054120,-0.180187,-0.102301
-0.054321,-0.177675,-0.103389
-0.053317,-0.180361,-0.103727
-0.051726,-0.180409,-0.100142
-0.049728,-0.181687,-0.102199
-0.047465,-0.181805,-0.101715
-0.045735,-0.180724,-0.101901
-0.044883,-0.180885,-0.101766
-0.044579,-0.178850,-0.101943
-0.041942,-0.181812,-0.101446
-0.041451,-0.179267,-0.099752
-0.040117,-0.179458,-0.100157
-0.039016,-0.178984,-0.098748
-0.035836,-0.179303,-0.099753
-0.034553,-0.179455,-0.101346
-0.034883,-0.179826,-0.098820
-0.031438,-0.178638,-0.099226
-0.031224,-0.179126,-0.098359
-0.029408,-0.181370,-0.098657
-0.027926,-0.179164,-0.099046
-0.026868,-0.178874,-0.097636
-0.024763,-0.178178,-0.097154
-0.023598,-0.180845,-0.096015
-0.020867,-0.180484,-0.097341
-0.022160,-0.180602,-0.093257
-0.020204,-0.179562,-0.094153
-0.017391,-0.179835,-0.094992
-0.017978,-0.181042,-0.093772
-0.016552,-0.181034,-0.093301
-0.013616,-0.177906,-0.092482
-0.012567,-0.180205,-0.092875
-0.012846,-0.177860,-0.091719
-0.010991,-0.180048,-0.092263
-0.009257,-0.178796,-0.090600
-0.008050,-0.179671,-0.090464
-0.005903,-0.179026,-0.089498
-0.003305,-0.180260,-0.087900
-0.002545,-0.179330,-0.087301
-0.001277,-0.179364,-0.086233
-0.001378,-0.179204,-0.085917
0.001482,-0.180159,-0.088348
0.002341,-0.179791,-0.083555
0.003119,-0.179843,-0.085653
0.004066,-0.177062,-0.082827
0.006409,-0.180611,-0.082135
0.008554,-0.176811,-0.083433
0.008941,-0.179045,-0.082868
0.010613,-0.179070,-0.080044
0.010830,-0.179589,-0.083254
0.012636,-0.178854,-0.082143
0.015118,-0.180788,-0.081210
0.016314,-0.179819,-0.082608
0.017106,-0.180240,-0.081061
0.019018,-0.177113,-0.080224
0.021254,-0.178301,-0.080047
0.022586,-0.178581,-0.078716
0.022586,-0.179195,-0.080167
0.024453,-0.179003,-0.080233
0.023676,-0.178797,-0.080274
0.026367,-0.179186,-0.079901
0.027663,-0.178646,-0.078356
0.030238,-0.180712,-0.080185
0.031181,-0.180318,-0.078230
0.031133,-0.179855,-0.077608
0.032856,-0.177997,-0.077444
0.034372,-0.179702,-0.079144
0.037170,-0.177604,-0.078396
0.039586,-0.177993,-0.077897
0.037696,-0.180790,-0.078876
0.039642,-0.177834,-0.078603
0.040311,-0.179413,-0.079752
0.042907,-0.179907,-0.079195
0.044334,-0.178630,-0.079463
0.045885,-0.180809,-0.079225
0.046664,-0.180979,-0.078156
0.048029,-0.177830,-0.079407
0.050430,-0.179324,-0.078571
0.051752,-0.177479,-0.077272
0.053532,-0.179470,-0.078723
0.054234,-0.178214,-0.075091
0.054295,-0.178984,-0.075341
0.057296,-0.178248,-0.076312
0.057656,-0.177802,-0.076931
0.058253,-0.178202,-0.075972
0.061077,-0.179953,-0.076823
0.064180,-0.178749,-0.077169
0.063540,-0.178871,-0.075492
0.065080,-0.179772,-0.076122
0.067320,-0.177095,-0.076489
0.068631,-0.179840,-0.075571
0.067053,-0.177785,-0.076414
0.069307,-0.178968,-0.077906
0.071662,-0.179158,-0.072758
0.072156,-0.178101,-0.073777
0.075929,-0.178634,-0.073220
0.076390,-0.179010,-0.074665
0.076341,-0.177768,-0.072571
0.077898,-0.178039,-0.074179
0.080050,-0.179031,-0.072250
0.081399,-0.177790,-0.070615
0.083364,-0.179473,-0.071505
0.085104,-0.177904,-0.070258
0.085186,-0.178882,-0.072077
0.086089,-0.178385,-0.068969
0.087464,-0.178075,-0.067282
0.089774,-0.179019,-0.067068
0.091757,-0.179068,-0.069235
0.092173,-0.180198,-0.067306
0.094019,-0.178663,-0.067606
0.094202,-0.179135,-0.069726
0.097445,-0.178573,-0.070038
0.098293,-0.176927,-0.067000
0.099143,-0.177086,-0.068539
0.100880,-0.177892,-0.069195
0.101870,-0.179424,-0.069757
0.103243,-0.178552,-0.067730
0.106880,-0.180386,-0.068320
0.105893,-0.180439,-0.067868
0.107485,-0.177802,-0.066471
0.107660,-0.178985,-0.066930
0.110296,-0.177718,-0.065301
0.111411,-0.177767,-0.064742
0.113181,-0.178647,-0.066162
0.112279,-0.176456,-0.067413
0.115726,-0.178668,-0.064628
0.118526,-0.177760,-0.065932
0.116762,-0.177386,-0.064922
0.118366,-0.179164,-0.065521
0.121155,-0.179003,-0.066910
0.121000,-0.177033,-0.067005
0.122061,-0.177521,-0.065184
0.125465,-0.177243,-0.063628
0.126684,-0.178549,-0.063969
0.126820,-0.177807,-0.064717
0.129688,-0.177825,-0.063105
0.130301,-0.177250,-0.066020
0.130220,-0.178531,-0.065679
0.131303,-0.177631,-0.066321
0.135088,-0.179068,-0.065438
0.135215,-0.178457,-0.069808
0.136211,-0.179417,-0.065688
0.138445,-0.176691,-0.067257
0.140507,-0.181173,-0.066213
0.140846,-0.177434,-0.067530
0.141915,-0.179915,-0.070249
0.143652,-0.176776,-0.070065
0.145032,-0.178210,-0.069392
0.146144,-0.178511,-0.068281
0.147074,-0.178128,-0.071112
0.149926,-0.178005,-0.073347
0.151366,-0.177832,-0.072885
0.153402,-0.179342,-0.073640
0.154393,-0.178993,-0.077165
0.153346,-0.178425,-0.077414
0.155377,-0.179305,-0.078808
0.157271,-0.179069,-0.078528
0.160102,-0.176930,-0.080047
0.161609,-0.178253,-0.081209
0.163288,-0.178547,-0.081592
0.163762,-0.180560,-0.085506
0.166171,-0.179664,-0.085449
0.168463,-0.182300,-0.088370
0.167834,-0.179704,-0.090275
0.169259,-0.179877,-0.092498
0.172765,-0.179202,-0.093937
0.171853,-0.178327,-0.097939
0.173160,-0.179694,-0.098143
0.173394,-0.179798,-0.101169
0.176035,-0.179919,-0.103841
0.179028,-0.179816,-0.109107
0.181697,-0.180442,-0.113566
0.180738,-0.180003,-0.118981
0.183054,-0.182655,-0.123729
0.185586,-0.181812,-0.138178
-0.129487,-0.181860,-0.159347
-0.128143,-0.181022,-0.153023
-0.125626,-0.179692,-0.147771
-0.123187,-0.181123,-0.137235
-0.119401,-0.179802,-0.135902
-0.120005,-0.179134,-0.132427
-0.118511,-0.180974,-0.128668
-0.116686,-0.179541,-0.128829
-0.114483,-0.180997,-0.127226
-0.113748,-0.180659,-0.122908
-0.112928,-0.178749,-0.121688
-0.110156,-0.176169,-0.117564
-0.110054,-0.178405,-0.117046
-0.107664,-0.177947,-0.115690
-0.106426,-0.178946,-0.115057
-0.105401,-0.178118,-0.115756
-0.104968,-0.181296,-0.114781
-0.101407,-0.179906,-0.111829
-0.100610,-0.178574,-0.112680
-0.099079,-0.179706,-0.110404
-0.097696,-0.178943,-0.109869
-0.094585,-0.177542,-0.108803
-0.094494,-0.178791,-0.107763
-0.093338,-0.177000,-0.106961
-0.093339,-0.180001,-0.106028
-0.090843,-0.177989,-0.105420
-0.089700,-0.178226,-0.108456
-0.087970,-0.176657,-0.105870
-0.086553,-0.180145,-0.105040
-0.084491,-0.179630,-0.105236
-0.082920,-0.179208,-0.106488
-0.080032,-0.176859,-0.104527
-0.080878,-0.179498,-0.105319
-0.080117,-0.178449,-0.103919
-0.079768,-0.178477,-0.104909
-0.077606,-0.179717,-0.102249
-0.074102,-0.175768,-0.102678
-0.073545,-0.177917,-0.102666
-0.071387,-0.178053,-0.105028
-0.071071,-0.178080,-0.105276
-0.069853,-0.178812,-0.104084
-0.068613,-0.179921,-0.104885
-0.066151,-0.178093,-0.105209
-0.065524,-0.177911,-0.103213
-0.064100,-0.179913,-0.103611
-0.063390,-0.176760,-0.104696
-0.063297,-0.178692,-0.104489
-0.059435,-0.179336,-0.103672
-0.058899,-0.175916,-0.106514
-0.055325,-0.178303,-0.103652
-0.056032,-0.178924,-0.103929
-0.055221,-0.179950,-0.103428
-0.052759,-0.176135,-0.101058
-0.051607,-0.180307,-0.101714
-0.050164,-0.178305,-0.102953
-0.050448,-0.179156,-0.101773
-0.046862,-0.176583,-0.102451
-0.045284,-0.179137,-0.100106
-0.044887,-0.180556,-0.101334
-0.043325,-0.178387,-0.101421
-0.042110,-0.180408,-0.099624
-0.040867,-0.180097,-0.098224
-0.039323,-0.178007,-0.101461
-0.035906,-0.177665,-0.099536
-0.036841,-0.178120,-0.101661
-0.035316,-0.178582,-0.099385
-0.033961,-0.178100,-0.100072
-0.033058,-0.179210,-0.096984
-0.031857,-0.179287,-0.101590
-0.028716,-0.178034,-0.099966
-0.030236,-0.178621,-0.099795
-0.028393,-0.177902,-0.097370
-0.026562,-0.177424,-0.097217
-0.023946,-0.177244,-0.095536
-0.021937,-0.177771,-0.094709
-0.022034,-0.178247,-0.095319
-0.019806,-0.176861,-0.092711
-0.017572,-0.177938,-0.093078
-0.017050,-0.177417,-0.093240
-0.014922,-0.177367,-0.091961
-0.014065,-0.176627,-0.091691
-0.014054,-0.178932,-0.091445
-0.011755,-0.178460,-0.091567
-0.011746,-0.178054,-0.091755
-0.009851,-0.178438,-0.089528
-0.007721,-0.177084,-0.088404
-0.007418,-0.181269,-0.088231
-0.006610,-0.178889,-0.087614
-0.001969,-0.177313,-0.087113
-0.000637,-0.177631,-0.087929
-0.000145,-0.178766,-0.084083
-0.000477,-0.176621,-0.084003
0.003385,-0.176747,-0.084200
0.002783,-0.177142,-0.082744
0.004690,-0.177088,-0.084051
0.006316,-0.177288,-0.082398
0.007594,-0.178410,-0.081317
0.010713,-0.176885,-0.083136
0.007840,-0.176368,-0.082109
0.012289,-0.177113,-0.081100
0.015301,-0.176435,-0.083437
0.015120,-0.177615,-0.082118
0.014362,-0.177620,-0.081753
0.017619,-0.176213,-0.078708
0.018058,-0.178026,-0.079820
0.019550,-0.178672,-0.080624
0.022545,-0.177971,-0.080532
0.021999,-0.178212,-0.080114
0.026234,-0.176799,-0.078875
0.026145,-0.177219,-0.081016
0.027430,-0.175815,-0.079984
0.029027,-0.177894,-0.078095
0.028658,-0.176276,-0.079686
0.030787,-0.176890,-0.078804
0.034892,-0.178426,-0.079063
0.034701,-0.176985,-0.079421
0.034547,-0.176145,-0.076196
0.036688,-0.178170,-0.078779
0.037639,-0.177876,-0.078392
0.036499,-0.176533,-0.078044
0.040716,-0.176144,-0.078628
0.039407,-0.177906,-0.077905
0.043488,-0.177697,-0.080033
0.044022,-0.177803,-0.078281
0.046413,-0.177555,-0.077459
0.046737,-0.176616,-0.079560
0.048406,-0.176375,-0.077338
0.047984,-0.175249,-0.077372
0.051385,-0.176567,-0.078390
0.050810,-0.176697,-0.079313
0.053636,-0.178158,-0.075602
0.056710,-0.176677,-0.077025
0.057403,-0.178636,-0.077787
0.058876,-0.175558,-0.076532
0.061347,-0.176069,-0.076487
0.059667,-0.176201,-0.076827
0.062410,-0.177125,-0.076334
0.065619,-0.178664,-0.075488
0.064330,-0.177057,-0.076942
0.065879,-0.175910,-0.074685
0.068986,-0.177620,-0.075082
0.068753,-0.177348,-0.076383
0.070734,-0.176157,-0.074514
0.071766,-0.178774,-0.074645
0.073396,-0.176388,-0.075535
0.074685,-0.178160,-0.074220
0.077300,-0.176647,-0.073919
0.077378,-0.177033,-0.073251
0.078248,-0.175810,-0.073276
0.079656,-0.178200,-0.073143
0.082346,-0.176127,-0.072952
0.084084,-0.176105,-0.070329
0.083129,-0.176564,-0.071524
0.086485,-0.175320,-0.071038
0.085927,-0.176715,-0.067799
0.088950,-0.177739,-0.068135
0.089251,-0.176755,-0.070146
0.091991,-0.177948,-0.067276
0.095248,-0.177114,-0.070573
0.094273,-0.178452,-0.069863
0.093734,-0.176655,-0.068229
0.095903,-0.176741,-0.067482
0.096139,-0.177503,-0.070596
0.098630,-0.178953,-0.068002
0.101365,-0.176140,-0.066337
0.101188,-0.175447,-0.069907
0.102793,-0.175049,-0.069233
0.105358,-0.176572,-0.067254
0.106318,-0.176556,-0.067167
0.107154,-0.177122,-0.068231
0.109460,-0.173677,-0.067659
0.110473,-0.174867,-0.067608
0.110578,-0.177531,-0.066082
0.112249,-0.176712,-0.065140
0.115664,-0.176806,-0.066543
0.114363,-0.175561,-0.066048
0.116995,-0.177165,-0.066195
0.119205,-0.176138,-0.066121
0.119624,-0.177350,-0.065447
0.121488,-0.175990,-0.067063
0.122979,-0.176390,-0.066331
0.123887,-0.177607,-0.066685
0.126227,-0.177841,-0.065305
0.127677,-0.176803,-0.065690
0.128304,-0.177666,-0.065933
0.130121,-0.177294,-0.065117
0.130311,-0.177088,-0.065097
0.133059,-0.176246,-0.066570
0.132555,-0.177971,-0.068184
0.134429,-0.176541,-0.067649
0.135385,-0.174847,-0.065988
0.136454,-0.178012,-0.066197
0.136446,-0.177779,-0.068733
0.139986,-0.175953,-0.068217
0.140982,-0.175845,-0.067894
0.142425,-0.177707,-0.069264
0.144555,-0.176087,-0.068222
0.143990,-0.177345,-0.068531
0.147579,-0.174797,-0.071611
0.147550,-0.176825,-0.072618
0.150750,-0.176322,-0.070608
0.152200,-0.176579,-0.074992
0.153380,-0.178416,-0.074335
0.153004,-0.177174,-0.075679
0.155047,-0.178701,-0.076997
0.156387,-0.177243,-0.079116
0.157109,-0.177179,-0.076880
0.160430,-0.178301,-0.080203
0.160472,-0.177510,-0.082712
0.163152,-0.178140,-0.083045
0.163223,-0.177369,-0.084986
0.166058,-0.178096,-0.084772
0.167095,-0.176728,-0.089200
0.166741,-0.178353,-0.089024
0.169966,-0.179755,-0.092606
0.168362,-0.178636,-0.093206
0.171747,-0.179450,-0.097132
0.173478,-0.177574,-0.098152
0.174977,-0.177556,-0.101591
0.175098,-0.178772,-0.105470
0.179156,-0.179162,-0.107676
0.178682,-0.179385,-0.113664
0.183411,-0.177950,-0.118370
0.183619,-0.180058,-0.124538
0.185745,-0.180401,-0.139689
-0.125692,-0.179759,-0.155803
-0.124626,-0.180505,-0.149138
-0.122458,-0.179312,-0.142714
-0.120316,-0.178857,-0.138549
-0.119462,-0.177329,-0.133843
-0.120573,-0.178411,-0.130916
-0.119184,-0.177904,-0.127679
-0.115368,-0.178645,-0.126969
-0.113897,-0.177435,-0.124327
-0.111814,-0.178854,-0.121022
-0.110713,-0.176786,-0.119902
-0.109590,-0.176156,-0.116920
-0.108685,-0.176656,-0.117156
-0.104803,-0.177675,-0.117227
-0.106687,-0.178676,-0.115350
-0.103971,-0.177362,-0.114662
-0.101023,-0.179398,-0.113641
-0.099574,-0.175383,-0.112273
-0.098779,-0.176674,-0.110278
-0.098396,-0.177995,-0.110725
-0.096347,-0.177687,-0.109482
-0.097574,-0.175645,-0.107522
-0.093360,-0.177472,-0.107449
-0.091593,-0.178270,-0.107997
-0.090208,-0.176016,-0.107382
-0.090116,-0.178013,-0.106314
-0.087913,-0.178054,-0.104610
-0.084788,-0.176465,-0.106645
-0.084722,-0.177404,-0.104823
-0.085557,-0.176978,-0.105123
-0.082191,-0.177238,-0.105034
-0.080944,-0.175490,-0.103972
-0.077899,-0.176284,-0.103879
-0.079029,-0.177043,-0.104696
-0.076794,-0.175801,-0.106094
-0.074594,-0.175623,-0.103361
-0.074428,-0.176083,-0.104971
-0.073430,-0.178903,-0.104464
-0.071094,-0.177628,-0.103402
-0.072640,-0.178912,-0.106504
-0.067453,-0.175832,-0.105678
-0.064708,-0.176940,-0.104063
-0.064327,-0.177220,-0.103759
-0.065215,-0.176430,-0.103805
-0.062998,-0.177214,-0.104995
-0.062794,-0.176927,-0.106520
-0.060245,-0.177359,-0.106438
-0.059853,-0.176487,-0.104579
-0.057320,-0.178117,-0.104242
-0.056626,-0.177351,-0.104464
-0.053788,-0.177310,-0.103449
-0.053300,-0.177293,-0.102199
-0.051220,-0.177123,-0.102270
-0.050742,-0.177189,-0.102766
-0.048388,-0.175750,-0.103385
-0.047844,-0.178360,-0.102178
-0.045650,-0.176039,-0.100504
-0.045233,-0.175435,-0.101755
-0.040144,-0.177746,-0.101630
-0.042516,-0.176633,-0.099827
-0.043069,-0.176272,-0.099581
-0.039672,-0.177582,-0.099438
-0.036123,-0.178840,-0.098924
-0.036434,-0.174037,-0.100944
-0.035783,-0.175876,-0.098652
-0.033421,-0.175826,-0.100005
-0.033160,-0.175664,-0.100345
-0.030663,-0.176311,-0.099204
-0.030450,-0.177434,-0.098834
-0.027604,-0.177490,-0.098974
-0.027632,-0.176534,-0.099996
-0.025391,-0.176045,-0.097879
-0.026315,-0.177102,-0.095921
-0.022256,-0.178014,-0.097718
-0.021073,-0.177211,-0.095295
-0.017554,-0.175947,-0.092715
-0.017218,-0.176569,-0.094462
-0.016376,-0.176340,-0.092078
-0.016153,-0.176939,-0.091702
-0.014526,-0.178222,-0.092251
-0.014439,-0.177893,-0.092035
-0.010622,-0.177757,-0.090785
-0.010232,-0.175692,-0.090436
-0.007444,-0.175629,-0.089725
-0.008751,-0.175416,-0.088675
-0.007988,-0.174335,-0.088419
-0.004987,-0.177293,-0.087569
-0.005263,-0.175515,-0.086695
-0.002209,-0.177547,-0.084780
-0.000717,-0.175084,-0.087659
0.001009,-0.176907,-0.086838
0.002925,-0.178313,-0.083883
0.002352,-0.176270,-0.083993
0.005312,-0.174775,-0.083989
0.005473,-0.177436,-0.082929
0.005993,-0.175692,-0.082987
0.008597,-0.174881,-0.083605
0.009362,-0.177311,-0.082136
0.011075,-0.175405,-0.082223
0.014874,-0.177129,-0.081568
0.014673,-0.176568,-0.081765
0.014423,-0.174192,-0.080243
0.014903,-0.177288,-0.079572
0.017357,-0.176158,-0.080548
0.019533,-0.174898,-0.080359
0.022657,-0.176239,-0.079937
0.023345,-0.177387,-0.078988
0.022261,-0.175163,-0.081797
0.024351,-0.174767,-0.077677
0.026094,-0.175735,-0.080322
0.029872,-0.177710,-0.079790
0.028686,-0.177796,-0.078876
0.030984,-0.177266,-0.078603
0.032327,-0.176072,-0.078795
0.032600,-0.175549,-0.079797
0.034074,-0.176442,-0.079083
0.038455,-0.175043,-0.078731
0.036886,-0.173216,-0.079840
0.038446,-0.175237,-0.077385
0.041367,-0.175408,-0.076988
0.041522,-0.176912,-0.078745
0.043207,-0.174787,-0.078509
0.043742,-0.176230,-0.077375
0.045756,-0.175848,-0.078920
0.047486,-0.174990,-0.079168
0.049003,-0.175395,-0.078329
0.051240,-0.176240,-0.077621
0.050471,-0.176204,-0.078924
0.050344,-0.176657,-0.076023
0.055322,-0.175251,-0.074028
0.054724,-0.176188,-0.077431
0.057816,-0.175968,-0.075832
0.058316,-0.175929,-0.076193
0.062306,-0.174801,-0.076390
0.062417,-0.177622,-0.075149
0.063233,-0.174120,-0.075454
0.064239,-0.175702,-0.074935
0.066257,-0.175398,-0.075212
0.068050,-0.175383,-0.073978
0.066922,-0.175510,-0.074970
0.066206,-0.176178,-0.073521
0.070786,-0.175708,-0.076113
0.073965,-0.175215,-0.074704
0.072368,-0.176376,-0.075372
0.074455,-0.177138,-0.073664
0.075226,-0.174051,-0.073955
0.077699,-0.175304,-0.073784
0.078552,-0.174340,-0.071173
0.078629,-0.174947,-0.073182
0.081553,-0.176314,-0.073782
0.082254,-0.174665,-0.072283
0.084088,-0.176006,-0.072220
0.083502,-0.174729,-0.069986
0.086684,-0.175115,-0.071123
0.090549,-0.176210,-0.070053
0.089924,-0.173547,-0.070237
0.090667,-0.174547,-0.068020
0.091822,-0.176059,-0.069131
0.094618,-0.174709,-0.068202
0.095602,-0.174894,-0.069422
0.094738,-0.175485,-0.069440
0.098404,-0.176046,-0.067920
0.099308,-0.175441,-0.068687
0.100618,-0.174350,-0.070818
0.101997,-0.176889,-0.067837
0.102205,-0.176326,-0.068209
0.103679,-0.176556,-0.069346
0.106347,-0.174373,-0.066759
0.107338,-0.174730,-0.070667
0.108033,-0.175588,-0.067317
0.110753,-0.175820,-0.066166
0.110680,-0.177013,-0.064803
0.114149,-0.175194,-0.069107
0.114296,-0.174014,-0.065279
0.114948,-0.172938,-0.065887
0.117521,-0.176093,-0.066800
0.116639,-0.174732,-0.067194
0.119614,-0.177231,-0.066791
0.121563,-0.175198,-0.067198
0.122367,-0.176388,-0.066812
0.124353,-0.175446,-0.065859
0.126407,-0.174871,-0.066327
0.126350,-0.175942,-0.067721
0.126055,-0.176200,-0.064301
0.129959,-0.174988,-0.066196
0.131468,-0.173635,-0.066529
0.131562,-0.175765,-0.068714
0.133569,-0.175463,-0.066130
0.134076,-0.174560,-0.066715
0.135916,-0.173891,-0.068474
0.138337,-0.175126,-0.067002
0.137120,-0.173790,-0.067424
0.140650,-0.175569,-0.068862
0.138326,-0.174949,-0.067133
0.140936,-0.174598,-0.070901
0.144840,-0.176517,-0.068700
0.144934,-0.174912,-0.070483
0.145920,-0.174743,-0.069309
0.150245,-0.174530,-0.070635
0.149889,-0.173450,-0.073374
0.153036,-0.176428,-0.074408
0.152746,-0.175491,-0.075968
0.154023,-0.173824,-0.076648
0.153733,-0.175788,-0.077470
0.156310,-0.175429,-0.078724
0.158771,-0.174284,-0.076943
0.159277,-0.176559,-0.080081
0.160665,-0.174574,-0.081351
0.161733,-0.175471,-0.083109
0.165310,-0.176483,-0.084698
0.163845,-0.176111,-0.085708
0.167605,-0.176971,-0.090207
0.167762,-0.176849,-0.089878
0.168130,-0.178033,-0.092229
0.171147,-0.179650,-0.094731
0.173577,-0.176915,-0.098004
0.173703,-0.177724,-0.100505
0.174879,-0.176193,-0.101946
0.178065,-0.177257,-0.105851
0.179425,-0.175641,-0.110063
0.179497,-0.177645,-0.113893
0.182157,-0.178277,-0.118081
0.183696,-0.177828,-0.125772
0.185911,-0.178692,-0.141000
-0.128570,-0.178761,-0.159640
-0.125238,-0.177884,-0.152800
-0.124405,-0.177556,-0.145092
-0.122906,-0.176694,-0.136720
-0.119652,-0.175984,-0.134745
-0.119298,-0.179269,-0.133348
-0.116339,-0.179366,-0.128373
-0.117634,-0.176486,-0.130004
-0.113692,-0.175274,-0.126023
-0.111701,-0.176420,-0.122445
-0.112332,-0.176083,-0.123271
-0.108394,-0.177850,-0.117655
-0.107930,-0.175679,-0.117646
-0.107897,-0.175875,-0.117633
-0.104208,-0.176252,-0.116947
-0.103324,-0.175934,-0.113788
-0.102729,-0.177221,-0.114030
-0.100281,-0.174362,-0.113403
-0.099083,-0.175111,-0.112390
-0.097811,-0.176113,-0.112921
-0.096189,-0.174902,-0.111402
-0.094574,-0.172939,-0.109943
-0.094067,-0.175731,-0.108584
-0.091670,-0.174511,-0.109143
-0.090503,-0.176364,-0.108559
-0.091626,-0.175787,-0.108654
-0.089222,-0.175015,-0.107610
-0.084833,-0.175104,-0.106351
-0.085329,-0.174100,-0.103630
-0.082738,-0.177038,-0.105454
-0.083125,-0.177677,-0.106143
-0.080525,-0.176389,-0.104480
-0.078699,-0.175215,-0.105512
-0.079856,-0.177686,-0.105145
-0.078438,-0.175351,-0.103263
-0.075315,-0.175965,-0.103544
-0.074099,-0.175762,-0.106336
-0.069612,-0.175172,-0.106423
-0.073535,-0.174569,-0.103951
-0.068902,-0.175879,-0.105647
-0.068979,-0.175618,-0.108580
-0.069344,-0.176055,-0.104844
-0.064777,-0.173818,-0.105170
-0.064921,-0.177049,-0.104361
-0.064684,-0.174401,-0.106038
-0.061784,-0.174507,-0.104829
-0.060733,-0.178371,-0.105396
-0.060216,-0.176911,-0.106074
-0.058151,-0.174998,-0.105230
-0.054189,-0.176408,-0.102780
-0.056294,-0.177025,-0.105058
-0.053243,-0.175503,-0.101011
-0.052134,-0.176216,-0.101910
-0.050849,-0.176617,-0.101205
-0.049059,-0.175847,-0.101965
-0.046241,-0.175322,-0.100407
-0.046732,-0.175176,-0.102436
-0.045447,-0.174205,-0.103182
-0.045935,-0.175723,-0.101860
-0.042563,-0.173843,-0.102127
-0.041167,-0.173119,-0.101830
-0.038729,-0.173990,-0.099452
-0.037542,-0.176278,-0.100204
-0.036896,-0.176144,-0.097233
-0.035485,-0.176513,-0.100316
-0.034041,-0.175365,-0.098987
-0.031665,-0.175726,-0.100011
-0.032134,-0.175962,-0.098850
-0.030475,-0.173888,-0.099305
-0.028362,-0.176134,-0.097769
-0.028761,-0.175445,-0.097889
-0.025900,-0.174235,-0.095453
-0.025209,-0.175393,-0.096680
-0.023468,-0.174799,-0.097662
-0.020949,-0.177528,-0.095086
-0.019010,-0.175846,-0.092600
-0.018637,-0.175439,-0.094079
-0.017167,-0.171905,-0.093498
-0.015826,-0.175176,-0.093117
-0.014687,-0.174872,-0.092471
-0.013936,-0.174425,-0.092507
-0.010334,-0.173367,-0.090358
-0.009257,-0.175483,-0.090743
-0.007059,-0.174138,-0.089820
-0.007665,-0.175641,-0.090336
-0.005695,-0.174179,-0.088671
-0.005799,-0.175125,-0.086654
-0.003481,-0.176549,-0.088533
-0.003807,-0.174346,-0.087958
0.001136,-0.175447,-0.085707
-0.000763,-0.174143,-0.085989
0.002564,-0.174067,-0.085449
0.005316,-0.176729,-0.084217
0.004242,-0.173719,-0.083411
0.009231,-0.174537,-0.083466
0.009159,-0.173436,-0.082200
0.009343,-0.175389,-0.083261
0.009939,-0.174928,-0.082884
0.011519,-0.174704,-0.084019
0.012512,-0.175939,-0.080290
0.014608,-0.174307,-0.080745
0.015550,-0.175267,-0.081588
0.016405,-0.174972,-0.080688
0.019120,-0.174851,-0.079505
0.019275,-0.174614,-0.081144
0.024554,-0.175073,-0.078126
0.022933,-0.173732,-0.080104
0.025900,-0.174816,-0.081339
0.026398,-0.174274,-0.078320
0.026991,-0.175359,-0.078249
0.027415,-0.171961,-0.080265
0.029445,-0.174343,-0.080252
0.030640,-0.173810,-0.079054
0.033236,-0.174499,-0.077601
0.032819,-0.174162,-0.077882
0.034669,-0.174084,-0.079164
0.037440,-0.175923,-0.078104
0.038054,-0.174708,-0.078983
0.038359,-0.175951,-0.078667
0.040768,-0.175336,-0.078261
0.041607,-0.173666,-0.077983
0.042492,-0.173806,-0.079987
0.043044,-0.174210,-0.078917
0.047281,-0.175052,-0.079500
0.047547,-0.174477,-0.078231
0.048242,-0.174037,-0.078574
0.049013,-0.174116,-0.079261
0.051415,-0.173502,-0.080443
0.053446,-0.174009,-0.078184
0.051967,-0.173494,-0.076557
0.056049,-0.173243,-0.077061
0.057260,-0.173864,-0.077401
0.058048,-0.175211,-0.077117
0.061256,-0.175551,-0.076432
0.060857,-0.174274,-0.076127
0.062501,-0.174309,-0.076267
0.062546,-0.174484,-0.072935
0.064123,-0.175077,-0.075059
0.067279,-0.173954,-0.075832
0.068417,-0.172610,-0.076371
0.069473,-0.173515,-0.074156
0.072887,-0.173853,-0.076191
0.071745,-0.174313,-0.075133
0.073390,-0.172592,-0.076442
0.073373,-0.173441,-0.074299
0.077752,-0.174081,-0.074716
0.079473,-0.173980,-0.073460
0.079008,-0.175491,-0.073157
0.080136,-0.173983,-0.071955
0.080945,-0.175389,-0.074076
0.083185,-0.173326,-0.072958
0.085631,-0.173893,-0.072287
0.086225,-0.174797,-0.072550
0.087529,-0.173224,-0.069409
0.090597,-0.173619,-0.069417
0.088254,-0.174399,-0.069034
0.091438,-0.173808,-0.069912
0.092624,-0.173919,-0.069345
0.092934,-0.173629,-0.068703
0.096776,-0.172634,-0.069972
0.096469,-0.173308,-0.069003
0.097215,-0.173692,-0.069327
0.099879,-0.172196,-0.069339
0.100969,-0.173558,-0.068254
0.100639,-0.175483,-0.069377
0.103255,-0.172819,-0.068951
0.104603,-0.173922,-0.068679
0.105873,-0.174512,-0.067665
0.105629,-0.171902,-0.068170
0.107126,-0.175055,-0.065577
0.109264,-0.173664,-0.067235
0.111238,-0.173371,-0.068092
0.112487,-0.175118,-0.068560
0.113609,-0.175197,-0.068465
0.116060,-0.173440,-0.067954
0.116479,-0.173180,-0.066102
0.119224,-0.172873,-0.068972
0.119159,-0.175150,-0.067767
0.120334,-0.174812,-0.067375
0.121527,-0.174748,-0.066756
0.123050,-0.173964,-0.064895
0.124098,-0.174650,-0.066538
0.125292,-0.173397,-0.065270
0.128087,-0.173818,-0.066934
0.129350,-0.173221,-0.064921
0.130864,-0.174387,-0.066724
0.131136,-0.174045,-0.065958
0.133683,-0.174189,-0.066974
0.134451,-0.174429,-0.068463
0.136636,-0.173317,-0.067110
0.137424,-0.172779,-0.069178
0.140216,-0.172107,-0.068327
0.138438,-0.172893,-0.069037
0.140067,-0.174245,-0.068170
0.144061,-0.172288,-0.069654
0.143370,-0.175078,-0.069009
0.145652,-0.173782,-0.068285
0.147778,-0.173483,-0.071097
0.148315,-0.173705,-0.072850
0.150037,-0.172822,-0.073412
0.151383,-0.174509,-0.073219
0.151984,-0.173107,-0.076580
0.153634,-0.172924,-0.076032
0.156657,-0.175232,-0.078158
0.157397,-0.173931,-0.078412
0.156370,-0.174436,-0.080612
0.160666,-0.174977,-0.082357
0.161700,-0.175677,-0.083704
0.162323,-0.176881,-0.083712
0.164007,-0.175192,-0.084709
0.166321,-0.174571,-0.086014
0.164789,-0.173656,-0.088438
0.167964,-0.174486,-0.089861
0.170436,-0.174620,-0.092867
0.172886,-0.173784,-0.095149
0.170917,-0.176328,-0.097953
0.173981,-0.175034,-0.097932
0.175539,-0.176000,-0.101711
0.177323,-0.175485,-0.105235
0.178509,-0.175696,-0.109471
0.181388,-0.175610,-0.114905
0.181202,-0.176113,-0.120411
0.184573,-0.175727,-0.126952
0.185937,-0.178684,-0.143195
-0.125791,-0.176214,-0.153728
-0.121602,-0.175177,-0.148592
-0.121180,-0.175470,-0.140827
-0.119419,-0.175141,-0.137469
-0.117759,-0.175757,-0.134481
-0.117005,-0.176109,-0.132578
-0.113782,-0.175394,-0.128171
-0.113582,-0.175568,-0.126209
-0.112733,-0.173830,-0.124600
-0.109462,-0.173068,-0.122704
-0.109738,-0.173799,-0.119410
-0.108245,-0.175994,-0.117764
-0.104452,-0.173861,-0.117510
-0.104479,-0.173700,-0.117166
-0.102501,-0.173690,-0.114450
-0.101876,-0.174089,-0.114441
-0.099777,-0.173217,-0.114689
-0.100262,-0.175147,-0.110557
-0.099323,-0.174296,-0.110672
-0.096272,-0.174944,-0.109411
-0.095816,-0.175090,-0.110012
-0.093282,-0.173847,-0.108302
-0.092581,-0.175504,-0.109897
-0.089199,-0.175433,-0.107318
-0.087661,-0.174841,-0.107922
-0.086808,-0.175784,-0.107784
-0.087567,-0.173259,-0.108612
-0.085132,-0.174455,-0.107108
-0.085218,-0.173094,-0.107060
-0.082790,-0.175149,-0.106054
-0.081193,-0.174825,-0.106331
-0.079087,-0.174913,-0.104621
-0.077468,-0.174608,-0.107315
-0.077018,-0.173879,-0.105809
-0.075327,-0.171754,-0.104865
-0.074003,-0.173825,-0.104387
-0.071300,-0.175650,-0.104135
-0.070964,-0.173323,-0.105045
-0.068656,-0.174185,-0.105606
-0.071628,-0.173972,-0.104525
-0.065446,-0.173705,-0.104659
-0.067650,-0.175059,-0.105285
-0.064466,-0.174003,-0.107083
-0.061497,-0.173098,-0.103691
-0.060966,-0.174099,-0.106513
-0.060349,-0.172545,-0.106991
-0.057461,-0.175450,-0.105160
-0.057029,-0.174690,-0.104612
-0.055786,-0.173524,-0.103759
-0.055305,-0.172451,-0.103911
-0.054545,-0.175336,-0.103301
-0.053545,-0.173994,-0.101685
-0.050471,-0.174181,-0.100454
-0.049029,-0.173009,-0.102516
-0.045619,-0.174580,-0.101651
-0.048323,-0.172655,-0.101819
-0.042954,-0.172918,-0.100890
-0.042546,-0.174551,-0.103349
-0.042657,-0.173668,-0.100885
-0.040642,-0.173777,-0.101508
-0.039096,-0.174113,-0.100318
-0.038367,-0.173493,-0.100862
-0.037114,-0.172887,-0.098705
-0.034124,-0.173844,-0.101113
-0.033609,-0.174660,-0.100066
-0.031282,-0.174279,-0.099395
-0.029801,-0.173542,-0.098678
-0.028666,-0.171355,-0.097145
-0.030270,-0.173183,-0.097619
-0.026959,-0.173127,-0.097673
-0.026684,-0.171649,-0.096173
-0.025901,-0.173492,-0.095144
-0.023611,-0.169791,-0.094479
-0.022345,-0.174028,-0.094663
-0.019813,-0.173387,-0.095349
-0.019335,-0.172464,-0.091769
-0.017134,-0.174735,-0.092427
-0.016343,-0.173496,-0.092142
-0.014362,-0.172827,-0.093911
-0.011586,-0.173098,-0.091993
-0.010357,-0.173677,-0.091623
-0.010648,-0.174823,-0.091537
-0.007743,-0.175072,-0.088518
-0.006361,-0.172851,-0.088606
-0.005414,-0.173392,-0.087626
-0.006179,-0.174245,-0.087542
-0.003927,-0.173698,-0.087984
0.000487,-0.172800,-0.085515
-0.001972,-0.172782,-0.085765
0.001745,-0.172491,-0.086555
0.002654,-0.172197,-0.085615
0.003904,-0.171207,-0.084665
0.004225,-0.174666,-0.085015
0.006501,-0.173439,-0.084696
0.008379,-0.172927,-0.082974
0.009433,-0.173286,-0.083445
0.009619,-0.172352,-0.082822
0.013291,-0.174244,-0.082619
0.013937,-0.171780,-0.082545
0.015501,-0.173336,-0.080328
0.016125,-0.170932,-0.081047
0.016262,-0.169869,-0.080119
0.017722,-0.172127,-0.080150
0.020382,-0.172783,-0.079592
0.023231,-0.172804,-0.079490
0.023407,-0.172477,-0.078953
0.024239,-0.173808,-0.079987
0.025111,-0.172636,-0.080711
0.026390,-0.171112,-0.079617
0.028044,-0.173116,-0.078900
0.029520,-0.171875,-0.078321
0.032077,-0.172857,-0.079722
0.032148,-0.171684,-0.078636
0.035407,-0.171935,-0.079520
0.033479,-0.171645,-0.077676
0.037775,-0.172918,-0.078495
0.038842,-0.172760,-0.078157
0.037704,-0.171985,-0.080868
0.039406,-0.173058,-0.078174
0.042316,-0.172645,-0.077416
0.043712,-0.174398,-0.077753
0.045458,-0.172278,-0.078062
0.045106,-0.172171,-0.077309
0.047530,-0.174125,-0.080589
0.047073,-0.171568,-0.079023
0.051809,-0.172165,-0.078431
0.051870,-0.172433,-0.079254
0.051660,-0.172946,-0.077505
0.053798,-0.171979,-0.076765
0.054758,-0.173702,-0.078397
0.055084,-0.172003,-0.074887
0.058248,-0.173009,-0.076997
0.058704,-0.171859,-0.075646
0.061300,-0.171905,-0.076706
0.062241,-0.173023,-0.074752
0.064365,-0.173078,-0.075248
0.065891,-0.173025,-0.074432
0.064984,-0.172239,-0.075846
0.068217,-0.173216,-0.073379
0.068301,-0.172350,-0.074843
0.069280,-0.173241,-0.073698
0.072599,-0.172499,-0.074315
0.073720,-0.171861,-0.075290
0.074554,-0.171865,-0.074885
0.074196,-0.174158,-0.074005
0.077744,-0.173105,-0.073880
0.078802,-0.171923,-0.072162
0.079662,-0.172030,-0.072500
0.081215,-0.173239,-0.073246
0.083311,-0.173339,-0.072596
0.085359,-0.171529,-0.072971
0.084051,-0.170833,-0.071945
0.086609,-0.170262,-0.070070
0.089386,-0.172875,-0.070843
0.088581,-0.173282,-0.070483
0.089384,-0.171267,-0.069084
0.093910,-0.172326,-0.069104
0.092549,-0.172131,-0.070157
0.096170,-0.172387,-0.071326
0.095281,-0.172161,-0.069075
0.097564,-0.173128,-0.067749
0.098835,-0.171810,-0.069024
0.100345,-0.171550,-0.067721
0.102535,-0.172484,-0.068923
0.102518,-0.171563,-0.068891
0.104516,-0.173822,-0.070083
0.106385,-0.171279,-0.069901
0.106700,-0.172749,-0.069103
0.107310,-0.172317,-0.067777
0.110300,-0.171462,-0.069421
0.110180,-0.172586,-0.069259
0.114175,-0.172144,-0.066491
0.114174,-0.172574,-0.067197
0.114750,-0.168877,-0.069660
0.117239,-0.171255,-0.067194
0.117814,-0.170196,-0.066351
0.119793,-0.171954,-0.068054
0.119346,-0.170868,-0.066743
0.122877,-0.172463,-0.068098
0.122880,-0.172615,-0.067394
0.124848,-0.173465,-0.066709
0.128421,-0.173771,-0.068049
0.128128,-0.171754,-0.067626
0.128224,-0.173164,-0.067601
0.130877,-0.171340,-0.066061
0.132040,-0.170241,-0.066760
0.131790,-0.172126,-0.069800
0.134977,-0.173330,-0.067011
0.136152,-0.172032,-0.069396
0.138430,-0.172184,-0.068380
0.136294,-0.173114,-0.069975
0.140505,-0.171213,-0.070773
0.139178,-0.173332,-0.068391
0.142827,-0.173119,-0.069598
0.144459,-0.173801,-0.069957
0.144576,-0.172748,-0.069433
0.147233,-0.172463,-0.073225
0.149442,-0.172518,-0.072133
0.149085,-0.173002,-0.074778
0.151534,-0.171710,-0.075860
0.153365,-0.169697,-0.075332
0.153806,-0.172034,-0.076509
0.156250,-0.172276,-0.075607
0.157189,-0.171807,-0.080087
0.158564,-0.173608,-0.079990
0.160253,-0.172957,-0.081082
0.161939,-0.173412,-0.081147
0.163746,-0.170914,-0.085659
0.164540,-0.172888,-0.083885
0.164352,-0.172346,-0.088321
0.167254,-0.173408,-0.090201
0.167760,-0.171707,-0.090870
0.170200,-0.175331,-0.092654
0.169746,-0.173274,-0.094472
0.172866,-0.175504,-0.096411
0.171777,-0.173056,-0.099458
0.175497,-0.173262,-0.102310
0.177785,-0.173043,-0.103827
0.177575,-0.173408,-0.111871
0.180266,-0.175741,-0.113900
0.179481,-0.174835,-0.119850
0.183969,-0.173566,-0.130429
-0.126889,-0.173034,-0.157190
-0.124276,-0.172996,-0.151623
-0.120648,-0.175049,-0.144232
-0.121490,-0.172672,-0.135602
-0.118769,-0.175413,-0.133910
-0.119150,-0.173831,-0.132359
-0.115942,-0.172676,-0.128225
-0.113449,-0.173595,-0.127902
-0.111824,-0.174109,-0.126418
-0.110750,-0.171669,-0.121507
-0.108576,-0.171575,-0.119618
-0.106872,-0.174868,-0.119928
-0.104244,-0.173051,-0.118144
-0.103590,-0.171737,-0.115928
-0.104673,-0.173570,-0.116590
-0.101822,-0.173127,-0.115043
-0.099997,-0.173027,-0.114569
-0.099423,-0.172919,-0.112556
-0.096868,-0.172558,-0.110859
-0.095857,-0.173896,-0.110516
-0.093415,-0.171404,-0.111757
-0.093461,-0.173057,-0.109131
-0.094015,-0.173292,-0.108587
-0.090267,-0.171992,-0.108439
-0.086943,-0.173970,-0.109244
-0.088564,-0.171147,-0.109014
-0.086552,-0.172502,-0.106366
-0.083541,-0.172920,-0.107182
-0.082721,-0.170708,-0.109579
-0.083373,-0.174537,-0.106178
-0.081278,-0.173314,-0.106732
-0.078505,-0.172249,-0.104958
-0.077907,-0.174550,-0.105555
-0.075230,-0.170119,-0.107750
-0.075998,-0.172879,-0.105853
-0.072826,-0.171815,-0.104973
-0.070907,-0.173840,-0.106720
-0.071822,-0.175271,-0.105731
-0.071566,-0.169375,-0.105941
-0.065150,-0.172328,-0.106388
-0.065805,-0.171857,-0.106931
-0.064499,-0.174184,-0.105312
-0.065274,-0.173549,-0.105176
-0.063251,-0.172406,-0.106023
-0.062950,-0.171429,-0.104351
-0.060363,-0.171063,-0.106281
-0.057547,-0.173064,-0.104613
-0.057305,-0.171859,-0.106980
-0.055713,-0.172018,-0.103529
-0.054483,-0.174213,-0.103039
-0.053296,-0.172671,-0.102374
-0.051778,-0.171472,-0.104165
-0.051834,-0.172694,-0.101356
-0.049712,-0.173945,-0.099985
-0.048302,-0.173124,-0.102704
-0.046464,-0.172061,-0.103036
-0.046367,-0.174824,-0.102440
-0.044101,-0.172003,-0.101913
-0.044140,-0.172372,-0.101206
-0.039842,-0.172073,-0.101942
-0.041973,-0.170562,-0.100449
-0.037412,-0.171140,-0.101767
-0.038086,-0.172072,-0.099395
-0.033405,-0.173068,-0.097540
-0.033968,-0.171332,-0.099878
-0.033342,-0.174757,-0.100455
-0.032931,-0.172981,-0.098248
-0.030125,-0.170901,-0.099190
-0.026466,-0.171888,-0.097589
-0.026901,-0.172945,-0.098779
-0.025723,-0.172913,-0.098469
-0.025579,-0.171865,-0.096691
-0.023488,-0.171667,-0.092888
-0.021393,-0.172796,-0.093493
-0.020592,-0.171912,-0.095271
-0.017344,-0.170574,-0.094009
-0.017041,-0.170798,-0.092907
-0.015119,-0.172405,-0.091108
-0.014410,-0.172238,-0.093620
-0.014414,-0.172118,-0.091214
-0.012451,-0.170394,-0.090779
-0.011153,-0.172358,-0.091883
-0.007848,-0.171523,-0.089506
-0.008186,-0.172107,-0.088890
-0.007645,-0.171569,-0.089300
-0.003483,-0.172566,-0.086131
-0.003904,-0.171950,-0.088861
-0.003966,-0.171349,-0.085232
-0.000570,-0.172649,-0.087026
-0.000374,-0.171253,-0.084775
0.000893,-0.169724,-0.085668
0.004337,-0.171643,-0.086104
0.002846,-0.171359,-0.084049
0.006798,-0.172345,-0.083155
0.007229,-0.170939,-0.081697
0.008095,-0.171060,-0.082808
0.009044,-0.169939,-0.083769
0.010242,-0.172111,-0.083013
0.013456,-0.170951,-0.081876
0.011571,-0.171368,-0.080370
0.015648,-0.171569,-0.080958
0.018868,-0.172794,-0.080801
0.017636,-0.170998,-0.078786
0.018503,-0.172016,-0.078618
0.021556,-0.171315,-0.080248
0.023018,-0.171745,-0.080578
0.025294,-0.171539,-0.078443
0.026771,-0.172017,-0.078559
0.026370,-0.169371,-0.077907
0.027868,-0.172037,-0.079017
0.030639,-0.171071,-0.077689
0.031041,-0.171626,-0.078781
0.031022,-0.173069,-0.077207
0.032652,-0.171478,-0.078649
0.036422,-0.171639,-0.077528
0.035359,-0.171296,-0.079697
0.037601,-0.169399,-0.078050
0.039450,-0.173753,-0.079544
0.041506,-0.170370,-0.077031
0.043295,-0.170206,-0.078588
0.045465,-0.172381,-0.077775
0.043806,-0.172919,-0.076928
0.046966,-0.172950,-0.079564
0.047962,-0.170435,-0.079067
0.048670,-0.171466,-0.077827
0.051512,-0.171421,-0.077468
0.051832,-0.171344,-0.078692
0.052342,-0.169920,-0.077180
0.055243,-0.172825,-0.076222
0.056374,-0.171619,-0.076455
0.056521,-0.170769,-0.077324
0.059143,-0.170780,-0.076405
0.061862,-0.170131,-0.074960
0.060064,-0.170926,-0.076981
0.062581,-0.170920,-0.077393
0.061466,-0.170757,-0.075406
0.066220,-0.171560,-0.076000
0.065236,-0.171197,-0.076603
0.067259,-0.171462,-0.073661
0.066525,-0.170460,-0.076850
0.071330,-0.171512,-0.075580
0.071935,-0.170853,-0.075732
0.071768,-0.169237,-0.075326
0.073110,-0.170842,-0.074748
0.075870,-0.171549,-0.073397
0.078531,-0.172466,-0.073552
0.078770,-0.171499,-0.072165
0.079853,-0.171413,-0.073168
0.083190,-0.170254,-0.071837
0.082713,-0.170117,-0.072682
0.085511,-0.168494,-0.075097
0.085496,-0.170435,-0.072361
0.087231,-0.171125,-0.071756
0.087563,-0.171668,-0.070027
0.089441,-0.172060,-0.070857
0.090939,-0.170246,-0.070071
0.094224,-0.170312,-0.070471
0.094059,-0.169932,-0.069947
0.094518,-0.170650,-0.070042
0.097832,-0.170588,-0.072621
0.098389,-0.170049,-0.068373
0.097345,-0.170026,-0.070234
0.101932,-0.170470,-0.069126
0.101362,-0.171051,-0.069297
0.099255,-0.171507,-0.071281
0.104186,-0.170476,-0.069150
0.106479,-0.168763,-0.069392
0.106222,-0.171582,-0.067325
0.108731,-0.170883,-0.067472
0.111763,-0.171133,-0.068787
0.112800,-0.170264,-0.069380
0.112004,-0.168850,-0.068461
0.113358,-0.170359,-0.068838
0.115449,-0.169077,-0.068712
0.116233,-0.170223,-0.069113
0.118753,-0.170398,-0.069010
0.119177,-0.171391,-0.067040
0.120536,-0.171542,-0.065784
0.123590,-0.171636,-0.068159
0.120498,-0.171882,-0.066249
0.124834,-0.170316,-0.067859
0.125145,-0.172341,-0.067941
0.127903,-0.172302,-0.067619
0.128858,-0.170823,-0.067560
0.130634,-0.171321,-0.069325
0.132757,-0.169920,-0.067560
0.132809,-0.169776,-0.069080
0.136063,-0.171876,-0.068120
0.135334,-0.172056,-0.068761
0.137400,-0.170978,-0.068266
0.139746,-0.169822,-0.070007
0.141675,-0.171378,-0.068254
0.140571,-0.168524,-0.068725
0.144480,-0.169585,-0.071910
0.145165,-0.169363,-0.072098
0.144941,-0.170594,-0.073904
0.144798,-0.170251,-0.070293
0.148071,-0.171315,-0.072549
0.149570,-0.170623,-0.072651
0.151893,-0.170927,-0.075719
0.152313,-0.168368,-0.075807
0.155671,-0.170991,-0.076032
0.154319,-0.172930,-0.078806
0.157016,-0.170723,-0.078852
0.159052,-0.172043,-0.079655
0.160143,-0.172174,-0.082909
0.160111,-0.172731,-0.083227
0.163279,-0.171512,-0.084910
0.163180,-0.171842,-0.086082
0.165233,-0.172400,-0.088836
0.167092,-0.171643,-0.088188
0.167184,-0.171004,-0.089970
0.169067,-0.170376,-0.094133
0.171192,-0.170582,-0.095962
0.173379,-0.172273,-0.097356
0.173454,-0.174535,-0.100546
0.176033,-0.172414,-0.101195
0.176781,-0.172136,-0.107393
0.179575,-0.172868,-0.111063
0.180100,-0.172056,-0.115272
0.182395,-0.172819,-0.121820
0.184383,-0.172824,-0.129730
-0.127217,-0.174985,-0.160554
-0.125067,-0.174827,-0.155060
-0.122131,-0.175297,-0.148367
-0.119459,-0.170642,-0.138841
-0.119652,-0.172399,-0.133538
-0.116156,-0.171517,-0.134943
-0.116716,-0.170057,-0.132105
-0.115594,-0.173412,-0.128661
-0.113307,-0.171869,-0.128386
-0.111380,-0.171735,-0.124014
-0.109735,-0.172383,-0.120502
-0.109139,-0.169633,-0.119630
-0.105821,-0.171548,-0.118265
-0.104320,-0.170532,-0.119477
-0.104262,-0.170939,-0.116689
-0.103678,-0.169961,-0.114899
-0.100740,-0.171254,-0.113432
-0.099873,-0.172459,-0.114216
-0.098430,-0.171561,-0.114297
-0.095541,-0.170751,-0.113574
-0.094504,-0.170460,-0.110366
-0.094797,-0.170876,-0.110232
-0.090176,-0.170987,-0.110562
-0.091725,-0.170002,-0.108486
-0.089652,-0.172518,-0.108184
-0.089421,-0.171123,-0.108367
-0.084722,-0.172329,-0.108124
-0.086171,-0.170905,-0.109029
-0.085201,-0.171979,-0.109229
-0.082437,-0.170246,-0.109503
-0.079901,-0.170330,-0.106343
-0.080328,-0.171560,-0.107844
-0.078295,-0.171577,-0.106885
-0.077614,-0.171735,-0.106279
-0.075104,-0.170757,-0.107331
-0.075715,-0.171165,-0.106293
-0.072862,-0.168768,-0.106366
-0.072297,-0.170738,-0.107092
-0.070054,-0.170611,-0.106490
-0.067835,-0.169526,-0.107242
-0.067064,-0.170888,-0.107462
-0.065017,-0.170177,-0.105600
-0.064004,-0.170888,-0.105973
-0.064198,-0.170676,-0.106148
-0.063622,-0.172062,-0.105698
-0.060939,-0.171567,-0.106122
-0.056579,-0.169339,-0.106553
-0.056803,-0.170930,-0.104824
-0.057839,-0.170785,-0.105110
-0.054431,-0.170141,-0.104011
-0.053618,-0.172197,-0.104854
-0.049618,-0.170279,-0.102443
-0.049579,-0.171438,-0.101992
-0.049139,-0.172880,-0.102392
-0.047687,-0.170491,-0.102779
-0.045826,-0.172578,-0.100178
-0.045162,-0.168153,-0.101592
-0.042751,-0.170678,-0.100679
-0.043779,-0.169244,-0.102755
-0.040685,-0.171665,-0.100852
-0.039052,-0.170306,-0.100065
-0.037809,-0.171873,-0.100737
-0.038439,-0.170496,-0.099824
-0.036630,-0.169111,-0.100243
-0.031814,-0.170716,-0.099563
-0.031760,-0.172016,-0.098149
-0.029470,-0.171311,-0.099867
-0.030849,-0.168646,-0.099253
-0.029682,-0.172556,-0.096104
-0.027397,-0.170043,-0.096526
-0.024269,-0.170453,-0.096665
-0.024649,-0.169621,-0.095293
-0.023514,-0.170740,-0.094398
-0.022191,-0.170823,-0.095314
-0.022685,-0.169522,-0.092746
-0.017396,-0.171527,-0.091488
-0.017352,-0.169261,-0.091561
-0.015364,-0.169393,-0.093345
-0.013202,-0.170428,-0.092210
-0.012457,-0.170917,-0.091747
-0.011375,-0.169727,-0.091164
-0.011319,-0.169330,-0.089895
-0.008040,-0.171210,-0.089446
-0.008312,-0.171121,-0.089288
-0.005462,-0.169042,-0.087854
-0.005902,-0.168877,-0.087681
-0.003637,-0.169702,-0.089397
-0.000618,-0.170759,-0.086792
0.000113,-0.170633,-0.085654
0.000899,-0.169665,-0.085012
0.002243,-0.170774,-0.084398
0.003482,-0.169749,-0.084142
0.004475,-0.169679,-0.082574
0.004751,-0.168503,-0.082652
0.006193,-0.170806,-0.080793
0.007666,-0.168597,-0.082101
0.010432,-0.169244,-0.082051
0.010837,-0.169569,-0.082482
0.012679,-0.169732,-0.082056
0.014256,-0.169202,-0.081212
0.015557,-0.168953,-0.083265
0.018242,-0.169470,-0.081615
0.019328,-0.167904,-0.080891
0.019438,-0.170379,-0.078995
0.021658,-0.167977,-0.081694
0.022757,-0.168572,-0.079752
0.024027,-0.167099,-0.079194
0.026487,-0.167971,-0.079410
0.027489,-0.167658,-0.079844
0.028381,-0.169482,-0.079198
0.029356,-0.170324,-0.078763
0.030745,-0.169330,-0.077898
0.030680,-0.168666,-0.078650
0.034545,-0.169656,-0.078613
0.033597,-0.169129,-0.078373
0.035367,-0.169873,-0.077752
0.037947,-0.170148,-0.078609
0.038917,-0.171096,-0.077128
0.040945,-0.169606,-0.078824
0.041172,-0.167191,-0.076584
0.043240,-0.170368,-0.077935
0.042698,-0.169163,-0.076758
0.044738,-0.169642,-0.079576
0.047634,-0.169967,-0.077229
0.046061,-0.171425,-0.077804
0.049455,-0.169907,-0.077364
0.050235,-0.171083,-0.079849
0.054099,-0.168656,-0.077186
0.055026,-0.170220,-0.078137
0.055533,-0.168733,-0.078069
0.057669,-0.169691,-0.076970
0.059103,-0.169173,-0.074474
0.059788,-0.169150,-0.078257
0.060850,-0.170766,-0.074710
0.061811,-0.170515,-0.074579
0.063056,-0.168079,-0.076833
0.065398,-0.167199,-0.074930
0.066184,-0.170877,-0.076618
0.067702,-0.168438,-0.075653
0.068188,-0.168038,-0.074765
0.070668,-0.169288,-0.074892
0.071109,-0.168948,-0.076089
0.073032,-0.169749,-0.073206
0.076237,-0.169169,-0.074305
0.076759,-0.169313,-0.074178
0.075746,-0.168426,-0.074108
0.080729,-0.170343,-0.074346
0.080470,-0.169473,-0.072437
0.082802,-0.169977,-0.071370
0.083029,-0.167917,-0.075112
0.083837,-0.170740,-0.073247
0.083789,-0.167947,-0.073256
0.085687,-0.168562,-0.075331
0.088675,-0.169734,-0.069817
0.090683,-0.169404,-0.070005
0.092471,-0.169214,-0.070359
0.093481,-0.168699,-0.071101
0.094164,-0.169108,-0.071586
0.095832,-0.168587,-0.068410
0.095777,-0.167880,-0.068302
0.098179,-0.167691,-0.071216
0.099105,-0.166436,-0.069416
0.098606,-0.169320,-0.069813
0.102130,-0.169946,-0.067528
0.103570,-0.168313,-0.069498
0.103555,-0.170664,-0.069396
0.104784,-0.170209,-0.068966
0.105111,-0.170088,-0.068459
0.107543,-0.168461,-0.069987
0.109518,-0.169223,-0.067779
0.111567,-0.169392,-0.067732
0.112382,-0.169192,-0.069298
0.113362,-0.168708,-0.069083
0.114817,-0.166948,-0.068722
0.116176,-0.168784,-0.068435
0.118775,-0.168411,-0.069715
0.119788,-0.166660,-0.068772
0.119102,-0.168861,-0.067264
0.123379,-0.169100,-0.067622
0.124155,-0.170783,-0.068418
0.125557,-0.168520,-0.068408
0.125855,-0.168985,-0.066744
0.127371,-0.168990,-0.068478
0.128922,-0.169323,-0.066894
0.131233,-0.172664,-0.067908
0.133075,-0.170670,-0.067840
0.133069,-0.169747,-0.069102
0.134132,-0.169681,-0.069053
0.134672,-0.168648,-0.069419
0.136571,-0.169035,-0.069852
0.139203,-0.169448,-0.069419
0.141143,-0.168807,-0.072007
0.140371,-0.167761,-0.069632
0.140982,-0.168050,-0.072491
0.143977,-0.168890,-0.071567
0.144588,-0.169146,-0.070945
0.146452,-0.168817,-0.072452
0.147953,-0.170475,-0.072369
0.148719,-0.168882,-0.073841
0.150689,-0.169658,-0.075859
0.155622,-0.169050,-0.076444
0.155370,-0.169065,-0.078022
0.153945,-0.171130,-0.079308
0.155480,-0.169346,-0.081008
0.159506,-0.168432,-0.080264
0.158161,-0.170418,-0.082993
0.160962,-0.170220,-0.084649
0.161805,-0.169071,-0.084223
0.163764,-0.170647,-0.086275
0.164362,-0.170991,-0.088458
0.165791,-0.172162,-0.089949
0.168452,-0.169334,-0.091037
0.168956,-0.171976,-0.092495
0.169329,-0.168728,-0.094504
0.171882,-0.168372,-0.096562
0.174778,-0.170557,-0.099878
0.175098,-0.170124,-0.101509
0.175287,-0.171968,-0.106858
0.178552,-0.172146,-0.112058
0.180161,-0.168851,-0.116187
0.180106,-0.170659,-0.119649
0.183853,-0.169695,-0.130824
-0.123937,-0.174390,-0.156205
-0.121502,-0.170449,-0.147396
-0.120667,-0.172690,-0.144500
-0.119281,-0.169965,-0.138009
-0.116464,-0.171091,-0.133327
-0.118801,-0.172043,-0.134341
-0.115081,-0.169337,-0.128677
-0.112716,-0.172290,-0.126973
-0.111987,-0.171434,-0.125729
-0.109925,-0.169677,-0.123744
-0.107526,-0.173456,-0.120649
-0.107324,-0.168586,-0.117875
-0.104819,-0.169550,-0.118047
-0.103844,-0.170091,-0.118123
-0.101258,-0.170398,-0.116919
-0.100554,-0.169983,-0.115630
-0.099526,-0.168180,-0.114675
-0.098510,-0.169852,-0.115215
-0.096325,-0.170746,-0.111178
-0.095624,-0.168694,-0.112599
-0.094242,-0.168931,-0.110580
-0.092859,-0.167520,-0.110386
-0.090842,-0.170093,-0.108960
-0.088874,-0.170553,-0.109496
-0.087320,-0.170996,-0.109648
-0.087523,-0.170142,-0.110969
-0.086437,-0.169229,-0.108941
-0.085976,-0.169928,-0.107806
-0.081962,-0.170795,-0.107223
-0.081248,-0.169365,-0.108920
-0.078408,-0.167970,-0.106314
-0.077159,-0.169306,-0.108768
-0.075809,-0.169004,-0.105841
-0.075891,-0.170223,-0.107822
-0.073427,-0.168416,-0.106970
-0.072790,-0.170724,-0.109176
-0.070316,-0.169283,-0.105930
-0.070703,-0.168531,-0.107767
-0.067958,-0.168285,-0.106924
-0.066981,-0.169222,-0.106418
-0.065785,-0.168873,-0.105550
-0.064212,-0.168235,-0.106248
-0.062243,-0.168990,-0.107104
-0.060268,-0.169366,-0.107432
-0.059487,-0.170669,-0.107142
-0.057008,-0.169241,-0.104566
-0.057821,-0.168209,-0.106296
-0.055536,-0.171232,-0.102877
-0.055381,-0.167057,-0.102343
-0.054546,-0.169359,-0.104393
-0.050099,-0.168721,-0.103270
-0.050931,-0.170529,-0.103846
-0.048789,-0.169760,-0.100596
-0.048006,-0.170906,-0.101846
-0.044955,-0.171081,-0.103449
-0.044974,-0.169499,-0.102090
-0.044044,-0.170246,-0.100977
-0.042456,-0.170343,-0.101591
-0.042749,-0.168266,-0.101199
-0.038586,-0.170150,-0.102206
-0.038348,-0.167941,-0.098579
-0.037905,-0.167101,-0.099660
-0.035114,-0.169786,-0.100089
-0.034512,-0.168396,-0.099238
-0.031767,-0.169812,-0.100233
-0.029773,-0.170185,-0.097850
-0.030551,-0.169303,-0.098891
-0.028437,-0.170064,-0.096314
-0.027576,-0.168413,-0.097065
-0.027311,-0.169388,-0.095559
-0.023427,-0.168123,-0.095853
-0.022745,-0.169461,-0.094213
-0.020519,-0.168457,-0.092603
-0.019750,-0.169484,-0.094171
-0.018497,-0.169039,-0.093066
-0.017746,-0.167233,-0.092167
-0.016460,-0.169615,-0.092239
-0.014454,-0.167800,-0.093534
-0.013889,-0.167962,-0.090352
-0.011219,-0.168302,-0.091052
-0.010643,-0.169130,-0.089386
-0.008693,-0.168523,-0.088969
-0.008828,-0.167608,-0.088836
-0.007235,-0.167898,-0.087833
-0.005758,-0.168397,-0.087355
-0.002854,-0.168418,-0.087724
-0.002531,-0.168746,-0.085061
-0.000101,-0.167905,-0.084468
0.000229,-0.167837,-0.083822
0.002265,-0.168463,-0.085581
0.001876,-0.169065,-0.082520
0.006052,-0.168593,-0.082515
0.005396,-0.168869,-0.082709
0.008178,-0.167550,-0.084533
0.009207,-0.168753,-0.080718
0.009838,-0.168101,-0.082160
0.010809,-0.168801,-0.082950
0.014759,-0.168064,-0.081685
0.014758,-0.169207,-0.081194
0.016250,-0.171426,-0.081414
0.016334,-0.165995,-0.078562
0.020248,-0.167790,-0.078507
0.018052,-0.168393,-0.079198
0.022095,-0.166079,-0.080030
0.023766,-0.169155,-0.078092
0.024275,-0.169144,-0.078025
0.024898,-0.167573,-0.078669
0.025397,-0.167781,-0.078046
0.029722,-0.166297,-0.078108
0.030002,-0.169060,-0.078124
0.030287,-0.167776,-0.079499
0.031124,-0.166591,-0.078941
0.035605,-0.168609,-0.079360
0.035489,-0.168202,-0.079010
0.037538,-0.166805,-0.076931
0.036595,-0.169041,-0.078299
0.039614,-0.166816,-0.076367
0.041956,-0.168269,-0.077569
0.041796,-0.169377,-0.079025
0.043328,-0.169085,-0.076570
0.043405,-0.167705,-0.079958
0.048086,-0.168276,-0.079081
0.046355,-0.169271,-0.078487
0.048037,-0.168172,-0.076823
0.051369,-0.169766,-0.077317
0.053218,-0.168120,-0.078427
0.052040,-0.167288,-0.076363
0.054412,-0.169054,-0.077670
0.055524,-0.168381,-0.078451
0.056628,-0.167051,-0.076063
0.058700,-0.166995,-0.074446
0.058979,-0.168675,-0.077556
0.060479,-0.166030,-0.075837
0.062151,-0.168090,-0.076332
0.064453,-0.166615,-0.077074
0.064456,-0.167216,-0.075182
0.066231,-0.168826,-0.076544
0.067437,-0.166531,-0.074748
0.067758,-0.168481,-0.075160
0.070778,-0.167357,-0.076394
0.072155,-0.168811,-0.072733
0.074385,-0.168532,-0.073341
0.075166,-0.166948,-0.075132
0.075359,-0.167330,-0.073128
0.076026,-0.167593,-0.073078
0.079772,-0.168702,-0.074734
0.080558,-0.165451,-0.072596
0.081121,-0.168571,-0.072317
0.082703,-0.167757,-0.073384
0.083290,-0.167402,-0.072616
0.085031,-0.169222,-0.073999
0.086000,-0.167400,-0.073452
0.090413,-0.169045,-0.072587
0.088304,-0.166335,-0.071620
0.089636,-0.166602,-0.071182
0.092513,-0.167054,-0.070845
0.093503,-0.166856,-0.072186
0.096211,-0.165587,-0.071602
0.096996,-0.168369,-0.068972
0.096475,-0.165325,-0.069722
0.100273,-0.165514,-0.069556
0.100422,-0.167633,-0.070673
0.100842,-0.167724,-0.070721
0.102378,-0.167410,-0.069609
0.104013,-0.166809,-0.071076
0.107659,-0.167422,-0.068191
0.108014,-0.169375,-0.069330
0.109938,-0.166655,-0.068161
0.110197,-0.168472,-0.069163
0.111442,-0.167972,-0.067248
0.112523,-0.167330,-0.068640
0.114651,-0.165669,-0.068719
0.115367,-0.168803,-0.068606
0.116083,-0.167507,-0.069629
0.118843,-0.166418,-0.069285
0.119865,-0.166565,-0.069908
0.122019,-0.167169,-0.067989
0.123774,-0.166745,-0.070197
0.125138,-0.166733,-0.067752
0.125783,-0.168958,-0.068052
0.126902,-0.168771,-0.069935
0.128752,-0.167745,-0.068752
0.130124,-0.166709,-0.067684
0.130185,-0.168678,-0.067685
0.130523,-0.167074,-0.068119
0.133902,-0.167371,-0.069895
0.135656,-0.168207,-0.068380
0.134878,-0.167858,-0.068375
0.139016,-0.166463,-0.070132
0.138190,-0.168452,-0.070658
0.139217,-0.167699,-0.071480
0.139843,-0.167434,-0.070798
0.142215,-0.168928,-0.071901
0.142969,-0.167130,-0.072090
0.146709,-0.168410,-0.073997
0.147083,-0.166823,-0.073600
0.147246,-0.167664,-0.071983
0.149273,-0.167785,-0.075425
0.151575,-0.166682,-0.074657
0.150900,-0.168417,-0.077587
0.153138,-0.167697,-0.077082
0.154324,-0.166885,-0.077133
0.156766,-0.167372,-0.079543
0.157832,-0.169230,-0.081511
0.161519,-0.168263,-0.083488
0.160892,-0.167913,-0.083479
0.162184,-0.168060,-0.085232
0.163562,-0.167970,-0.085775
0.164476,-0.168388,-0.088048
0.167259,-0.169166,-0.089918
0.170298,-0.168077,-0.091362
0.169308,-0.168512,-0.095122
0.168942,-0.167867,-0.097020
0.173229,-0.170295,-0.099112
0.173508,-0.169759,-0.100863
0.176935,-0.169587,-0.103392
0.178190,-0.169109,-0.108486
0.177753,-0.170726,-0.111559
0.178487,-0.170280,-0.115967
0.182215,-0.169121,-0.121494
0.185883,-0.173321,-0.129166
-0.127292,-0.170914,-0.158737
-0.122643,-0.170178,-0.153785
-0.121325,-0.170571,-0.145642
-0.120100,-0.168872,-0.139883
-0.117650,-0.168100,-0.136513
-0.115285,-0.168558,-0.134929
-0.113905,-0.170511,-0.131981
-0.113538,-0.168221,-0.128363
-0.110548,-0.167463,-0.128023
-0.109137,-0.166967,-0.124118
-0.107384,-0.168379,-0.120309
-0.106091,-0.168640,-0.119071
-0.104538,-0.167889,-0.120022
-0.104331,-0.167261,-0.119633
-0.103638,-0.167222,-0.117278
-0.100440,-0.169105,-0.116251
-0.100020,-0.166790,-0.113785
-0.098411,-0.167389,-0.114648
-0.097356,-0.167752,-0.114337
-0.095197,-0.166792,-0.113500
-0.090912,-0.168051,-0.111101
-0.092551,-0.166806,-0.109354
-0.090791,-0.167418,-0.110922
-0.090137,-0.168812,-0.111988
-0.088287,-0.166299,-0.112411
-0.087392,-0.168399,-0.110129
-0.085059,-0.166478,-0.111632
-0.082741,-0.167611,-0.108837
-0.081120,-0.168397,-0.107779
-0.082047,-0.167762,-0.109417
-0.078601,-0.166622,-0.109470
-0.077591,-0.167328,-0.109621
-0.076614,-0.168280,-0.108447
-0.074908,-0.167134,-0.108986
-0.074105,-0.169212,-0.108387
-0.074021,-0.166934,-0.107899
-0.072303,-0.166978,-0.106751
-0.069642,-0.167913,-0.108193
-0.067485,-0.169209,-0.108061
-0.067878,-0.168077,-0.105131
-0.065522,-0.167293,-0.109132
-0.062031,-0.167183,-0.107833
-0.062632,-0.166896,-0.107025
-0.062829,-0.166274,-0.107959
-0.059527,-0.167106,-0.105697
-0.059070,-0.168128,-0.105888
-0.057115,-0.167041,-0.104858
-0.056287,-0.168274,-0.103388
-0.056583,-0.167509,-0.103943
-0.054546,-0.167901,-0.104686
-0.051811,-0.168645,-0.103067
-0.050585,-0.167453,-0.103499
-0.048127,-0.167245,-0.103350
-0.049652,-0.165492,-0.102260
-0.047549,-0.167784,-0.101638
-0.045162,-0.166272,-0.101402
-0.041207,-0.169145,-0.102977
-0.043242,-0.167395,-0.100201
-0.040411,-0.166412,-0.101409
-0.040939,-0.167386,-0.102056
-0.038094,-0.170337,-0.099748
-0.036993,-0.166636,-0.101396
-0.036659,-0.169252,-0.099845
-0.034994,-0.165627,-0.100714
-0.033356,-0.165562,-0.100511
-0.030083,-0.168988,-0.098329
-0.027747,-0.167185,-0.096328
-0.028845,-0.168060,-0.098354
-0.025979,-0.167630,-0.096348
-0.023817,-0.166043,-0.096013
-0.025102,-0.167468,-0.094179
-0.022880,-0.167597,-0.094443
-0.021346,-0.167435,-0.093370
-0.020393,-0.166727,-0.092666
-0.020210,-0.165727,-0.092864
-0.016180,-0.167234,-0.094303
-0.013865,-0.164889,-0.092518
-0.016403,-0.166788,-0.091118
-0.015303,-0.166717,-0.090827
-0.013263,-0.167744,-0.091059
-0.009738,-0.168527,-0.090210
-0.009177,-0.168386,-0.089268
-0.008808,-0.167052,-0.088466
-0.006253,-0.167478,-0.088282
-0.002770,-0.168645,-0.087749
-0.004713,-0.166140,-0.086021
-0.001059,-0.165884,-0.085122
-0.001076,-0.166097,-0.084779
0.001182,-0.166153,-0.085075
0.003579,-0.167031,-0.084467
0.002980,-0.165609,-0.084560
0.004174,-0.166201,-0.083671
0.006529,-0.166232,-0.084512
0.007514,-0.167144,-0.081971
0.009571,-0.165713,-0.082450
0.011020,-0.167630,-0.082542
0.012027,-0.167310,-0.082466
0.012959,-0.165252,-0.080633
0.015204,-0.166277,-0.079385
0.014816,-0.167615,-0.079564
0.018658,-0.168261,-0.079470
0.018907,-0.167182,-0.081538
0.020566,-0.165152,-0.079161
0.018989,-0.165913,-0.080778
0.022492,-0.167225,-0.077899
0.023617,-0.166164,-0.079184
0.024868,-0.165328,-0.079348
0.028288,-0.164130,-0.079229
0.026212,-0.165229,-0.078839
0.030604,-0.167078,-0.079498
0.028654,-0.165109,-0.079033
0.033364,-0.166481,-0.079299
0.033838,-0.167790,-0.075715
0.036004,-0.167744,-0.078814
0.035074,-0.167098,-0.077240
0.038167,-0.165318,-0.078886
0.039612,-0.167454,-0.076336
0.041165,-0.166839,-0.078184
0.040401,-0.165716,-0.078227
0.043131,-0.164809,-0.078676
0.045765,-0.164991,-0.077941
0.045743,-0.165206,-0.079103
0.046120,-0.165376,-0.078034
0.048565,-0.165840,-0.078748
0.051876,-0.166138,-0.077456
0.050103,-0.166909,-0.079617
0.051670,-0.165880,-0.077415
0.054582,-0.166172,-0.077056
0.055295,-0.167929,-0.076699
0.056386,-0.165833,-0.076230
0.059198,-0.164541,-0.075847
0.060152,-0.166202,-0.076289
0.060754,-0.165375,-0.075639
0.060300,-0.165926,-0.078726
0.065084,-0.166915,-0.076923
0.063777,-0.166031,-0.075677
0.066890,-0.166413,-0.075511
0.069777,-0.166346,-0.075644
0.068161,-0.166819,-0.076565
0.070882,-0.164714,-0.075202
0.073483,-0.165670,-0.075712
0.074119,-0.166100,-0.075717
0.074312,-0.165212,-0.075076
0.076491,-0.166263,-0.074616
0.077282,-0.166529,-0.074172
0.079458,-0.164814,-0.072881
0.081204,-0.166357,-0.074131
0.082826,-0.165051,-0.075130
0.083690,-0.166187,-0.073765
0.083289,-0.165088,-0.071575
0.084068,-0.164792,-0.074375
0.089537,-0.165125,-0.072424
0.089156,-0.166158,-0.070944
0.089859,-0.167171,-0.070683
0.089993,-0.165799,-0.069793
0.092623,-0.167404,-0.070273
0.093241,-0.167026,-0.069632
0.095449,-0.165735,-0.071196
0.096303,-0.166186,-0.069927
0.097046,-0.167494,-0.070267
0.097414,-0.167063,-0.069671
0.101469,-0.167419,-0.070465
0.102140,-0.165647,-0.070672
0.102815,-0.165877,-0.068824
0.103761,-0.165391,-0.069082
0.105932,-0.166536,-0.068592
0.107132,-0.165591,-0.070430
0.108477,-0.166211,-0.067165
0.109286,-0.165526,-0.069112
0.111499,-0.166456,-0.069875
0.113308,-0.165341,-0.068881
0.115782,-0.165331,-0.069934
0.114296,-0.164717,-0.069800
0.116543,-0.165703,-0.069335
0.118023,-0.164246,-0.068036
0.119659,-0.165482,-0.070061
0.120450,-0.165994,-0.070181
0.121515,-0.165677,-0.069122
0.124418,-0.166794,-0.069198
0.123850,-0.167291,-0.069290
0.125179,-0.166423,-0.069421
0.127939,-0.165801,-0.068507
0.131106,-0.166154,-0.068422
0.129259,-0.168042,-0.068855
0.131488,-0.164657,-0.068996
0.131682,-0.166699,-0.069733
0.135114,-0.166173,-0.070668
0.135447,-0.164955,-0.070496
0.136400,-0.165676,-0.070374
0.138395,-0.165453,-0.072297
0.142294,-0.165944,-0.070756
0.140724,-0.166120,-0.072238
0.142923,-0.167011,-0.072664
0.144062,-0.167442,-0.073415
0.144285,-0.167201,-0.073405
0.146749,-0.163850,-0.072651
0.149426,-0.166078,-0.073012
0.148987,-0.165945,-0.075454
0.151048,-0.165307,-0.077997
0.152467,-0.165789,-0.077337
0.154822,-0.165177,-0.078951
0.156493,-0.167097,-0.080197
0.158474,-0.167704,-0.081142
0.157067,-0.165944,-0.081525
0.158868,-0.164853,-0.082695
0.161055,-0.164811,-0.084098
0.161599,-0.167416,-0.085174
0.164294,-0.167094,-0.087911
0.165198,-0.167713,-0.087811
0.165718,-0.167263,-0.091072
0.166850,-0.167193,-0.091359
0.169623,-0.166357,-0.096030
0.170309,-0.166671,-0.098255
0.171897,-0.165170,-0.098808
0.173489,-0.167215,-0.100653
0.174424,-0.168231,-0.102166
0.178827,-0.167446,-0.108470
0.178137,-0.166842,-0.112337
0.179421,-0.168780,-0.115861
0.182865,-0.167464,-0.120267
0.183741,-0.170162,-0.132233
-0.121312,-0.167963,-0.155703
-0.122464,-0.169155,-0.147317
-0.118582,-0.166461,-0.142104
-0.116422,-0.167943,-0.137241
-0.115918,-0.166618,-0.136542
-0.114587,-0.165319,-0.133722
-0.112035,-0.165996,-0.130533
-0.111550,-0.167902,-0.129306
-0.108965,-0.167294,-0.125406
-0.108083,-0.167205,-0.123427
-0.105443,-0.167957,-0.119371
-0.106544,-0.167883,-0.120029
-0.104558,-0.168812,-0.118383
-0.102660,-0.168765,-0.116867
-0.100974,-0.167941,-0.116083
-0.097416,-0.167244,-0.117814
-0.099697,-0.166336,-0.114666
-0.099135,-0.166813,-0.116448
-0.096811,-0.164657,-0.114351
-0.095701,-0.166318,-0.112812
-0.092327,-0.164178,-0.109559
-0.090417,-0.167932,-0.111659
-0.089551,-0.166293,-0.111875
-0.089409,-0.166700,-0.110827
-0.086702,-0.165405,-0.109678
-0.086961,-0.165410,-0.108019
-0.081126,-0.166232,-0.110604
-0.083391,-0.166160,-0.109279
-0.080224,-0.166804,-0.110672
-0.078499,-0.165403,-0.108945
-0.078370,-0.166399,-0.108207
-0.076843,-0.166446,-0.108376
-0.075451,-0.166576,-0.107175
-0.074351,-0.164430,-0.109084
-0.073911,-0.165499,-0.108376
-0.070220,-0.167055,-0.107399
-0.069183,-0.166152,-0.108428
-0.068930,-0.167181,-0.108557
-0.065989,-0.164956,-0.107111
-0.066352,-0.165832,-0.108162
-0.065039,-0.164765,-0.108019
-0.063043,-0.167074,-0.107010
-0.061172,-0.166263,-0.106463
-0.062002,-0.165934,-0.106318
-0.058583,-0.167584,-0.105662
-0.057497,-0.165383,-0.105721
-0.056209,-0.165413,-0.106130
-0.053699,-0.166485,-0.104450
-0.054379,-0.165731,-0.102759
-0.052218,-0.166886,-0.103486
-0.050741,-0.164748,-0.103149
-0.049015,-0.166064,-0.102868
-0.048075,-0.167507,-0.104019
-0.045629,-0.166485,-0.102068
-0.045502,-0.165844,-0.103253
-0.045274,-0.165155,-0.101482
-0.041863,-0.166440,-0.101152
-0.041569,-0.167856,-0.100667
-0.038156,-0.166279,-0.099902
-0.037810,-0.165948,-0.098743
-0.035167,-0.165635,-0.098250
-0.035635,-0.164704,-0.098859
-0.033425,-0.166096,-0.098779
-0.032738,-0.166385,-0.101519
-0.030067,-0.167955,-0.099308
-0.030862,-0.166570,-0.097736
-0.029634,-0.164757,-0.096206
-0.026750,-0.165239,-0.098228
-0.025568,-0.166390,-0.096651
-0.023796,-0.166057,-0.094109
-0.020730,-0.164823,-0.092902
-0.020900,-0.164842,-0.092507
-0.020053,-0.164740,-0.092903
-0.018427,-0.163910,-0.093655
-0.016204,-0.165328,-0.092938
-0.017514,-0.166223,-0.091939
-0.015220,-0.165178,-0.092210
-0.012518,-0.166265,-0.091238
-0.012630,-0.165314,-0.091602
-0.010516,-0.165451,-0.089946
-0.009392,-0.164063,-0.090196
-0.006871,-0.163553,-0.089875
-0.005437,-0.164515,-0.088782
-0.004369,-0.165317,-0.087872
-0.005343,-0.165480,-0.086853
-0.002571,-0.163779,-0.085201
-0.001419,-0.164036,-0.085662
0.001482,-0.165725,-0.085329
0.004652,-0.165366,-0.083349
0.003948,-0.165261,-0.085559
0.005488,-0.163698,-0.084369
0.006525,-0.164210,-0.084702
0.007036,-0.164769,-0.082333
0.009866,-0.164992,-0.081972
0.009747,-0.165597,-0.081656
0.011758,-0.164664,-0.081459
0.011676,-0.165164,-0.082761
0.013750,-0.163350,-0.080032
0.015931,-0.164636,-0.081588
0.015954,-0.165020,-0.080546
0.017172,-0.164075,-0.079239
0.020361,-0.164835,-0.078708
0.022020,-0.166368,-0.080227
0.022809,-0.162831,-0.078705
0.023324,-0.165267,-0.079751
0.024480,-0.164798,-0.078960
0.024816,-0.163321,-0.079556
0.027631,-0.165173,-0.078118
0.029287,-0.164821,-0.077634
0.030658,-0.165299,-0.077403
0.031204,-0.166308,-0.079162
0.035303,-0.163084,-0.076869
0.033807,-0.164453,-0.077254
0.037331,-0.165200,-0.079268
0.038719,-0.165714,-0.080120
0.037873,-0.163915,-0.079030
0.039635,-0.163870,-0.079134
0.043351,-0.164128,-0.078042
0.042678,-0.164799,-0.079565
0.044477,-0.164344,-0.078631
0.045397,-0.167007,-0.077564
0.048748,-0.164873,-0.079725
0.048556,-0.163850,-0.078392
0.050762,-0.163672,-0.078177
0.050905,-0.164108,-0.077330
0.053497,-0.163301,-0.077236
0.055779,-0.164664,-0.076936
0.055464,-0.165058,-0.076277
0.057001,-0.164093,-0.075773
0.058044,-0.165161,-0.077487
0.060600,-0.165435,-0.077671
0.060066,-0.164792,-0.077089
0.063654,-0.164049,-0.076171
0.064435,-0.165965,-0.075452
0.065688,-0.163208,-0.076272
0.068493,-0.163936,-0.076502
0.067590,-0.165111,-0.075868
0.069070,-0.165436,-0.077861
0.069524,-0.165349,-0.075095
0.072203,-0.163812,-0.076946
0.072904,-0.165631,-0.074169
0.073675,-0.163321,-0.074288
0.074910,-0.165406,-0.075943
0.077617,-0.163570,-0.074723
0.077805,-0.163524,-0.074283
0.081401,-0.163385,-0.074701
0.080928,-0.162600,-0.073702
0.083584,-0.165389,-0.072504
0.083889,-0.163564,-0.073824
0.086233,-0.164856,-0.073282
0.085939,-0.163363,-0.072846
0.090439,-0.164312,-0.072274
0.088540,-0.163631,-0.070265
0.090632,-0.165600,-0.070205
0.092700,-0.165696,-0.070498
0.092536,-0.165265,-0.070663
0.095045,-0.165724,-0.070700
0.096265,-0.163158,-0.071168
0.098675,-0.166613,-0.070483
0.099384,-0.163896,-0.069670
0.100219,-0.165133,-0.070705
0.100784,-0.163898,-0.069185
0.103990,-0.164538,-0.071791
0.103737,-0.164723,-0.069500
0.104894,-0.166036,-0.071200
0.105835,-0.162304,-0.069892
0.110251,-0.164598,-0.071549
0.109986,-0.165319,-0.070207
0.111235,-0.164185,-0.070357
0.112796,-0.163189,-0.068916
0.115009,-0.163794,-0.070071
0.115477,-0.165815,-0.070010
0.117347,-0.164584,-0.070023
0.120059,-0.164695,-0.070707
0.119322,-0.164496,-0.069734
0.121947,-0.162608,-0.070120
0.122908,-0.163080,-0.069801
0.123662,-0.166157,-0.068283
0.126351,-0.163884,-0.070578
0.127879,-0.164506,-0.068182
0.127176,-0.163997,-0.069211
0.130234,-0.164410,-0.070332
0.129379,-0.163540,-0.068477
0.131208,-0.166293,-0.069549
0.133149,-0.163539,-0.071563
0.134307,-0.163805,-0.068989
0.136776,-0.163174,-0.069502
0.136153,-0.164009,-0.071308
0.137588,-0.163033,-0.070763
0.140560,-0.164503,-0.073112
0.142322,-0.165192,-0.070931
0.140589,-0.162535,-0.073570
0.144169,-0.166414,-0.074158
0.144421,-0.163440,-0.074268
0.149122,-0.165617,-0.073845
0.148453,-0.163383,-0.074805
0.150866,-0.165320,-0.074957
0.152035,-0.165825,-0.075776
0.153180,-0.164355,-0.078149
0.154995,-0.165481,-0.079954
0.156101,-0.162672,-0.080189
0.157035,-0.163958,-0.081068
0.158532,-0.165048,-0.081587
0.159267,-0.164853,-0.082833
0.160749,-0.165764,-0.083430
0.162344,-0.164165,-0.085639
0.163696,-0.165109,-0.087908
0.163372,-0.164541,-0.087396
0.165088,-0.166535,-0.091334
0.168740,-0.165154,-0.091061
0.169467,-0.165434,-0.094629
0.172414,-0.165005,-0.096687
0.171312,-0.166205,-0.096318
0.173845,-0.164672,-0.101009
0.175888,-0.166668,-0.102853
0.179237,-0.164327,-0.107886
0.180190,-0.167762,-0.111154
0.179704,-0.166393,-0.118413
0.180705,-0.167151,-0.122090
0.182362,-0.168919,-0.134376
-0.122999,-0.166365,-0.160697
-0.120302,-0.165743,-0.152074
-0.120243,-0.166165,-0.144968
-0.117351,-0.165387,-0.138497
-0.114626,-0.166155,-0.136522
-0.114666,-0.167491,-0.135257
-0.112195,-0.165772,-0.132036
-0.110825,-0.163919,-0.128317
-0.108304,-0.165474,-0.126585
-0.109035,-0.166371,-0.123840
-0.108372,-0.164337,-0.122545
-0.105329,-0.165217,-0.120982
-0.103891,-0.164954,-0.121694
-0.102565,-0.165723,-0.119534
-0.101739,-0.164783,-0.117184
-0.099985,-0.164550,-0.116236
-0.096102,-0.164103,-0.114960
-0.096354,-0.163987,-0.114932
-0.093816,-0.164510,-0.114574
-0.093044,-0.164030,-0.113115
-0.092855,-0.164735,-0.111601
-0.089579,-0.165009,-0.111786
-0.088501,-0.163681,-0.111640
-0.090211,-0.164515,-0.108829
-0.084733,-0.164431,-0.112104
-0.085223,-0.164291,-0.110112
-0.082546,-0.166427,-0.108913
-0.081733,-0.163108,-0.109152
-0.081587,-0.165189,-0.108641
-0.079868,-0.166714,-0.111566
-0.077347,-0.164983,-0.109555
-0.077116,-0.165522,-0.108334
-0.076258,-0.163602,-0.110622
-0.073294,-0.164813,-0.108200
-0.074618,-0.165702,-0.107096
-0.072266,-0.165126,-0.110057
-0.068432,-0.164380,-0.108823
-0.068443,-0.163052,-0.107117
-0.067610,-0.162796,-0.108538
-0.064916,-0.164459,-0.106313
-0.065453,-0.163484,-0.106368
-0.063671,-0.164162,-0.107485
-0.060976,-0.165372,-0.107325
-0.060288,-0.163898,-0.107474
-0.056860,-0.165442,-0.107262
-0.057784,-0.163598,-0.105869
-0.055609,-0.164998,-0.104710
-0.053877,-0.164723,-0.105393
-0.054845,-0.165837,-0.104202
-0.053940,-0.164012,-0.104247
-0.050576,-0.164218,-0.101217
-0.050202,-0.164589,-0.103295
-0.047254,-0.164257,-0.103532
-0.047584,-0.164670,-0.102852
-0.044835,-0.165458,-0.103072
-0.043257,-0.164270,-0.102738
-0.044065,-0.164404,-0.100525
-0.039998,-0.163018,-0.102188
-0.038689,-0.162534,-0.102537
-0.037700,-0.163963,-0.099558
-0.036931,-0.163928,-0.101471
-0.036418,-0.165396,-0.099276
-0.033653,-0.164155,-0.098475
-0.033051,-0.164574,-0.100415
-0.030841,-0.165447,-0.099314
-0.031478,-0.164755,-0.098493
-0.027775,-0.163622,-0.096434
-0.026231,-0.163780,-0.095078
-0.025867,-0.164321,-0.094491
-0.022900,-0.164627,-0.092698
-0.022551,-0.162932,-0.094731
-0.023321,-0.162812,-0.095756
-0.020639,-0.164993,-0.093691
-0.017979,-0.164132,-0.094270
-0.016459,-0.163757,-0.093620
-0.015382,-0.163428,-0.094208
-0.014274,-0.163079,-0.091957
-0.014155,-0.163746,-0.093521
-0.012889,-0.164566,-0.090656
-0.009877,-0.164314,-0.088991
-0.008927,-0.163768,-0.089134
-0.008301,-0.162956,-0.089895
-0.003745,-0.162433,-0.088937
-0.003560,-0.165257,-0.088648
-0.002300,-0.163198,-0.088741
-0.001528,-0.162036,-0.086899
-0.000361,-0.164239,-0.085638
0.000239,-0.161649,-0.086491
0.002991,-0.163323,-0.085399
0.002426,-0.162358,-0.083866
0.004692,-0.162549,-0.083180
0.005679,-0.163029,-0.083728
0.008235,-0.161260,-0.085488
0.009165,-0.163466,-0.083857
0.011312,-0.163317,-0.082169
0.012787,-0.164441,-0.080394
0.012938,-0.163451,-0.080020
0.014103,-0.161684,-0.080337
0.016225,-0.163317,-0.080037
0.017878,-0.163060,-0.081086
0.016713,-0.162613,-0.079625
0.019908,-0.162580,-0.080141
0.019547,-0.161631,-0.077903
0.023682,-0.163507,-0.078677
0.024582,-0.164364,-0.078915
0.025328,-0.164329,-0.080089
0.027261,-0.164430,-0.076809
0.027524,-0.162519,-0.078736
0.029711,-0.163041,-0.076334
0.029705,-0.164418,-0.079027
0.030963,-0.162727,-0.078939
0.034703,-0.164834,-0.078224
0.036107,-0.163935,-0.076349
0.035526,-0.163283,-0.076995
0.037299,-0.163882,-0.076545
0.039516,-0.163460,-0.077150
0.038523,-0.162845,-0.079531
0.042504,-0.162905,-0.077012
0.043541,-0.162483,-0.078061
0.043713,-0.162951,-0.078533
0.046686,-0.164296,-0.078820
0.046325,-0.164594,-0.075734
0.049125,-0.160328,-0.078214
0.049245,-0.163116,-0.078763
0.050630,-0.163069,-0.077849
0.051788,-0.164353,-0.079740
0.054294,-0.163262,-0.077763
0.057057,-0.161458,-0.077542
0.058291,-0.162861,-0.077609
0.058770,-0.163954,-0.077891
0.058212,-0.163342,-0.076869
0.060060,-0.161094,-0.074788
0.061941,-0.163041,-0.076439
0.063781,-0.162391,-0.076319
0.066496,-0.163543,-0.074723
0.066464,-0.163697,-0.075444
0.068581,-0.163698,-0.075312
0.067282,-0.163112,-0.076553
0.069743,-0.164577,-0.075590
0.072534,-0.165160,-0.074488
0.074244,-0.161810,-0.076492
0.074533,-0.162998,-0.074138
0.075206,-0.164539,-0.074910
0.077568,-0.162867,-0.075156
0.080839,-0.161606,-0.074186
0.079407,-0.162963,-0.073868
0.081200,-0.163041,-0.074324
0.084197,-0.162341,-0.074156
0.084932,-0.162990,-0.075868
0.085029,-0.163714,-0.072966
0.086349,-0.162414,-0.072401
0.089388,-0.161678,-0.072780
0.089537,-0.161591,-0.074042
0.088325,-0.161640,-0.071991
0.091724,-0.161309,-0.071210
0.094818,-0.162256,-0.068400
0.095189,-0.163624,-0.070229
0.097209,-0.163014,-0.071188
0.098453,-0.161746,-0.070894
0.099681,-0.163172,-0.071685
0.101231,-0.160070,-0.071223
0.101627,-0.164007,-0.071273
0.104012,-0.163181,-0.071168
0.104767,-0.162323,-0.072803
0.107475,-0.161423,-0.072325
0.106069,-0.165207,-0.069676
0.109568,-0.163595,-0.070515
0.110867,-0.161045,-0.070260
0.110489,-0.162852,-0.068003
0.110399,-0.163991,-0.069106
0.114189,-0.162609,-0.069532
0.117334,-0.163254,-0.068816
0.114841,-0.162101,-0.070107
0.120748,-0.163209,-0.069628
0.119409,-0.163044,-0.069744
0.121002,-0.162397,-0.069431
0.122893,-0.160782,-0.068784
0.124776,-0.161789,-0.070827
0.124915,-0.162195,-0.069317
0.126720,-0.162034,-0.069160
0.127113,-0.162594,-0.069833
0.129472,-0.161578,-0.068605
0.129748,-0.164742,-0.067904
0.131428,-0.163704,-0.071028
0.134275,-0.163129,-0.070601
0.133037,-0.161934,-0.069939
0.136367,-0.162835,-0.068281
0.138456,-0.162047,-0.071384
0.137407,-0.160748,-0.072579
0.140826,-0.162610,-0.072308
0.140999,-0.165401,-0.074523
0.143351,-0.162356,-0.074047
0.142511,-0.163317,-0.073744
0.145100,-0.163384,-0.073112
0.145579,-0.163225,-0.073380
0.150352,-0.162826,-0.074877
0.149091,-0.162719,-0.074537
0.150409,-0.162271,-0.075851
0.153696,-0.162391,-0.078173
0.152565,-0.162189,-0.078043
0.154873,-0.165831,-0.080642
0.157190,-0.163775,-0.080417
0.159500,-0.163238,-0.083107
0.160508,-0.161458,-0.084187
0.160866,-0.163775,-0.084277
0.162513,-0.162643,-0.085981
0.165033,-0.164980,-0.085986
0.164393,-0.163346,-0.088965
0.167525,-0.163823,-0.089631
0.170186,-0.164736,-0.091278
0.168787,-0.165199,-0.094258
0.170584,-0.163287,-0.096100
0.171654,-0.166047,-0.100888
0.174202,-0.166607,-0.101479
0.174887,-0.165415,-0.104141
0.176420,-0.164347,-0.107713
0.177897,-0.164463,-0.113029
0.179642,-0.165932,-0.118693
0.182816,-0.163519,-0.121512
0.185324,-0.165165,-0.134323
-0.123050,-0.164747,-0.160643
-0.124210,-0.162872,-0.154976
-0.119432,-0.165440,-0.147869
-0.117296,-0.164199,-0.140703
-0.116600,-0.165987,-0.138038
-0.113901,-0.165321,-0.135279
-0.112482,-0.163406,-0.133694
-0.111378,-0.163631,-0.128262
-0.108414,-0.163450,-0.129854
-0.108056,-0.164928,-0.125812
-0.106352,-0.163423,-0.121647
-0.107709,-0.164065,-0.120651
-0.103023,-0.163869,-0.121387
-0.102433,-0.163954,-0.117876
-0.101014,-0.163284,-0.120775
-0.097978,-0.162561,-0.117520
-0.097349,-0.165389,-0.116521
-0.096096,-0.163552,-0.114710
-0.095257,-0.164124,-0.114209
-0.094381,-0.164335,-0.112724
-0.092471,-0.163533,-0.114375
-0.089600,-0.163822,-0.111820
-0.088567,-0.164555,-0.111946
-0.089518,-0.163137,-0.110761
-0.089255,-0.161690,-0.111470
-0.085310,-0.162590,-0.108778
-0.083650,-0.162507,-0.111282
-0.082255,-0.163947,-0.110445
-0.081024,-0.163608,-0.108425
-0.078377,-0.163192,-0.110797
-0.076811,-0.163665,-0.109432
-0.077545,-0.163917,-0.109925
-0.075445,-0.163107,-0.110832
-0.073910,-0.162822,-0.107568
-0.071584,-0.162385,-0.107531
-0.070746,-0.163914,-0.107489
-0.069630,-0.164068,-0.106501
-0.068541,-0.163664,-0.107490
-0.068016,-0.162636,-0.110003
-0.067243,-0.163311,-0.108366
-0.066800,-0.162451,-0.107777
-0.061596,-0.162492,-0.106835
-0.062209,-0.163604,-0.108648
-0.060880,-0.162702,-0.104266
-0.058704,-0.162937,-0.106534
-0.056903,-0.163580,-0.105858
-0.056106,-0.162943,-0.105323
-0.056539,-0.161722,-0.104436
-0.052635,-0.162996,-0.102534
-0.051865,-0.162662,-0.103190
-0.049961,-0.163077,-0.104843
-0.049630,-0.162252,-0.101945
-0.046788,-0.162097,-0.103003
-0.046377,-0.164401,-0.104949
-0.045782,-0.163434,-0.103645
-0.041799,-0.163009,-0.103080
-0.042783,-0.161887,-0.101977
-0.040067,-0.162689,-0.101351
-0.039645,-0.162300,-0.101882
-0.038580,-0.162820,-0.101479
-0.037622,-0.164132,-0.100430
-0.036362,-0.159166,-0.098798
-0.032445,-0.162212,-0.097192
-0.032625,-0.161269,-0.098902
-0.030962,-0.164452,-0.098218
-0.029803,-0.161705,-0.096263
-0.030168,-0.163131,-0.096612
-0.026759,-0.163377,-0.095389
-0.025467,-0.162006,-0.093681
-0.025484,-0.162378,-0.095015
-0.022776,-0.161394,-0.094509
-0.021226,-0.161955,-0.093562
-0.019669,-0.163193,-0.096024
-0.019931,-0.163852,-0.093075
-0.015889,-0.163459,-0.093679
-0.015466,-0.160951,-0.093256
-0.014412,-0.162738,-0.092369
-0.012901,-0.161383,-0.091830
-0.012128,-0.161945,-0.090953
-0.009379,-0.163363,-0.089861
-0.009157,-0.160899,-0.089080
-0.007313,-0.161880,-0.088985
-0.006306,-0.163306,-0.087984
-0.004995,-0.159676,-0.087234
-0.002964,-0.162719,-0.087152
-0.002547,-0.163657,-0.085575
-0.000164,-0.162462,-0.086421
0.000901,-0.161562,-0.083494
0.000993,-0.163079,-0.085969
0.003134,-0.161250,-0.083279
0.004411,-0.161664,-0.083364
0.006644,-0.162779,-0.081832
0.008199,-0.160703,-0.082074
0.007382,-0.160960,-0.082806
0.011833,-0.161376,-0.081973
0.012878,-0.163024,-0.082919
0.013693,-0.162114,-0.082336
0.013855,-0.162873,-0.078887
0.016556,-0.160869,-0.082608
0.018097,-0.160374,-0.081018
0.020032,-0.163381,-0.080393
0.016942,-0.163348,-0.079923
0.021693,-0.162619,-0.081660
0.022326,-0.163689,-0.077352
0.024069,-0.162074,-0.079377
0.024319,-0.161932,-0.079103
0.026602,-0.162412,-0.077407
0.027156,-0.162896,-0.078448
0.029098,-0.161374,-0.079373
0.031902,-0.161444,-0.079181
0.032265,-0.159821,-0.077045
0.033296,-0.160463,-0.078475
0.037364,-0.161332,-0.077503
0.036720,-0.162053,-0.078719
0.038230,-0.163155,-0.077326
0.040341,-0.162061,-0.079268
0.041162,-0.163051,-0.077269
0.041580,-0.162189,-0.076889
0.043566,-0.161443,-0.078055
0.044011,-0.161866,-0.074820
0.046253,-0.161974,-0.077024
0.048477,-0.160427,-0.076043
0.050352,-0.162634,-0.079402
0.051169,-0.162929,-0.077327
0.053142,-0.162593,-0.078097
0.052416,-0.162726,-0.077156
0.054937,-0.160030,-0.079724
0.053832,-0.161947,-0.077237
0.058897,-0.161601,-0.074740
0.057912,-0.162431,-0.076645
0.058288,-0.161531,-0.076854
0.061086,-0.160811,-0.074941
0.063562,-0.162284,-0.076979
0.064193,-0.162617,-0.076380
0.066153,-0.161953,-0.077714
0.065927,-0.162711,-0.076157
0.067172,-0.162389,-0.076503
0.068306,-0.162040,-0.076258
0.069260,-0.160459,-0.074342
0.072433,-0.162853,-0.075374
0.073821,-0.161290,-0.075165
0.073856,-0.162145,-0.075414
0.077693,-0.162865,-0.074777
0.075549,-0.161104,-0.074651
0.079934,-0.159284,-0.074849
0.080518,-0.161493,-0.076383
0.081375,-0.162430,-0.075747
0.083175,-0.162319,-0.074915
0.082356,-0.160100,-0.072674
0.086444,-0.160831,-0.074680
0.086254,-0.161480,-0.072157
0.088365,-0.160815,-0.072046
0.089301,-0.161693,-0.074278
0.090305,-0.161324,-0.072426
0.092580,-0.160968,-0.071949
0.094272,-0.159897,-0.069814
0.095405,-0.162199,-0.071983
0.095935,-0.161085,-0.071049
0.097027,-0.161522,-0.071850
0.099786,-0.159490,-0.072225
0.100040,-0.161601,-0.071110
0.102283,-0.162413,-0.071103
0.103492,-0.162053,-0.069135
0.105140,-0.162098,-0.070513
0.106360,-0.160783,-0.071632
0.105959,-0.162948,-0.073020
0.109777,-0.158597,-0.069263
0.109915,-0.161920,-0.071165
0.113112,-0.159271,-0.070090
0.112474,-0.161297,-0.070793
0.114611,-0.161408,-0.071006
0.116145,-0.160698,-0.069191
0.117713,-0.161912,-0.070935
0.118582,-0.162391,-0.070451
0.119674,-0.160773,-0.068978
0.122657,-0.161421,-0.069938
0.121524,-0.162704,-0.071305
0.123505,-0.160549,-0.069503
0.125461,-0.160759,-0.070800
0.126579,-0.160681,-0.069651
0.127614,-0.162475,-0.069920
0.130516,-0.161814,-0.070644
0.130009,-0.159648,-0.071410
0.129651,-0.160827,-0.070440
0.133425,-0.161641,-0.071169
0.135814,-0.161014,-0.069984
0.137031,-0.160382,-0.070227
0.137091,-0.161303,-0.073383
0.138177,-0.163363,-0.072990
0.139754,-0.162435,-0.071860
0.140060,-0.159853,-0.072388
0.143843,-0.162180,-0.073749
0.143981,-0.162333,-0.075263
0.144288,-0.162084,-0.074534
0.148547,-0.161438,-0.074498
0.148685,-0.159516,-0.074862
0.148871,-0.160620,-0.074915
0.152172,-0.160604,-0.077428
0.153491,-0.163079,-0.077474
0.153796,-0.161492,-0.079480
0.155296,-0.160995,-0.080178
0.156834,-0.160660,-0.082047
0.158368,-0.162903,-0.082054
0.159368,-0.163348,-0.082884
0.160656,-0.162449,-0.084391
0.163656,-0.161507,-0.084005
0.164236,-0.160837,-0.088026
0.164705,-0.163496,-0.089608
0.167010,-0.163068,-0.091408
0.168075,-0.162556,-0.093870
0.168310,-0.159498,-0.094777
0.171551,-0.161485,-0.098324
0.171396,-0.161792,-0.098326
0.174094,-0.162049,-0.101524
0.177011,-0.164296,-0.103152
0.176749,-0.162881,-0.107983
0.178469,-0.163038,-0.114477
0.182197,-0.164719,-0.118021
0.183568,-0.164671,-0.123852
0.181469,-0.164156,-0.135182
-0.120596,-0.163668,-0.158385
-0.118740,-0.163846,-0.149132
-0.117226,-0.162586,-0.143398
-0.117105,-0.163982,-0.140084
-0.115233,-0.162178,-0.135922
-0.113580,-0.162353,-0.134070
-0.110711,-0.162214,-0.130634
-0.109866,-0.162566,-0.128375
-0.109676,-0.162528,-0.127463
-0.107958,-0.162833,-0.123428
-0.102907,-0.161884,-0.123695
-0.104683,-0.162085,-0.121035
-0.102720,-0.161875,-0.121554
-0.103085,-0.159834,-0.119418
-0.100138,-0.161482,-0.117819
-0.099782,-0.163699,-0.117433
-0.096651,-0.162510,-0.116828
-0.094291,-0.160777,-0.113984
-0.094585,-0.162039,-0.116533
-0.092545,-0.161790,-0.113083
-0.091022,-0.164571,-0.112521
-0.088916,-0.161683,-0.115643
-0.087824,-0.163372,-0.112984
-0.085462,-0.163160,-0.111696
-0.086981,-0.162339,-0.110742
-0.084176,-0.160426,-0.110856
-0.082799,-0.161340,-0.111775
-0.081399,-0.161918,-0.112066
-0.081542,-0.163143,-0.109980
-0.078227,-0.161996,-0.109726
-0.077816,-0.161442,-0.108921
-0.075712,-0.162660,-0.109658
-0.075281,-0.161498,-0.110198
-0.073909,-0.163303,-0.107661
-0.072002,-0.160633,-0.109348
-0.071025,-0.160661,-0.107259
-0.069761,-0.161752,-0.109130
-0.066219,-0.161015,-0.109110
-0.064905,-0.162972,-0.108553
-0.066181,-0.163250,-0.109824
-0.063522,-0.161610,-0.107910
-0.062500,-0.162351,-0.106066
-0.061760,-0.161347,-0.108224
-0.058672,-0.163221,-0.106674
-0.059517,-0.160650,-0.104280
-0.055895,-0.161142,-0.103707
-0.054770,-0.159276,-0.105331
-0.054349,-0.161761,-0.105676
-0.051268,-0.161204,-0.106222
-0.051044,-0.160986,-0.105023
-0.049498,-0.161826,-0.102924
-0.047555,-0.161429,-0.102883
-0.047612,-0.160501,-0.103122
-0.045732,-0.161392,-0.100400
-0.044906,-0.163010,-0.101276
-0.043799,-0.161942,-0.102487
-0.041943,-0.163488,-0.103004
-0.038693,-0.159902,-0.101595
-0.039322,-0.160797,-0.101098
-0.036318,-0.161554,-0.100899
-0.034936,-0.162280,-0.098557
-0.034081,-0.162502,-0.099656
-0.033910,-0.162232,-0.099222
-0.031078,-0.160137,-0.099345
-0.030270,-0.162323,-0.098484
-0.027732,-0.161307,-0.094947
-0.026076,-0.159188,-0.095246
-0.023354,-0.162759,-0.095306
-0.024794,-0.160915,-0.094957
-0.022650,-0.160883,-0.093144
-0.021263,-0.161202,-0.093532
-0.022255,-0.160661,-0.093978
-0.018032,-0.160574,-0.092311
-0.017446,-0.162460,-0.092244
-0.016565,-0.160810,-0.093260
-0.012545,-0.160639,-0.089863
-0.014031,-0.160609,-0.089631
-0.013038,-0.160531,-0.090277
-0.012063,-0.159686,-0.091528
-0.009428,-0.161742,-0.090204
-0.007843,-0.159383,-0.087742
-0.006188,-0.161705,-0.089901
-0.004885,-0.159374,-0.087550
-0.005128,-0.161017,-0.087190
-0.003290,-0.161653,-0.084938
-0.001488,-0.160318,-0.085528
0.000950,-0.161751,-0.085055
0.002436,-0.161109,-0.083282
0.003952,-0.161741,-0.083725
0.005945,-0.159724,-0.083666
0.005319,-0.160323,-0.083380
0.006731,-0.159570,-0.082943
0.009632,-0.159891,-0.082660
0.009574,-0.158396,-0.082430
0.010232,-0.161829,-0.081598
0.013459,-0.158581,-0.081498
0.015259,-0.160863,-0.078684
0.014563,-0.160330,-0.078735
0.014660,-0.159688,-0.078331
0.019248,-0.160002,-0.080556
0.020143,-0.160630,-0.077380
0.021745,-0.159891,-0.078751
0.022909,-0.160753,-0.078863
0.024353,-0.159979,-0.079742
0.026196,-0.158605,-0.078651
0.026767,-0.161952,-0.075133
0.028211,-0.162200,-0.078521
0.028863,-0.160365,-0.077561
0.032475,-0.162009,-0.077677
0.032520,-0.158384,-0.078157
0.033279,-0.159488,-0.078982
0.036344,-0.160712,-0.075939
0.035911,-0.160018,-0.078295
0.036576,-0.160833,-0.075405
0.039675,-0.161077,-0.076412
0.040730,-0.159742,-0.078597
0.041780,-0.160175,-0.076415
0.042369,-0.159764,-0.076139
0.045201,-0.159391,-0.078081
0.045596,-0.160487,-0.077123
0.046873,-0.159877,-0.076498
0.048987,-0.160397,-0.077872
0.050414,-0.159277,-0.076626
0.051394,-0.159835,-0.076818
0.051127,-0.158411,-0.076964
0.053872,-0.159679,-0.076818
0.056121,-0.159630,-0.078440
0.056923,-0.160601,-0.076743
0.059006,-0.159510,-0.075634
0.060004,-0.160421,-0.077295
0.060763,-0.158370,-0.076116
0.061742,-0.159650,-0.074239
0.063018,-0.160487,-0.075118
0.065033,-0.160559,-0.076261
0.067402,-0.162122,-0.074912
0.069835,-0.159477,-0.076661
0.068567,-0.158678,-0.075048
0.070442,-0.162553,-0.075926
0.070306,-0.159974,-0.075145
0.073548,-0.159980,-0.075648
0.074879,-0.159661,-0.074000
0.077470,-0.161156,-0.075148
0.077680,-0.159618,-0.075122
0.079036,-0.158654,-0.074876
0.078635,-0.160340,-0.073059
0.081718,-0.158372,-0.075208
0.084555,-0.161152,-0.074319
0.084698,-0.160131,-0.072493
0.085179,-0.159096,-0.073459
0.087700,-0.158410,-0.073824
0.088084,-0.159095,-0.072561
0.089835,-0.161021,-0.072732
0.091805,-0.158434,-0.071516
0.091460,-0.159542,-0.072570
0.095092,-0.158236,-0.072063
0.092674,-0.159031,-0.070393
0.096610,-0.159419,-0.072021
0.098739,-0.159713,-0.071439
0.098188,-0.160207,-0.071699
0.101165,-0.157265,-0.072731
0.101170,-0.159928,-0.073722
0.104741,-0.159336,-0.071070
0.104157,-0.159054,-0.069905
0.104688,-0.159521,-0.072915
0.107675,-0.159541,-0.070513
0.108098,-0.159919,-0.070957
0.108839,-0.162136,-0.069044
0.112238,-0.159742,-0.070185
0.112712,-0.158814,-0.071066
0.115304,-0.159990,-0.071617
0.115592,-0.160129,-0.072204
0.117580,-0.161780,-0.069846
0.116024,-0.159265,-0.071864
0.119405,-0.160897,-0.071724
0.120580,-0.158940,-0.070244
0.123143,-0.159599,-0.069949
0.122783,-0.159589,-0.071208
0.123115,-0.159896,-0.070677
0.125965,-0.160316,-0.071541
0.127053,-0.159051,-0.072365
0.129516,-0.160839,-0.069998
0.131174,-0.159780,-0.069198
0.131660,-0.159236,-0.070668
0.132296,-0.159587,-0.070825
0.135703,-0.159402,-0.072488
0.134607,-0.160644,-0.072600
0.137929,-0.160670,-0.073180
0.139724,-0.159474,-0.073508
0.140368,-0.160316,-0.071838
0.141996,-0.160063,-0.073366
0.143074,-0.160899,-0.074128
0.143878,-0.160045,-0.072697
0.146364,-0.162768,-0.075069
0.147724,-0.157800,-0.075969
0.148852,-0.159517,-0.075573
0.149463,-0.160026,-0.076702
0.150693,-0.159308,-0.074972
0.151983,-0.160750,-0.078892
0.151614,-0.159791,-0.078938
0.155709,-0.159354,-0.079484
0.155431,-0.158706,-0.082230
0.158390,-0.160495,-0.084308
0.159940,-0.160682,-0.084209
0.160746,-0.160329,-0.086841
0.161202,-0.161420,-0.087120
0.163824,-0.160906,-0.087672
0.165061,-0.160850,-0.089682
0.168605,-0.159839,-0.091555
0.169470,-0.162058,-0.093075
0.169942,-0.159247,-0.095898
0.172677,-0.161164,-0.098723
0.172232,-0.160428,-0.100495
0.175171,-0.162539,-0.100518
0.175639,-0.162010,-0.105312
0.176309,-0.161715,-0.107451
0.179676,-0.161081,-0.115417
0.178303,-0.161423,-0.119935
0.179671,-0.162013,-0.123182
0.181831,-0.163271,-0.135357
-0.121373,-0.161292,-0.159860
-0.118375,-0.162042,-0.153761
-0.118167,-0.161730,-0.145572
-0.116204,-0.161613,-0.141242
-0.114387,-0.162567,-0.138864
-0.114146,-0.160803,-0.136437
-0.112131,-0.159265,-0.133061
-0.109935,-0.161458,-0.130138
-0.108224,-0.158262,-0.127882
-0.107085,-0.163220,-0.124189
-0.106763,-0.161242,-0.123572
-0.102532,-0.159760,-0.121942
-0.101209,-0.158530,-0.121530
-0.101162,-0.160877,-0.120869
-0.098918,-0.161312,-0.120129
-0.097390,-0.159729,-0.118085
-0.097050,-0.161122,-0.117035
-0.095914,-0.160511,-0.116612
-0.093858,-0.162115,-0.115840
-0.093096,-0.161217,-0.114635
-0.090187,-0.160221,-0.115921
-0.088892,-0.158886,-0.113541
-0.088693,-0.159955,-0.112522
-0.086720,-0.162501,-0.112637
-0.085678,-0.161138,-0.114107
-0.085283,-0.159738,-0.112635
-0.084618,-0.159140,-0.111934
-0.081767,-0.159662,-0.112602
-0.080347,-0.159349,-0.111697
-0.078697,-0.159824,-0.111917
-0.077696,-0.159510,-0.110064
-0.075005,-0.159318,-0.110889
-0.073246,-0.160481,-0.109507
-0.073865,-0.160271,-0.110681
-0.071936,-0.161262,-0.107758
-0.070981,-0.160751,-0.109611
-0.068951,-0.160979,-0.109406
-0.068742,-0.159196,-0.107834
-0.065717,-0.160148,-0.109367
-0.066391,-0.158945,-0.107837
-0.063998,-0.157999,-0.106441
-0.061095,-0.159994,-0.107834
-0.059274,-0.161431,-0.107388
-0.059224,-0.161358,-0.106847
-0.059064,-0.159166,-0.106284
-0.055659,-0.158721,-0.104878
-0.053728,-0.159574,-0.104828
-0.054388,-0.157866,-0.103613
-0.053447,-0.159197,-0.102284
-0.050009,-0.159516,-0.102815
-0.050318,-0.159963,-0.103900
-0.047864,-0.158844,-0.102988
-0.046550,-0.159337,-0.102752
-0.043960,-0.160577,-0.103008
-0.043757,-0.159511,-0.101902
-0.040899,-0.157938,-0.101585
-0.041677,-0.161377,-0.100481
-0.038570,-0.158773,-0.099503
-0.040290,-0.160709,-0.099774
-0.037176,-0.159849,-0.099619
-0.035816,-0.159067,-0.100308
-0.034631,-0.159325,-0.099676
-0.032485,-0.159778,-0.098849
-0.030261,-0.158876,-0.096716
-0.029140,-0.159771,-0.097775
-0.028707,-0.160370,-0.096135
-0.028338,-0.161060,-0.095141
-0.026027,-0.161426,-0.094587
-0.024037,-0.159451,-0.095459
-0.024504,-0.160074,-0.092477
-0.022932,-0.161528,-0.093417
-0.020778,-0.157920,-0.093077
-0.017951,-0.158182,-0.093753
-0.017195,-0.157198,-0.090734
-0.015556,-0.159713,-0.092890
-0.014501,-0.159174,-0.092347
-0.013519,-0.159055,-0.090678
-0.011480,-0.158401,-0.091650
-0.008239,-0.158585,-0.090398
-0.009971,-0.159025,-0.088802
-0.006288,-0.157495,-0.087510
-0.006769,-0.159564,-0.087043
-0.002819,-0.158760,-0.088893
-0.003357,-0.160164,-0.086455
-0.003577,-0.159537,-0.086499
-0.000253,-0.158969,-0.085266
-0.001043,-0.158929,-0.085494
0.001483,-0.160166,-0.084547
0.003532,-0.159497,-0.084739
0.005139,-0.156599,-0.085470
0.004638,-0.158279,-0.083992
0.008752,-0.156373,-0.082334
0.008486,-0.159378,-0.082192
0.011680,-0.157818,-0.081554
0.011344,-0.160078,-0.081409
0.013693,-0.159949,-0.080531
0.014713,-0.158602,-0.080988
0.017608,-0.159357,-0.079553
0.018473,-0.158687,-0.081385
0.017506,-0.158469,-0.078258
0.020873,-0.158209,-0.080140
0.020569,-0.158475,-0.076656
0.022863,-0.160467,-0.080041
0.022711,-0.156665,-0.078381
0.024260,-0.158644,-0.077864
0.026262,-0.157464,-0.076293
0.027757,-0.159501,-0.078546
0.029015,-0.159096,-0.078755
0.030118,-0.156759,-0.077025
0.032343,-0.159967,-0.077790
0.033185,-0.158566,-0.077522
0.034850,-0.157754,-0.077593
0.036140,-0.157813,-0.076047
0.038258,-0.159456,-0.077297
0.038329,-0.157431,-0.076032
0.040940,-0.158542,-0.077592
0.042052,-0.157996,-0.077088
0.043948,-0.157009,-0.076286
0.045066,-0.157635,-0.077399
0.046200,-0.159474,-0.078437
0.049071,-0.159144,-0.077985
0.047944,-0.158465,-0.076354
0.049848,-0.159308,-0.078463
0.051216,-0.158664,-0.076602
0.051993,-0.157516,-0.078885
0.053568,-0.156972,-0.078222
0.055497,-0.159835,-0.077196
0.056638,-0.159902,-0.076890
0.059266,-0.157642,-0.076610
0.059611,-0.157011,-0.077566
0.059785,-0.159711,-0.078186
0.063427,-0.159015,-0.078517
0.063548,-0.158724,-0.077210
0.064772,-0.160592,-0.076223
0.066600,-0.158085,-0.076623
0.068941,-0.157325,-0.076139
0.070252,-0.158398,-0.076652
0.070282,-0.158842,-0.076754
0.073565,-0.156705,-0.077106
0.072860,-0.157806,-0.075687
0.074109,-0.159138,-0.075877
0.075142,-0.156850,-0.074582
0.079444,-0.157704,-0.077436
0.078707,-0.157879,-0.076399
0.082028,-0.156834,-0.077027
0.081554,-0.159339,-0.074531
0.081867,-0.158713,-0.074859
0.082596,-0.158050,-0.073774
0.086002,-0.157500,-0.075649
0.086652,-0.158468,-0.073206
0.088090,-0.157039,-0.072968
0.090241,-0.157781,-0.073948
0.090801,-0.157344,-0.073070
0.091022,-0.158962,-0.074390
0.093793,-0.158102,-0.073365
0.095089,-0.155906,-0.071025
0.098023,-0.157501,-0.071552
0.098020,-0.157808,-0.071304
0.099512,-0.157285,-0.073439
0.102029,-0.158967,-0.072248
0.102371,-0.159455,-0.071500
0.100950,-0.157034,-0.073106
0.104288,-0.157827,-0.070591
0.104856,-0.158388,-0.071521
0.106331,-0.158567,-0.070736
0.109851,-0.157197,-0.070725
0.110257,-0.157353,-0.070872
0.112437,-0.156948,-0.069934
0.111720,-0.159137,-0.070200
0.114782,-0.159593,-0.070023
0.115504,-0.158683,-0.070555
0.116422,-0.159303,-0.071294
0.117717,-0.159007,-0.071295
0.120728,-0.156475,-0.070677
0.119316,-0.159436,-0.069665
0.121070,-0.158497,-0.071272
0.124615,-0.158172,-0.071026
0.123839,-0.157013,-0.069539
0.127487,-0.157987,-0.071275
0.128131,-0.158679,-0.071016
0.129275,-0.158557,-0.071956
0.128501,-0.158425,-0.069273
0.131464,-0.157920,-0.072535
0.134021,-0.159081,-0.070923
0.134747,-0.157195,-0.071236
0.134995,-0.158159,-0.072312
0.137487,-0.158784,-0.072565
0.136859,-0.157684,-0.073329
0.140963,-0.157463,-0.074093
0.144210,-0.158099,-0.072443
0.143349,-0.158034,-0.074473
0.143791,-0.157542,-0.077075
0.144636,-0.158985,-0.074062
0.144410,-0.156764,-0.074704
0.149044,-0.158777,-0.075194
0.150608,-0.158768,-0.076388
0.152651,-0.157727,-0.077936
0.154251,-0.158528,-0.076733
0.154375,-0.159874,-0.079191
0.157048,-0.159659,-0.079900
0.157078,-0.158670,-0.081517
0.157600,-0.159032,-0.084523
0.158163,-0.157947,-0.083898
0.158517,-0.159362,-0.085798
0.162223,-0.160563,-0.087309
0.163140,-0.158464,-0.089882
0.164312,-0.158843,-0.089558
0.167164,-0.158676,-0.091580
0.165842,-0.159206,-0.094396
0.169399,-0.160020,-0.095960
0.171560,-0.159137,-0.100307
0.173552,-0.159040,-0.099789
0.173278,-0.158853,-0.103471
0.176981,-0.160216,-0.106723
0.175953,-0.158901,-0.108704
0.178370,-0.160148,-0.114510
0.181367,-0.158590,-0.120139
0.183207,-0.160847,-0.124644
0.183889,-0.160400,-0.136554
-0.121908,-0.162289,-0.164288
-0.119304,-0.160685,-0.158476
-0.118591,-0.160242,-0.148790
-0.117148,-0.159693,-0.140347
-0.114510,-0.159837,-0.138445
-0.112335,-0.159502,-0.135665
-0.113423,-0.160021,-0.133074
-0.110622,-0.157215,-0.129489
-0.109570,-0.158417,-0.128032
-0.107154,-0.158575,-0.128521
-0.107154,-0.158617,-0.125143
-0.103384,-0.158429,-0.124530
-0.102935,-0.158985,-0.121511
-0.100013,-0.159100,-0.119249
-0.100542,-0.159110,-0.118312
-0.098306,-0.159372,-0.119085
-0.097296,-0.160324,-0.119340
-0.096398,-0.160367,-0.114669
-0.096133,-0.159372,-0.116439
-0.093179,-0.158407,-0.114204
-0.091278,-0.158248,-0.114103
-0.089423,-0.158272,-0.113262
-0.089322,-0.156533,-0.113273
-0.085048,-0.159722,-0.112188
-0.086888,-0.156292,-0.113033
-0.085828,-0.157712,-0.112950
-0.081794,-0.159338,-0.111924
-0.082031,-0.157780,-0.111708
-0.080487,-0.158992,-0.111315
-0.078758,-0.157834,-0.112826
-0.077302,-0.160152,-0.112548
-0.075941,-0.158040,-0.111426
-0.075228,-0.158079,-0.111908
-0.070660,-0.158656,-0.108377
-0.070755,-0.158933,-0.111189
-0.071124,-0.159356,-0.109209
-0.071303,-0.158890,-0.109463
-0.069359,-0.156778,-0.109500
-0.066317,-0.158456,-0.107592
-0.063971,-0.158270,-0.108919
-0.062025,-0.159003,-0.107334
-0.062507,-0.158536,-0.108253
-0.061305,-0.160699,-0.106264
-0.059418,-0.156947,-0.108371
-0.058526,-0.157827,-0.108021
-0.056095,-0.157812,-0.105344
-0.054171,-0.156610,-0.105673
-0.052382,-0.158973,-0.103183
-0.052405,-0.159071,-0.105580
-0.050500,-0.159218,-0.105416
-0.050650,-0.158009,-0.103837
-0.049260,-0.156584,-0.102823
-0.046982,-0.158218,-0.105203
-0.046127,-0.158949,-0.104913
-0.043892,-0.156334,-0.102767
-0.041578,-0.157427,-0.102705
-0.039935,-0.156653,-0.102112
-0.040870,-0.157067,-0.101715
-0.037267,-0.159773,-0.099263
-0.036218,-0.158071,-0.101314
-0.034746,-0.157941,-0.098504
-0.033861,-0.155358,-0.099820
-0.032821,-0.159861,-0.095385
-0.032184,-0.159989,-0.097912
-0.028117,-0.157186,-0.096346
-0.028233,-0.157564,-0.095883
-0.027456,-0.156078,-0.096669
-0.025799,-0.158721,-0.097436
-0.022910,-0.158993,-0.093889
-0.023227,-0.159323,-0.094320
-0.021949,-0.157159,-0.093653
-0.021621,-0.156885,-0.093272
-0.017416,-0.158698,-0.092591
-0.016503,-0.158293,-0.093167
-0.016788,-0.155955,-0.091594
-0.013960,-0.158363,-0.093912
-0.014095,-0.158332,-0.093239
-0.011840,-0.157330,-0.091592
-0.010666,-0.155558,-0.088964
-0.008925,-0.159064,-0.088424
-0.007947,-0.157838,-0.087999
-0.006558,-0.159202,-0.087562
-0.004789,-0.158373,-0.087702
-0.004419,-0.154985,-0.086916
-0.002318,-0.155823,-0.086710
-0.001262,-0.156755,-0.086224
0.000719,-0.157548,-0.086486
0.000900,-0.155612,-0.083476
0.002717,-0.156072,-0.084465
0.005993,-0.157016,-0.082835
0.006393,-0.157158,-0.083381
0.008481,-0.156514,-0.079722
0.008218,-0.156974,-0.080501
0.010180,-0.157021,-0.080034
0.010842,-0.158354,-0.081091
0.013962,-0.157562,-0.081433
0.014755,-0.156502,-0.079357
0.013198,-0.157644,-0.080423
0.016629,-0.156484,-0.076756
0.019873,-0.156533,-0.080104
0.019774,-0.157169,-0.079931
0.021260,-0.154761,-0.079355
0.023105,-0.156627,-0.078820
0.023956,-0.157044,-0.079386
0.024152,-0.157589,-0.077738
0.024593,-0.157861,-0.078477
0.026745,-0.156405,-0.076488
0.028968,-0.157594,-0.078287
0.030249,-0.156255,-0.078426
0.033070,-0.156315,-0.078517
0.033448,-0.156857,-0.078303
0.035841,-0.156385,-0.078399
0.035504,-0.156037,-0.076525
0.037366,-0.156106,-0.077880
0.039117,-0.156094,-0.077638
0.039094,-0.157996,-0.076003
0.041442,-0.155986,-0.075880
0.044134,-0.156816,-0.076387
0.041856,-0.156658,-0.077463
0.045969,-0.159727,-0.077423
0.048246,-0.158555,-0.078050
0.047756,-0.158156,-0.078325
0.048453,-0.156549,-0.077224
0.053790,-0.155306,-0.076401
0.053167,-0.157842,-0.076873
0.054902,-0.155560,-0.077608
0.055118,-0.157634,-0.076958
0.057671,-0.156430,-0.076505
0.057226,-0.157189,-0.077101
0.059255,-0.156556,-0.076497
0.060284,-0.155296,-0.077311
0.062408,-0.159046,-0.077078
0.063801,-0.157821,-0.076431
0.066623,-0.156991,-0.077277
0.066483,-0.156486,-0.074593
0.067722,-0.156642,-0.076818
0.067180,-0.156311,-0.075917
0.070451,-0.156843,-0.077133
0.072248,-0.156763,-0.078640
0.073964,-0.156297,-0.077062
0.073343,-0.157051,-0.077851
0.075493,-0.158018,-0.076712
0.076961,-0.157206,-0.075992
0.078458,-0.157044,-0.074595
0.079512,-0.155272,-0.074141
0.081420,-0.157554,-0.074045
0.084490,-0.156777,-0.074064
0.083247,-0.157236,-0.075496
0.085150,-0.157376,-0.074151
0.088153,-0.155874,-0.075963
0.087773,-0.156139,-0.073838
0.091031,-0.156023,-0.073735
0.092311,-0.157199,-0.072912
0.092785,-0.156254,-0.074106
0.093381,-0.157669,-0.071239
0.093751,-0.156859,-0.072729
0.096917,-0.155980,-0.072303
0.097042,-0.156144,-0.071368
0.098502,-0.155423,-0.071242
0.100824,-0.157585,-0.072951
0.100897,-0.157549,-0.070520
0.103577,-0.156045,-0.071528
0.104934,-0.156505,-0.073020
0.106904,-0.155800,-0.071755
0.106518,-0.157912,-0.072175
0.108891,-0.157081,-0.073452
0.110300,-0.156215,-0.071759
0.111622,-0.155599,-0.072532
0.111483,-0.156113,-0.074533
0.114257,-0.156655,-0.070664
0.114461,-0.155410,-0.071588
0.116893,-0.156411,-0.071480
0.118464,-0.157064,-0.070319
0.119179,-0.157300,-0.070570
0.121385,-0.157436,-0.071659
0.122448,-0.158294,-0.070775
0.122621,-0.157386,-0.070923
0.124607,-0.156033,-0.068090
0.125063,-0.155164,-0.071049
0.128262,-0.157726,-0.072344
0.128443,-0.157891,-0.073789
0.128996,-0.155449,-0.069620
0.132159,-0.155363,-0.070142
0.133777,-0.155629,-0.073256
0.135767,-0.154996,-0.072510
0.135622,-0.156713,-0.073037
0.137504,-0.156204,-0.073851
0.138581,-0.156360,-0.073743
0.140860,-0.156432,-0.074140
0.142261,-0.155804,-0.075135
0.143665,-0.158220,-0.072972
0.145112,-0.157797,-0.076822
0.146091,-0.156688,-0.074766
0.146662,-0.156115,-0.073669
0.148008,-0.157916,-0.076979
0.148496,-0.157145,-0.076920
0.153253,-0.157001,-0.077364
0.153304,-0.156243,-0.080082
0.153201,-0.157094,-0.079311
0.155963,-0.158037,-0.080524
0.156617,-0.156159,-0.082651
0.158048,-0.156915,-0.085887
0.158768,-0.156886,-0.084037
0.162305,-0.157274,-0.086603
0.161876,-0.156044,-0.087520
0.166196,-0.156946,-0.089274
0.165887,-0.158130,-0.088619
0.165093,-0.158607,-0.092037
0.167806,-0.156307,-0.094095
0.169156,-0.157768,-0.094816
0.171458,-0.157580,-0.097258
0.173412,-0.158495,-0.101581
0.175061,-0.159605,-0.104473
0.176653,-0.156755,-0.104158
0.175830,-0.158015,-0.108598
0.178026,-0.159283,-0.116257
0.181034,-0.159012,-0.119330
0.181257,-0.159020,-0.124963
0.183950,-0.159042,-0.136438
-0.120373,-0.158260,-0.159723
-0.118865,-0.157103,-0.152623
-0.116293,-0.156690,-0.144496
-0.115221,-0.158077,-0.139103
-0.111119,-0.159655,-0.138312
-0.110382,-0.157414,-0.136002
-0.110116,-0.157382,-0.133554
-0.107634,-0.156604,-0.129797
-0.108666,-0.157741,-0.128842
-0.105191,-0.158144,-0.125055
-0.105529,-0.156310,-0.123545
-0.103764,-0.157726,-0.121861
-0.102099,-0.156655,-0.120899
-0.099598,-0.158067,-0.120522
-0.099621,-0.156326,-0.119743
-0.096522,-0.158783,-0.119463
-0.094260,-0.157084,-0.119078
-0.095298,-0.155991,-0.115929
-0.091755,-0.158998,-0.118362
-0.091458,-0.157377,-0.114832
-0.090882,-0.156256,-0.115379
-0.088989,-0.157017,-0.116352
-0.086637,-0.155225,-0.111781
-0.085783,-0.159139,-0.113227
-0.084100,-0.160136,-0.114104
-0.082341,-0.156309,-0.111556
-0.080314,-0.156976,-0.112874
-0.078923,-0.154869,-0.112896
-0.078870,-0.155763,-0.113383
-0.077424,-0.156167,-0.112495
-0.075945,-0.155251,-0.112626
-0.075231,-0.156827,-0.110650
-0.074123,-0.158727,-0.108904
-0.071336,-0.156851,-0.109973
-0.068354,-0.156207,-0.110396
-0.067513,-0.156353,-0.109493
-0.066822,-0.157327,-0.109796
-0.064529,-0.156970,-0.109852
-0.065019,-0.155693,-0.108201
-0.063198,-0.157060,-0.107427
-0.063506,-0.154520,-0.107535
-0.061478,-0.155789,-0.107394
-0.061132,-0.155032,-0.106631
-0.057689,-0.157617,-0.104738
-0.057071,-0.157519,-0.104674
-0.053808,-0.156802,-0.105131
-0.053865,-0.155833,-0.103047
-0.053455,-0.155736,-0.106205
-0.051080,-0.156083,-0.105729
-0.048148,-0.155729,-0.103780
-0.049125,-0.156075,-0.103188
-0.045962,-0.156379,-0.105899
-0.045071,-0.157269,-0.101587
-0.044056,-0.158069,-0.102404
-0.043120,-0.156977,-0.103567
-0.041942,-0.153825,-0.100209
-0.039489,-0.156374,-0.101685
-0.036409,-0.155705,-0.101764
-0.035065,-0.155630,-0.100694
-0.035489,-0.156896,-0.098150
-0.034410,-0.158901,-0.099448
-0.032611,-0.158818,-0.097313
-0.030181,-0.155970,-0.097886
-0.030013,-0.155414,-0.097600
-0.027805,-0.155982,-0.096139
-0.027346,-0.154510,-0.097636
-0.026701,-0.155575,-0.095601
-0.022451,-0.155366,-0.096535
-0.022840,-0.158066,-0.095874
-0.022526,-0.156426,-0.094142
-0.020568,-0.156145,-0.092352
-0.018324,-0.157289,-0.093007
-0.017273,-0.154064,-0.095153
-0.015042,-0.157357,-0.092404
-0.015578,-0.156437,-0.093287
-0.013548,-0.153873,-0.090609
-0.009793,-0.156207,-0.090739
-0.010427,-0.155364,-0.090031
-0.009271,-0.156256,-0.090186
-0.005319,-0.156580,-0.090201
-0.006118,-0.155446,-0.088861
-0.004864,-0.154463,-0.088467
-0.003481,-0.155311,-0.084318
-0.002954,-0.156236,-0.086617
-0.001919,-0.154916,-0.085594
0.001235,-0.154188,-0.085063
0.002446,-0.156240,-0.084448
0.004749,-0.158898,-0.083968
0.004527,-0.156144,-0.084535
0.007223,-0.155735,-0.081461
0.007718,-0.155006,-0.082570
0.009457,-0.154805,-0.082901
0.009077,-0.154686,-0.081453
0.011445,-0.154240,-0.081783
0.014133,-0.157541,-0.080726
0.013985,-0.156904,-0.077218
0.015825,-0.154913,-0.079774
0.017117,-0.154141,-0.081175
0.019577,-0.155013,-0.078514
0.020655,-0.156221,-0.080913
0.020813,-0.156406,-0.079062
0.023079,-0.154300,-0.079127
0.024167,-0.153857,-0.076959
0.024731,-0.154777,-0.078899
0.025741,-0.156097,-0.078858
0.028393,-0.156139,-0.076262
0.030217,-0.155797,-0.078448
0.031092,-0.154988,-0.077173
0.033306,-0.154122,-0.077730
0.033459,-0.155969,-0.076881
0.036591,-0.155500,-0.077089
0.036650,-0.155905,-0.077985
0.040201,-0.157612,-0.076785
0.037924,-0.153799,-0.076909
0.042293,-0.155797,-0.076997
0.043013,-0.153737,-0.077875
0.042663,-0.155545,-0.078660
0.044653,-0.155130,-0.077992
0.045352,-0.157173,-0.076639
0.046832,-0.155911,-0.076105
0.048360,-0.157084,-0.075303
0.049628,-0.153776,-0.076887
0.052726,-0.155543,-0.076228
0.052820,-0.154722,-0.076455
0.053769,-0.156164,-0.078468
0.052964,-0.154934,-0.075139
0.058584,-0.154418,-0.077277
0.058272,-0.155237,-0.077597
0.056910,-0.156455,-0.075742
0.061732,-0.155666,-0.077475
0.062098,-0.155163,-0.075636
0.062475,-0.156416,-0.077035
0.064767,-0.156612,-0.074362
0.067317,-0.154403,-0.075143
0.066666,-0.156231,-0.075484
0.068204,-0.153949,-0.074956
0.068928,-0.154241,-0.076902
0.072290,-0.156301,-0.075444
0.073092,-0.156081,-0.076065
0.075601,-0.154577,-0.076851
0.073762,-0.154042,-0.076713
0.078587,-0.154921,-0.076605
0.078635,-0.155744,-0.074470
0.080122,-0.155896,-0.076066
0.083404,-0.155012,-0.074902
0.085417,-0.154625,-0.074770
0.083777,-0.155978,-0.075602
0.085671,-0.156097,-0.074321
0.086114,-0.154122,-0.074815
0.089629,-0.153831,-0.074789
0.089489,-0.156952,-0.074777
0.090062,-0.154653,-0.072875
0.092087,-0.156515,-0.073397
0.093883,-0.156943,-0.073280
0.094957,-0.154480,-0.073795
0.096485,-0.150964,-0.075325
0.097772,-0.155695,-0.072743
0.099886,-0.152596,-0.072475
0.099917,-0.155693,-0.071009
0.100625,-0.155292,-0.073470
0.102166,-0.154011,-0.069105
0.105227,-0.156865,-0.073302
0.105570,-0.155414,-0.073367
0.109513,-0.156776,-0.072691
0.109122,-0.154811,-0.071617
0.108374,-0.155171,-0.071342
0.111648,-0.154339,-0.073854
0.112124,-0.155310,-0.072454
0.112225,-0.155057,-0.071697
0.115834,-0.152657,-0.073141
0.118849,-0.155909,-0.072753
0.119221,-0.156004,-0.070251
0.118243,-0.152997,-0.072615
0.120335,-0.155463,-0.072320
0.124419,-0.152571,-0.070870
0.122927,-0.154153,-0.072032
0.123688,-0.155816,-0.072084
0.126418,-0.155629,-0.071058
0.128081,-0.155002,-0.071081
0.128946,-0.155234,-0.072185
0.131002,-0.154493,-0.073183
0.132052,-0.156109,-0.071361
0.134213,-0.154548,-0.072905
0.134300,-0.155723,-0.072783
0.135803,-0.153825,-0.073417
0.135863,-0.156921,-0.072957
0.137756,-0.154367,-0.073707
0.138791,-0.155798,-0.073276
0.141286,-0.154778,-0.072139
0.143385,-0.153724,-0.073675
0.144640,-0.155655,-0.076279
0.146480,-0.155284,-0.076124
0.147059,-0.156743,-0.077902
0.149015,-0.155040,-0.076727
0.147458,-0.155126,-0.076427
0.150343,-0.155805,-0.077737
0.154816,-0.155894,-0.077536
0.153206,-0.156201,-0.080036
0.157007,-0.155640,-0.082033
0.156391,-0.156650,-0.083502
0.158287,-0.155082,-0.083540
0.159314,-0.155985,-0.084558
0.161633,-0.157158,-0.087428
0.162370,-0.154562,-0.088142
0.165628,-0.156070,-0.088321
0.165809,-0.152974,-0.090206
0.166408,-0.157334,-0.092247
0.168088,-0.156112,-0.094637
0.168630,-0.155338,-0.097079
0.170722,-0.156058,-0.098851
0.173669,-0.156856,-0.102473
0.172846,-0.157287,-0.102219
0.175312,-0.156855,-0.104407
0.177700,-0.156703,-0.110292
0.180203,-0.157327,-0.115744
0.181550,-0.154358,-0.120866
0.180521,-0.157041,-0.127373
0.184255,-0.158041,-0.139670
-0.120103,-0.156509,-0.162754
-0.118872,-0.158521,-0.157184
-0.116384,-0.156760,-0.147928
-0.115801,-0.155190,-0.141857
-0.112656,-0.155832,-0.138626
-0.112813,-0.156457,-0.135346
-0.109556,-0.156061,-0.134845
-0.108629,-0.156936,-0.131520
-0.108306,-0.155938,-0.130611
-0.104809,-0.154837,-0.127254
-0.103975,-0.154920,-0.124859
-0.102112,-0.153449,-0.124084
-0.102628,-0.154826,-0.122855
-0.101455,-0.155909,-0.123464
-0.098688,-0.155744,-0.118801
-0.097533,-0.154438,-0.119481
-0.095537,-0.155823,-0.118616
-0.095366,-0.156556,-0.118387
-0.092256,-0.156065,-0.116187
-0.090286,-0.154049,-0.115808
-0.089245,-0.156192,-0.115755
-0.089385,-0.156738,-0.114520
-0.087645,-0.156528,-0.115143
-0.085260,-0.155720,-0.114562
-0.085255,-0.154577,-0.112759
-0.083399,-0.156716,-0.114403
-0.079352,-0.154963,-0.112383
-0.080765,-0.154020,-0.113478
-0.078641,-0.155315,-0.114734
-0.076930,-0.154504,-0.112986
-0.076137,-0.154091,-0.111270
-0.071831,-0.156220,-0.112340
-0.072252,-0.155028,-0.109598
-0.072408,-0.153903,-0.108489
-0.068773,-0.154083,-0.111144
-0.068816,-0.154950,-0.109798
-0.066459,-0.155459,-0.110888
-0.065281,-0.153972,-0.110308
-0.065712,-0.153508,-0.109538
-0.061565,-0.154893,-0.109443
-0.061592,-0.155122,-0.106767
-0.062037,-0.152758,-0.108503
-0.057615,-0.155991,-0.105275
-0.057381,-0.154608,-0.108165
-0.056294,-0.156456,-0.106004
-0.053933,-0.153904,-0.104425
-0.054690,-0.156297,-0.106172
-0.052149,-0.155976,-0.105257
-0.051369,-0.153137,-0.105267
-0.049444,-0.155180,-0.103505
-0.048422,-0.154124,-0.104159
-0.045849,-0.156307,-0.104335
-0.045710,-0.153026,-0.103119
-0.042930,-0.154992,-0.104302
-0.042708,-0.155001,-0.101949
-0.041222,-0.154889,-0.102898
-0.036971,-0.155008,-0.101092
-0.036785,-0.155202,-0.099946
-0.036572,-0.156506,-0.098563
-0.035284,-0.154154,-0.099340
-0.033231,-0.156115,-0.099268
-0.031131,-0.155148,-0.099023
-0.030789,-0.153660,-0.097320
-0.030391,-0.155447,-0.098285
-0.028138,-0.154324,-0.096549
-0.025949,-0.155725,-0.097071
-0.025012,-0.151519,-0.093745
-0.024244,-0.155421,-0.094310
-0.022740,-0.155644,-0.094292
-0.021805,-0.154491,-0.095421
-0.020874,-0.154019,-0.094917
-0.019854,-0.155237,-0.093623
-0.017799,-0.155750,-0.092921
-0.014747,-0.153939,-0.089312
-0.015274,-0.153720,-0.090232
-0.013349,-0.154292,-0.091648
-0.012469,-0.153335,-0.090000
-0.010251,-0.153906,-0.088754
-0.009589,-0.154328,-0.089758
-0.006787,-0.153761,-0.088577
-0.006515,-0.154287,-0.087574
-0.005417,-0.154708,-0.090014
-0.002383,-0.153570,-0.085811
-0.002811,-0.154648,-0.086259
-0.002046,-0.153294,-0.085821
0.000105,-0.153964,-0.084985
0.003397,-0.153432,-0.085573
0.003812,-0.154177,-0.082939
0.003429,-0.153653,-0.082919
0.006668,-0.155042,-0.084507
0.006817,-0.153575,-0.081856
0.008362,-0.153045,-0.081258
0.009639,-0.152540,-0.080842
0.011599,-0.154180,-0.081060
0.013876,-0.152930,-0.081556
0.014299,-0.153703,-0.081502
0.015553,-0.154450,-0.079991
0.017102,-0.151991,-0.080013
0.019399,-0.156007,-0.079530
0.019824,-0.152915,-0.079193
0.021156,-0.152213,-0.079605
0.023480,-0.153360,-0.078734
0.022714,-0.153528,-0.079069
0.024051,-0.151909,-0.076217
0.027113,-0.152526,-0.077588
0.029718,-0.152834,-0.077756
0.028775,-0.154926,-0.078474
0.029558,-0.153588,-0.078141
0.029954,-0.154509,-0.077093
0.033995,-0.153746,-0.077461
0.035037,-0.155004,-0.076034
0.036260,-0.152823,-0.078808
0.038052,-0.152315,-0.076258
0.038316,-0.152149,-0.076316
0.040203,-0.153014,-0.076016
0.041193,-0.154420,-0.077775
0.044091,-0.152779,-0.076189
0.045169,-0.153387,-0.075589
0.045272,-0.153195,-0.076574
0.048302,-0.153945,-0.076400
0.050274,-0.153799,-0.076875
0.052226,-0.153519,-0.077405
0.051500,-0.153977,-0.078576
0.050251,-0.153740,-0.078205
0.053600,-0.152662,-0.078328
0.054162,-0.153392,-0.075783
0.058288,-0.154934,-0.075405
0.059587,-0.152937,-0.075470
0.058059,-0.152157,-0.075267
0.061014,-0.153366,-0.076950
0.062560,-0.153608,-0.076625
0.062777,-0.154388,-0.075398
0.062421,-0.154803,-0.076771
0.066159,-0.153920,-0.075149
0.066874,-0.154936,-0.076738
0.070180,-0.155217,-0.076210
0.070260,-0.153361,-0.076485
0.071938,-0.153968,-0.075383
0.072726,-0.154765,-0.074526
0.074310,-0.151036,-0.076933
0.076901,-0.154311,-0.075674
0.078745,-0.154477,-0.075430
0.080191,-0.154933,-0.076195
0.078928,-0.152609,-0.075962
0.081748,-0.154565,-0.073841
0.082651,-0.153938,-0.074824
0.085129,-0.152371,-0.077430
0.084538,-0.152625,-0.076698
0.087538,-0.153881,-0.075550
0.088606,-0.154999,-0.074453
0.089524,-0.153600,-0.075205
0.091881,-0.153288,-0.074811
0.092729,-0.153652,-0.073335
0.094282,-0.154286,-0.074144
0.096672,-0.153102,-0.074935
0.097577,-0.154330,-0.073005
0.098937,-0.154240,-0.072995
0.099125,-0.153843,-0.073098
0.102271,-0.155537,-0.073149
0.102549,-0.152317,-0.072161
0.104141,-0.153432,-0.071096
0.104639,-0.152722,-0.072503
0.104966,-0.152179,-0.072041
0.107949,-0.153508,-0.071824
0.109592,-0.154500,-0.073772
0.110348,-0.154145,-0.073539
0.112028,-0.154546,-0.074580
0.113410,-0.155123,-0.071945
0.112721,-0.154550,-0.071863
0.113191,-0.152527,-0.073029
0.117523,-0.154442,-0.072298
0.119574,-0.153008,-0.070693
0.119344,-0.153676,-0.070960
0.120966,-0.153675,-0.073393
0.121080,-0.153440,-0.071640
0.121433,-0.151343,-0.072117
0.125341,-0.154840,-0.071218
0.126584,-0.154681,-0.070247
0.128475,-0.152942,-0.073782
0.128940,-0.154275,-0.073821
0.132072,-0.151576,-0.072050
0.131983,-0.153587,-0.072355
0.134873,-0.153687,-0.073863
0.134648,-0.153458,-0.074384
0.136044,-0.154380,-0.073655
0.136528,-0.155262,-0.074640
0.139954,-0.153620,-0.073611
0.139985,-0.153720,-0.073845
0.140852,-0.153488,-0.075408
0.144767,-0.153115,-0.074815
0.144422,-0.153573,-0.074888
0.149333,-0.153574,-0.077537
0.147207,-0.153953,-0.074829
0.146569,-0.154246,-0.076825
0.151478,-0.153762,-0.075477
0.152245,-0.152913,-0.078901
0.152589,-0.152250,-0.080317
0.154360,-0.154340,-0.081180
0.155111,-0.154349,-0.083286
0.157201,-0.155715,-0.083314
0.158602,-0.155277,-0.083881
0.159493,-0.155375,-0.085255
0.162894,-0.154285,-0.086335
0.162903,-0.153827,-0.088031
0.162946,-0.155181,-0.088331
0.165392,-0.154634,-0.090001
0.165302,-0.156144,-0.091989
0.167064,-0.154580,-0.093120
0.170818,-0.154236,-0.096668
0.171625,-0.153432,-0.097129
0.173534,-0.153454,-0.101720
0.175047,-0.156237,-0.105120
0.172850,-0.154346,-0.105323
0.175370,-0.154185,-0.110759
0.178619,-0.156333,-0.115420
0.179696,-0.155538,-0.118771
0.182185,-0.157154,-0.123749
0.185171,-0.155049,-0.140933
-0.118229,-0.156664,-0.160023
-0.115969,-0.156484,-0.149111
-0.115927,-0.155006,-0.142310
-0.112386,-0.156062,-0.140785
-0.112496,-0.153325,-0.138759
-0.110303,-0.154775,-0.135229
-0.110815,-0.153946,-0.134168
-0.105730,-0.153910,-0.130266
-0.106281,-0.153220,-0.127476
-0.104624,-0.154954,-0.125091
-0.102010,-0.153457,-0.125331
-0.101406,-0.153377,-0.123756
-0.100008,-0.153854,-0.121512
-0.097883,-0.151768,-0.122028
-0.097816,-0.154213,-0.119864
-0.097094,-0.154429,-0.120187
-0.093110,-0.153399,-0.119113
-0.091563,-0.153172,-0.118337
-0.090791,-0.155737,-0.117075
-0.089967,-0.155252,-0.117039
-0.087868,-0.154069,-0.116040
-0.086738,-0.154263,-0.114892
-0.085976,-0.153252,-0.114562
-0.084725,-0.154045,-0.115923
-0.083472,-0.154738,-0.115645
-0.078899,-0.152489,-0.112650
-0.081290,-0.155331,-0.113970
-0.078960,-0.153794,-0.112354
-0.076866,-0.153302,-0.111646
-0.075689,-0.152510,-0.113748
-0.073039,-0.154241,-0.114070
-0.072488,-0.155095,-0.111958
-0.072140,-0.151995,-0.112427
-0.071726,-0.151579,-0.109483
-0.067649,-0.153530,-0.111222
-0.067120,-0.153346,-0.108255
-0.067661,-0.153784,-0.111050
-0.064211,-0.152479,-0.109841
-0.063553,-0.153700,-0.110145
-0.060622,-0.153740,-0.108129
-0.062851,-0.154260,-0.107033
-0.058445,-0.153897,-0.108920
-0.057289,-0.153738,-0.105652
-0.057775,-0.153072,-0.106707
-0.055356,-0.151350,-0.105542
-0.052477,-0.152689,-0.105486
-0.053156,-0.153214,-0.103161
-0.049393,-0.154427,-0.103454
-0.048624,-0.151006,-0.103475
-0.046739,-0.153209,-0.104583
-0.048869,-0.152242,-0.104071
-0.044848,-0.152455,-0.104091
-0.043772,-0.153318,-0.102776
-0.041374,-0.153463,-0.102860
-0.039596,-0.155033,-0.101840
-0.038214,-0.153390,-0.100712
-0.037920,-0.154018,-0.101494
-0.037134,-0.152961,-0.100100
-0.033929,-0.152812,-0.099467
-0.033777,-0.152337,-0.097720
-0.032282,-0.154023,-0.099935
-0.031058,-0.153459,-0.097717
-0.029320,-0.153224,-0.097229
-0.028710,-0.153082,-0.096566
-0.028188,-0.154355,-0.095753
-0.026029,-0.152746,-0.096536
-0.026049,-0.150899,-0.097053
-0.022410,-0.152155,-0.094701
-0.020363,-0.154172,-0.094564
-0.019142,-0.152305,-0.092297
-0.018537,-0.152328,-0.094746
-0.017405,-0.153648,-0.092405
-0.017052,-0.153213,-0.092489
-0.013704,-0.153437,-0.093180
-0.012249,-0.152285,-0.090619
-0.011666,-0.153396,-0.088652
-0.009859,-0.152704,-0.090163
-0.009157,-0.153336,-0.089012
-0.006807,-0.153459,-0.087107
-0.006167,-0.151386,-0.087611
-0.002863,-0.152331,-0.087906
-0.002540,-0.153482,-0.087132
-0.002136,-0.151864,-0.084612
-0.000817,-0.151585,-0.086114
0.001493,-0.152187,-0.084739
0.002443,-0.152526,-0.085674
0.003025,-0.153530,-0.084177
0.005239,-0.152758,-0.083778
0.006101,-0.152098,-0.082514
0.007041,-0.152553,-0.080989
0.011330,-0.152201,-0.083276
0.009102,-0.152159,-0.082426
0.011016,-0.152255,-0.078619
0.011966,-0.153441,-0.080949
0.014489,-0.152320,-0.079495
0.015715,-0.152199,-0.081042
0.016568,-0.151541,-0.078377
0.019125,-0.151160,-0.078228
0.019734,-0.153213,-0.079375
0.021466,-0.153489,-0.078618
0.021663,-0.153275,-0.077265
0.024655,-0.151742,-0.078121
0.025539,-0.152078,-0.076457
0.026535,-0.151735,-0.078532
0.028901,-0.151883,-0.077938
0.029800,-0.149914,-0.078774
0.031953,-0.152868,-0.079191
0.032446,-0.152792,-0.076549
0.033234,-0.151236,-0.074593
0.034150,-0.152816,-0.076559
0.037513,-0.152029,-0.077621
0.036097,-0.151577,-0.075190
0.039783,-0.152032,-0.076433
0.041623,-0.153718,-0.077425
0.041325,-0.151906,-0.077641
0.042094,-0.152219,-0.074091
0.043795,-0.152917,-0.077079
0.046764,-0.152345,-0.077834
0.048168,-0.151748,-0.076242
0.049368,-0.150057,-0.077841
0.050163,-0.152953,-0.076449
0.050457,-0.152176,-0.076544
0.053861,-0.152848,-0.076296
0.053702,-0.152714,-0.076764
0.055611,-0.152214,-0.076001
0.055911,-0.153187,-0.076429
0.058549,-0.151232,-0.076025
0.061642,-0.150806,-0.076209
0.060658,-0.152347,-0.076199
0.060540,-0.149965,-0.076863
0.066080,-0.153351,-0.077309
0.064981,-0.150830,-0.075372
0.066534,-0.152850,-0.076218
0.066737,-0.151894,-0.076937
0.068235,-0.153146,-0.075757
0.069529,-0.151521,-0.076852
0.072557,-0.152013,-0.075486
0.073434,-0.151073,-0.077477
0.074304,-0.151911,-0.076001
0.075538,-0.152750,-0.075979
0.077174,-0.152075,-0.074655
0.076923,-0.153527,-0.077222
0.081194,-0.150934,-0.076686
0.081229,-0.150840,-0.074510
0.081324,-0.151195,-0.075477
0.082822,-0.151315,-0.074575
0.084213,-0.151169,-0.075911
0.086376,-0.152777,-0.074918
0.088269,-0.152559,-0.076695
0.089177,-0.150939,-0.073891
0.090989,-0.152284,-0.074804
0.092368,-0.153284,-0.075386
0.093399,-0.151097,-0.073918
0.093395,-0.152501,-0.072974
0.096205,-0.152779,-0.073544
0.098871,-0.152516,-0.072548
0.099554,-0.150600,-0.073381
0.099455,-0.152937,-0.072251
0.102094,-0.152221,-0.073393
0.103813,-0.152888,-0.072352
0.105700,-0.151370,-0.072606
0.104970,-0.151278,-0.072453
0.105448,-0.151036,-0.074073
0.109847,-0.152857,-0.072107
0.109491,-0.152500,-0.073188
0.110377,-0.153557,-0.073575
0.111804,-0.151993,-0.072844
0.113322,-0.151003,-0.071409
0.115070,-0.151886,-0.072690
0.116819,-0.150333,-0.074709
0.117019,-0.152185,-0.072615
0.119354,-0.151943,-0.072429
0.120600,-0.150543,-0.073223
0.122270,-0.151447,-0.071973
0.125098,-0.153526,-0.074808
0.125430,-0.152522,-0.071172
0.126713,-0.153557,-0.073587
0.128137,-0.151438,-0.071370
0.127888,-0.150817,-0.071824
0.130261,-0.154646,-0.072323
0.132387,-0.152292,-0.070958
0.131583,-0.150773,-0.073438
0.134256,-0.150498,-0.072391
0.137091,-0.151992,-0.074028
0.138905,-0.152763,-0.074608
0.138038,-0.153444,-0.075150
0.139750,-0.153880,-0.076238
0.140793,-0.153189,-0.075967
0.143017,-0.154299,-0.076310
0.144458,-0.150264,-0.078587
0.146585,-0.153080,-0.077716
0.146969,-0.152071,-0.078126
0.147948,-0.152699,-0.075789
0.149362,-0.152047,-0.076740
0.153273,-0.151131,-0.080467
0.152855,-0.150504,-0.080563
0.153365,-0.151424,-0.082399
0.154607,-0.152672,-0.082492
0.153394,-0.153995,-0.083141
0.157674,-0.151302,-0.083786
0.161329,-0.151818,-0.086123
0.161039,-0.152963,-0.086977
0.162526,-0.153659,-0.087874
0.165153,-0.153829,-0.088729
0.167089,-0.153777,-0.089106
0.165750,-0.152604,-0.093393
0.168535,-0.150250,-0.094900
0.169326,-0.153015,-0.096946
0.171500,-0.153735,-0.100694
0.171949,-0.152871,-0.102258
0.175431,-0.154228,-0.104820
0.174024,-0.152766,-0.107953
0.176633,-0.153233,-0.112009
0.179803,-0.154820,-0.115818
0.181209,-0.153221,-0.119888
0.183369,-0.154703,-0.125388
0.183892,-0.155493,-0.140746
-0.118750,-0.153757,-0.162094
-0.117702,-0.154285,-0.153822
-0.116343,-0.153408,-0.146809
-0.114329,-0.153351,-0.142407
-0.111420,-0.153297,-0.140670
-0.109600,-0.151922,-0.137061
-0.109385,-0.153007,-0.136294
-0.106631,-0.152207,-0.131143
-0.106447,-0.153657,-0.127591
-0.104301,-0.154092,-0.126091
-0.102658,-0.153247,-0.124671
-0.100404,-0.153111,-0.123558
-0.099389,-0.152515,-0.123472
-0.097083,-0.153974,-0.121261
-0.096409,-0.152448,-0.121232
-0.096112,-0.152698,-0.120081
-0.093943,-0.152422,-0.117873
-0.092875,-0.151505,-0.118143
-0.091892,-0.151473,-0.119774
-0.090077,-0.153609,-0.115826
-0.088380,-0.152351,-0.113542
-0.087756,-0.153912,-0.115263
-0.084813,-0.153430,-0.114944
-0.084468,-0.151508,-0.116402
-0.082230,-0.151809,-0.114053
-0.082326,-0.152078,-0.113050
-0.080068,-0.152849,-0.115099
-0.077755,-0.151957,-0.113321
-0.077723,-0.152426,-0.113340
-0.074536,-0.152019,-0.111179
-0.074352,-0.152477,-0.113136
-0.071187,-0.150209,-0.111241
-0.071745,-0.152434,-0.111678
-0.070339,-0.151733,-0.111244
-0.069200,-0.153139,-0.110416
-0.065487,-0.150348,-0.108501
-0.065953,-0.151945,-0.109377
-0.062756,-0.150414,-0.108392
-0.063251,-0.153334,-0.108562
-0.060638,-0.151235,-0.106833
-0.060969,-0.152721,-0.107568
-0.059354,-0.151402,-0.107945
-0.057134,-0.152830,-0.109185
-0.055880,-0.151888,-0.107342
-0.055543,-0.151589,-0.106235
-0.052360,-0.150918,-0.105844
-0.053857,-0.151155,-0.104808
-0.049555,-0.150554,-0.105005
-0.049463,-0.152044,-0.104272
-0.046319,-0.151133,-0.103212
-0.046632,-0.150698,-0.103237
-0.045445,-0.151927,-0.104401
-0.042745,-0.150692,-0.103042
-0.042268,-0.151263,-0.103501
-0.041047,-0.152594,-0.099287
-0.039558,-0.152363,-0.100150
-0.037111,-0.153172,-0.099781
-0.036847,-0.151639,-0.101113
-0.035901,-0.152273,-0.099721
-0.034796,-0.152099,-0.099902
-0.032169,-0.152693,-0.098426
-0.030606,-0.151216,-0.097933
-0.028197,-0.151960,-0.095580
-0.026889,-0.150654,-0.096777
-0.027814,-0.151766,-0.097770
-0.024964,-0.150579,-0.095306
-0.022688,-0.150745,-0.095322
-0.023966,-0.150166,-0.095848
-0.022198,-0.151317,-0.092988
-0.019343,-0.151091,-0.094484
-0.018958,-0.151821,-0.093688
-0.016851,-0.150687,-0.094093
-0.014011,-0.152860,-0.092937
-0.015257,-0.153204,-0.092460
-0.013368,-0.150426,-0.091293
-0.012656,-0.150193,-0.089860
-0.008560,-0.151620,-0.092399
-0.008131,-0.151855,-0.089726
-0.008974,-0.151707,-0.088487
-0.005877,-0.151346,-0.089338
-0.003936,-0.150678,-0.086368
-0.001747,-0.151364,-0.086824
-0.003362,-0.148948,-0.085730
-0.000832,-0.148972,-0.087272
0.001474,-0.151636,-0.084117
0.002356,-0.151546,-0.083831
0.003867,-0.150916,-0.081923
0.005957,-0.152231,-0.083393
0.007552,-0.151605,-0.082923
0.008593,-0.150786,-0.082023
0.008830,-0.149996,-0.084064
0.011587,-0.150790,-0.079987
0.012393,-0.150116,-0.081875
0.014371,-0.149829,-0.079585
0.014442,-0.151497,-0.080379
0.014955,-0.151106,-0.079633
0.016226,-0.148594,-0.081950
0.017577,-0.151933,-0.079833
0.018846,-0.151628,-0.079932
0.021536,-0.151338,-0.077770
0.024111,-0.150015,-0.077577
0.023902,-0.149320,-0.077107
0.025188,-0.150375,-0.077568
0.026890,-0.149806,-0.076315
0.027963,-0.150790,-0.077263
0.028804,-0.151969,-0.078344
0.029731,-0.151635,-0.078494
0.032263,-0.148762,-0.079626
0.033731,-0.151689,-0.077371
0.035733,-0.150934,-0.077818
0.037172,-0.151696,-0.078073
0.035680,-0.150622,-0.076070
0.040403,-0.149121,-0.076949
0.041270,-0.151180,-0.076236
0.041830,-0.149590,-0.076589
0.043762,-0.150767,-0.076943
0.045903,-0.150380,-0.076800
0.048123,-0.153102,-0.076795
0.045485,-0.150911,-0.076068
0.048634,-0.148510,-0.076569
0.048759,-0.152282,-0.077327
0.050330,-0.151308,-0.076541
0.052236,-0.150087,-0.075641
0.053913,-0.151344,-0.075417
0.056526,-0.151434,-0.077308
0.056102,-0.150993,-0.074338
0.058759,-0.151059,-0.075868
0.059700,-0.150008,-0.077694
0.059508,-0.149613,-0.077023
0.060262,-0.152207,-0.076643
0.064863,-0.147705,-0.076680
0.063810,-0.150316,-0.076910
0.066545,-0.151812,-0.078056
0.068156,-0.149424,-0.075637
0.070478,-0.152129,-0.076460
0.071458,-0.149837,-0.075157
0.072439,-0.148719,-0.076939
0.073885,-0.149805,-0.076518
0.074420,-0.150747,-0.076298
0.075440,-0.150068,-0.076313
0.077536,-0.150405,-0.076050
0.077471,-0.150572,-0.075751
0.080309,-0.151911,-0.076197
0.080024,-0.150313,-0.075071
0.082906,-0.151438,-0.074843
0.083427,-0.150259,-0.075279
0.085248,-0.151702,-0.077431
0.086781,-0.151678,-0.073765
0.089161,-0.150814,-0.075796
0.091592,-0.150656,-0.075527
0.092248,-0.150670,-0.075712
0.092374,-0.151463,-0.074762
0.092814,-0.151970,-0.072939
0.096254,-0.150924,-0.072949
0.097965,-0.150794,-0.073629
0.098778,-0.150230,-0.073794
0.097239,-0.150954,-0.073841
0.099453,-0.149132,-0.072459
0.102775,-0.150591,-0.072248
0.102319,-0.149145,-0.071569
0.104933,-0.148751,-0.073214
0.105843,-0.149428,-0.072464
0.107808,-0.152159,-0.072276
0.109547,-0.149787,-0.074579
0.111152,-0.150787,-0.072285
0.111926,-0.149772,-0.072109
0.113774,-0.150135,-0.073374
0.114113,-0.150338,-0.071722
0.116967,-0.152696,-0.073121
0.118024,-0.152511,-0.071680
0.117014,-0.148869,-0.073881
0.119721,-0.150884,-0.072015
0.121508,-0.150474,-0.073699
0.122875,-0.152220,-0.073750
0.122817,-0.152332,-0.070818
0.124954,-0.151974,-0.070665
0.126788,-0.151500,-0.073553
0.127528,-0.149898,-0.072561
0.130756,-0.148550,-0.070216
0.132077,-0.150771,-0.071629
0.130310,-0.151904,-0.070823
0.133971,-0.151084,-0.072740
0.134538,-0.148869,-0.074264
0.135180,-0.149423,-0.073437
0.136845,-0.149789,-0.076719
0.138001,-0.150137,-0.075053
0.140462,-0.151572,-0.073753
0.142338,-0.151155,-0.075643
0.141984,-0.151009,-0.076816
0.144728,-0.149757,-0.076242
0.144165,-0.152431,-0.078759
0.147836,-0.151137,-0.075206
0.147302,-0.150067,-0.076299
0.150595,-0.151160,-0.078770
0.150127,-0.149880,-0.080660
0.153764,-0.152639,-0.081894
0.153822,-0.148085,-0.082179
0.154193,-0.150451,-0.082665
0.157981,-0.151375,-0.083793
0.158482,-0.150292,-0.085873
0.160905,-0.150263,-0.086037
0.162350,-0.151154,-0.088467
0.161091,-0.151195,-0.089301
0.162308,-0.151252,-0.089379
0.164933,-0.151626,-0.091837
0.165705,-0.152352,-0.091849
0.169180,-0.151367,-0.094983
0.170810,-0.151936,-0.097512
0.170392,-0.152610,-0.101585
0.173390,-0.152796,-0.101511
0.173642,-0.152706,-0.104173
0.174240,-0.151411,-0.107443
0.178320,-0.153295,-0.110099
0.179395,-0.151947,-0.116718
0.181458,-0.152734,-0.122132
0.182248,-0.152204,-0.126078
0.184220,-0.152863,-0.142374
-0.118651,-0.152293,-0.165100
-0.117546,-0.152263,-0.159188
-0.115348,-0.152261,-0.151054
-0.113065,-0.152846,-0.143903
-0.111265,-0.153765,-0.140566
-0.108993,-0.150407,-0.138407
-0.108157,-0.152151,-0.135314
-0.106057,-0.151095,-0.133130
-0.105399,-0.150904,-0.130206
-0.103667,-0.152350,-0.128048
-0.103736,-0.150203,-0.126107
-0.102344,-0.150071,-0.123969
-0.099967,-0.152628,-0.123762
-0.099009,-0.150711,-0.123070
-0.097530,-0.151453,-0.122430
-0.094536,-0.152512,-0.121499
-0.094742,-0.150859,-0.122847
-0.092944,-0.150224,-0.119910
-0.092028,-0.150424,-0.117613
-0.089005,-0.151340,-0.118295
-0.088682,-0.151566,-0.117515
-0.086960,-0.151026,-0.115289
-0.086008,-0.151677,-0.116948
-0.083947,-0.150470,-0.115361
-0.081084,-0.151056,-0.114736
-0.082688,-0.150307,-0.114919
-0.080784,-0.150139,-0.113812
-0.078166,-0.149448,-0.113524
-0.077009,-0.150236,-0.113568
-0.072843,-0.150337,-0.113418
-0.072360,-0.149785,-0.112827
-0.071862,-0.150948,-0.110794
-0.071908,-0.150853,-0.110680
-0.071316,-0.151650,-0.110400
-0.068853,-0.150215,-0.113287
-0.065123,-0.151895,-0.110550
-0.066237,-0.149388,-0.111039
-0.063173,-0.151694,-0.109921
-0.064028,-0.150083,-0.109217
-0.063201,-0.151326,-0.109938
-0.060851,-0.151078,-0.109046
-0.059306,-0.150081,-0.107228
-0.057260,-0.149784,-0.107697
-0.057722,-0.150851,-0.108242
-0.053770,-0.151623,-0.106828
-0.053703,-0.149864,-0.106636
-0.050310,-0.149682,-0.105834
-0.051922,-0.150362,-0.104997
-0.049189,-0.150317,-0.105952
-0.047780,-0.150246,-0.105313
-0.045252,-0.149312,-0.103696
-0.044725,-0.150935,-0.103092
-0.044407,-0.149034,-0.104723
-0.041905,-0.151070,-0.101706
-0.041863,-0.149290,-0.102512
-0.038577,-0.150402,-0.101060
-0.037774,-0.150358,-0.100540
-0.036245,-0.149762,-0.100589
-0.035366,-0.148948,-0.099386
-0.033444,-0.152011,-0.099015
-0.033394,-0.151108,-0.099877
-0.031790,-0.148127,-0.096794
-0.030261,-0.149759,-0.096520
-0.029967,-0.148719,-0.097550
-0.028474,-0.150821,-0.095758
-0.025497,-0.148912,-0.096089
-0.025369,-0.149447,-0.095812
-0.024166,-0.148756,-0.095648
-0.021355,-0.150681,-0.093301
-0.018479,-0.151598,-0.094349
-0.018810,-0.150056,-0.095565
-0.016833,-0.150448,-0.094997
-0.015467,-0.149696,-0.093601
-0.013895,-0.147877,-0.090089
-0.011362,-0.148747,-0.088847
-0.010108,-0.149553,-0.090899
-0.010839,-0.150360,-0.089816
-0.009289,-0.147927,-0.088401
-0.008289,-0.150349,-0.087111
-0.005832,-0.148212,-0.087534
-0.005288,-0.148547,-0.085588
-0.004801,-0.147927,-0.086548
-0.002192,-0.149016,-0.086665
0.000053,-0.148479,-0.084214
0.000840,-0.151535,-0.085779
0.002990,-0.150036,-0.084028
0.004161,-0.149835,-0.083661
0.004739,-0.150600,-0.083083
0.005717,-0.150137,-0.081686
0.008633,-0.149432,-0.081350
0.007285,-0.150295,-0.082266
0.012144,-0.147991,-0.081628
0.011842,-0.148589,-0.081666
0.013162,-0.148856,-0.080981
0.016691,-0.149508,-0.080739
0.015514,-0.150643,-0.079603
0.018290,-0.148328,-0.078735
0.018690,-0.149587,-0.078953
0.019757,-0.147512,-0.079637
0.022875,-0.148830,-0.078998
0.022008,-0.150871,-0.079550
0.022426,-0.148885,-0.077423
0.026703,-0.148396,-0.078094
0.025289,-0.148282,-0.077035
0.028672,-0.146971,-0.079734
0.031801,-0.149485,-0.077285
0.031180,-0.149965,-0.075957
0.032451,-0.149449,-0.077499
0.034008,-0.147116,-0.077768
0.035652,-0.147906,-0.075458
0.036298,-0.146716,-0.076964
0.036584,-0.150410,-0.075795
0.039254,-0.148628,-0.075758
0.041386,-0.148844,-0.075923
0.041588,-0.147849,-0.075260
0.042745,-0.149041,-0.075752
0.046999,-0.149557,-0.076601
0.047112,-0.151722,-0.079118
0.047276,-0.149624,-0.076651
0.047363,-0.145892,-0.076662
0.047421,-0.149625,-0.077310
0.052124,-0.148250,-0.076190
0.053418,-0.148115,-0.075343
0.053093,-0.149470,-0.075509
0.054738,-0.147933,-0.077838
0.056369,-0.149075,-0.076381
0.058556,-0.148821,-0.075535
0.059458,-0.150039,-0.075716
0.061339,-0.148155,-0.076276
0.062295,-0.150982,-0.075818
0.063485,-0.150707,-0.074807
0.065402,-0.149748,-0.076488
0.067113,-0.148289,-0.076482
0.070313,-0.146230,-0.076865
0.068482,-0.149945,-0.077280
0.070332,-0.149379,-0.075985
0.071505,-0.149284,-0.076012
0.075139,-0.149198,-0.077496
0.074902,-0.148997,-0.077376
0.076938,-0.148905,-0.076456
0.077095,-0.150032,-0.075965
0.078981,-0.149708,-0.074118
0.079463,-0.149004,-0.075208
0.082192,-0.147920,-0.076226
0.082579,-0.150404,-0.075405
0.084251,-0.149902,-0.075704
0.086733,-0.150083,-0.076899
0.086721,-0.150418,-0.076176
0.090533,-0.148263,-0.074530
0.088461,-0.149671,-0.074837
0.090935,-0.150130,-0.074707
0.091146,-0.149420,-0.076079
0.093595,-0.150131,-0.075540
0.094714,-0.148844,-0.075566
0.096685,-0.149353,-0.075081
0.099301,-0.149989,-0.072074
0.097949,-0.149490,-0.075563
0.100149,-0.148291,-0.072693
0.102931,-0.149070,-0.073296
0.101182,-0.149022,-0.072366
0.104518,-0.149167,-0.074723
0.104960,-0.147267,-0.073174
0.107947,-0.147732,-0.072427
0.108176,-0.148832,-0.074816
0.110188,-0.149173,-0.073952
0.109495,-0.148540,-0.074017
0.113574,-0.148487,-0.074362
0.113443,-0.148866,-0.073791
0.115821,-0.149275,-0.073358
0.118685,-0.148532,-0.073680
0.118336,-0.148530,-0.073572
0.120533,-0.148580,-0.072886
0.120581,-0.148516,-0.071348
0.123030,-0.147693,-0.072768
0.122121,-0.146677,-0.071871
0.126499,-0.147467,-0.072003
0.125277,-0.147116,-0.073865
0.127308,-0.149812,-0.075281
0.130585,-0.148847,-0.071158
0.131546,-0.149074,-0.072146
0.131437,-0.149581,-0.071664
0.132106,-0.148478,-0.072771
0.136020,-0.150391,-0.074760
0.135103,-0.147575,-0.073706
0.139512,-0.149084,-0.075413
0.137637,-0.148268,-0.076456
0.141547,-0.150674,-0.076029
0.142922,-0.149950,-0.075471
0.143254,-0.150490,-0.075321
0.143779,-0.149440,-0.077844
0.145006,-0.150863,-0.077454
0.146997,-0.147934,-0.078793
0.147963,-0.148699,-0.077526
0.149648,-0.149604,-0.080758
0.150364,-0.147875,-0.081199
0.151413,-0.149649,-0.081974
0.154760,-0.149737,-0.083612
0.156248,-0.148949,-0.081145
0.156106,-0.149934,-0.082459
0.158197,-0.149884,-0.085140
0.158875,-0.148176,-0.085860
0.162043,-0.150994,-0.088016
0.163475,-0.149226,-0.089114
0.162557,-0.150482,-0.090904
0.166423,-0.147651,-0.091929
0.167987,-0.149188,-0.092257
0.166852,-0.148843,-0.095710
0.169775,-0.149896,-0.098775
0.172289,-0.151363,-0.099893
0.172777,-0.149770,-0.103060
0.174413,-0.150926,-0.105632
0.177537,-0.151278,-0.106517
0.176100,-0.149946,-0.111792
0.179423,-0.151761,-0.116400
0.181209,-0.149835,-0.121874
0.183112,-0.152938,-0.128035
0.182785,-0.152954,-0.141219
-0.116897,-0.150821,-0.161288
-0.115637,-0.151123,-0.154824
-0.114819,-0.148394,-0.142321
-0.113395,-0.148901,-0.142626
-0.110664,-0.150541,-0.140612
-0.109223,-0.149752,-0.136114
-0.107577,-0.149507,-0.133057
-0.106411,-0.149238,-0.132849
-0.103976,-0.149850,-0.128380
-0.101782,-0.148434,-0.126484
-0.103183,-0.149143,-0.125801
-0.101673,-0.149520,-0.124788
-0.098854,-0.150900,-0.123803
-0.095890,-0.147904,-0.124841
-0.096659,-0.149876,-0.124514
-0.095440,-0.148476,-0.120903
-0.091989,-0.148433,-0.121629
-0.090321,-0.148459,-0.120844
-0.090255,-0.149925,-0.118968
-0.089175,-0.151067,-0.116253
-0.087152,-0.150319,-0.116740
-0.087006,-0.148823,-0.118462
-0.083925,-0.150338,-0.115263
-0.081684,-0.147712,-0.116699
-0.081501,-0.149821,-0.114915
-0.079760,-0.147479,-0.115496
-0.078921,-0.149199,-0.115189
-0.079075,-0.148880,-0.113891
-0.076870,-0.149529,-0.113275
-0.074644,-0.149623,-0.111653
-0.072277,-0.149905,-0.113084
-0.071373,-0.149923,-0.110380
-0.070631,-0.149737,-0.111138
-0.070015,-0.149220,-0.111788
-0.066837,-0.148756,-0.110777
-0.065845,-0.148915,-0.108471
-0.064649,-0.147387,-0.110727
-0.064123,-0.149513,-0.110684
-0.063762,-0.146790,-0.110289
-0.059249,-0.148491,-0.108119
-0.057517,-0.147565,-0.110378
-0.057939,-0.148178,-0.110583
-0.055236,-0.148420,-0.106126
-0.054603,-0.146919,-0.106426
-0.052308,-0.147912,-0.106622
-0.051039,-0.147360,-0.104351
-0.052782,-0.149522,-0.104534
-0.046351,-0.149515,-0.106097
-0.048488,-0.147251,-0.103366
-0.046895,-0.148739,-0.103020
-0.044435,-0.147507,-0.105102
-0.045340,-0.149409,-0.104220
-0.042921,-0.147817,-0.102218
-0.041724,-0.147278,-0.100459
-0.041775,-0.147881,-0.102147
-0.036833,-0.148573,-0.101580
-0.036273,-0.148477,-0.100634
-0.035180,-0.149732,-0.100356
-0.034561,-0.149351,-0.099884
-0.034801,-0.149066,-0.097354
-0.031037,-0.149464,-0.098081
-0.028784,-0.148032,-0.097504
-0.028029,-0.148001,-0.097651
-0.026965,-0.148843,-0.095723
-0.025035,-0.147613,-0.093928
-0.026191,-0.147976,-0.097123
-0.021711,-0.148046,-0.095153
-0.021535,-0.148408,-0.094394
-0.021228,-0.147555,-0.092382
-0.019295,-0.147968,-0.093111
-0.017175,-0.149168,-0.091970
-0.015852,-0.149476,-0.092167
-0.014550,-0.148640,-0.089097
-0.012129,-0.147530,-0.090389
-0.011977,-0.148422,-0.090348
-0.010629,-0.147526,-0.089277
-0.009605,-0.147509,-0.088391
-0.008263,-0.146021,-0.090319
-0.003906,-0.146780,-0.086810
-0.004214,-0.145985,-0.087107
-0.003119,-0.148334,-0.084982
-0.002382,-0.148113,-0.087020
-0.000512,-0.146432,-0.085547
0.001508,-0.148274,-0.085663
0.001477,-0.148634,-0.084125
0.003788,-0.147593,-0.085295
0.006060,-0.146842,-0.081849
0.006550,-0.148279,-0.082138
0.007913,-0.147093,-0.082829
0.010989,-0.148672,-0.081732
0.011343,-0.147829,-0.081827
0.010594,-0.146967,-0.077873
0.011830,-0.146749,-0.080310
0.014732,-0.146994,-0.079549
0.015613,-0.148588,-0.082106
0.015964,-0.147602,-0.078348
0.018810,-0.147584,-0.076930
0.018622,-0.146762,-0.079866
0.020979,-0.147199,-0.077947
0.021289,-0.146490,-0.079935
0.023531,-0.146191,-0.076295
0.025928,-0.145669,-0.078277
0.026701,-0.147988,-0.075762
0.027175,-0.146481,-0.076115
0.029476,-0.147876,-0.077713
0.031570,-0.148289,-0.077193
0.032759,-0.148453,-0.076970
0.035165,-0.145662,-0.077567
0.034916,-0.146905,-0.075938
0.036413,-0.146557,-0.075918
0.037040,-0.145939,-0.076404
0.038827,-0.147910,-0.075521
0.040507,-0.148420,-0.077522
0.042005,-0.147519,-0.079023
0.044290,-0.145837,-0.075835
0.044550,-0.149928,-0.075801
0.046400,-0.146708,-0.075644
0.047690,-0.145046,-0.075029
0.050084,-0.148403,-0.077427
0.049714,-0.148156,-0.075409
0.051659,-0.149558,-0.076636
0.052438,-0.146931,-0.075823
0.055898,-0.147809,-0.076602
0.056037,-0.146079,-0.076288
0.057426,-0.147112,-0.075968
0.057392,-0.148099,-0.075115
0.058878,-0.148000,-0.076943
0.060876,-0.149338,-0.076384
0.063142,-0.146656,-0.074350
0.063031,-0.147654,-0.076020
0.065007,-0.149254,-0.077437
0.066830,-0.146524,-0.075338
0.069504,-0.147998,-0.078292
0.069723,-0.148497,-0.074728
0.069814,-0.147445,-0.076336
0.069564,-0.148601,-0.076408
0.071813,-0.145263,-0.074342
0.073751,-0.147900,-0.078155
0.077940,-0.146636,-0.074889
0.077234,-0.145898,-0.073828
0.078669,-0.146957,-0.077874
0.080323,-0.147964,-0.077052
0.080203,-0.146174,-0.075778
0.083368,-0.145976,-0.076573
0.085601,-0.147654,-0.076071
0.085646,-0.146156,-0.075848
0.088174,-0.148010,-0.076129
0.087665,-0.146269,-0.076516
0.089252,-0.146457,-0.075984
0.091236,-0.147742,-0.077383
0.092114,-0.147123,-0.075259
0.095212,-0.145886,-0.074843
0.094336,-0.148393,-0.075569
0.097137,-0.147515,-0.074327
0.097830,-0.146334,-0.073748
0.099285,-0.148243,-0.073037
0.102110,-0.146169,-0.072282
0.101375,-0.146493,-0.073214
0.102074,-0.150028,-0.073726
0.103483,-0.148403,-0.074105
0.105656,-0.148922,-0.071624
0.107712,-0.146960,-0.074091
0.108294,-0.146865,-0.074074
0.109374,-0.147940,-0.072731
0.110685,-0.147109,-0.073514
0.112625,-0.146787,-0.074225
0.114627,-0.147273,-0.072609
0.114262,-0.148153,-0.074065
0.117346,-0.147430,-0.073589
0.116889,-0.147872,-0.072122
0.119152,-0.147534,-0.073729
0.122676,-0.147399,-0.074440
0.122263,-0.147580,-0.073018
0.124842,-0.147627,-0.074242
0.124513,-0.147922,-0.074758
0.126311,-0.148573,-0.072254
0.127976,-0.146621,-0.073968
0.129209,-0.147795,-0.072713
0.129409,-0.147997,-0.073461
0.132080,-0.147478,-0.073414
0.133653,-0.147286,-0.074043
0.133788,-0.147237,-0.072219
0.135038,-0.149037,-0.074901
0.138944,-0.148736,-0.073086
0.139305,-0.148194,-0.076115
0.141401,-0.146974,-0.076801
0.140188,-0.148397,-0.075604
0.140767,-0.147516,-0.077455
0.142624,-0.146987,-0.076590
0.145609,-0.149416,-0.077516
0.146033,-0.146989,-0.078542
0.148055,-0.146261,-0.078599
0.150307,-0.148203,-0.078878
0.151668,-0.149301,-0.082296
0.153715,-0.147298,-0.079746
0.156898,-0.148691,-0.081321
0.156947,-0.148986,-0.082227
0.156706,-0.148197,-0.084209
0.158938,-0.147837,-0.085519
0.156362,-0.148692,-0.086253
0.161161,-0.145251,-0.087764
0.162112,-0.149132,-0.090192
0.164482,-0.148788,-0.090403
0.165157,-0.148269,-0.090970
0.166559,-0.148154,-0.092932
0.167325,-0.148387,-0.095333
0.170050,-0.147665,-0.097955
0.170374,-0.148778,-0.098397
0.172250,-0.149273,-0.102955
0.173845,-0.148768,-0.106615
0.175685,-0.149798,-0.109596
0.178635,-0.147519,-0.112244
0.178327,-0.148049,-0.117114
0.180994,-0.147709,-0.122403
0.182618,-0.149965,-0.127197
0.182998,-0.151764,-0.142755
-0.116945,-0.148907,-0.165726
-0.116903,-0.150038,-0.156761
-0.113976,-0.148789,-0.148353
-0.114657,-0.147675,-0.142698
-0.110590,-0.149113,-0.141438
-0.110928,-0.149441,-0.136918
-0.106521,-0.149220,-0.135151
-0.108003,-0.148150,-0.132062
-0.105597,-0.149020,-0.129628
-0.103151,-0.148003,-0.128713
-0.102979,-0.147888,-0.127033
-0.101722,-0.147086,-0.125469
-0.095694,-0.147377,-0.124657
-0.097393,-0.146728,-0.123547
-0.096942,-0.149420,-0.119969
-0.093100,-0.147816,-0.122639
-0.093183,-0.147438,-0.119106
-0.092908,-0.147535,-0.121220
-0.090420,-0.148366,-0.120480
-0.087508,-0.148610,-0.117651
-0.085925,-0.149514,-0.117787
-0.087346,-0.147851,-0.117638
-0.085311,-0.148586,-0.116796
-0.083173,-0.149446,-0.115555
-0.082264,-0.149165,-0.115170
-0.081741,-0.146556,-0.115351
-0.079865,-0.147762,-0.114602
-0.077077,-0.149136,-0.113367
-0.075270,-0.146077,-0.113790
-0.073001,-0.147174,-0.113521
-0.073442,-0.147724,-0.113055
-0.070377,-0.147119,-0.112030
-0.069577,-0.147328,-0.111477
-0.071003,-0.148943,-0.113257
-0.067347,-0.146504,-0.114529
-0.068550,-0.147116,-0.111738
-0.064676,-0.148152,-0.107970
-0.062445,-0.146293,-0.107335
-0.063266,-0.147001,-0.110134
-0.061702,-0.146781,-0.109134
-0.058771,-0.147938,-0.109990
-0.059329,-0.147329,-0.106294
-0.056087,-0.147028,-0.108680
-0.055016,-0.147869,-0.107998
-0.053668,-0.148049,-0.105263
-0.052584,-0.146565,-0.105100
-0.051156,-0.147175,-0.106138
-0.047881,-0.146956,-0.104704
-0.046544,-0.147146,-0.105747
-0.047291,-0.148377,-0.103632
-0.044914,-0.146530,-0.103938
-0.042570,-0.147859,-0.102054
-0.043396,-0.145953,-0.103423
-0.042865,-0.147758,-0.102647
-0.040623,-0.147060,-0.101838
-0.038791,-0.146826,-0.102134
-0.037041,-0.146839,-0.101589
-0.035627,-0.145956,-0.101083
-0.034026,-0.147419,-0.100059
-0.032399,-0.146876,-0.099570
-0.029934,-0.146867,-0.097563
-0.030929,-0.146885,-0.098689
-0.028785,-0.147874,-0.096215
-0.027090,-0.146519,-0.096084
-0.026666,-0.147960,-0.094961
-0.023953,-0.148143,-0.094925
-0.024119,-0.147358,-0.095293
-0.020589,-0.147856,-0.094095
-0.019017,-0.145160,-0.094062
-0.019264,-0.147002,-0.093055
-0.017095,-0.148054,-0.092404
-0.016336,-0.147142,-0.091156
-0.014328,-0.147533,-0.090734
-0.013698,-0.145595,-0.093109
-0.011674,-0.146251,-0.090870
-0.011042,-0.146077,-0.090005
-0.008873,-0.146055,-0.090546
-0.006193,-0.145829,-0.087687
-0.004025,-0.146911,-0.086937
-0.004332,-0.145700,-0.087727
-0.003194,-0.144388,-0.087652
-0.001026,-0.146815,-0.085404
-0.000923,-0.147874,-0.085008
0.002160,-0.146573,-0.085824
0.001992,-0.146079,-0.083432
0.004553,-0.145137,-0.082746
0.005767,-0.146417,-0.083369
0.005385,-0.148209,-0.082447
0.008879,-0.146793,-0.082065
0.008926,-0.146673,-0.081913
0.011697,-0.146435,-0.081938
0.013140,-0.146649,-0.082146
0.013238,-0.147252,-0.079731
0.013776,-0.146151,-0.081201
0.014918,-0.147653,-0.080462
0.017508,-0.144251,-0.078438
0.017161,-0.147111,-0.079079
0.018389,-0.144686,-0.077507
0.022038,-0.143834,-0.079015
0.023508,-0.145770,-0.077709
0.022704,-0.145418,-0.077804
0.026134,-0.145905,-0.078002
0.027521,-0.147782,-0.076105
0.029032,-0.145539,-0.077374
0.028750,-0.147100,-0.077206
0.032369,-0.145676,-0.077759
0.032408,-0.146056,-0.076352
0.034257,-0.144169,-0.074705
0.034307,-0.145798,-0.076330
0.038239,-0.145726,-0.076491
0.035918,-0.145443,-0.075991
0.039291,-0.145368,-0.076017
0.042727,-0.145951,-0.076799
0.043466,-0.145749,-0.076142
0.041205,-0.146660,-0.075248
0.044137,-0.144736,-0.075921
0.046038,-0.146198,-0.075236
0.047077,-0.145185,-0.076114
0.049154,-0.145858,-0.077392
0.050114,-0.145567,-0.077475
0.051001,-0.146340,-0.077093
0.051429,-0.146198,-0.075100
0.053564,-0.145110,-0.077016
0.054308,-0.145689,-0.076863
0.057663,-0.145608,-0.076561
0.057184,-0.145887,-0.077058
0.061212,-0.146631,-0.075268
0.059558,-0.145180,-0.075028
0.061411,-0.145484,-0.076306
0.063765,-0.147204,-0.076919
0.066506,-0.145859,-0.073905
0.065326,-0.145192,-0.074959
0.068022,-0.145744,-0.077021
0.069555,-0.143946,-0.075337
0.069409,-0.146247,-0.076039
0.071881,-0.146934,-0.075896
0.072315,-0.146645,-0.076086
0.075524,-0.144128,-0.076213
0.075554,-0.146321,-0.077209
0.076095,-0.146841,-0.074161
0.075941,-0.144291,-0.076797
0.079925,-0.146432,-0.076751
0.081145,-0.145708,-0.076752
0.081529,-0.143281,-0.076585
0.082247,-0.147782,-0.075473
0.086625,-0.143724,-0.078353
0.086915,-0.146573,-0.075904
0.089310,-0.146694,-0.075085
0.091706,-0.147867,-0.076605
0.090101,-0.147542,-0.075091
0.093590,-0.145607,-0.075550
0.095137,-0.145661,-0.076130
0.095133,-0.145702,-0.076191
0.097349,-0.145074,-0.076651
0.099181,-0.146616,-0.073916
0.099611,-0.144011,-0.074747
0.098973,-0.146460,-0.075530
0.101516,-0.145223,-0.073670
0.103110,-0.145543,-0.072502
0.106340,-0.146011,-0.074194
0.106604,-0.145468,-0.073003
0.106330,-0.145916,-0.072808
0.107163,-0.145583,-0.072325
0.110642,-0.145820,-0.074227
0.111690,-0.146555,-0.075137
0.113853,-0.145718,-0.073224
0.114459,-0.143944,-0.073590
0.116946,-0.146802,-0.074020
0.118356,-0.147012,-0.073732
0.117448,-0.145028,-0.074094
0.118709,-0.144986,-0.074080
0.120912,-0.144593,-0.074318
0.123564,-0.147893,-0.074201
0.122884,-0.146837,-0.073334
0.127986,-0.146003,-0.072888
0.125988,-0.145977,-0.073212
0.126590,-0.145085,-0.073282
0.129719,-0.145399,-0.073342
0.132053,-0.146917,-0.072124
0.131688,-0.146542,-0.075017
0.133037,-0.147640,-0.073244
0.133659,-0.147382,-0.074634
0.136990,-0.147187,-0.072248
0.138748,-0.145000,-0.074637
0.137270,-0.144662,-0.076913
0.140829,-0.148118,-0.077065
0.141775,-0.146784,-0.076110
0.142239,-0.146183,-0.079245
0.144748,-0.146999,-0.077346
0.145676,-0.146315,-0.077536
0.146089,-0.146268,-0.079228
0.149382,-0.146838,-0.077075
0.150682,-0.144900,-0.078779
0.150705,-0.144171,-0.078829
0.151649,-0.144112,-0.081328
0.154503,-0.145812,-0.080704
0.154909,-0.144706,-0.084847
0.156554,-0.144496,-0.085644
0.157223,-0.145387,-0.088523
0.158147,-0.145853,-0.088234
0.159653,-0.147529,-0.088878
0.163054,-0.145365,-0.088421
0.163771,-0.146346,-0.091338
0.166889,-0.147657,-0.092020
0.167181,-0.145795,-0.092742
0.168239,-0.145817,-0.094421
0.170086,-0.146009,-0.098785
0.171809,-0.147912,-0.098272
0.173102,-0.147490,-0.102743
0.173614,-0.147467,-0.107080
0.176199,-0.147269,-0.108557
0.175836,-0.149305,-0.113155
0.178187,-0.149995,-0.117847
0.179865,-0.148778,-0.122909
0.181920,-0.147035,-0.128651
0.183006,-0.150366,-0.142276
-0.117088,-0.146861,-0.162329
-0.113765,-0.148348,-0.153074
-0.112601,-0.147438,-0.144177
-0.109591,-0.146120,-0.141418
-0.109156,-0.146399,-0.139022
-0.109118,-0.148459,-0.137943
-0.104592,-0.147915,-0.134450
-0.105748,-0.147278,-0.131194
-0.103642,-0.146683,-0.128120
-0.101814,-0.145983,-0.126698
-0.101245,-0.147223,-0.127358
-0.097747,-0.145780,-0.125400
-0.098595,-0.147365,-0.124282
-0.095772,-0.144365,-0.122445
-0.095867,-0.146499,-0.120544
-0.092649,-0.144911,-0.121431
-0.092019,-0.147722,-0.124851
-0.089936,-0.145299,-0.119065
-0.087470,-0.146990,-0.119331
-0.087546,-0.144312,-0.117416
-0.085512,-0.146159,-0.118757
-0.084570,-0.145665,-0.118027
-0.081748,-0.143999,-0.117159
-0.081691,-0.145115,-0.116921
-0.079934,-0.146195,-0.115872
-0.079870,-0.147095,-0.115435
-0.078654,-0.145881,-0.116714
-0.075257,-0.146458,-0.114976
-0.074408,-0.147526,-0.113682
-0.073416,-0.144935,-0.113867
-0.071503,-0.144989,-0.113106
-0.069224,-0.146859,-0.112135
-0.068568,-0.146286,-0.113131
-0.066731,-0.147754,-0.112015
-0.066619,-0.143945,-0.113116
-0.064679,-0.145160,-0.111251
-0.061892,-0.146174,-0.111111
-0.060361,-0.145483,-0.107957
-0.061381,-0.144853,-0.110039
-0.058180,-0.144493,-0.110289
-0.057692,-0.146186,-0.107858
-0.055346,-0.143640,-0.108473
-0.053824,-0.144075,-0.107743
-0.055374,-0.145555,-0.105554
-0.053132,-0.144876,-0.106131
-0.050596,-0.146135,-0.105529
-0.050465,-0.147003,-0.104499
-0.047364,-0.146797,-0.103461
-0.046731,-0.145147,-0.106842
-0.044693,-0.144624,-0.102256
-0.042891,-0.147268,-0.103710
-0.042675,-0.147142,-0.103398
-0.040996,-0.146017,-0.103119
-0.040589,-0.145707,-0.100835
-0.037119,-0.145059,-0.100065
-0.037291,-0.145249,-0.099753
-0.036083,-0.146544,-0.101274
-0.034964,-0.145813,-0.100984
-0.032243,-0.144725,-0.100811
-0.030493,-0.143971,-0.097021
-0.030160,-0.145006,-0.099880
-0.029561,-0.145462,-0.099617
-0.026823,-0.146283,-0.097284
-0.025755,-0.146347,-0.096249
-0.022188,-0.146476,-0.094959
-0.022978,-0.145307,-0.094178
-0.019274,-0.144045,-0.094635
-0.020150,-0.143644,-0.094566
-0.017708,-0.145393,-0.093423
-0.016018,-0.145778,-0.093241
-0.014900,-0.144795,-0.090795
-0.014380,-0.146459,-0.093296
-0.013349,-0.143829,-0.093419
-0.014447,-0.145570,-0.089595
-0.011255,-0.145971,-0.090661
-0.008987,-0.145178,-0.088240
-0.005456,-0.145306,-0.089597
-0.005755,-0.145996,-0.088597
-0.002991,-0.143867,-0.088017
-0.003278,-0.144803,-0.087696
-0.003654,-0.145972,-0.086014
-0.000364,-0.144848,-0.084990
0.002172,-0.144765,-0.084230
0.003539,-0.143347,-0.083668
0.002740,-0.144387,-0.082579
0.005467,-0.145339,-0.081745
0.006558,-0.144184,-0.081203
0.007519,-0.144224,-0.082468
0.007657,-0.145182,-0.079799
0.009484,-0.145327,-0.081414
0.012138,-0.143891,-0.079792
0.014208,-0.146382,-0.079544
0.014853,-0.144414,-0.078744
0.015064,-0.145718,-0.079249
0.018328,-0.144209,-0.080380
0.019851,-0.145696,-0.077994
0.020464,-0.143484,-0.079935
0.020942,-0.143435,-0.078248
0.022730,-0.143388,-0.077450
0.024964,-0.143755,-0.076099
0.024248,-0.143527,-0.077660
0.028466,-0.144078,-0.075914
0.027708,-0.143479,-0.077077
0.028504,-0.145557,-0.077579
0.029715,-0.142653,-0.076220
0.032774,-0.146420,-0.075782
0.033767,-0.143684,-0.076087
0.035340,-0.146393,-0.075868
0.037421,-0.142992,-0.076554
0.038443,-0.146474,-0.076829
0.038791,-0.143169,-0.075243
0.040535,-0.143419,-0.076641
0.041375,-0.143922,-0.075210
0.043625,-0.143557,-0.077649
0.044809,-0.144975,-0.076520
0.044445,-0.142934,-0.076114
0.048276,-0.144813,-0.076517
0.048335,-0.143943,-0.076035
0.049041,-0.144144,-0.076232
0.051366,-0.143683,-0.076124
0.052162,-0.143942,-0.076292
0.052338,-0.144338,-0.077562
0.056411,-0.144774,-0.075321
0.055634,-0.143994,-0.076591
0.057783,-0.143756,-0.076638
0.058010,-0.144535,-0.076945
0.061844,-0.143723,-0.076725
0.062223,-0.145101,-0.076234
0.062974,-0.144215,-0.076835
0.064544,-0.144081,-0.077106
0.067487,-0.144339,-0.075019
0.068330,-0.143265,-0.076656
0.069363,-0.144519,-0.077642
0.070384,-0.144109,-0.074350
0.072939,-0.143320,-0.076750
0.074033,-0.145512,-0.076136
0.076856,-0.143445,-0.075997
0.076026,-0.143637,-0.074538
0.075791,-0.143848,-0.075605
0.079679,-0.143375,-0.073612
0.079817,-0.142232,-0.076957
0.082509,-0.144573,-0.075911
0.082336,-0.145758,-0.076526
0.082382,-0.143372,-0.077539
0.084592,-0.143389,-0.074764
0.086432,-0.143910,-0.076665
0.087370,-0.145163,-0.076153
0.088339,-0.145557,-0.076126
0.090334,-0.142969,-0.077552
0.093065,-0.144044,-0.076947
0.094088,-0.143796,-0.075237
0.095157,-0.143306,-0.076662
0.096685,-0.144179,-0.075786
0.095980,-0.142540,-0.075951
0.097940,-0.144696,-0.075093
0.100118,-0.145104,-0.074171
0.103015,-0.141454,-0.075034
0.103597,-0.144701,-0.074358
0.104545,-0.145064,-0.073985
0.106245,-0.145851,-0.074659
0.105843,-0.145540,-0.074513
0.109265,-0.142720,-0.075069
0.111067,-0.144185,-0.075990
0.111122,-0.142919,-0.075311
0.112195,-0.144843,-0.074485
0.112777,-0.144857,-0.074554
0.114433,-0.145335,-0.076242
0.118800,-0.143301,-0.073540
0.118568,-0.143506,-0.073449
0.117569,-0.143472,-0.073858
0.120893,-0.145557,-0.073385
0.121430,-0.145424,-0.074404
0.122761,-0.142863,-0.074506
0.124175,-0.142503,-0.076127
0.127045,-0.144563,-0.072774
0.127974,-0.144710,-0.074382
0.128713,-0.143340,-0.074781
0.130259,-0.144092,-0.072799
0.132464,-0.145032,-0.074875
0.133772,-0.144674,-0.072753
0.136050,-0.143576,-0.074621
0.136805,-0.145536,-0.074165
0.138307,-0.143178,-0.074574
0.138427,-0.144452,-0.074841
0.140834,-0.142298,-0.075610
0.138812,-0.144405,-0.076433
0.144040,-0.144097,-0.078421
0.145130,-0.143380,-0.078277
0.144781,-0.145373,-0.079834
0.147865,-0.143944,-0.076283
0.147943,-0.144645,-0.079707
0.149192,-0.144527,-0.078100
0.151054,-0.143732,-0.079195
0.152659,-0.143851,-0.082495
0.154688,-0.144679,-0.081705
0.154677,-0.145081,-0.085576
0.158330,-0.143914,-0.086523
0.159003,-0.144873,-0.086901
0.159799,-0.145652,-0.088404
0.161894,-0.145191,-0.089633
0.162181,-0.145480,-0.089031
0.164083,-0.145077,-0.089703
0.165513,-0.145901,-0.091998
0.167284,-0.144058,-0.094729
0.168048,-0.145031,-0.096881
0.169968,-0.145849,-0.098658
0.170100,-0.142193,-0.102786
0.174124,-0.145532,-0.102118
0.174687,-0.146079,-0.107338
0.176072,-0.144945,-0.109157
0.177898,-0.146697,-0.111818
0.179013,-0.145211,-0.117319
0.181155,-0.145225,-0.122440
0.181425,-0.146094,-0.128101
0.182913,-0.147460,-0.141553
-0.116962,-0.146363,-0.165956
-0.114805,-0.145400,-0.155894
-0.111767,-0.145481,-0.144294
-0.111328,-0.143563,-0.142786
-0.107768,-0.146449,-0.140371
-0.108175,-0.146094,-0.136898
-0.106216,-0.145292,-0.134454
-0.104952,-0.144605,-0.134735
-0.102027,-0.144480,-0.132418
-0.103307,-0.144073,-0.127565
-0.102046,-0.144817,-0.126464
-0.099287,-0.147224,-0.125977
-0.097772,-0.145894,-0.124496
-0.096987,-0.144674,-0.124205
-0.093299,-0.144848,-0.122547
-0.093345,-0.143902,-0.123481
-0.090652,-0.144991,-0.121697
-0.090659,-0.144158,-0.119945
-0.089474,-0.144171,-0.120352
-0.086163,-0.147456,-0.119516
-0.085903,-0.146388,-0.119627
-0.084155,-0.144812,-0.116755
-0.082619,-0.144860,-0.117703
-0.080534,-0.146096,-0.117302
-0.079526,-0.144227,-0.117456
-0.079834,-0.144315,-0.115668
-0.076294,-0.144030,-0.115020
-0.076639,-0.143531,-0.115050
-0.073930,-0.144603,-0.114993
-0.073177,-0.142674,-0.113035
-0.070996,-0.145259,-0.113748
-0.070315,-0.144994,-0.112763
-0.070221,-0.143831,-0.113509
-0.066311,-0.143259,-0.112472
-0.066750,-0.145098,-0.112765
-0.065469,-0.144827,-0.111804
-0.062637,-0.143830,-0.110815
-0.062605,-0.143565,-0.110322
-0.060283,-0.144098,-0.108245
-0.058901,-0.146078,-0.109526
-0.057137,-0.144336,-0.108869
-0.056404,-0.143567,-0.107764
-0.054698,-0.144718,-0.107842
-0.054821,-0.142558,-0.106465
-0.051925,-0.144044,-0.106204
-0.049504,-0.145123,-0.103794
-0.049490,-0.145054,-0.106250
-0.047978,-0.144989,-0.103987
-0.046234,-0.143867,-0.104599
-0.046748,-0.143822,-0.104034
-0.043434,-0.143450,-0.104110
-0.041879,-0.141392,-0.104026
-0.042605,-0.143949,-0.104110
-0.038975,-0.143863,-0.101840
-0.038952,-0.143765,-0.102297
-0.037618,-0.144377,-0.099642
-0.035827,-0.143764,-0.100709
-0.034470,-0.143609,-0.097701
-0.032065,-0.143637,-0.098208
-0.030592,-0.144851,-0.097584
-0.029243,-0.142892,-0.099797
-0.029782,-0.142848,-0.097233
-0.027950,-0.142749,-0.096805
-0.024119,-0.142109,-0.095373
-0.023186,-0.144760,-0.093831
-0.022430,-0.142628,-0.094737
-0.021631,-0.144748,-0.094847
-0.019462,-0.143695,-0.093048
-0.017959,-0.144885,-0.091159
-0.018519,-0.143802,-0.090996
-0.015677,-0.143887,-0.090854
-0.015938,-0.143522,-0.089670
-0.014086,-0.142413,-0.090045
-0.010908,-0.143320,-0.090008
-0.010305,-0.143568,-0.090209
-0.008560,-0.144399,-0.088330
-0.006683,-0.144799,-0.089320
-0.006335,-0.143068,-0.088995
-0.004104,-0.143852,-0.087712
-0.004314,-0.144006,-0.086196
-0.001912,-0.142111,-0.086232
0.000656,-0.143614,-0.085030
0.002405,-0.143095,-0.085077
0.001929,-0.142686,-0.085049
0.006511,-0.141456,-0.083277
0.004743,-0.143130,-0.082309
0.006486,-0.144827,-0.082177
0.006685,-0.141555,-0.083131
0.008369,-0.143682,-0.081142
0.010848,-0.142105,-0.083407
0.012483,-0.144460,-0.081757
0.013341,-0.144307,-0.079660
0.016145,-0.143301,-0.079846
0.016755,-0.142118,-0.077469
0.018248,-0.142721,-0.078854
0.018251,-0.142029,-0.081019
0.019355,-0.144850,-0.078922
0.020372,-0.143651,-0.076034
0.021009,-0.142534,-0.078423
0.023832,-0.144672,-0.078018
0.026067,-0.144341,-0.077348
0.027577,-0.142110,-0.076556
0.027883,-0.142213,-0.077593
0.029447,-0.142041,-0.077388
0.030982,-0.143580,-0.073900
0.034270,-0.142406,-0.075539
0.034799,-0.144394,-0.074354
0.034565,-0.142606,-0.076970
0.034704,-0.142360,-0.076397
0.037710,-0.142523,-0.075292
0.040291,-0.142989,-0.076917
0.041352,-0.142035,-0.075590
0.040462,-0.141482,-0.074653
0.043078,-0.143937,-0.076624
0.046545,-0.142875,-0.077359
0.044742,-0.143299,-0.076504
0.046907,-0.141966,-0.077958
0.047482,-0.142151,-0.075965
0.049197,-0.143578,-0.075953
0.051461,-0.141706,-0.076099
0.052083,-0.141824,-0.076075
0.055037,-0.142443,-0.074670
0.055482,-0.140624,-0.075817
0.057383,-0.144000,-0.074838
0.058459,-0.144103,-0.075341
0.061054,-0.142916,-0.077292
0.060552,-0.143266,-0.077525
0.063213,-0.143663,-0.074680
0.063281,-0.141700,-0.076456
0.065330,-0.143136,-0.074432
0.067393,-0.141674,-0.073716
0.068818,-0.141720,-0.076318
0.069514,-0.143078,-0.076674
0.071646,-0.142782,-0.074066
0.073483,-0.141216,-0.076352
0.072652,-0.144197,-0.076132
0.074473,-0.144420,-0.076295
0.077847,-0.141160,-0.075618
0.078427,-0.142310,-0.077078
0.077310,-0.143026,-0.076109
0.079760,-0.141856,-0.077657
0.081247,-0.142735,-0.078182
0.082954,-0.142701,-0.077282
0.084450,-0.141186,-0.078212
0.084575,-0.142765,-0.075819
0.085876,-0.144257,-0.077016
0.089085,-0.143422,-0.075341
0.089771,-0.142495,-0.077056
0.092184,-0.143967,-0.076154
0.094613,-0.144824,-0.075745
0.092888,-0.143080,-0.075719
0.094803,-0.142755,-0.075637
0.098275,-0.142726,-0.076416
0.098161,-0.144588,-0.072947
0.100485,-0.142194,-0.074930
0.099773,-0.141547,-0.074885
0.099847,-0.142181,-0.073161
0.102045,-0.144025,-0.074423
0.103524,-0.142996,-0.073291
0.105887,-0.142281,-0.074282
0.107850,-0.142523,-0.074137
0.107928,-0.142879,-0.073480
0.109362,-0.141230,-0.074069
0.112978,-0.141799,-0.074676
0.112778,-0.142773,-0.074509
0.113457,-0.141052,-0.073939
0.117441,-0.141119,-0.073982
0.117805,-0.143495,-0.072979
0.117272,-0.142974,-0.074643
0.118999,-0.143304,-0.073900
0.121966,-0.143716,-0.073798
0.123230,-0.143333,-0.075011
0.122932,-0.142783,-0.073535
0.124927,-0.141110,-0.076024
0.126052,-0.143003,-0.074856
0.128655,-0.144316,-0.073982
0.128994,-0.140951,-0.075250
0.130094,-0.142256,-0.074968
0.130819,-0.144697,-0.073471
0.133054,-0.142440,-0.075075
0.135105,-0.142508,-0.074932
0.137537,-0.143973,-0.076193
0.136684,-0.142720,-0.076261
0.138217,-0.144400,-0.076219
0.139505,-0.143454,-0.076281
0.140032,-0.146013,-0.077592
0.143230,-0.143046,-0.078342
0.144415,-0.142662,-0.078118
0.146640,-0.141696,-0.078672
0.149882,-0.140922,-0.080148
0.147237,-0.142510,-0.077976
0.151099,-0.142694,-0.078711
0.151061,-0.142155,-0.081026
0.153221,-0.143826,-0.081152
0.153613,-0.141671,-0.084440
0.155780,-0.144389,-0.084098
0.155227,-0.142040,-0.084698
0.160186,-0.142596,-0.087465
0.160330,-0.143192,-0.087657
0.160253,-0.143283,-0.090488
0.162146,-0.142086,-0.091424
0.164252,-0.142883,-0.092707
0.163824,-0.143965,-0.092049
0.166638,-0.145496,-0.094318
0.168748,-0.142395,-0.096752
0.169017,-0.145567,-0.098482
0.172296,-0.144243,-0.100398
0.172323,-0.144530,-0.103422
0.175099,-0.143850,-0.106383
0.174255,-0.142389,-0.109425
0.176782,-0.145669,-0.113042
0.177896,-0.144422,-0.117590
0.181871,-0.144398,-0.122908
0.182053,-0.143515,-0.128481
0.183949,-0.143535,-0.140525
-0.115796,-0.145877,-0.166696
-0.114600,-0.144652,-0.160801
-0.113124,-0.145034,-0.148936
-0.111617,-0.146052,-0.145589
-0.109042,-0.143200,-0.142402
-0.106225,-0.142830,-0.139331
-0.106986,-0.143401,-0.135751
-0.101927,-0.144050,-0.132790
-0.103855,-0.142948,-0.131714
-0.101106,-0.144077,-0.126736
-0.100403,-0.143384,-0.127709
-0.097614,-0.143343,-0.127650
-0.097085,-0.143419,-0.124666
-0.095164,-0.144208,-0.125626
-0.094579,-0.142763,-0.124136
-0.092028,-0.143261,-0.124749
-0.091988,-0.144278,-0.121733
-0.089784,-0.143136,-0.121131
-0.089325,-0.143615,-0.119435
-0.088499,-0.142708,-0.120313
-0.087472,-0.141956,-0.117056
-0.084799,-0.142813,-0.118756
-0.082521,-0.143815,-0.116403
-0.082917,-0.143348,-0.118808
-0.080159,-0.141690,-0.117628
-0.079133,-0.143987,-0.116645
-0.076807,-0.143040,-0.114569
-0.078170,-0.141119,-0.116200
-0.074479,-0.143101,-0.115070
-0.072270,-0.143133,-0.116346
-0.071553,-0.142067,-0.113360
-0.071383,-0.142939,-0.115235
-0.069326,-0.144125,-0.113811
-0.068184,-0.141441,-0.112922
-0.066207,-0.142649,-0.109119
-0.064332,-0.141996,-0.112193
-0.062736,-0.142982,-0.112005
-0.062233,-0.144064,-0.108762
-0.060341,-0.142556,-0.109584
-0.057479,-0.144123,-0.109803
-0.057502,-0.142749,-0.110518
-0.056760,-0.142264,-0.106139
-0.054440,-0.141586,-0.108375
-0.052536,-0.142614,-0.108234
-0.052411,-0.143117,-0.107860
-0.051988,-0.142264,-0.107559
-0.049856,-0.143130,-0.104780
-0.048710,-0.141879,-0.107990
-0.045914,-0.141918,-0.107165
-0.045200,-0.142394,-0.103164
-0.042516,-0.140229,-0.104460
-0.042411,-0.144363,-0.103165
-0.041744,-0.141887,-0.103800
-0.038560,-0.143018,-0.102406
-0.038406,-0.143080,-0.101822
-0.036225,-0.142191,-0.101295
-0.034124,-0.142228,-0.100884
-0.034432,-0.141901,-0.099941
-0.031254,-0.141215,-0.100212
-0.030850,-0.142280,-0.098063
-0.031363,-0.141564,-0.097264
-0.028948,-0.143351,-0.097636
-0.027388,-0.142125,-0.096982
-0.025709,-0.142736,-0.097605
-0.024816,-0.141954,-0.096575
-0.022901,-0.143740,-0.093444
-0.022063,-0.141687,-0.092560
-0.020057,-0.141976,-0.093075
-0.017668,-0.142482,-0.093331
-0.017315,-0.142595,-0.094263
-0.016069,-0.141304,-0.090972
-0.014123,-0.142788,-0.091027
-0.012923,-0.140366,-0.090863
-0.011954,-0.141933,-0.090650
-0.010860,-0.142568,-0.088628
-0.010474,-0.141997,-0.090706
-0.005701,-0.141784,-0.089267
-0.007062,-0.140403,-0.089119
-0.003843,-0.139446,-0.088182
-0.003433,-0.141942,-0.087291
-0.001669,-0.143507,-0.084111
-0.000782,-0.140434,-0.084840
0.000390,-0.142079,-0.083637
0.001871,-0.141533,-0.082443
0.004297,-0.141970,-0.083736
0.006320,-0.140821,-0.083278
0.006672,-0.141699,-0.082488
0.008989,-0.141221,-0.082557
0.009533,-0.141255,-0.081246
0.009268,-0.141542,-0.080861
0.011811,-0.140843,-0.079274
0.013512,-0.141708,-0.079231
0.013464,-0.141905,-0.079845
0.014708,-0.139813,-0.078200
0.017869,-0.140586,-0.078695
0.019189,-0.142074,-0.077355
0.020453,-0.141103,-0.075185
0.019977,-0.140560,-0.077901
0.020563,-0.142210,-0.077558
0.023288,-0.141900,-0.077987
0.024729,-0.141120,-0.077590
0.026892,-0.141507,-0.077471
0.029653,-0.141832,-0.074345
0.030861,-0.141963,-0.077428
0.030478,-0.141868,-0.075472
0.033358,-0.142934,-0.076712
0.033545,-0.141578,-0.077934
0.034482,-0.140462,-0.074994
0.035827,-0.140636,-0.075069
0.039127,-0.142996,-0.075434
0.039835,-0.140143,-0.075431
0.041123,-0.140692,-0.076705
0.042654,-0.141265,-0.074805
0.044879,-0.141195,-0.076448
0.043698,-0.140729,-0.078680
0.045648,-0.140163,-0.074828
0.047750,-0.141102,-0.075925
0.050511,-0.140751,-0.076454
0.051105,-0.141371,-0.073943
0.051655,-0.140612,-0.075914
0.052308,-0.142040,-0.074872
0.054783,-0.140601,-0.076800
0.056134,-0.142046,-0.076543
0.054617,-0.140165,-0.075733
0.056886,-0.141779,-0.077047
0.059483,-0.140105,-0.076470
0.061741,-0.139829,-0.075839
0.062836,-0.140274,-0.074900
0.064112,-0.142052,-0.074684
0.064422,-0.140197,-0.077366
0.065854,-0.142154,-0.077013
0.069517,-0.142209,-0.076345
0.070584,-0.140722,-0.076722
0.071118,-0.140757,-0.075723
0.073668,-0.143235,-0.077044
0.072694,-0.142677,-0.074829
0.075785,-0.141365,-0.075495
0.075818,-0.141528,-0.075810
0.077753,-0.141201,-0.076761
0.080293,-0.139255,-0.077166
0.081134,-0.140840,-0.076613
0.082011,-0.141910,-0.076808
0.083055,-0.142118,-0.076763
0.084801,-0.142966,-0.076378
0.085760,-0.142679,-0.075890
0.087743,-0.143358,-0.077229
0.089734,-0.142110,-0.075522
0.089096,-0.142264,-0.077673
0.089388,-0.141437,-0.077810
0.093163,-0.142581,-0.077127
0.093507,-0.141668,-0.075678
0.093423,-0.141213,-0.076565
0.096763,-0.141513,-0.076280
0.098965,-0.140722,-0.075582
0.099842,-0.140371,-0.077938
0.101188,-0.142173,-0.075423
0.100322,-0.140672,-0.076528
0.104166,-0.143420,-0.075156
0.104351,-0.141366,-0.074204
0.105974,-0.142267,-0.072855
0.108214,-0.142609,-0.073311
0.107500,-0.139814,-0.074313
0.111489,-0.140340,-0.074658
0.110159,-0.141311,-0.075207
0.114417,-0.140488,-0.075285
0.113816,-0.141730,-0.076179
0.115773,-0.140317,-0.074766
0.115245,-0.142109,-0.074119
0.117823,-0.143396,-0.074491
0.119969,-0.141682,-0.074067
0.120778,-0.140509,-0.076252
0.122031,-0.141444,-0.074570
0.122501,-0.142260,-0.073879
0.125609,-0.140751,-0.075462
0.128678,-0.142851,-0.074752
0.128574,-0.142911,-0.072865
0.130085,-0.141034,-0.075341
0.130793,-0.139445,-0.074342
0.132126,-0.140956,-0.073665
0.131073,-0.141688,-0.076110
0.136493,-0.140201,-0.074644
0.134804,-0.141704,-0.075527
0.136084,-0.142276,-0.076555
0.137798,-0.142236,-0.076653
0.140614,-0.142700,-0.078187
0.140662,-0.140736,-0.075896
0.142260,-0.141421,-0.077692
0.143207,-0.140948,-0.078463
0.146606,-0.140854,-0.078227
0.146032,-0.141551,-0.078863
0.148395,-0.140645,-0.079475
0.151001,-0.141581,-0.082382
0.152636,-0.140477,-0.079825
0.152832,-0.142464,-0.081081
0.156080,-0.140002,-0.082535
0.157826,-0.141334,-0.086852
0.156235,-0.142066,-0.084110
0.160047,-0.141946,-0.087796
0.159209,-0.141575,-0.088969
0.159012,-0.142946,-0.089185
0.163107,-0.140290,-0.089335
0.163276,-0.140242,-0.090947
0.165371,-0.142900,-0.093534
0.164847,-0.141983,-0.094759
0.168554,-0.142865,-0.096821
0.169973,-0.140889,-0.099110
0.170462,-0.141861,-0.101841
0.173236,-0.141390,-0.105099
0.174559,-0.143715,-0.108239
0.174670,-0.142978,-0.111193
0.178223,-0.142420,-0.113236
0.180122,-0.143208,-0.117577
0.177876,-0.144319,-0.125410
0.181552,-0.143451,-0.127960
0.184330,-0.144038,-0.145188
-0.116731,-0.142771,-0.164354
-0.114070,-0.143021,-0.152742
-0.110543,-0.141906,-0.145462
-0.109363,-0.142388,-0.142926
-0.108110,-0.141719,-0.140630
-0.106215,-0.141738,-0.138360
-0.106515,-0.141389,-0.135675
-0.103597,-0.142045,-0.133016
-0.102241,-0.140670,-0.129211
-0.099347,-0.141819,-0.127054
-0.098880,-0.142370,-0.128866
-0.098343,-0.142239,-0.127672
-0.094836,-0.139392,-0.124641
-0.093766,-0.141773,-0.124859
-0.093119,-0.140654,-0.123222
-0.090164,-0.142639,-0.122740
-0.090329,-0.141780,-0.123291
-0.088809,-0.141064,-0.120428
-0.087983,-0.141197,-0.120085
-0.083868,-0.140878,-0.118564
-0.085014,-0.143114,-0.120019
-0.082699,-0.142288,-0.118531
-0.082841,-0.142925,-0.118863
-0.080723,-0.141165,-0.116148
-0.079560,-0.141301,-0.118410
-0.077053,-0.140614,-0.114584
-0.075975,-0.140736,-0.119316
-0.075196,-0.142915,-0.115872
-0.072693,-0.140752,-0.115247
-0.071486,-0.141158,-0.114308
-0.070559,-0.141925,-0.114437
-0.067261,-0.141892,-0.114220
-0.067804,-0.139864,-0.112602
-0.065517,-0.141128,-0.112949
-0.064355,-0.140860,-0.111372
-0.064038,-0.141287,-0.109745
-0.062612,-0.140183,-0.111628
-0.060383,-0.142398,-0.111154
-0.058927,-0.141524,-0.110084
-0.057384,-0.140228,-0.110531
-0.056604,-0.141229,-0.108925
-0.054451,-0.142013,-0.108416
-0.052131,-0.141217,-0.106645
-0.051289,-0.140303,-0.105681
-0.050345,-0.140054,-0.106744
-0.049366,-0.142444,-0.108460
-0.048186,-0.140471,-0.105891
-0.046338,-0.140652,-0.104912
-0.044826,-0.142956,-0.101755
-0.042641,-0.138412,-0.103900
-0.041451,-0.141027,-0.104812
-0.040155,-0.139177,-0.102525
-0.038526,-0.140214,-0.102834
-0.038255,-0.142578,-0.101743
-0.038549,-0.140141,-0.100678
-0.035278,-0.140983,-0.101430
-0.034697,-0.139536,-0.100040
-0.034692,-0.139942,-0.100866
-0.028527,-0.139495,-0.098967
-0.030002,-0.141661,-0.098518
-0.027786,-0.139874,-0.098795
-0.026197,-0.139709,-0.098033
-0.025299,-0.139545,-0.098334
-0.023371,-0.140491,-0.095902
-0.023225,-0.139511,-0.096584
-0.020464,-0.139461,-0.096212
-0.019025,-0.142488,-0.094962
-0.018526,-0.140825,-0.093395
-0.019317,-0.140482,-0.092624
-0.015431,-0.140897,-0.093602
-0.013878,-0.139794,-0.088763
-0.013663,-0.139813,-0.091576
-0.011315,-0.139755,-0.092213
-0.008962,-0.138761,-0.089369
-0.009252,-0.139996,-0.090442
-0.008923,-0.139184,-0.088187
-0.004958,-0.139480,-0.088323
-0.004577,-0.139390,-0.085395
-0.004858,-0.140567,-0.086109
-0.001397,-0.139926,-0.086110
0.000862,-0.140471,-0.085241
0.000385,-0.140639,-0.084987
0.001467,-0.140222,-0.082652
0.003571,-0.141001,-0.083155
0.005935,-0.139880,-0.083848
0.006614,-0.139646,-0.082745
0.008305,-0.139661,-0.082441
0.008673,-0.140924,-0.081099
0.011102,-0.140225,-0.080319
0.011365,-0.139831,-0.079256
0.014614,-0.137561,-0.077036
0.013972,-0.139308,-0.080497
0.015360,-0.138929,-0.080624
0.018605,-0.139263,-0.078956
0.018301,-0.141969,-0.078899
0.019235,-0.139352,-0.078660
0.022933,-0.138967,-0.078352
0.021693,-0.138833,-0.075925
0.023184,-0.140166,-0.077986
0.024215,-0.141877,-0.077295
0.027357,-0.138560,-0.077808
0.027844,-0.140953,-0.076602
0.029073,-0.139218,-0.077236
0.031266,-0.140712,-0.076111
0.033795,-0.140605,-0.078351
0.033204,-0.141377,-0.076947
0.034959,-0.138614,-0.076385
0.036386,-0.140057,-0.075647
0.036894,-0.141312,-0.073022
0.039197,-0.137614,-0.074294
0.038428,-0.137151,-0.075229
0.040225,-0.139886,-0.076985
0.043872,-0.139564,-0.076390
0.044975,-0.139649,-0.075199
0.046716,-0.139354,-0.077932
0.047429,-0.139096,-0.075376
0.047919,-0.141137,-0.075307
0.049830,-0.140799,-0.075631
0.050394,-0.139127,-0.076606
0.053694,-0.138673,-0.077623
0.054154,-0.139470,-0.076140
0.054048,-0.138093,-0.076455
0.057293,-0.139235,-0.073930
0.057556,-0.140681,-0.075543
0.060065,-0.138585,-0.075713
0.060660,-0.140305,-0.074645
0.061744,-0.141690,-0.076606
0.064028,-0.140521,-0.074692
0.066437,-0.138161,-0.074690
0.066737,-0.138010,-0.076072
0.068142,-0.139331,-0.075709
0.068278,-0.139417,-0.077047
0.070483,-0.141734,-0.073837
0.072215,-0.139659,-0.076263
0.075131,-0.139426,-0.075188
0.075804,-0.140537,-0.074737
0.076697,-0.140068,-0.075019
0.079697,-0.138739,-0.074708
0.079511,-0.141160,-0.076731
0.080757,-0.139966,-0.074296
0.080541,-0.139968,-0.077625
0.083466,-0.140364,-0.075612
0.084260,-0.139278,-0.076912
0.087034,-0.138291,-0.077155
0.088424,-0.139616,-0.076027
0.088563,-0.138533,-0.076945
0.088168,-0.141753,-0.076616
0.089380,-0.139653,-0.076949
0.092595,-0.138675,-0.075181
0.094602,-0.140024,-0.077630
0.095659,-0.140372,-0.076231
0.096751,-0.138154,-0.077027
0.098328,-0.139195,-0.077168
0.099796,-0.138839,-0.076566
0.099024,-0.140042,-0.075981
0.101064,-0.139286,-0.075691
0.105081,-0.139437,-0.074065
0.105309,-0.139909,-0.075658
0.106689,-0.141108,-0.073442
0.107175,-0.140136,-0.075403
0.110125,-0.138686,-0.076221
0.108835,-0.138594,-0.074156
0.110822,-0.140238,-0.075370
0.112984,-0.139826,-0.076486
0.113696,-0.141190,-0.074811
0.115813,-0.140205,-0.074922
0.115647,-0.140243,-0.073474
0.117754,-0.138904,-0.074441
0.119885,-0.139280,-0.072733
0.119850,-0.139687,-0.073952
0.120694,-0.139240,-0.074840
0.122069,-0.137647,-0.074465
0.126194,-0.138932,-0.075124
0.126722,-0.139580,-0.074373
0.127058,-0.141417,-0.073749
0.129356,-0.140719,-0.073547
0.130595,-0.140857,-0.074441
0.131763,-0.141877,-0.072780
0.132594,-0.140408,-0.074213
0.133236,-0.137804,-0.074822
0.136254,-0.140679,-0.074051
0.139864,-0.141222,-0.075451
0.138273,-0.138376,-0.076677
0.138855,-0.139078,-0.076699
0.141000,-0.137799,-0.077713
0.142129,-0.139348,-0.078281
0.145195,-0.139543,-0.080308
0.146849,-0.139484,-0.077809
0.145394,-0.138393,-0.079538
0.149208,-0.139992,-0.079182
0.151268,-0.140093,-0.080990
0.150184,-0.139859,-0.079464
0.153349,-0.139876,-0.082953
0.154811,-0.140021,-0.083275
0.156066,-0.139371,-0.083908
0.157103,-0.141102,-0.084736
0.158075,-0.140384,-0.087385
0.159810,-0.140707,-0.086991
0.162135,-0.140787,-0.090135
0.161016,-0.141066,-0.092218
0.164760,-0.141501,-0.092174
0.164398,-0.142286,-0.094839
0.166101,-0.139042,-0.096894
0.166379,-0.139989,-0.096519
0.171009,-0.140572,-0.097605
0.170096,-0.139454,-0.101807
0.172886,-0.140815,-0.103795
0.172798,-0.140263,-0.107659
0.176393,-0.141953,-0.109932
0.176015,-0.142534,-0.111710
0.179636,-0.141511,-0.120120
0.179584,-0.141222,-0.122420
0.180172,-0.141891,-0.130163
0.184862,-0.141612,-0.144272
-0.115738,-0.141840,-0.169053
-0.113625,-0.141371,-0.157682
-0.109575,-0.141491,-0.148421
-0.110129,-0.141938,-0.142402
-0.108317,-0.141293,-0.142360
-0.105313,-0.141465,-0.140815
-0.103095,-0.139815,-0.137352
-0.104337,-0.138943,-0.135758
-0.101418,-0.141088,-0.132093
-0.101406,-0.137675,-0.130989
-0.099948,-0.139720,-0.127383
-0.097624,-0.139846,-0.127118
-0.095195,-0.138130,-0.127825
-0.093904,-0.138175,-0.125298
-0.094098,-0.139013,-0.125508
-0.091275,-0.137799,-0.124634
-0.089453,-0.139553,-0.121753
-0.089018,-0.140031,-0.122243
-0.086657,-0.141172,-0.120984
-0.086297,-0.138235,-0.119598
-0.084192,-0.139560,-0.118435
-0.083161,-0.141060,-0.119944
-0.081139,-0.139417,-0.116565
-0.078763,-0.139209,-0.117372
-0.078591,-0.136800,-0.119299
-0.077039,-0.140732,-0.118881
-0.076212,-0.140371,-0.118588
-0.075068,-0.140701,-0.118602
-0.075456,-0.139469,-0.113380
-0.072379,-0.137577,-0.115169
-0.070515,-0.139167,-0.113424
-0.067593,-0.138188,-0.113649
-0.066777,-0.138057,-0.111493
-0.064989,-0.139792,-0.112813
-0.064353,-0.140365,-0.112340
-0.063815,-0.139164,-0.112999
-0.062459,-0.137499,-0.111486
-0.058425,-0.141073,-0.110034
-0.060352,-0.139268,-0.110745
-0.055890,-0.138107,-0.110342
-0.055477,-0.137351,-0.108700
-0.055243,-0.138937,-0.107468
-0.054014,-0.139767,-0.106628
-0.052040,-0.138834,-0.108315
-0.050407,-0.137628,-0.106262
-0.049893,-0.139093,-0.105106
-0.046050,-0.140474,-0.106162
-0.045640,-0.137416,-0.104850
-0.043748,-0.138501,-0.104382
-0.041949,-0.138610,-0.104853
-0.041917,-0.138502,-0.105475
-0.040191,-0.139825,-0.103799
-0.039557,-0.140253,-0.102150
-0.037380,-0.139315,-0.101044
-0.037239,-0.139103,-0.100042
-0.032692,-0.139134,-0.101262
-0.033301,-0.140175,-0.102003
-0.033103,-0.139333,-0.098342
-0.030619,-0.139430,-0.099545
-0.029448,-0.138422,-0.098779
-0.030145,-0.139003,-0.096463
-0.025831,-0.139357,-0.098418
-0.024651,-0.139033,-0.096137
-0.024113,-0.139605,-0.094829
-0.021132,-0.139836,-0.095159
-0.022334,-0.139389,-0.094263
-0.019270,-0.137358,-0.093920
-0.018565,-0.137226,-0.093116
-0.018495,-0.139164,-0.092647
-0.017377,-0.139339,-0.090386
-0.014832,-0.140095,-0.091612
-0.013448,-0.137494,-0.090151
-0.009779,-0.139019,-0.090238
-0.009798,-0.139261,-0.091157
-0.010209,-0.138651,-0.086604
-0.006292,-0.138227,-0.089117
-0.005245,-0.137383,-0.086125
-0.005173,-0.139070,-0.086502
-0.003199,-0.138593,-0.087346
-0.000926,-0.136984,-0.086473
-0.001087,-0.138922,-0.084222
0.001451,-0.139471,-0.084533
0.002093,-0.136842,-0.084670
0.004489,-0.139516,-0.084401
0.005137,-0.138362,-0.081014
0.006440,-0.137720,-0.083771
0.006382,-0.139041,-0.082620
0.009590,-0.138959,-0.080939
0.011501,-0.137639,-0.079998
0.013620,-0.137012,-0.081927
0.014305,-0.139330,-0.078899
0.016702,-0.137996,-0.078697
0.017434,-0.140040,-0.080399
0.017674,-0.139012,-0.078439
0.020328,-0.138680,-0.081644
0.019360,-0.139667,-0.079859
0.021008,-0.139880,-0.078059
0.021320,-0.137800,-0.078490
0.023212,-0.137810,-0.078324
0.025505,-0.137065,-0.076466
0.026548,-0.139946,-0.076753
0.028693,-0.138741,-0.076669
0.029388,-0.139559,-0.074054
0.031641,-0.139992,-0.077911
0.031813,-0.137764,-0.074903
0.034454,-0.137369,-0.076986
0.035466,-0.136563,-0.076003
0.037084,-0.136676,-0.077071
0.037833,-0.136745,-0.076482
0.038875,-0.137960,-0.077389
0.039748,-0.139063,-0.075150
0.042689,-0.136132,-0.076026
0.042647,-0.138616,-0.076197
0.044916,-0.138576,-0.076834
0.044930,-0.136815,-0.076011
0.047717,-0.138636,-0.075851
0.049539,-0.137641,-0.076710
0.048780,-0.138189,-0.075805
0.053104,-0.137975,-0.077791
0.052259,-0.138514,-0.076531
0.053923,-0.137909,-0.075195
0.054634,-0.136942,-0.076880
0.056023,-0.138769,-0.074758
0.056881,-0.136258,-0.076298
0.060730,-0.138293,-0.075737
0.061438,-0.137704,-0.074210
0.064080,-0.138335,-0.075653
0.061748,-0.137268,-0.075318
0.063837,-0.138197,-0.075999
0.065666,-0.138222,-0.074821
0.067832,-0.137693,-0.074045
0.067320,-0.138245,-0.075182
0.070703,-0.138656,-0.076101
0.072065,-0.138637,-0.074968
0.074668,-0.138227,-0.078540
0.073553,-0.137864,-0.072973
0.075779,-0.138436,-0.076434
0.076564,-0.136293,-0.076790
0.080294,-0.137667,-0.076388
0.078918,-0.139555,-0.074783
0.081298,-0.137904,-0.077483
0.081947,-0.140301,-0.077804
0.085820,-0.138247,-0.078188
0.086789,-0.137464,-0.076287
0.087777,-0.137961,-0.075620
0.087624,-0.137736,-0.075980
0.088207,-0.138974,-0.075978
0.090442,-0.139386,-0.077694
0.092955,-0.135600,-0.076216
0.093451,-0.136955,-0.076924
0.096566,-0.135723,-0.077937
0.097980,-0.138790,-0.077421
0.096446,-0.139666,-0.075832
0.100128,-0.136817,-0.076812
0.101908,-0.137441,-0.075741
0.102292,-0.136242,-0.077340
0.103666,-0.139290,-0.077637
0.106489,-0.137903,-0.076017
0.104823,-0.136739,-0.076076
0.107047,-0.137874,-0.074408
0.107262,-0.141022,-0.076783
0.110386,-0.136998,-0.075213
0.112719,-0.137203,-0.072633
0.111933,-0.138396,-0.074563
0.113846,-0.138174,-0.074085
0.116643,-0.138367,-0.074697
0.117229,-0.137921,-0.073633
0.117968,-0.135461,-0.076470
0.119515,-0.138986,-0.076597
0.121954,-0.137697,-0.074759
0.122604,-0.138387,-0.075487
0.122369,-0.138356,-0.074148
0.125848,-0.139159,-0.073735
0.127244,-0.138441,-0.074359
0.128567,-0.136949,-0.075017
0.129027,-0.136486,-0.073916
0.130879,-0.138096,-0.074455
0.131733,-0.136639,-0.074530
0.132573,-0.139210,-0.074529
0.136457,-0.136775,-0.075402
0.136319,-0.139370,-0.076721
0.137490,-0.138605,-0.075899
0.139821,-0.138900,-0.077262
0.141668,-0.138594,-0.075858
0.141836,-0.137049,-0.076961
0.143752,-0.137422,-0.078362
0.143548,-0.136739,-0.078001
0.147008,-0.137869,-0.077331
0.146526,-0.138719,-0.078969
0.149187,-0.140052,-0.079266
0.149560,-0.137834,-0.080598
0.151925,-0.139984,-0.082680
0.151939,-0.137620,-0.082948
0.153722,-0.137848,-0.082815
0.153888,-0.137515,-0.086055
0.158398,-0.138803,-0.085548
0.158228,-0.137669,-0.086663
0.159360,-0.139246,-0.089061
0.162041,-0.139679,-0.089033
0.162423,-0.138294,-0.091314
0.164361,-0.139215,-0.092234
0.166016,-0.138072,-0.092150
0.166787,-0.137349,-0.094230
0.168560,-0.139887,-0.098303
0.169984,-0.139610,-0.099542
0.170821,-0.139695,-0.103064
0.173373,-0.137007,-0.105886
0.173961,-0.138535,-0.106650
0.175172,-0.139266,-0.108545
0.178081,-0.139850,-0.111340
0.179983,-0.139843,-0.117574
0.182296,-0.138751,-0.123638
0.181378,-0.140967,-0.129168
0.183913,-0.140934,-0.145480
-0.114203,-0.138504,-0.160273
-0.111603,-0.138934,-0.152447
-0.110515,-0.139320,-0.146651
-0.109823,-0.139748,-0.146261
-0.106361,-0.140260,-0.139200
-0.104190,-0.139495,-0.138855
-0.102977,-0.138879,-0.135781
-0.101291,-0.139495,-0.131950
-0.101577,-0.139874,-0.130076
-0.099887,-0.140101,-0.128868
-0.099942,-0.138239,-0.128153
-0.095757,-0.137071,-0.127101
-0.093058,-0.139370,-0.126819
-0.093076,-0.138583,-0.125602
-0.090997,-0.136807,-0.125932
-0.088913,-0.138064,-0.124578
-0.088445,-0.139125,-0.123517
-0.085524,-0.138598,-0.121986
-0.085842,-0.138283,-0.122160
-0.084724,-0.138387,-0.119352
-0.084588,-0.140228,-0.119442
-0.082437,-0.136657,-0.118462
-0.081153,-0.137693,-0.118497
-0.079996,-0.136504,-0.116953
-0.076032,-0.137733,-0.117286
-0.076303,-0.138262,-0.118284
-0.075506,-0.137922,-0.116576
-0.074387,-0.138662,-0.115293
-0.072647,-0.138331,-0.114988
-0.070959,-0.137492,-0.115125
-0.069128,-0.137316,-0.114946
-0.068404,-0.136931,-0.113330
-0.066282,-0.137511,-0.115439
-0.065951,-0.138726,-0.114381
-0.062305,-0.137708,-0.112635
-0.062105,-0.138004,-0.110496
-0.059062,-0.137079,-0.109878
-0.060259,-0.137330,-0.111399
-0.056372,-0.138254,-0.107031
-0.055218,-0.138768,-0.109455
-0.054985,-0.136853,-0.107128
-0.053525,-0.138231,-0.107044
-0.053010,-0.139557,-0.107643
-0.049415,-0.138171,-0.106734
-0.050391,-0.136926,-0.106023
-0.047495,-0.138885,-0.106595
-0.045562,-0.136947,-0.104769
-0.044985,-0.137180,-0.105739
-0.043005,-0.135677,-0.104587
-0.041209,-0.139327,-0.105235
-0.040659,-0.138374,-0.103960
-0.039148,-0.139018,-0.103181
-0.038514,-0.139499,-0.102944
-0.037350,-0.137412,-0.101555
-0.035188,-0.138967,-0.101302
-0.032972,-0.136496,-0.101798
-0.032660,-0.136845,-0.098443
-0.031390,-0.135566,-0.100418
-0.030136,-0.137173,-0.100443
-0.028703,-0.137243,-0.098431
-0.027467,-0.138502,-0.097386
-0.025291,-0.136402,-0.096581
-0.024162,-0.137819,-0.096375
-0.021822,-0.137979,-0.096427
-0.020753,-0.136530,-0.092975
-0.019081,-0.136810,-0.093946
-0.019036,-0.137606,-0.092317
-0.018796,-0.137484,-0.091584
-0.014704,-0.138533,-0.092624
-0.013713,-0.139007,-0.091520
-0.012996,-0.136033,-0.089349
-0.012963,-0.137152,-0.089511
-0.011481,-0.135475,-0.091488
-0.010120,-0.137053,-0.087359
-0.009173,-0.138084,-0.087440
-0.006435,-0.136923,-0.087990
-0.004465,-0.138311,-0.086334
-0.004814,-0.135988,-0.085646
-0.001510,-0.138833,-0.084730
0.001361,-0.137549,-0.084738
0.001321,-0.136602,-0.083726
0.001859,-0.135566,-0.085081
0.003001,-0.135740,-0.083947
0.006359,-0.137536,-0.081454
0.007168,-0.134344,-0.081936
0.006138,-0.137249,-0.080834
0.008963,-0.137002,-0.080906
0.010942,-0.137904,-0.080052
0.011711,-0.136873,-0.080044
0.013439,-0.135984,-0.079136
0.014682,-0.136356,-0.079718
0.016040,-0.137382,-0.079180
0.016940,-0.136120,-0.078064
0.017322,-0.136134,-0.076706
0.019683,-0.137539,-0.076907
0.020691,-0.136207,-0.078221
0.022541,-0.135355,-0.076172
0.023996,-0.136809,-0.077484
0.025356,-0.138061,-0.076160
0.027684,-0.134686,-0.077013
0.027037,-0.137453,-0.076170
0.028700,-0.135644,-0.077004
0.029444,-0.136633,-0.076694
0.033438,-0.137247,-0.077631
0.034382,-0.136398,-0.076311
0.035682,-0.136029,-0.076952
0.037183,-0.137043,-0.074969
0.038109,-0.137927,-0.075039
0.040206,-0.136494,-0.074491
0.041570,-0.135134,-0.075112
0.039686,-0.136857,-0.075892
0.042865,-0.136202,-0.074622
0.046117,-0.136661,-0.073874
0.046229,-0.135298,-0.073304
0.045973,-0.136497,-0.074799
0.047714,-0.136844,-0.075177
0.050359,-0.138176,-0.076232
0.051388,-0.136566,-0.075869
0.052166,-0.135136,-0.077186
0.054688,-0.136955,-0.075313
0.053947,-0.136841,-0.075718
0.055719,-0.136461,-0.076187
0.056120,-0.136235,-0.076257
0.059481,-0.138495,-0.075102
0.061628,-0.136152,-0.076321
0.061900,-0.137895,-0.075348
0.064052,-0.137339,-0.075794
0.064742,-0.135350,-0.077045
0.066846,-0.136054,-0.074814
0.067789,-0.136110,-0.075462
0.070946,-0.136459,-0.077245
0.070677,-0.134793,-0.074845
0.072039,-0.136358,-0.075815
0.072195,-0.136233,-0.076736
0.075664,-0.137792,-0.076128
0.075564,-0.138764,-0.075997
0.076914,-0.137315,-0.076095
0.078002,-0.135583,-0.075034
0.079295,-0.135401,-0.077694
0.082087,-0.136525,-0.077428
0.082537,-0.135655,-0.076482
0.084129,-0.135361,-0.074898
0.085605,-0.137088,-0.076733
0.086336,-0.136752,-0.077088
0.088936,-0.136401,-0.076906
0.090751,-0.135085,-0.080057
0.089216,-0.135617,-0.075050
0.091921,-0.137103,-0.077388
0.094291,-0.136785,-0.075855
0.096538,-0.136903,-0.076669
0.097051,-0.135930,-0.078172
0.097989,-0.136137,-0.076597
0.097070,-0.136499,-0.078651
0.100223,-0.135286,-0.076565
0.101617,-0.137863,-0.076106
0.102569,-0.138497,-0.076179
0.103034,-0.135801,-0.077073
0.105789,-0.138750,-0.074821
0.108978,-0.135995,-0.075911
0.108776,-0.135838,-0.076146
0.109271,-0.138659,-0.075476
0.110050,-0.137645,-0.075829
0.112659,-0.136515,-0.074536
0.113524,-0.135279,-0.074480
0.115458,-0.135320,-0.075021
0.118267,-0.135041,-0.075131
0.117366,-0.137880,-0.075770
0.120593,-0.136829,-0.076881
0.121531,-0.137548,-0.075757
0.121644,-0.137111,-0.075793
0.122607,-0.136399,-0.075056
0.125017,-0.136675,-0.074686
0.125647,-0.137975,-0.075714
0.128685,-0.135228,-0.073998
0.128542,-0.137491,-0.077625
0.129606,-0.135509,-0.076587
0.131315,-0.137247,-0.075941
0.132492,-0.135104,-0.076563
0.134873,-0.134161,-0.075062
0.134296,-0.137372,-0.076138
0.136068,-0.135580,-0.075811
0.138363,-0.136840,-0.075458
0.139454,-0.135544,-0.076233
0.141843,-0.136103,-0.076948
0.143637,-0.135752,-0.078804
0.142289,-0.138440,-0.078485
0.147046,-0.136722,-0.079195
0.147590,-0.135711,-0.078804
0.148168,-0.137459,-0.081294
0.151179,-0.136236,-0.081355
0.152649,-0.136673,-0.082193
0.152363,-0.138134,-0.083229
0.154294,-0.135931,-0.084048
0.156270,-0.135099,-0.084299
0.156577,-0.136501,-0.087056
0.157443,-0.138190,-0.087452
0.158707,-0.136700,-0.089767
0.160215,-0.135424,-0.088684
0.162783,-0.137407,-0.093103
0.163890,-0.138715,-0.092025
0.166432,-0.136880,-0.095102
0.167648,-0.135051,-0.093759
0.167683,-0.137815,-0.096476
0.169176,-0.136875,-0.101701
0.172332,-0.138541,-0.105129
0.171843,-0.137194,-0.104192
0.174656,-0.138090,-0.108397
0.173612,-0.138275,-0.110016
0.175877,-0.137929,-0.114741
0.177678,-0.138976,-0.120327
0.182268,-0.137832,-0.123689
0.182817,-0.137162,-0.129391
-0.113586,-0.138952,-0.164939
-0.111747,-0.138517,-0.156068
-0.109063,-0.137501,-0.148586
-0.108411,-0.136043,-0.146417
-0.108174,-0.139830,-0.142586
-0.105093,-0.135444,-0.139598
-0.104579,-0.138310,-0.134252
-0.102304,-0.137540,-0.132579
-0.100496,-0.137671,-0.131371
-0.097299,-0.136693,-0.128969
-0.099336,-0.137927,-0.127668
-0.096256,-0.136744,-0.127221
-0.096506,-0.136300,-0.126130
-0.092629,-0.136100,-0.128031
-0.090969,-0.136896,-0.126824
-0.089532,-0.137281,-0.123050
-0.088459,-0.137330,-0.122787
-0.086373,-0.137100,-0.122189
-0.085174,-0.136219,-0.120699
-0.083885,-0.134529,-0.121524
-0.082323,-0.135905,-0.121116
-0.081075,-0.134573,-0.119464
-0.080191,-0.136378,-0.117935
-0.079227,-0.136467,-0.117584
-0.078818,-0.136966,-0.117549
-0.076688,-0.137391,-0.117110
-0.073884,-0.137253,-0.116462
-0.071839,-0.136502,-0.116100
-0.071925,-0.136503,-0.113830
-0.071384,-0.134597,-0.112483
-0.068924,-0.136629,-0.113595
-0.068043,-0.136856,-0.112780
-0.066318,-0.135208,-0.114445
-0.066502,-0.136610,-0.112092
-0.064324,-0.136808,-0.112798
-0.062259,-0.135880,-0.113468
-0.061613,-0.137623,-0.111052
-0.058648,-0.134394,-0.111930
-0.057002,-0.135497,-0.110123
-0.058293,-0.135620,-0.109768
-0.054510,-0.136884,-0.107925
-0.054102,-0.137560,-0.108418
-0.052304,-0.136704,-0.109991
-0.050458,-0.135618,-0.106377
-0.047819,-0.135430,-0.105739
-0.046907,-0.136640,-0.107823
-0.045380,-0.135524,-0.107156
-0.045913,-0.135455,-0.106759
-0.044906,-0.137097,-0.107246
-0.041879,-0.138377,-0.106266
-0.041643,-0.135444,-0.107043
-0.040025,-0.134653,-0.105775
-0.038511,-0.138658,-0.102320
-0.037369,-0.138405,-0.101906
-0.035649,-0.136242,-0.102000
-0.034794,-0.135920,-0.099123
-0.031694,-0.137204,-0.100228
-0.031991,-0.135385,-0.099075
-0.030062,-0.135058,-0.097641
-0.028855,-0.135986,-0.098370
-0.027222,-0.135469,-0.096666
-0.026557,-0.135939,-0.097749
-0.024739,-0.136294,-0.094618
-0.022425,-0.136488,-0.096243
-0.022185,-0.135619,-0.093365
-0.019793,-0.136175,-0.094307
-0.018826,-0.136835,-0.093724
-0.017506,-0.135627,-0.091983
-0.015504,-0.136216,-0.090743
-0.012968,-0.135915,-0.090139
-0.012723,-0.135856,-0.091197
-0.010900,-0.135397,-0.090630
-0.009913,-0.134436,-0.088678
-0.010034,-0.136535,-0.089836
-0.006862,-0.135055,-0.088188
-0.006341,-0.135726,-0.086663
-0.005355,-0.135625,-0.087744
-0.002410,-0.135523,-0.085688
-0.002455,-0.134685,-0.084787
-0.000035,-0.134718,-0.085326
0.001333,-0.135044,-0.086489
0.003288,-0.135126,-0.084774
0.003313,-0.134907,-0.082608
0.004404,-0.136323,-0.082444
0.005899,-0.134658,-0.082060
0.007178,-0.133648,-0.080895
0.007634,-0.134785,-0.080360
0.009829,-0.134561,-0.081833
0.011167,-0.134948,-0.079273
0.012896,-0.133419,-0.079897
0.014120,-0.135506,-0.080588
0.016014,-0.134623,-0.078851
0.016202,-0.134410,-0.079181
0.016081,-0.135751,-0.079749
0.019335,-0.134887,-0.076406
0.020957,-0.135939,-0.079730
0.023150,-0.135446,-0.079104
0.021389,-0.134883,-0.074751
0.025693,-0.133862,-0.075729
0.027766,-0.136564,-0.076803
0.027600,-0.132705,-0.076429
0.030965,-0.135184,-0.075014
0.031626,-0.134074,-0.075880
0.034164,-0.136298,-0.075690
0.033180,-0.134651,-0.075563
0.033859,-0.134464,-0.076428
0.035453,-0.134909,-0.075817
0.040352,-0.136255,-0.075456
0.038551,-0.135637,-0.074951
0.041689,-0.135884,-0.075306
0.042488,-0.136083,-0.076737
0.042311,-0.134323,-0.076924
0.044042,-0.136194,-0.074952
0.043924,-0.133036,-0.075613
0.048837,-0.134194,-0.076808
0.050096,-0.134314,-0.075562
0.048366,-0.134292,-0.074719
0.051779,-0.135278,-0.074148
0.052482,-0.134950,-0.073969
0.055716,-0.135877,-0.075081
0.056269,-0.136250,-0.076912
0.056676,-0.135166,-0.075083
0.057515,-0.133471,-0.074225
0.060216,-0.134223,-0.075450
0.062413,-0.136051,-0.074947
0.062930,-0.134607,-0.075771
0.064220,-0.136135,-0.075321
0.064627,-0.132692,-0.075627
0.065768,-0.134437,-0.076335
0.066994,-0.135319,-0.075639
0.069896,-0.134104,-0.076255
0.070711,-0.136670,-0.075908
0.073425,-0.134146,-0.075891
0.073725,-0.134845,-0.075396
0.074764,-0.133619,-0.075169
0.074371,-0.135148,-0.076921
0.076799,-0.134289,-0.076191
0.078699,-0.134424,-0.075975
0.080500,-0.133698,-0.075850
0.082187,-0.135070,-0.077352
0.083446,-0.133938,-0.077119
0.084366,-0.136670,-0.074971
0.085603,-0.134436,-0.078090
0.088928,-0.133804,-0.076092
0.087600,-0.134632,-0.076272
0.089573,-0.135635,-0.077175
0.090494,-0.134830,-0.077489
0.093448,-0.135754,-0.076115
0.092905,-0.133997,-0.078542
0.095786,-0.135533,-0.076479
0.096733,-0.133982,-0.078443
0.099223,-0.133242,-0.075995
0.097695,-0.133741,-0.076178
0.101122,-0.136390,-0.078142
0.100463,-0.133069,-0.078805
0.104296,-0.134125,-0.076436
0.104261,-0.134856,-0.074632
0.105996,-0.135094,-0.075351
0.107441,-0.135384,-0.076232
0.108373,-0.134414,-0.076512
0.110373,-0.134925,-0.075306
0.112807,-0.135016,-0.075401
0.113936,-0.135335,-0.075852
0.113094,-0.134897,-0.075433
0.114484,-0.135410,-0.075507
0.116423,-0.132918,-0.077450
0.117982,-0.134475,-0.074649
0.121085,-0.136380,-0.075363
0.120356,-0.135847,-0.073705
0.123149,-0.134130,-0.076245
0.125810,-0.134856,-0.075550
0.123843,-0.136116,-0.074302
0.126174,-0.136354,-0.076324
0.127150,-0.135284,-0.075691
0.127820,-0.134963,-0.074197
0.131002,-0.135165,-0.076014
0.133367,-0.134430,-0.075416
0.134053,-0.135888,-0.076387
0.133444,-0.134556,-0.075131
0.136477,-0.133592,-0.076625
0.138178,-0.134461,-0.074060
0.138948,-0.136629,-0.078795
0.139197,-0.134254,-0.076073
0.142165,-0.134730,-0.076568
0.143092,-0.134837,-0.079067
0.145889,-0.133103,-0.079522
0.145757,-0.135772,-0.079441
0.148419,-0.135943,-0.080844
0.148312,-0.136036,-0.081720
0.147795,-0.135259,-0.082573
0.150309,-0.136027,-0.084091
0.151679,-0.135241,-0.080977
0.155138,-0.136060,-0.084602
0.155231,-0.136123,-0.085222
0.155535,-0.134697,-0.085557
0.160388,-0.135585,-0.088073
0.160829,-0.135919,-0.088327
0.161825,-0.134310,-0.092178
0.162165,-0.135231,-0.092005
0.163771,-0.135523,-0.092798
0.167722,-0.135237,-0.094587
0.167268,-0.135407,-0.096068
0.167589,-0.135328,-0.096552
0.169970,-0.136364,-0.100547
0.171754,-0.135379,-0.103244
0.171001,-0.137554,-0.106606
0.174928,-0.136641,-0.108573
0.177914,-0.134990,-0.112756
0.177081,-0.135416,-0.113862
0.178812,-0.137862,-0.120033
0.181423,-0.137595,-0.122898
0.181522,-0.137208,-0.129228
-0.110391,-0.138703,-0.157851
-0.112271,-0.135798,-0.146436
-0.108831,-0.135893,-0.144778
-0.106353,-0.136833,-0.142658
-0.105242,-0.136176,-0.138930
-0.102554,-0.135625,-0.138572
-0.102425,-0.134957,-0.135704
-0.100669,-0.136122,-0.134038
-0.097157,-0.138390,-0.131818
-0.098147,-0.134942,-0.128050
-0.096523,-0.136435,-0.129828
-0.094133,-0.133800,-0.128762
-0.094926,-0.134207,-0.127504
-0.091073,-0.134617,-0.125887
-0.089205,-0.136345,-0.125489
-0.086223,-0.136263,-0.124652
-0.086236,-0.133508,-0.122320
-0.085785,-0.135286,-0.121872
-0.085601,-0.135907,-0.119992
-0.082394,-0.134705,-0.120171
-0.079325,-0.136370,-0.120930
-0.079114,-0.135394,-0.120853
-0.077784,-0.136797,-0.118161
-0.076791,-0.132386,-0.121120
-0.075800,-0.135616,-0.117044
-0.076752,-0.135989,-0.117414
-0.073567,-0.134432,-0.116635
-0.072701,-0.134899,-0.115249
-0.070611,-0.134242,-0.115007
-0.069128,-0.134571,-0.114072
-0.068133,-0.133961,-0.115245
-0.065867,-0.135584,-0.114933
-0.065540,-0.134703,-0.113082
-0.063507,-0.135784,-0.113330
-0.061312,-0.133728,-0.113438
-0.061278,-0.135895,-0.111284
-0.059311,-0.136181,-0.111673
-0.058361,-0.135123,-0.109736
-0.054995,-0.132787,-0.109359
-0.053876,-0.132746,-0.107247
-0.052789,-0.137560,-0.108786
-0.051006,-0.134731,-0.107547
-0.051184,-0.134437,-0.109119
-0.049609,-0.133237,-0.107568
-0.048372,-0.133492,-0.107976
-0.044706,-0.134144,-0.107322
-0.044739,-0.134194,-0.108291
-0.042636,-0.133219,-0.107120
-0.041928,-0.134398,-0.105167
-0.041427,-0.135532,-0.105168
-0.039676,-0.135076,-0.103939
-0.039209,-0.134499,-0.104064
-0.038155,-0.133661,-0.103706
-0.037122,-0.134602,-0.102793
-0.035116,-0.136524,-0.103647
-0.031431,-0.135564,-0.099692
-0.032041,-0.135200,-0.098102
-0.028737,-0.134795,-0.098093
-0.028889,-0.133583,-0.097517
-0.026060,-0.134466,-0.096598
-0.025728,-0.133672,-0.096432
-0.025314,-0.135403,-0.095512
-0.022091,-0.134297,-0.096443
-0.021325,-0.133392,-0.093685
-0.020516,-0.134214,-0.096070
-0.017341,-0.134268,-0.094511
-0.018396,-0.134421,-0.094093
-0.014784,-0.133287,-0.089980
-0.013467,-0.135244,-0.092640
-0.014867,-0.132990,-0.091375
-0.011120,-0.133699,-0.089717
-0.008979,-0.133815,-0.091539
-0.009370,-0.134056,-0.088704
-0.007613,-0.135077,-0.087559
-0.008469,-0.134158,-0.088235
-0.005885,-0.135183,-0.086855
-0.002858,-0.132869,-0.087211
-0.001126,-0.133436,-0.085671
-0.000767,-0.134496,-0.083492
-0.000046,-0.134529,-0.085605
0.002830,-0.134923,-0.083723
0.001969,-0.131128,-0.081482
0.003367,-0.132389,-0.082750
0.006992,-0.134996,-0.082389
0.008073,-0.135387,-0.082222
0.008842,-0.135320,-0.079766
0.009039,-0.134968,-0.080979
0.010918,-0.133939,-0.080705
0.013885,-0.133371,-0.079377
0.013710,-0.132854,-0.078338
0.015269,-0.133115,-0.079230
0.017430,-0.132133,-0.079489
0.017907,-0.135090,-0.077794
0.020287,-0.135106,-0.077890
0.020379,-0.133251,-0.077304
0.024192,-0.134091,-0.075588
0.024494,-0.133494,-0.074969
0.025542,-0.132752,-0.077280
0.026084,-0.132759,-0.076956
0.028034,-0.132916,-0.077270
0.029436,-0.132812,-0.077810
0.030742,-0.134594,-0.073749
0.030819,-0.134210,-0.074428
0.032711,-0.133805,-0.074339
0.034858,-0.132723,-0.076764
0.036512,-0.132719,-0.075461
0.037759,-0.133978,-0.074903
0.037831,-0.133095,-0.075218
0.040697,-0.132336,-0.074301
0.043755,-0.132377,-0.074486
0.043033,-0.133407,-0.076488
0.043251,-0.132960,-0.076980
0.047566,-0.133541,-0.074960
0.048786,-0.134192,-0.074131
0.049573,-0.132791,-0.075317
0.049784,-0.132897,-0.075044
0.051341,-0.133857,-0.075896
0.051180,-0.135399,-0.075666
0.052895,-0.132101,-0.074904
0.055058,-0.135045,-0.076346
0.056528,-0.134410,-0.076671
0.059111,-0.132471,-0.074902
0.057374,-0.133184,-0.075925
0.060245,-0.134320,-0.075833
0.062428,-0.132463,-0.075864
0.064028,-0.133029,-0.074648
0.064682,-0.133308,-0.075931
0.066661,-0.132365,-0.075721
0.067848,-0.132767,-0.075928
0.067338,-0.134691,-0.077133
0.068463,-0.132359,-0.073977
0.071621,-0.133733,-0.076215
0.070664,-0.133509,-0.075236
0.074101,-0.133210,-0.075304
0.075650,-0.135478,-0.077480
0.078279,-0.133253,-0.077491
0.079046,-0.131334,-0.075794
0.080954,-0.133513,-0.077709
0.081684,-0.133619,-0.075520
0.083927,-0.133805,-0.077099
0.086268,-0.133490,-0.075860
0.084725,-0.134477,-0.077043
0.084610,-0.131972,-0.077878
0.090081,-0.132836,-0.078531
0.091154,-0.133369,-0.078538
0.090096,-0.132811,-0.077414
0.091192,-0.132576,-0.077613
0.092846,-0.133880,-0.077864
0.095786,-0.133581,-0.074016
0.096807,-0.131783,-0.077216
0.097453,-0.134542,-0.077438
0.098405,-0.132538,-0.077157
0.099943,-0.134389,-0.079951
0.100900,-0.133345,-0.077363
0.103661,-0.132171,-0.078803
0.105678,-0.134170,-0.077443
0.106517,-0.133995,-0.075017
0.107217,-0.133486,-0.076495
0.109609,-0.132893,-0.076891
0.112540,-0.133031,-0.075548
0.112590,-0.132203,-0.075555
0.112416,-0.134049,-0.077923
0.113782,-0.134305,-0.077072
0.116197,-0.134266,-0.075328
0.115071,-0.134397,-0.075291
0.118561,-0.133205,-0.077024
0.120600,-0.133578,-0.076196
0.122625,-0.133139,-0.074969
0.123632,-0.135042,-0.073402
0.124795,-0.131732,-0.076168
0.124749,-0.134257,-0.076574
0.126604,-0.132761,-0.075185
0.127931,-0.132385,-0.076313
0.128870,-0.134448,-0.075924
0.130584,-0.131483,-0.074811
0.130341,-0.135140,-0.074137
0.131917,-0.133421,-0.075240
0.134626,-0.133849,-0.075109
0.135045,-0.133249,-0.078245
0.138053,-0.134717,-0.076670
0.139042,-0.130707,-0.077365
0.139333,-0.134040,-0.077322
0.142104,-0.133039,-0.076405
0.145109,-0.133965,-0.077101
0.143792,-0.133558,-0.078867
0.145647,-0.133407,-0.080370
0.148886,-0.135663,-0.080381
0.149735,-0.131786,-0.081131
0.150810,-0.133588,-0.081637
0.151968,-0.133066,-0.082676
0.151465,-0.133848,-0.083021
0.153164,-0.132747,-0.081682
0.155742,-0.132049,-0.084489
0.158055,-0.133450,-0.087770
0.159552,-0.134112,-0.088906
0.159577,-0.134215,-0.089118
0.159585,-0.135779,-0.092010
0.162204,-0.134632,-0.089911
0.165336,-0.134081,-0.093273
0.163501,-0.134107,-0.095551
0.167038,-0.133123,-0.094569
0.166340,-0.133850,-0.098173
0.171063,-0.134179,-0.102300
0.169919,-0.134191,-0.105160
0.174457,-0.133491,-0.106708
0.174515,-0.135356,-0.110711
0.175787,-0.133658,-0.111631
0.177607,-0.134640,-0.115823
0.179620,-0.134552,-0.119894
0.179539,-0.133923,-0.125932
0.183661,-0.134301,-0.132057
-0.111592,-0.136630,-0.162693
-0.108997,-0.135366,-0.151389
-0.108718,-0.135001,-0.149558
-0.106800,-0.135342,-0.144657
-0.105937,-0.134284,-0.139795
-0.104788,-0.132790,-0.137602
-0.101283,-0.134557,-0.135743
-0.100027,-0.133685,-0.133251
-0.098965,-0.133465,-0.130669
-0.097235,-0.133663,-0.128744
-0.096085,-0.132616,-0.128815
-0.094190,-0.134687,-0.127856
-0.094390,-0.133109,-0.126824
-0.091755,-0.134417,-0.127116
-0.089278,-0.134333,-0.125389
-0.088277,-0.133586,-0.122836
-0.087720,-0.134462,-0.124886
-0.086561,-0.132675,-0.122948
-0.084422,-0.133656,-0.121534
-0.082538,-0.134264,-0.121382
-0.081850,-0.132575,-0.121879
-0.079263,-0.132567,-0.120605
-0.079262,-0.133586,-0.118749
-0.076217,-0.131915,-0.119714
-0.076216,-0.130857,-0.118517
-0.075118,-0.133057,-0.116916
-0.074622,-0.133758,-0.116482
-0.071353,-0.132613,-0.116276
-0.070978,-0.133679,-0.115675
-0.068878,-0.131593,-0.116186
-0.067522,-0.132181,-0.114224
-0.066559,-0.133541,-0.114240
-0.064463,-0.131615,-0.113727
-0.063444,-0.133745,-0.114953
-0.062491,-0.133798,-0.115038
-0.061825,-0.135342,-0.112461
-0.057787,-0.135674,-0.110094
-0.056433,-0.134331,-0.111217
-0.056837,-0.133972,-0.109593
-0.055852,-0.132948,-0.107728
-0.052059,-0.133721,-0.106679
-0.051221,-0.133104,-0.108758
-0.049604,-0.131661,-0.107718
-0.049342,-0.130209,-0.106711
-0.047878,-0.133169,-0.108417
-0.046673,-0.132157,-0.106721
-0.044265,-0.134867,-0.106386
-0.041225,-0.132252,-0.105244
-0.044330,-0.132078,-0.104914
-0.041966,-0.131613,-0.104683
-0.039924,-0.134261,-0.105214
-0.038089,-0.131780,-0.103967
-0.037391,-0.132827,-0.102967
-0.034726,-0.131848,-0.102875
-0.035593,-0.131588,-0.100087
-0.035645,-0.133435,-0.099275
-0.031280,-0.134972,-0.098421
-0.030325,-0.133983,-0.098705
-0.027784,-0.132561,-0.097822
-0.027002,-0.132014,-0.097479
-0.025340,-0.133289,-0.096793
-0.023101,-0.133449,-0.096411
-0.023041,-0.132486,-0.094903
-0.021361,-0.133524,-0.096081
-0.020590,-0.133870,-0.094448
-0.017266,-0.133425,-0.092366
-0.018385,-0.131547,-0.093613
-0.016805,-0.132737,-0.091060
-0.013522,-0.132320,-0.092378
-0.011216,-0.131862,-0.088302
-0.013821,-0.130701,-0.089016
-0.009850,-0.134040,-0.090912
-0.008250,-0.132251,-0.089611
-0.007684,-0.132725,-0.088525
-0.006027,-0.132900,-0.088308
-0.003841,-0.132961,-0.086546
-0.003300,-0.133359,-0.086907
-0.001634,-0.131325,-0.085627
-0.000364,-0.132400,-0.084757
0.000802,-0.133545,-0.084612
0.001345,-0.132577,-0.083662
0.003396,-0.132272,-0.084936
0.003142,-0.132734,-0.081295
0.007120,-0.131667,-0.082729
0.006385,-0.132110,-0.080334
0.008145,-0.132929,-0.081311
0.010772,-0.132761,-0.079103
0.010040,-0.132417,-0.079519
0.013685,-0.132324,-0.078409
0.014288,-0.131194,-0.079527
0.016661,-0.131084,-0.078047
0.016348,-0.132106,-0.079808
0.020387,-0.132802,-0.077696
0.022201,-0.131808,-0.077295
0.021511,-0.131423,-0.079287
0.023454,-0.131959,-0.076199
0.024860,-0.132065,-0.076567
0.025464,-0.131912,-0.076977
0.025738,-0.131794,-0.074385
0.030302,-0.132356,-0.076730
0.030310,-0.132786,-0.074495
0.029938,-0.131130,-0.076323
0.033018,-0.132589,-0.075645
0.032288,-0.131178,-0.077908
0.035480,-0.131377,-0.076529
0.038407,-0.132163,-0.074478
0.038202,-0.130820,-0.075808
0.039106,-0.130917,-0.076405
0.039725,-0.130917,-0.074207
0.039754,-0.133104,-0.075108
0.044540,-0.133241,-0.075244
0.046221,-0.130197,-0.075899
0.045625,-0.132395,-0.075439
0.046979,-0.131310,-0.076108
0.047742,-0.132926,-0.076221
0.049094,-0.130380,-0.075019
0.050277,-0.131043,-0.074492
0.052207,-0.131400,-0.075021
0.054135,-0.130501,-0.073290
0.056437,-0.132779,-0.074839
0.055719,-0.133165,-0.074883
0.059002,-0.132523,-0.075774
0.059959,-0.129618,-0.074841
0.059196,-0.131213,-0.074875
0.062403,-0.131233,-0.074492
0.062813,-0.132281,-0.074821
0.065338,-0.131387,-0.075478
0.066838,-0.132732,-0.074881
0.070373,-0.131341,-0.077266
0.067372,-0.130867,-0.073780
0.070291,-0.131315,-0.078070
0.069515,-0.133484,-0.075122
0.073935,-0.132365,-0.075717
0.075231,-0.132218,-0.074581
0.075751,-0.130528,-0.076828
0.077978,-0.131313,-0.075915
0.078768,-0.130637,-0.077499
0.079810,-0.130287,-0.076647
0.081265,-0.132701,-0.076803
0.083747,-0.132972,-0.075959
0.084397,-0.130172,-0.078297
0.085469,-0.132288,-0.079527
0.085416,-0.131957,-0.076908
0.087304,-0.132453,-0.076352
0.090706,-0.130881,-0.075669
0.090517,-0.129428,-0.079004
0.092893,-0.130661,-0.077789
0.094323,-0.132170,-0.078793
0.095878,-0.132629,-0.077004
0.096247,-0.130121,-0.074994
0.098117,-0.132096,-0.077972
0.098009,-0.132263,-0.077686
0.099838,-0.133094,-0.075428
0.102173,-0.132694,-0.076896
0.104727,-0.133002,-0.078523
0.105883,-0.132113,-0.075300
0.104729,-0.132416,-0.077030
0.108370,-0.131115,-0.077100
0.109338,-0.131964,-0.078939
0.109461,-0.132853,-0.076020
0.111028,-0.132050,-0.077893
0.112425,-0.131704,-0.079556
0.114579,-0.132439,-0.075270
0.115339,-0.132004,-0.074210
0.116758,-0.131939,-0.075263
0.119190,-0.131008,-0.076468
0.118988,-0.132175,-0.075669
0.120630,-0.131475,-0.075894
0.121777,-0.133235,-0.075947
0.123440,-0.132525,-0.074974
0.123909,-0.131815,-0.076069
0.124940,-0.132013,-0.075914
0.128221,-0.132533,-0.076497
0.129035,-0.129763,-0.075878
0.131750,-0.133086,-0.075956
0.131647,-0.132081,-0.075072
0.134374,-0.131618,-0.074574
0.134354,-0.133210,-0.076470
0.137604,-0.133047,-0.075646
0.138150,-0.132663,-0.077140
0.137700,-0.131593,-0.077649
0.139736,-0.132273,-0.078330
0.141281,-0.132142,-0.079277
0.142264,-0.131785,-0.077803
0.144662,-0.133409,-0.079732
0.146001,-0.130592,-0.080137
0.146952,-0.132285,-0.080611
0.148096,-0.130716,-0.080116
0.150248,-0.130953,-0.079998
0.151949,-0.132429,-0.081414
0.153659,-0.131949,-0.082053
0.154738,-0.130975,-0.084095
0.154614,-0.132597,-0.085355
0.158061,-0.132041,-0.088046
0.158551,-0.131626,-0.088595
0.159370,-0.131292,-0.088245
0.160600,-0.132996,-0.090243
0.162795,-0.131601,-0.091484
0.162374,-0.133977,-0.091692
0.165904,-0.132618,-0.095166
0.166927,-0.132755,-0.095329
0.167519,-0.134105,-0.099139
0.170047,-0.134717,-0.100036
0.171423,-0.133095,-0.103785
0.170908,-0.131648,-0.106101
0.173844,-0.132495,-0.110864
0.176027,-0.132184,-0.111782
0.177038,-0.130819,-0.114203
0.175818,-0.131884,-0.119830
0.180076,-0.134712,-0.124861
0.182385,-0.135590,-0.131826
-0.112740,-0.133909,-0.165989
-0.111352,-0.132583,-0.156650
-0.107232,-0.133466,-0.147236
-0.106750,-0.133674,-0.145019
-0.106902,-0.132475,-0.141829
-0.103678,-0.132223,-0.140576
-0.100790,-0.133011,-0.137291
-0.102115,-0.132129,-0.133162
-0.099576,-0.130937,-0.131564
-0.096716,-0.133194,-0.131036
-0.093951,-0.132204,-0.130304
-0.094314,-0.132386,-0.129329
-0.093718,-0.132244,-0.127645
-0.090321,-0.131645,-0.126288
-0.089661,-0.131907,-0.125767
-0.088029,-0.131190,-0.125763
-0.087697,-0.133645,-0.124663
-0.085560,-0.132204,-0.124083
-0.084283,-0.130342,-0.121115
-0.083363,-0.130904,-0.120862
-0.083889,-0.133131,-0.121922
-0.081259,-0.131367,-0.121581
-0.079669,-0.133210,-0.118707
-0.077870,-0.131705,-0.120206
-0.076388,-0.131805,-0.119059
-0.073967,-0.132461,-0.118230
-0.073295,-0.130285,-0.117117
-0.070581,-0.131550,-0.115723
-0.070749,-0.130556,-0.118039
-0.067847,-0.131100,-0.115975
-0.067961,-0.132843,-0.115357
-0.065251,-0.130891,-0.115940
-0.065347,-0.130813,-0.113952
-0.062212,-0.131378,-0.115060
-0.062663,-0.131196,-0.112669
-0.060308,-0.130929,-0.112563
-0.060463,-0.130601,-0.112535
-0.058226,-0.131448,-0.110823
-0.054440,-0.131727,-0.110704
-0.054483,-0.131681,-0.110288
-0.054051,-0.130649,-0.108342
-0.051714,-0.130333,-0.108412
-0.053087,-0.130872,-0.106281
-0.047734,-0.130442,-0.108875
-0.047682,-0.131218,-0.106454
-0.048107,-0.132735,-0.109359
-0.046959,-0.130654,-0.107692
-0.042516,-0.133200,-0.107322
-0.043056,-0.131129,-0.106637
-0.041067,-0.131136,-0.105299
-0.040847,-0.132766,-0.103006
-0.037309,-0.132503,-0.104964
-0.036622,-0.131163,-0.102891
-0.035773,-0.131225,-0.101655
-0.032055,-0.131375,-0.100293
-0.030605,-0.132370,-0.101041
-0.030062,-0.131241,-0.098835
-0.029295,-0.131427,-0.098520
-0.028804,-0.130530,-0.097832
-0.025924,-0.131249,-0.097050
-0.026638,-0.131132,-0.097658
-0.024842,-0.130855,-0.095345
-0.023045,-0.130925,-0.096129
-0.020773,-0.130601,-0.094045
-0.021581,-0.131088,-0.095451
-0.018690,-0.132058,-0.093425
-0.016871,-0.131497,-0.090902
-0.015746,-0.130430,-0.091702
-0.015160,-0.131232,-0.089998
-0.012149,-0.130995,-0.092780
-0.011005,-0.130029,-0.087995
-0.011825,-0.130101,-0.091199
-0.008157,-0.131828,-0.089605
-0.006696,-0.128759,-0.088458
-0.006985,-0.130690,-0.087556
-0.004406,-0.131405,-0.084931
-0.003704,-0.129158,-0.084814
-0.002318,-0.128891,-0.087543
-0.000825,-0.130395,-0.083454
-0.000463,-0.130579,-0.083210
0.002064,-0.129335,-0.082350
0.004145,-0.131494,-0.083313
0.004084,-0.128845,-0.083678
0.007401,-0.129082,-0.081506
0.007036,-0.130236,-0.082872
0.008620,-0.130446,-0.081745
0.010167,-0.130337,-0.080911
0.011605,-0.129648,-0.078689
0.013169,-0.129296,-0.080994
0.014004,-0.130671,-0.079498
0.018001,-0.129199,-0.078470
0.016686,-0.131704,-0.075837
0.017916,-0.130027,-0.079324
0.018375,-0.129220,-0.076092
0.020406,-0.130398,-0.077297
0.021763,-0.130320,-0.077248
0.024799,-0.130932,-0.076022
0.026037,-0.132119,-0.075802
0.027501,-0.130626,-0.076311
0.028238,-0.130292,-0.076158
0.028985,-0.129537,-0.077577
0.029949,-0.129215,-0.076120
0.033379,-0.131604,-0.076673
0.033070,-0.131110,-0.074539
0.036076,-0.130344,-0.075949
0.035757,-0.129157,-0.075311
0.036463,-0.128520,-0.077257
0.038435,-0.129150,-0.072639
0.039624,-0.128450,-0.074450
0.041988,-0.130088,-0.075560
0.042664,-0.130178,-0.072905
0.044449,-0.129444,-0.071846
0.045009,-0.129996,-0.075123
0.048356,-0.129689,-0.075051
0.048869,-0.128647,-0.074480
0.051268,-0.130864,-0.072861
0.049546,-0.129583,-0.078034
0.051026,-0.128443,-0.075020
0.053400,-0.128873,-0.076934
0.053117,-0.130813,-0.075748
0.055901,-0.128272,-0.075089
0.059627,-0.130133,-0.073208
0.060698,-0.129607,-0.076070
0.061550,-0.130426,-0.076572
0.062388,-0.131456,-0.074914
0.063948,-0.129504,-0.075618
0.066155,-0.128731,-0.076733
0.067018,-0.129084,-0.075436
0.067887,-0.130685,-0.076632
0.067573,-0.130701,-0.076115
0.070905,-0.129201,-0.073854
0.072857,-0.131054,-0.077366
0.072431,-0.131458,-0.078142
0.074645,-0.129773,-0.075824
0.076045,-0.132771,-0.075053
0.077346,-0.130730,-0.076377
0.077327,-0.130409,-0.079035
0.080224,-0.131406,-0.078004
0.081682,-0.129400,-0.075459
0.083915,-0.129592,-0.078083
0.083982,-0.131346,-0.077653
0.085453,-0.129530,-0.077368
0.087574,-0.131925,-0.077334
0.087706,-0.130336,-0.077958
0.090182,-0.130657,-0.078056
0.090452,-0.129160,-0.077405
0.092190,-0.128308,-0.077388
0.094666,-0.129511,-0.078527
0.094765,-0.131339,-0.078545
0.095045,-0.129418,-0.077047
0.097897,-0.129961,-0.078386
0.099148,-0.130454,-0.076715
0.102438,-0.130544,-0.077141
0.104664,-0.130657,-0.077967
0.103758,-0.130252,-0.077683
0.102753,-0.129328,-0.077834
0.106849,-0.128957,-0.078585
0.107360,-0.132354,-0.077897
0.107152,-0.130242,-0.077004
0.111488,-0.130550,-0.076744
0.111017,-0.128962,-0.077809
0.112842,-0.130125,-0.075140
0.114565,-0.129731,-0.077217
0.115081,-0.130106,-0.076234
0.116161,-0.130272,-0.075913
0.117647,-0.129274,-0.076882
0.120524,-0.128977,-0.076586
0.121223,-0.130386,-0.075591
0.121652,-0.129858,-0.078209
0.122338,-0.130092,-0.074666
0.125560,-0.129310,-0.077449
0.125563,-0.131971,-0.075437
0.127880,-0.130249,-0.076394
0.129553,-0.128408,-0.075081
0.132318,-0.131099,-0.076267
0.131740,-0.127825,-0.075868
0.132568,-0.130204,-0.076250
0.134022,-0.129462,-0.076540
0.134744,-0.130074,-0.076007
0.138383,-0.131049,-0.077536
0.139925,-0.129968,-0.078231
0.139499,-0.130846,-0.079509
0.141420,-0.132334,-0.076485
0.143673,-0.129671,-0.080032
0.144866,-0.130078,-0.080228
0.145606,-0.131560,-0.081123
0.144982,-0.131851,-0.080772
0.149527,-0.129973,-0.080673
0.151045,-0.131278,-0.083437
0.152032,-0.129861,-0.082113
0.152884,-0.131475,-0.083206
0.152939,-0.130487,-0.085277
0.156097,-0.130845,-0.085428
0.156426,-0.129007,-0.085937
0.157832,-0.132419,-0.088586
0.160334,-0.128992,-0.089202
0.161004,-0.130138,-0.089539
0.161688,-0.130251,-0.093773
0.163733,-0.130268,-0.093348
0.165875,-0.130490,-0.094945
0.167766,-0.130888,-0.097280
0.166681,-0.131932,-0.098377
0.168383,-0.132415,-0.101767
0.172269,-0.132825,-0.104844
0.172832,-0.131234,-0.106494
0.175512,-0.132566,-0.109556
0.176904,-0.132279,-0.113554
0.175778,-0.131464,-0.114435
0.177996,-0.131245,-0.120608
0.180606,-0.131952,-0.128031
0.180442,-0.130961,-0.132586
-0.110468,-0.132658,-0.158827
-0.106127,-0.133131,-0.151004
-0.106101,-0.133594,-0.146866
-0.104716,-0.132230,-0.144451
-0.101960,-0.131367,-0.143140
-0.102827,-0.130523,-0.139366
-0.101472,-0.130557,-0.135536
-0.099513,-0.129995,-0.136310
-0.098089,-0.132128,-0.131860
-0.095033,-0.129502,-0.131204
-0.095050,-0.130421,-0.130123
-0.093602,-0.132146,-0.130454
-0.091519,-0.130663,-0.127575
-0.090372,-0.130874,-0.128120
-0.088353,-0.131890,-0.124163
-0.087291,-0.129218,-0.123716
-0.086287,-0.130192,-0.122511
-0.084312,-0.130133,-0.123104
-0.083662,-0.131238,-0.121653
-0.082997,-0.128092,-0.123185
-0.079983,-0.130121,-0.120260
-0.077960,-0.129232,-0.122001
-0.077165,-0.129042,-0.118642
-0.076211,-0.129008,-0.118916
-0.074934,-0.129316,-0.119042
-0.072634,-0.130892,-0.118457
-0.070826,-0.129864,-0.116416
-0.070260,-0.130733,-0.117626
-0.068616,-0.128630,-0.116607
-0.067580,-0.130029,-0.115699
-0.066174,-0.129096,-0.117129
-0.063879,-0.129181,-0.113638
-0.063784,-0.129597,-0.113971
-0.063790,-0.130495,-0.113873
-0.060153,-0.130667,-0.112337
-0.060372,-0.129128,-0.111957
-0.058171,-0.127887,-0.112121
-0.055292,-0.130184,-0.108874
-0.055513,-0.130172,-0.106382
-0.054189,-0.130564,-0.111141
-0.052504,-0.130450,-0.108433
-0.050063,-0.130173,-0.109008
-0.049865,-0.129939,-0.108017
-0.046055,-0.130326,-0.109150
-0.047328,-0.129144,-0.108970
-0.044224,-0.129404,-0.108222
-0.044711,-0.131510,-0.107857
-0.043132,-0.128777,-0.105706
-0.042224,-0.129544,-0.102632
-0.040683,-0.130175,-0.102966
-0.038262,-0.129595,-0.100757
-0.036723,-0.131816,-0.102088
-0.035389,-0.131184,-0.102613
-0.034346,-0.129913,-0.101217
-0.032760,-0.129860,-0.101394
-0.031719,-0.129114,-0.098463
-0.029055,-0.130486,-0.099404
-0.028502,-0.130474,-0.099146
-0.028209,-0.128773,-0.097678
-0.026233,-0.127921,-0.097062
-0.024400,-0.128598,-0.095979
-0.022189,-0.129267,-0.095076
-0.021119,-0.131556,-0.095918
-0.017900,-0.130363,-0.095271
-0.018606,-0.127408,-0.093741
-0.017629,-0.128917,-0.091209
-0.016607,-0.129787,-0.092892
-0.013733,-0.130355,-0.091323
-0.011638,-0.129291,-0.092398
-0.012380,-0.128524,-0.090659
-0.010873,-0.128778,-0.089895
-0.010442,-0.127945,-0.089983
-0.007912,-0.128728,-0.088229
-0.007953,-0.129311,-0.089006
-0.003611,-0.127044,-0.084639
-0.003812,-0.127564,-0.086193
-0.002410,-0.128668,-0.085415
-0.000973,-0.129900,-0.084579
0.000136,-0.128625,-0.084451
0.000265,-0.128463,-0.082914
0.002525,-0.129804,-0.083296
0.004486,-0.128485,-0.083310
0.006074,-0.128960,-0.081873
0.008796,-0.129631,-0.081714
0.010752,-0.129145,-0.083604
0.009729,-0.129843,-0.080983
0.010551,-0.126714,-0.080401
0.011749,-0.130003,-0.079544
0.015280,-0.129007,-0.078586
0.015338,-0.128825,-0.080050
0.016210,-0.129493,-0.077695
0.019994,-0.129542,-0.078676
0.020396,-0.130015,-0.076191
0.021653,-0.129539,-0.076671
0.024324,-0.128506,-0.076500
0.024070,-0.129065,-0.076463
0.024150,-0.129471,-0.077024
0.024754,-0.128884,-0.075496
0.028386,-0.129404,-0.076593
0.030681,-0.127613,-0.075818
0.031291,-0.127244,-0.075781
0.031979,-0.128926,-0.074200
0.033983,-0.127894,-0.073878
0.034537,-0.128187,-0.076494
0.037495,-0.130328,-0.075125
0.038484,-0.130926,-0.075855
0.040871,-0.127638,-0.075438
0.039052,-0.127872,-0.075596
0.041092,-0.128565,-0.074516
0.044073,-0.128717,-0.075055
0.045709,-0.128839,-0.072523
0.046369,-0.127597,-0.073387
0.046855,-0.129156,-0.073243
0.050329,-0.129069,-0.073971
0.050140,-0.127899,-0.074497
0.051735,-0.129290,-0.075042
0.054795,-0.129920,-0.073983
0.054847,-0.128139,-0.075316
0.056293,-0.128028,-0.075182
0.057131,-0.129777,-0.076428
0.060221,-0.128355,-0.075432
0.060554,-0.129817,-0.074275
0.059891,-0.129136,-0.074926
0.062759,-0.128018,-0.075400
0.064013,-0.129421,-0.077130
0.064637,-0.130002,-0.076918
0.064808,-0.129433,-0.074966
0.068033,-0.129400,-0.075495
0.068087,-0.128058,-0.076215
0.067727,-0.128396,-0.075896
0.071559,-0.130260,-0.077523
0.073819,-0.128650,-0.076881
0.073508,-0.129391,-0.077219
0.074741,-0.127287,-0.077569
0.077307,-0.129772,-0.076665
0.079044,-0.128655,-0.076375
0.079371,-0.129442,-0.076108
0.082577,-0.127141,-0.077888
0.083214,-0.128561,-0.077447
0.084690,-0.128900,-0.076840
0.086068,-0.127096,-0.077491
0.083788,-0.129166,-0.077871
0.088612,-0.128763,-0.077563
0.088660,-0.129364,-0.078974
0.091967,-0.129783,-0.077153
0.092080,-0.127392,-0.076704
0.094520,-0.126975,-0.077580
0.094973,-0.129067,-0.076930
0.096377,-0.127472,-0.076323
0.098605,-0.129418,-0.078553
0.099884,-0.129341,-0.077057
0.099342,-0.129401,-0.077059
0.103013,-0.128058,-0.077579
0.104113,-0.128028,-0.078109
0.104735,-0.128312,-0.076926
0.106374,-0.127864,-0.077407
0.109009,-0.127719,-0.077726
0.109795,-0.127296,-0.077690
0.109806,-0.128569,-0.076262
0.111714,-0.128847,-0.076343
0.113653,-0.129490,-0.076320
0.113896,-0.129594,-0.076473
0.115620,-0.129506,-0.076703
0.116110,-0.127840,-0.076337
0.119518,-0.129191,-0.078350
0.119038,-0.129447,-0.076343
0.121075,-0.129828,-0.076069
0.122019,-0.128828,-0.076718
0.123680,-0.130223,-0.076317
0.124485,-0.129158,-0.076891
0.125705,-0.128910,-0.076408
0.127687,-0.127918,-0.075577
0.129659,-0.130064,-0.075992
0.129821,-0.128353,-0.074244
0.132208,-0.127755,-0.075333
0.132029,-0.128152,-0.077764
0.133459,-0.128224,-0.076181
0.136638,-0.131027,-0.076369
0.138651,-0.128869,-0.075980
0.138998,-0.128219,-0.077406
0.141342,-0.129965,-0.076111
0.141884,-0.129398,-0.079992
0.142900,-0.128356,-0.077766
0.144459,-0.128566,-0.079059
0.145244,-0.127980,-0.079127
0.146653,-0.128950,-0.079094
0.147023,-0.129246,-0.080754
0.150761,-0.130032,-0.081304
0.151873,-0.128548,-0.083595
0.152305,-0.128005,-0.083969
0.154158,-0.129115,-0.084628
0.155519,-0.128395,-0.085494
0.154397,-0.129051,-0.086119
0.158636,-0.129530,-0.088907
0.160570,-0.129164,-0.089086
0.162061,-0.129447,-0.092584
0.162613,-0.129186,-0.091372
0.163862,-0.130401,-0.092972
0.163044,-0.129177,-0.093390
0.167211,-0.130141,-0.097183
0.169272,-0.131784,-0.098104
0.170572,-0.129013,-0.100127
0.172087,-0.130100,-0.103604
0.172595,-0.130323,-0.106730
0.174264,-0.127909,-0.113005
0.176607,-0.129405,-0.113339
0.178967,-0.128848,-0.116650
0.179085,-0.129874,-0.120714
0.180618,-0.131845,-0.126732
0.182681,-0.131708,-0.133308
-0.111616,-0.131028,-0.163501
-0.107602,-0.128798,-0.151141
-0.106976,-0.129573,-0.148501
-0.105826,-0.129833,-0.146340
-0.102194,-0.131235,-0.143717
-0.101680,-0.130455,-0.139575
-0.101057,-0.129781,-0.137869
-0.097362,-0.130684,-0.134168
-0.097529,-0.129521,-0.131293
-0.095490,-0.130053,-0.132560
-0.095493,-0.129530,-0.132893
-0.093306,-0.129519,-0.129747
-0.090813,-0.130101,-0.126901
-0.090003,-0.130516,-0.127601
-0.090814,-0.128747,-0.127269
-0.087032,-0.129873,-0.124982
-0.086726,-0.128033,-0.123820
-0.083953,-0.127670,-0.123575
-0.084026,-0.129243,-0.122592
-0.081665,-0.129561,-0.122856
-0.080593,-0.129726,-0.120317
-0.078854,-0.128635,-0.121193
-0.078113,-0.125885,-0.120752
-0.078345,-0.128192,-0.119159
-0.075465,-0.130064,-0.120056
-0.071539,-0.129805,-0.119573
-0.073012,-0.129093,-0.117461
-0.071163,-0.129309,-0.118087
-0.068847,-0.129498,-0.116187
-0.067586,-0.128313,-0.116120
-0.066175,-0.127331,-0.116166
-0.063919,-0.129198,-0.114692
-0.061617,-0.129328,-0.114880
-0.062571,-0.129290,-0.113014
-0.060145,-0.129878,-0.113934
-0.057258,-0.127199,-0.112633
-0.058371,-0.127132,-0.112187
-0.056123,-0.128085,-0.111636
-0.056650,-0.130407,-0.109830
-0.053074,-0.127500,-0.109671
-0.052854,-0.128425,-0.110363
-0.051879,-0.127782,-0.108709
-0.050340,-0.126968,-0.108915
-0.047697,-0.129804,-0.109378
-0.048096,-0.129254,-0.106910
-0.045823,-0.128602,-0.109242
-0.043802,-0.129177,-0.106546
-0.041115,-0.129085,-0.103902
-0.041665,-0.127486,-0.105744
-0.039718,-0.128160,-0.105736
-0.037836,-0.128641,-0.102346
-0.037864,-0.126358,-0.103933
-0.036522,-0.128618,-0.102348
-0.034709,-0.129429,-0.101463
-0.032751,-0.127980,-0.100372
-0.031463,-0.128871,-0.100255
-0.029659,-0.128764,-0.099349
-0.029780,-0.128086,-0.096155
-0.027766,-0.129211,-0.096038
-0.024481,-0.128581,-0.095427
-0.024932,-0.126633,-0.096258
-0.023348,-0.126591,-0.094960
-0.021685,-0.126055,-0.095229
-0.019334,-0.126059,-0.092700
-0.020712,-0.127385,-0.094493
-0.017188,-0.128452,-0.095062
-0.015555,-0.128005,-0.093352
-0.014803,-0.124159,-0.092066
-0.013102,-0.127427,-0.091824
-0.013217,-0.126238,-0.090368
-0.010826,-0.128255,-0.089905
-0.010032,-0.127531,-0.089414
-0.007472,-0.127331,-0.088567
-0.005313,-0.128243,-0.089279
-0.006959,-0.126691,-0.088067
-0.002481,-0.128826,-0.084520
-0.003041,-0.127744,-0.084541
-0.000796,-0.128483,-0.085335
-0.000150,-0.127050,-0.085237
0.001650,-0.128177,-0.082824
0.000933,-0.127844,-0.083379
0.005515,-0.128326,-0.082575
0.005901,-0.127412,-0.081547
0.006278,-0.127356,-0.080289
0.008276,-0.128429,-0.080755
0.009384,-0.126867,-0.078398
0.012457,-0.127310,-0.078919
0.012700,-0.127762,-0.079428
0.011796,-0.128016,-0.078025
0.014362,-0.130360,-0.078636
0.017290,-0.126605,-0.077700
0.018529,-0.126446,-0.078500
0.019488,-0.128209,-0.077151
0.022403,-0.127754,-0.078828
0.022058,-0.127505,-0.075013
0.022563,-0.127257,-0.076475
0.025562,-0.128079,-0.075574
0.026183,-0.127198,-0.075948
0.028125,-0.127532,-0.077289
0.029149,-0.127605,-0.076855
0.029441,-0.125941,-0.077016
0.034095,-0.126649,-0.075147
0.032173,-0.126688,-0.073373
0.035425,-0.128914,-0.074280
0.036404,-0.126827,-0.075308
0.036899,-0.128388,-0.073796
0.039144,-0.127528,-0.075506
0.040200,-0.126440,-0.075436
0.042576,-0.127426,-0.073993
0.043227,-0.127133,-0.073549
0.046778,-0.126390,-0.072096
0.044727,-0.127770,-0.072732
0.046779,-0.126633,-0.072473
0.046924,-0.127624,-0.072862
0.050668,-0.126277,-0.073230
0.051849,-0.126555,-0.075119
0.051747,-0.125505,-0.074362
0.053961,-0.129026,-0.075764
0.055792,-0.126907,-0.073860
0.055510,-0.126683,-0.074372
0.056314,-0.128432,-0.073292
0.060154,-0.124960,-0.076482
0.062286,-0.126234,-0.075106
0.062803,-0.124943,-0.074882
0.063861,-0.126628,-0.074263
0.065543,-0.125288,-0.076344
0.065545,-0.127852,-0.074780
0.067724,-0.128014,-0.075330
0.070889,-0.126782,-0.075025
0.071680,-0.127798,-0.076179
0.072468,-0.125907,-0.076553
0.073302,-0.128983,-0.076983
0.075750,-0.126662,-0.077327
0.074119,-0.126734,-0.076468
0.077882,-0.127141,-0.076844
0.078602,-0.127583,-0.076467
0.078991,-0.124906,-0.077098
0.081167,-0.128410,-0.076403
0.082084,-0.126033,-0.077350
0.083683,-0.126858,-0.078039
0.084999,-0.126160,-0.079214
0.086412,-0.127527,-0.077108
0.089000,-0.126454,-0.077563
0.090507,-0.125783,-0.075885
0.092931,-0.126679,-0.076308
0.092714,-0.127417,-0.077651
0.094061,-0.129361,-0.077572
0.095034,-0.128032,-0.079159
0.097467,-0.125919,-0.078166
0.098427,-0.127142,-0.079004
0.100682,-0.127189,-0.077045
0.101034,-0.127118,-0.078120
0.102267,-0.126059,-0.078459
0.100754,-0.126329,-0.077895
0.105161,-0.126140,-0.077444
0.106183,-0.128857,-0.077551
0.107677,-0.127032,-0.077990
0.108442,-0.127638,-0.078790
0.110619,-0.128830,-0.077248
0.110676,-0.126719,-0.078058
0.113415,-0.126822,-0.075299
0.113898,-0.126493,-0.076713
0.115501,-0.127056,-0.074937
0.117781,-0.128056,-0.078354
0.116876,-0.129965,-0.077762
0.121491,-0.127201,-0.077065
0.120747,-0.127546,-0.076663
0.121419,-0.127981,-0.076098
0.124939,-0.126122,-0.076581
0.124509,-0.126570,-0.075672
0.126484,-0.128582,-0.077223
0.127574,-0.127861,-0.077077
0.129441,-0.126502,-0.076194
0.130807,-0.127443,-0.076794
0.131858,-0.127917,-0.078248
0.134305,-0.125869,-0.077639
0.134967,-0.126986,-0.076737
0.137059,-0.126403,-0.074776
0.137751,-0.126206,-0.076009
0.140426,-0.128440,-0.078715
0.141162,-0.128381,-0.078546
0.142338,-0.126974,-0.080573
0.142375,-0.126896,-0.078379
0.143917,-0.128130,-0.081603
0.145060,-0.128178,-0.080297
0.148438,-0.126120,-0.082784
0.148397,-0.127780,-0.079573
0.149822,-0.127520,-0.082518
0.153855,-0.125664,-0.083075
0.151472,-0.127233,-0.083693
0.153142,-0.126267,-0.084465
0.155615,-0.126497,-0.086966
0.157861,-0.126900,-0.087571
0.158237,-0.126142,-0.090495
0.158117,-0.126920,-0.090574
0.161373,-0.127746,-0.091992
0.162688,-0.127253,-0.092158
0.163668,-0.125378,-0.094958
0.166769,-0.127589,-0.096704
0.167509,-0.129106,-0.097086
0.167109,-0.125046,-0.100257
0.170500,-0.128004,-0.102549
0.171475,-0.128734,-0.104645
0.172971,-0.129465,-0.108625
0.172255,-0.129181,-0.108724
0.176476,-0.129030,-0.112121
0.178074,-0.128262,-0.117333
0.179068,-0.128452,-0.120941
0.179674,-0.129393,-0.126068
0.182086,-0.129327,-0.134628
-0.110579,-0.126536,-0.156434
-0.107807,-0.127046,-0.150080
-0.105321,-0.128588,-0.145937
-0.103350,-0.127328,-0.143466
-0.100943,-0.127417,-0.141342
-0.102091,-0.128349,-0.138916
-0.098102,-0.127250,-0.134880
-0.097937,-0.126555,-0.132700
-0.095889,-0.127685,-0.131801
-0.093973,-0.126427,-0.132150
-0.093736,-0.126980,-0.129144
-0.092814,-0.126864,-0.129659
-0.090069,-0.128154,-0.126886
-0.089925,-0.128526,-0.127295
-0.086821,-0.128898,-0.126256
-0.088225,-0.128851,-0.124836
-0.083826,-0.127589,-0.122846
-0.084413,-0.127347,-0.121670
-0.080969,-0.126845,-0.121808
-0.078020,-0.127142,-0.121253
-0.079310,-0.127488,-0.121373
-0.077796,-0.127608,-0.120704
-0.077720,-0.127725,-0.120483
-0.075850,-0.127490,-0.118863
-0.074340,-0.126412,-0.118717
-0.071054,-0.127010,-0.118298
-0.070773,-0.127078,-0.117355
-0.069102,-0.126779,-0.116464
-0.067018,-0.129309,-0.115266
-0.066821,-0.125794,-0.115814
-0.064297,-0.126608,-0.117566
-0.063337,-0.126648,-0.114301
-0.062008,-0.125246,-0.113992
-0.059454,-0.128171,-0.114268
-0.058805,-0.125740,-0.112863
-0.056493,-0.126606,-0.112669
-0.058330,-0.127339,-0.110946
-0.056739,-0.127932,-0.109869
-0.052005,-0.125854,-0.109086
-0.052629,-0.127168,-0.109989
-0.050629,-0.127108,-0.109002
-0.050613,-0.128462,-0.109311
-0.047132,-0.127087,-0.110789
-0.045749,-0.128250,-0.111699
-0.044492,-0.127655,-0.108893
-0.044883,-0.127321,-0.105823
-0.042565,-0.126987,-0.106129
-0.041932,-0.128193,-0.104524
-0.039789,-0.127754,-0.106047
-0.038662,-0.127195,-0.103049
-0.038370,-0.126620,-0.103475
-0.036311,-0.126206,-0.101486
-0.032676,-0.125030,-0.103952
-0.033463,-0.127896,-0.100068
-0.030878,-0.125857,-0.100696
-0.028972,-0.126819,-0.097941
-0.026498,-0.125649,-0.098322
-0.029460,-0.127109,-0.097074
-0.026282,-0.126459,-0.097403
-0.023955,-0.126897,-0.095917
-0.022064,-0.124657,-0.097290
-0.021053,-0.125721,-0.095065
-0.020599,-0.125378,-0.094749
-0.018315,-0.125444,-0.093585
-0.016960,-0.124623,-0.093429
-0.016246,-0.126259,-0.091875
-0.015061,-0.125053,-0.090642
-0.013135,-0.127666,-0.090578
-0.011654,-0.126522,-0.089421
-0.009518,-0.126500,-0.087145
-0.008373,-0.126832,-0.087756
-0.006358,-0.127035,-0.088514
-0.005850,-0.124586,-0.085889
-0.004270,-0.125274,-0.087116
-0.002577,-0.125374,-0.086725
-0.003450,-0.125968,-0.082444
0.000732,-0.125850,-0.084798
0.000679,-0.123997,-0.083406
0.001990,-0.126555,-0.083882
0.004139,-0.125789,-0.082496
0.004908,-0.125618,-0.082584
0.007280,-0.125788,-0.083387
0.007015,-0.125812,-0.081818
0.008268,-0.125930,-0.081536
0.010795,-0.125770,-0.079743
0.012806,-0.125939,-0.078906
0.011631,-0.125101,-0.079322
0.014799,-0.123783,-0.078633
0.016243,-0.124948,-0.078555
0.019529,-0.124987,-0.076614
0.017828,-0.125746,-0.077543
0.018467,-0.125154,-0.077931
0.022221,-0.125739,-0.077776
0.020503,-0.126206,-0.075509
0.021581,-0.127278,-0.077369
0.026904,-0.125095,-0.076170
0.026093,-0.123992,-0.077045
0.026952,-0.125748,-0.074952
0.029490,-0.126077,-0.075875
0.030082,-0.127492,-0.074857
0.032877,-0.124876,-0.074208
0.033548,-0.125197,-0.075381
0.035987,-0.124650,-0.074179
0.037634,-0.124690,-0.074965
0.037759,-0.125647,-0.074076
0.038934,-0.122942,-0.074606
0.039938,-0.126582,-0.075479
0.040906,-0.126627,-0.074039
0.045661,-0.123726,-0.075637
0.045223,-0.124817,-0.074339
0.046773,-0.126263,-0.073182
0.047040,-0.124742,-0.074738
0.048868,-0.126842,-0.075364
0.051195,-0.124690,-0.075604
0.051148,-0.126534,-0.075809
0.051911,-0.124108,-0.076270
0.055216,-0.126893,-0.073269
0.054868,-0.125581,-0.075872
0.055039,-0.125810,-0.075269
0.057873,-0.127745,-0.073617
0.059673,-0.127044,-0.075820
0.061240,-0.125965,-0.072406
0.062767,-0.126517,-0.072972
0.062601,-0.126223,-0.073384
0.064036,-0.124919,-0.074300
0.066394,-0.125918,-0.077636
0.067627,-0.125537,-0.075618
0.068250,-0.126283,-0.074758
0.069988,-0.125236,-0.075536
0.073168,-0.123025,-0.076668
0.072896,-0.124021,-0.077304
0.074682,-0.124361,-0.075921
0.076194,-0.125634,-0.077298
0.078289,-0.124793,-0.076710
0.079403,-0.124689,-0.076566
0.080875,-0.125797,-0.077574
0.082296,-0.125716,-0.077840
0.081820,-0.126240,-0.076949
0.085522,-0.126179,-0.077149
0.084410,-0.126205,-0.078998
0.084846,-0.124140,-0.076736
0.087055,-0.125139,-0.079459
0.089950,-0.125018,-0.078531
0.090190,-0.125302,-0.079393
0.092782,-0.124246,-0.077717
0.092766,-0.126370,-0.079254
0.094733,-0.125715,-0.076381
0.096379,-0.126593,-0.077560
0.099059,-0.125687,-0.077867
0.099787,-0.126764,-0.076422
0.100159,-0.125259,-0.079144
0.102115,-0.124515,-0.078447
0.104384,-0.125995,-0.078195
0.102887,-0.127407,-0.078140
0.106725,-0.126359,-0.078254
0.107505,-0.125779,-0.076648
0.108476,-0.126493,-0.078230
0.111208,-0.124383,-0.077600
0.113149,-0.126574,-0.076566
0.112688,-0.125561,-0.075178
0.114714,-0.125503,-0.077734
0.116028,-0.124536,-0.076677
0.118223,-0.125435,-0.076988
0.115804,-0.125437,-0.077347
0.120288,-0.127388,-0.076608
0.121204,-0.126250,-0.077110
0.123017,-0.124788,-0.076411
0.123480,-0.124631,-0.076658
0.124526,-0.125148,-0.076715
0.126296,-0.126415,-0.076878
0.127422,-0.123970,-0.076155
0.129140,-0.125228,-0.077751
0.130882,-0.125212,-0.077804
0.132445,-0.126917,-0.076872
0.132384,-0.125292,-0.077247
0.135731,-0.125848,-0.076722
0.137295,-0.125508,-0.077833
0.137397,-0.125410,-0.077932
0.138991,-0.125798,-0.076915
0.141410,-0.125581,-0.076211
0.141653,-0.124477,-0.080386
0.144359,-0.127139,-0.079749
0.145210,-0.125300,-0.077366
0.146147,-0.124870,-0.080572
0.146411,-0.125378,-0.081521
0.146428,-0.124679,-0.080276
0.149239,-0.126379,-0.081765
0.151922,-0.126559,-0.083430
0.151460,-0.127453,-0.082754
0.153061,-0.125955,-0.084349
0.154932,-0.124069,-0.086842
0.157071,-0.125249,-0.087757
0.159836,-0.124900,-0.089441
0.158152,-0.125586,-0.092613
0.162293,-0.125691,-0.089294
0.162590,-0.126552,-0.093338
0.164094,-0.124727,-0.094709
0.164966,-0.126814,-0.095401
0.168277,-0.127398,-0.096941
0.168044,-0.125967,-0.098469
0.169358,-0.127023,-0.102533
0.171199,-0.125372,-0.105164
0.170783,-0.126804,-0.109482
0.175083,-0.126990,-0.110059
0.174549,-0.126779,-0.112259
0.178202,-0.125560,-0.118325
0.177565,-0.127228,-0.121929
0.180011,-0.126785,-0.127532
0.179344,-0.125809,-0.134382
-0.110228,-0.126817,-0.160402
-0.107492,-0.126594,-0.150471
-0.106152,-0.126200,-0.148213
-0.103873,-0.125067,-0.144944
-0.104191,-0.126327,-0.143112
-0.100338,-0.127555,-0.139791
-0.098838,-0.127390,-0.137019
-0.097861,-0.127492,-0.132311
-0.096217,-0.127502,-0.132099
-0.094038,-0.127007,-0.132565
-0.093509,-0.126271,-0.129028
-0.092977,-0.126769,-0.128491
-0.090838,-0.125535,-0.128833
-0.088902,-0.125857,-0.128212
-0.088402,-0.127814,-0.128367
-0.084408,-0.126548,-0.125739
-0.085379,-0.127199,-0.122985
-0.082917,-0.124793,-0.123668
-0.083699,-0.123091,-0.124062
-0.080423,-0.126147,-0.122465
-0.080115,-0.124487,-0.120922
-0.076935,-0.124055,-0.120720
-0.076332,-0.126335,-0.121398
-0.073948,-0.125299,-0.120210
-0.073063,-0.125051,-0.119466
-0.071927,-0.124063,-0.119818
-0.069332,-0.124917,-0.117632
-0.068817,-0.124850,-0.118592
-0.067547,-0.125741,-0.117647
-0.066025,-0.126205,-0.116665
-0.065175,-0.125701,-0.116351
-0.065149,-0.125159,-0.115541
-0.061638,-0.124948,-0.112670
-0.060710,-0.125335,-0.113639
-0.057633,-0.125869,-0.112964
-0.057936,-0.123239,-0.112014
-0.055487,-0.123867,-0.112471
-0.055350,-0.125059,-0.110638
-0.053185,-0.124800,-0.111418
-0.052298,-0.126057,-0.111058
-0.049971,-0.126250,-0.109474
-0.049748,-0.123773,-0.110357
-0.049012,-0.125969,-0.109923
-0.046734,-0.124210,-0.108719
-0.045908,-0.124424,-0.107049
-0.044379,-0.126039,-0.106476
-0.043942,-0.125068,-0.109026
-0.041299,-0.126641,-0.105055
-0.038003,-0.125898,-0.104098
-0.038414,-0.126071,-0.104271
-0.036835,-0.124007,-0.102433
-0.036012,-0.124786,-0.104267
-0.033568,-0.123863,-0.103140
-0.033129,-0.125015,-0.100362
-0.029949,-0.125965,-0.099730
-0.029885,-0.125994,-0.098554
-0.027429,-0.124213,-0.099011
-0.025993,-0.124473,-0.098134
-0.025103,-0.123769,-0.096825
-0.023284,-0.124522,-0.098227
-0.021599,-0.124891,-0.094925
-0.020601,-0.124264,-0.095021
-0.021083,-0.124945,-0.094042
-0.019453,-0.124950,-0.093803
-0.016715,-0.125486,-0.092006
-0.014173,-0.124429,-0.094025
-0.014112,-0.123903,-0.091567
-0.013729,-0.125794,-0.092464
-0.011528,-0.125812,-0.090577
-0.009509,-0.123298,-0.090041
-0.010159,-0.124315,-0.087068
-0.006615,-0.124405,-0.086910
-0.006027,-0.123889,-0.088747
-0.004683,-0.124295,-0.086686
-0.006034,-0.123439,-0.084559
-0.003201,-0.123256,-0.085072
-0.001106,-0.124695,-0.083446
-0.000290,-0.124869,-0.084775
0.001616,-0.125451,-0.082808
0.003622,-0.124417,-0.083620
0.005752,-0.123761,-0.081249
0.007291,-0.124043,-0.082467
0.008180,-0.125008,-0.081494
0.007627,-0.124453,-0.081728
0.010280,-0.124898,-0.080100
0.012507,-0.122794,-0.078680
0.013613,-0.125430,-0.079863
0.013919,-0.123893,-0.080858
0.016178,-0.123522,-0.078276
0.015827,-0.123669,-0.078112
0.019698,-0.124272,-0.079608
0.019706,-0.123577,-0.077888
0.020996,-0.124017,-0.076932
0.022582,-0.124916,-0.076523
0.024584,-0.124391,-0.076055
0.025496,-0.124832,-0.075498
0.027488,-0.123486,-0.074304
0.027454,-0.123369,-0.077851
0.031842,-0.124525,-0.074607
0.030321,-0.124456,-0.074108
0.032200,-0.123914,-0.074535
0.033797,-0.123858,-0.074361
0.034679,-0.125867,-0.075691
0.035937,-0.124880,-0.075097
0.035702,-0.124887,-0.074419
0.040288,-0.124019,-0.075987
0.040337,-0.123518,-0.072816
0.040494,-0.124761,-0.074784
0.040914,-0.125536,-0.073552
0.044384,-0.125872,-0.075654
0.046117,-0.123920,-0.073648
0.047544,-0.123625,-0.075218
0.046503,-0.124808,-0.074243
0.049795,-0.122999,-0.073139
0.051057,-0.125026,-0.074130
0.051814,-0.123132,-0.073408
0.053728,-0.124552,-0.074163
0.055121,-0.125661,-0.072946
0.057650,-0.124708,-0.074259
0.058965,-0.124456,-0.074553
0.060735,-0.123606,-0.075174
0.059921,-0.126062,-0.075116
0.062411,-0.123588,-0.074567
0.063856,-0.124724,-0.076534
0.063630,-0.124919,-0.074309
0.066699,-0.122456,-0.074079
0.067048,-0.124096,-0.076056
0.070258,-0.125382,-0.074859
0.071986,-0.125046,-0.077819
0.072292,-0.124728,-0.075123
0.073014,-0.124379,-0.076627
0.074898,-0.123581,-0.075208
0.077219,-0.124095,-0.075518
0.077437,-0.124731,-0.077076
0.078390,-0.123742,-0.077436
0.081473,-0.122699,-0.077600
0.080657,-0.122887,-0.079464
0.082303,-0.123019,-0.077488
0.082107,-0.123397,-0.076786
0.085119,-0.124514,-0.077408
0.087285,-0.122103,-0.078232
0.089039,-0.122810,-0.078767
0.089763,-0.123331,-0.078280
0.090354,-0.123953,-0.078706
0.093235,-0.123336,-0.077289
0.092018,-0.125688,-0.078887
0.093306,-0.126200,-0.079077
0.096910,-0.122626,-0.076380
0.097582,-0.124084,-0.077220
0.099087,-0.123135,-0.077971
0.101234,-0.124689,-0.078669
0.102597,-0.122193,-0.079581
0.103568,-0.124372,-0.075500
0.105577,-0.124841,-0.077712
0.107299,-0.121968,-0.077815
0.107614,-0.122987,-0.077472
0.108428,-0.123824,-0.076685
0.111563,-0.122797,-0.078460
0.111442,-0.123436,-0.077409
0.112536,-0.123003,-0.077264
0.114768,-0.124583,-0.076577
0.115820,-0.123414,-0.077351
0.118530,-0.124193,-0.075454
0.117439,-0.123068,-0.075421
0.121094,-0.125414,-0.074961
0.120481,-0.123582,-0.076955
0.123461,-0.122603,-0.077937
0.124412,-0.123562,-0.079326
0.125389,-0.124235,-0.075895
0.126807,-0.123424,-0.076306
0.128477,-0.123379,-0.075237
0.129097,-0.123961,-0.077171
0.131473,-0.122942,-0.076782
0.130077,-0.125231,-0.077625
0.135050,-0.124555,-0.076004
0.135048,-0.124031,-0.077772
0.134838,-0.125035,-0.078580
0.138930,-0.125029,-0.077986
0.138843,-0.124742,-0.077810
0.139297,-0.123205,-0.078839
0.140409,-0.124028,-0.079340
0.140782,-0.123550,-0.080562
0.147590,-0.124300,-0.080668
0.143698,-0.126221,-0.080832
0.147201,-0.124539,-0.081289
0.148220,-0.125184,-0.081538
0.149657,-0.122495,-0.082313
0.149789,-0.124647,-0.082818
0.154826,-0.124676,-0.083728
0.154535,-0.125958,-0.085168
0.158832,-0.123106,-0.085828
0.157082,-0.125970,-0.085974
0.157239,-0.124361,-0.088852
0.158769,-0.125661,-0.089028
0.161841,-0.123939,-0.092691
0.162739,-0.123900,-0.094372
0.164082,-0.124147,-0.095574
0.166793,-0.125176,-0.096955
0.166601,-0.124611,-0.100097
0.168579,-0.123092,-0.099383
0.170487,-0.126196,-0.102685
0.172536,-0.125833,-0.107165
0.172732,-0.124526,-0.109423
0.173079,-0.125086,-0.111727
0.174963,-0.124493,-0.112667
0.177343,-0.125905,-0.119380
0.178969,-0.126459,-0.123607
0.180932,-0.126295,-0.128265
0.182094,-0.127083,-0.134819
-0.107942,-0.124571,-0.168110
-0.107764,-0.126370,-0.154245
-0.104667,-0.124915,-0.149648
-0.104487,-0.125202,-0.146857
-0.102536,-0.123439,-0.143433
-0.101638,-0.122985,-0.142790
-0.100046,-0.124593,-0.137605
-0.098020,-0.124503,-0.135944
-0.096786,-0.122763,-0.133178
-0.093884,-0.125053,-0.131703
-0.093987,-0.123539,-0.132121
-0.090905,-0.125362,-0.130824
-0.091352,-0.124564,-0.128563
-0.089171,-0.125168,-0.128461
-0.088553,-0.124391,-0.127554
-0.086506,-0.124860,-0.126274
-0.087597,-0.123415,-0.125053
-0.083200,-0.126178,-0.122361
-0.082360,-0.126255,-0.122862
-0.079935,-0.124531,-0.120513
-0.079231,-0.124295,-0.120476
-0.075954,-0.122893,-0.121168
-0.074631,-0.123988,-0.121359
-0.074807,-0.121743,-0.119152
-0.072814,-0.124547,-0.120186
-0.072597,-0.123098,-0.120838
-0.069515,-0.122360,-0.117409
-0.068977,-0.124560,-0.118048
-0.067375,-0.123869,-0.116703
-0.066633,-0.122843,-0.117605
-0.063415,-0.123624,-0.116354
-0.065924,-0.123556,-0.114986
-0.061498,-0.122386,-0.115089
-0.061611,-0.122948,-0.112653
-0.058761,-0.123531,-0.112017
-0.058418,-0.123252,-0.110108
-0.055815,-0.124093,-0.112398
-0.054553,-0.122485,-0.111497
-0.054417,-0.123846,-0.110706
-0.050233,-0.123613,-0.108807
-0.052934,-0.122535,-0.110445
-0.050621,-0.122532,-0.111353
-0.048559,-0.125007,-0.109412
-0.047449,-0.125440,-0.109152
-0.046802,-0.123352,-0.108184
-0.043869,-0.124318,-0.106927
-0.043753,-0.124107,-0.106799
-0.040565,-0.124706,-0.106153
-0.038037,-0.124394,-0.105965
-0.038798,-0.124081,-0.104409
-0.038068,-0.125562,-0.101693
-0.034956,-0.125529,-0.101413
-0.033960,-0.122973,-0.101557
-0.032606,-0.123366,-0.100915
-0.030824,-0.122544,-0.101534
-0.028800,-0.123883,-0.099718
-0.028970,-0.123919,-0.099544
-0.027657,-0.121261,-0.096910
-0.025238,-0.123285,-0.096151
-0.023984,-0.123292,-0.096451
-0.024860,-0.123240,-0.095857
-0.020363,-0.121646,-0.094824
-0.019671,-0.122471,-0.096330
-0.020588,-0.123766,-0.093760
-0.016588,-0.123639,-0.092915
-0.013914,-0.122797,-0.092641
-0.014392,-0.121980,-0.090718
-0.014213,-0.121292,-0.093599
-0.011624,-0.122640,-0.088992
-0.009056,-0.122846,-0.089287
-0.009907,-0.121403,-0.089221
-0.007539,-0.121499,-0.089435
-0.006943,-0.124141,-0.085606
-0.006235,-0.122489,-0.085780
-0.003378,-0.122497,-0.083214
-0.000777,-0.121365,-0.084843
0.001645,-0.123549,-0.084915
0.001815,-0.123140,-0.081866
0.001225,-0.124018,-0.082760
0.002483,-0.122118,-0.082614
0.005461,-0.122599,-0.081308
0.005327,-0.122691,-0.080049
0.007816,-0.122726,-0.080833
0.008961,-0.124019,-0.080609
0.009093,-0.122206,-0.080980
0.011054,-0.122853,-0.078562
0.012634,-0.122678,-0.078318
0.013993,-0.121523,-0.079992
0.014594,-0.122537,-0.078850
0.018634,-0.123162,-0.076902
0.016396,-0.122611,-0.077033
0.020418,-0.122309,-0.077465
0.020713,-0.122477,-0.077072
0.023158,-0.122373,-0.077039
0.023248,-0.122655,-0.076041
0.025196,-0.122134,-0.075120
0.024406,-0.121123,-0.075787
0.028454,-0.122378,-0.077142
0.030059,-0.123000,-0.075890
0.031930,-0.121134,-0.075333
0.032792,-0.122006,-0.074835
0.033094,-0.121438,-0.074396
0.033351,-0.121706,-0.073146
0.037452,-0.122674,-0.073639
0.037041,-0.123485,-0.074147
0.039017,-0.121824,-0.073413
0.040243,-0.123963,-0.074577
0.041547,-0.122410,-0.075681
0.042824,-0.121255,-0.074005
0.042730,-0.121437,-0.074392
0.046266,-0.122621,-0.075016
0.048730,-0.123742,-0.075509
0.048722,-0.121499,-0.075291
0.050448,-0.123459,-0.072675
0.052657,-0.120817,-0.073934
0.052577,-0.122557,-0.071882
0.053954,-0.120163,-0.074494
0.054004,-0.122011,-0.074037
0.057824,-0.123170,-0.073432
0.058760,-0.123546,-0.075298
0.059312,-0.125492,-0.075030
0.060377,-0.120950,-0.074425
0.060570,-0.122519,-0.073305
0.063996,-0.120760,-0.074122
0.063938,-0.122187,-0.076501
0.066296,-0.122583,-0.075659
0.067996,-0.121926,-0.076775
0.068438,-0.121601,-0.075370
0.070228,-0.122249,-0.074532
0.072459,-0.121136,-0.075644
0.071924,-0.122950,-0.076342
0.073881,-0.123627,-0.076858
0.077022,-0.120483,-0.076962
0.075940,-0.123296,-0.076262
0.078282,-0.122655,-0.078426
0.079976,-0.122768,-0.077088
0.080761,-0.122692,-0.077611
0.082272,-0.122542,-0.079023
0.085388,-0.121893,-0.077430
0.085105,-0.122996,-0.078095
0.086274,-0.121581,-0.078441
0.090216,-0.123234,-0.078995
0.090004,-0.123066,-0.078209
0.091704,-0.123012,-0.078316
0.093890,-0.123115,-0.078396
0.094479,-0.122814,-0.077550
0.095244,-0.120738,-0.076679
0.097247,-0.122950,-0.079819
0.096016,-0.121889,-0.080076
0.098743,-0.124845,-0.080786
0.100573,-0.122568,-0.078895
0.100575,-0.122646,-0.077830
0.101797,-0.123339,-0.077435
0.103739,-0.122151,-0.077427
0.107432,-0.122067,-0.078999
0.107737,-0.120662,-0.079920
0.108768,-0.122917,-0.078023
0.110842,-0.123141,-0.077536
0.111320,-0.123406,-0.078979
0.113851,-0.121831,-0.078922
0.114368,-0.122937,-0.076354
0.115475,-0.123067,-0.077396
0.117397,-0.122641,-0.077033
0.117908,-0.123925,-0.076645
0.120510,-0.122765,-0.076837
0.119998,-0.123833,-0.078365
0.122464,-0.122200,-0.075936
0.124120,-0.122327,-0.075093
0.125120,-0.121702,-0.076191
0.126639,-0.122391,-0.077218
0.127850,-0.123724,-0.077396
0.130057,-0.123173,-0.075648
0.130671,-0.122745,-0.080033
0.131833,-0.123028,-0.075693
0.133278,-0.122701,-0.076259
0.135552,-0.121332,-0.075708
0.135329,-0.123369,-0.076955
0.136049,-0.122866,-0.078453
0.139324,-0.123016,-0.076925
0.138898,-0.123347,-0.078199
0.141773,-0.123647,-0.078840
0.142365,-0.122298,-0.080324
0.144184,-0.122519,-0.082884
0.146334,-0.123752,-0.079797
0.146952,-0.124213,-0.082284
0.150595,-0.122479,-0.082382
0.149729,-0.124618,-0.083448
0.150942,-0.123778,-0.082659
0.153722,-0.122624,-0.083603
0.153083,-0.123370,-0.085228
0.153898,-0.122703,-0.086443
0.154769,-0.124120,-0.088248
0.158036,-0.122932,-0.087785
0.160172,-0.124214,-0.089186
0.159649,-0.122945,-0.092852
0.162677,-0.124965,-0.093843
0.164463,-0.122689,-0.094656
0.164711,-0.123027,-0.097344
0.168089,-0.122920,-0.098247
0.167730,-0.122229,-0.098646
0.170157,-0.121837,-0.104256
0.170881,-0.124118,-0.105816
0.174851,-0.124523,-0.109032
0.174051,-0.123456,-0.110834
0.176214,-0.123723,-0.113741
0.178298,-0.123311,-0.118667
0.177965,-0.123653,-0.121453
0.181948,-0.123389,-0.129991
0.180963,-0.125975,-0.134825
-0.106323,-0.122607,-0.157432
-0.105884,-0.123525,-0.151557
-0.105466,-0.122667,-0.147369
-0.102497,-0.122257,-0.144813
-0.099877,-0.122269,-0.142181
-0.098719,-0.122965,-0.140593
-0.098827,-0.124562,-0.136466
-0.096371,-0.122634,-0.133855
-0.094656,-0.123644,-0.132635
-0.092750,-0.122218,-0.131605
-0.091404,-0.123368,-0.129774
-0.090970,-0.122696,-0.129921
-0.090578,-0.122207,-0.129499
-0.087828,-0.122108,-0.128364
-0.085856,-0.123565,-0.126010
-0.083816,-0.121979,-0.126114
-0.082599,-0.122205,-0.125111
-0.081786,-0.123434,-0.123192
-0.082998,-0.122250,-0.124629
-0.080578,-0.124840,-0.123393
-0.077673,-0.123552,-0.119264
-0.077021,-0.122180,-0.120789
-0.074953,-0.121879,-0.120528
-0.072706,-0.121624,-0.120650
-0.071815,-0.123279,-0.116731
-0.070546,-0.123274,-0.118508
-0.069571,-0.123210,-0.117679
-0.066517,-0.122039,-0.117905
-0.067176,-0.122688,-0.117471
-0.065698,-0.122428,-0.116451
-0.064214,-0.121966,-0.116228
-0.062783,-0.122785,-0.115744
-0.059616,-0.123306,-0.114695
-0.057453,-0.122702,-0.113417
-0.057871,-0.121644,-0.110674
-0.056478,-0.120145,-0.111584
-0.057412,-0.122766,-0.111383
-0.055047,-0.122531,-0.109665
-0.050165,-0.123743,-0.109542
-0.051230,-0.123608,-0.110273
-0.050481,-0.121731,-0.108503
-0.047585,-0.120762,-0.110394
-0.046770,-0.122791,-0.111086
-0.044435,-0.121391,-0.107651
-0.043945,-0.121299,-0.106981
-0.041877,-0.122758,-0.107609
-0.040097,-0.123471,-0.107116
-0.038607,-0.121720,-0.106638
-0.036908,-0.123212,-0.102906
-0.037491,-0.121899,-0.104981
-0.034012,-0.122054,-0.103977
-0.034725,-0.121313,-0.101376
-0.032850,-0.122215,-0.101763
-0.032284,-0.122355,-0.101302
-0.029544,-0.121754,-0.100229
-0.029158,-0.122142,-0.098520
-0.026499,-0.122172,-0.098509
-0.024854,-0.122311,-0.096293
-0.024366,-0.119307,-0.094523
-0.023883,-0.121123,-0.095927
-0.020958,-0.121869,-0.095866
-0.020551,-0.120650,-0.095598
-0.019680,-0.121255,-0.093755
-0.017534,-0.121820,-0.091805
-0.015610,-0.121466,-0.091648
-0.015182,-0.120525,-0.090382
-0.011587,-0.121391,-0.090937
-0.011218,-0.122202,-0.090174
-0.010332,-0.120360,-0.089619
-0.009994,-0.120652,-0.088367
-0.008649,-0.121730,-0.085506
-0.008753,-0.120310,-0.086346
-0.006038,-0.121755,-0.088803
-0.002936,-0.120004,-0.084996
-0.003020,-0.121165,-0.084381
-0.000676,-0.121307,-0.082650
0.002605,-0.123509,-0.083488
0.001517,-0.122590,-0.083063
0.003991,-0.120703,-0.082710
0.004073,-0.119493,-0.080368
0.005760,-0.120882,-0.082336
0.007173,-0.120854,-0.081838
0.011362,-0.119544,-0.079514
0.009729,-0.120336,-0.080226
0.010983,-0.121966,-0.080227
0.012968,-0.121622,-0.080089
0.015359,-0.121554,-0.079710
0.015380,-0.118438,-0.078584
0.018606,-0.120404,-0.076898
0.019341,-0.120707,-0.079166
0.021382,-0.120349,-0.078137
0.021595,-0.121741,-0.075969
0.023109,-0.120799,-0.076633
0.023503,-0.119855,-0.076246
0.024715,-0.121255,-0.075547
0.026174,-0.121818,-0.075351
0.027576,-0.120190,-0.075713
0.028414,-0.119699,-0.075443
0.029717,-0.120595,-0.074624
0.031916,-0.121737,-0.072963
0.033700,-0.121571,-0.074321
0.035825,-0.121325,-0.074088
0.036014,-0.120603,-0.073368
0.039561,-0.119350,-0.074282
0.040470,-0.121339,-0.072689
0.040046,-0.119734,-0.074152
0.043647,-0.118989,-0.075177
0.045327,-0.122085,-0.072822
0.044131,-0.121179,-0.074614
0.046450,-0.120092,-0.073123
0.048024,-0.119701,-0.072428
0.049552,-0.120622,-0.073834
0.051979,-0.121653,-0.072904
0.051168,-0.119259,-0.072798
0.052886,-0.121409,-0.073874
0.053807,-0.120800,-0.073782
0.055562,-0.123827,-0.075432
0.056541,-0.120697,-0.072696
0.057016,-0.121263,-0.073320
0.061634,-0.121649,-0.073165
0.060564,-0.121614,-0.073111
0.061202,-0.120485,-0.074373
0.063720,-0.122268,-0.074904
0.065831,-0.119785,-0.073031
0.065873,-0.121837,-0.076164
0.067252,-0.122485,-0.075687
0.068408,-0.121979,-0.077290
0.070822,-0.121516,-0.074351
0.071641,-0.121834,-0.076031
0.073484,-0.120407,-0.077241
0.073402,-0.120197,-0.075569
0.075174,-0.119331,-0.077535
0.078130,-0.121797,-0.078079
0.077492,-0.121687,-0.075927
0.080092,-0.120904,-0.077754
0.080438,-0.118941,-0.076386
0.083462,-0.121813,-0.076994
0.082338,-0.121773,-0.079104
0.084926,-0.121865,-0.077473
0.086162,-0.121704,-0.076797
0.088535,-0.121752,-0.078036
0.090543,-0.121175,-0.077300
0.092338,-0.121311,-0.077706
0.093298,-0.121148,-0.079597
0.094716,-0.120674,-0.077371
0.093955,-0.121455,-0.078356
0.098091,-0.121138,-0.080713
0.097596,-0.121742,-0.077642
0.100265,-0.121606,-0.079939
0.099659,-0.120152,-0.079975
0.103162,-0.121747,-0.078479
0.103054,-0.119728,-0.078604
0.104319,-0.123044,-0.079391
0.105574,-0.120205,-0.078221
0.108026,-0.122114,-0.079212
0.109768,-0.120729,-0.076788
0.108804,-0.121213,-0.076337
0.110312,-0.121486,-0.077487
0.112086,-0.120056,-0.076808
0.114138,-0.121009,-0.077352
0.115968,-0.120463,-0.076500
0.119427,-0.120732,-0.078348
0.117496,-0.120093,-0.079112
0.119696,-0.123079,-0.077045
0.119993,-0.120325,-0.077420
0.122556,-0.121151,-0.078895
0.125982,-0.121104,-0.074835
0.123764,-0.121571,-0.076204
0.126584,-0.121371,-0.078181
0.127766,-0.119779,-0.077548
0.128232,-0.120511,-0.077623
0.130940,-0.123014,-0.077138
0.133809,-0.120895,-0.077349
0.133729,-0.120746,-0.077641
0.136409,-0.122495,-0.078023
0.134310,-0.121316,-0.076401
0.136948,-0.120104,-0.077499
0.138150,-0.121202,-0.078697
0.139382,-0.121094,-0.078384
0.141915,-0.122291,-0.078982
0.143516,-0.120681,-0.078866
0.142820,-0.121446,-0.079529
0.144816,-0.120598,-0.081208
0.148409,-0.120616,-0.084214
0.148391,-0.122315,-0.082826
0.149507,-0.122389,-0.084562
0.151750,-0.120999,-0.084470
0.154067,-0.121928,-0.085457
0.153124,-0.122342,-0.086494
0.156365,-0.121763,-0.085922
0.159279,-0.121536,-0.087806
0.158692,-0.120079,-0.089843
0.161393,-0.120195,-0.091208
0.162282,-0.122262,-0.092379
0.161710,-0.120533,-0.094022
0.163666,-0.120377,-0.093545
0.165445,-0.121126,-0.097047
0.167753,-0.123092,-0.098701
0.167141,-0.122208,-0.102203
0.170483,-0.121843,-0.101048
0.171665,-0.123373,-0.105941
0.173907,-0.121867,-0.108353
0.174130,-0.123329,-0.112943
0.174602,-0.122026,-0.116904
0.177946,-0.123247,-0.118583
0.180438,-0.121408,-0.123549
0.181710,-0.121852,-0.129525
0.182005,-0.122604,-0.138358
-0.108757,-0.122095,-0.164479
-0.106125,-0.121589,-0.150253
-0.105946,-0.122281,-0.149789
-0.103270,-0.121717,-0.144861
-0.099851,-0.122526,-0.142798
-0.099780,-0.121882,-0.142708
-0.097956,-0.119969,-0.138744
-0.095654,-0.120823,-0.134642
-0.095144,-0.120391,-0.134141
-0.094678,-0.121068,-0.133225
-0.091261,-0.123475,-0.129983
-0.088832,-0.121542,-0.130240
-0.087282,-0.120425,-0.129707
-0.087674,-0.120031,-0.128486
-0.086932,-0.120175,-0.128514
-0.085616,-0.119580,-0.123777
-0.082707,-0.122069,-0.125910
-0.080526,-0.121224,-0.125062
-0.079357,-0.120165,-0.124514
-0.077645,-0.122092,-0.122724
-0.076748,-0.121127,-0.122551
-0.076948,-0.120033,-0.121392
-0.075898,-0.119951,-0.120570
-0.074144,-0.121025,-0.119086
-0.072827,-0.119622,-0.120629
-0.069838,-0.121875,-0.120050
-0.069621,-0.119778,-0.118033
-0.067093,-0.120787,-0.117917
-0.066232,-0.119504,-0.116448
-0.065474,-0.118487,-0.117462
-0.062188,-0.120219,-0.115721
-0.062575,-0.122270,-0.115413
-0.061235,-0.121477,-0.115647
-0.059343,-0.119809,-0.114241
-0.057765,-0.121439,-0.112063
-0.056026,-0.119585,-0.112155
-0.055748,-0.120909,-0.111976
-0.054017,-0.119369,-0.110813
-0.052342,-0.121002,-0.110992
-0.049619,-0.120915,-0.109798
-0.048836,-0.121070,-0.109546
-0.047986,-0.122367,-0.110044
-0.046325,-0.118573,-0.109725
-0.044250,-0.120932,-0.108097
-0.043839,-0.119808,-0.107687
-0.040617,-0.120154,-0.106929
-0.040799,-0.119951,-0.106656
-0.040860,-0.118802,-0.105861
-0.038535,-0.120523,-0.106843
-0.036598,-0.119470,-0.104189
-0.035818,-0.120833,-0.104272
-0.033743,-0.119750,-0.103014
-0.030941,-0.119298,-0.102262
-0.031313,-0.119451,-0.100288
-0.029888,-0.119669,-0.101498
-0.028051,-0.119320,-0.100478
-0.027371,-0.118688,-0.099611
-0.023506,-0.118266,-0.097620
-0.023134,-0.121584,-0.097756
-0.024317,-0.119606,-0.096203
-0.021894,-0.120234,-0.094892
-0.021306,-0.120236,-0.094652
-0.017726,-0.119265,-0.091142
-0.016864,-0.121320,-0.093750
-0.015221,-0.121466,-0.093182
-0.015447,-0.120188,-0.092017
-0.013474,-0.121435,-0.092741
-0.009557,-0.120714,-0.090010
-0.009730,-0.120070,-0.090493
-0.008670,-0.118884,-0.089788
-0.007928,-0.119251,-0.086289
-0.006066,-0.120442,-0.086889
-0.003852,-0.119573,-0.085269
-0.002759,-0.119353,-0.084782
-0.001012,-0.119154,-0.084479
-0.000584,-0.119577,-0.084886
0.002855,-0.120648,-0.081911
0.002385,-0.119479,-0.084067
0.004178,-0.119904,-0.082288
0.004446,-0.120376,-0.081257
0.007878,-0.118664,-0.080463
0.008404,-0.119698,-0.080641
0.010476,-0.119731,-0.080807
0.008288,-0.120316,-0.078958
0.012769,-0.117986,-0.079061
0.013293,-0.119063,-0.078704
0.013734,-0.119837,-0.077987
0.015778,-0.117121,-0.079257
0.017938,-0.118581,-0.076817
0.019015,-0.119516,-0.077127
0.019860,-0.118928,-0.076955
0.021970,-0.117998,-0.077683
0.023944,-0.118793,-0.076364
0.025245,-0.118189,-0.074988
0.024426,-0.119364,-0.076069
0.026730,-0.118801,-0.074883
0.029958,-0.119467,-0.075035
0.029155,-0.117561,-0.074228
0.029948,-0.119755,-0.075315
0.033168,-0.120145,-0.074876
0.033867,-0.119579,-0.073645
0.037154,-0.119393,-0.073707
0.036990,-0.118740,-0.073600
0.036993,-0.118367,-0.072789
0.039984,-0.118763,-0.075680
0.039506,-0.120194,-0.074802
0.041750,-0.120065,-0.074370
0.042682,-0.119144,-0.073112
0.044619,-0.119501,-0.073978
0.047011,-0.119481,-0.073346
0.046434,-0.119264,-0.072847
0.049510,-0.119172,-0.073775
0.049808,-0.119472,-0.073911
0.051444,-0.120206,-0.071360
0.053315,-0.119834,-0.073727
0.053978,-0.120248,-0.075454
0.053836,-0.119947,-0.072997
0.055943,-0.119589,-0.075625
0.058960,-0.119704,-0.074757
0.059546,-0.118529,-0.074542
0.061402,-0.121482,-0.075978
0.062939,-0.119046,-0.075396
0.063842,-0.117917,-0.073133
0.065373,-0.118113,-0.076643
0.065158,-0.119330,-0.076434
0.067205,-0.119958,-0.074922
0.069980,-0.118039,-0.074759
0.071187,-0.120234,-0.073443
0.072137,-0.119795,-0.074630
0.073501,-0.118100,-0.076121
0.076548,-0.119094,-0.075194
0.076911,-0.119599,-0.077311
0.077075,-0.119327,-0.075791
0.078774,-0.119671,-0.078039
0.080714,-0.120355,-0.078511
0.081674,-0.120689,-0.077196
0.082636,-0.118673,-0.079197
0.083962,-0.119780,-0.078616
0.084955,-0.118625,-0.078567
0.086979,-0.117691,-0.078176
0.089358,-0.120292,-0.078624
0.088197,-0.120247,-0.077360
0.091422,-0.119636,-0.077896
0.094172,-0.118900,-0.077144
0.093527,-0.119815,-0.079230
0.095339,-0.118838,-0.079264
0.095165,-0.119392,-0.078699
0.099388,-0.122541,-0.080048
0.098409,-0.118952,-0.077496
0.099938,-0.119437,-0.078531
0.102530,-0.119428,-0.080187
0.105524,-0.120006,-0.077132
0.104546,-0.120304,-0.078067
0.106886,-0.119361,-0.077638
0.109279,-0.119767,-0.077778
0.110378,-0.119367,-0.077861
0.109897,-0.119083,-0.077513
0.110398,-0.119388,-0.077040
0.111294,-0.119117,-0.076683
0.112405,-0.118001,-0.078865
0.113257,-0.120789,-0.079196
0.115976,-0.120518,-0.077562
0.118981,-0.120476,-0.077482
0.118422,-0.119436,-0.076541
0.120575,-0.119963,-0.077082
0.121650,-0.120181,-0.077204
0.124375,-0.121563,-0.077118
0.124890,-0.117934,-0.078085
0.126159,-0.118355,-0.077422
0.129197,-0.120544,-0.076451
0.128273,-0.119442,-0.077679
0.129529,-0.119190,-0.076097
0.132260,-0.118546,-0.076008
0.133878,-0.120894,-0.076849
0.134972,-0.120763,-0.077448
0.135896,-0.119487,-0.078243
0.137964,-0.120762,-0.078995
0.140617,-0.120353,-0.078732
0.140719,-0.119182,-0.078969
0.140736,-0.120072,-0.079144
0.144994,-0.120011,-0.080370
0.143518,-0.118818,-0.082007
0.145158,-0.121069,-0.080955
0.147170,-0.119701,-0.082265
0.147236,-0.118646,-0.084106
0.148889,-0.119003,-0.083872
0.152106,-0.120849,-0.084489
0.153604,-0.119259,-0.084422
0.154344,-0.120507,-0.085597
0.155082,-0.118574,-0.086537
0.157415,-0.118558,-0.088650
0.159423,-0.118114,-0.087844
0.160669,-0.120770,-0.089654
0.160446,-0.119589,-0.091833
0.164397,-0.119821,-0.095641
0.165191,-0.120544,-0.095593
0.163179,-0.119989,-0.096973
0.166033,-0.121468,-0.097802
0.168989,-0.119874,-0.100106
0.171258,-0.120787,-0.102031
0.172159,-0.120449,-0.105942
0.173369,-0.120535,-0.108756
0.175825,-0.119997,-0.110710
0.174278,-0.118652,-0.115077
0.177418,-0.118914,-0.119564
0.180083,-0.122029,-0.124299
0.181157,-0.119324,-0.129688
0.183089,-0.122495,-0.139004
-0.104993,-0.122161,-0.154114
-0.105157,-0.118885,-0.149717
-0.103463,-0.120309,-0.146775
-0.101335,-0.119296,-0.144907
-0.099589,-0.120671,-0.141380
-0.098008,-0.119142,-0.137685
-0.096577,-0.120386,-0.137559
-0.094451,-0.120656,-0.134872
-0.092260,-0.120080,-0.134006
-0.092058,-0.121613,-0.133278
-0.091482,-0.118772,-0.131632
-0.089102,-0.120219,-0.130938
-0.088837,-0.119765,-0.129043
-0.086346,-0.120587,-0.126898
-0.085650,-0.119733,-0.128382
-0.083640,-0.120394,-0.124081
-0.081482,-0.119623,-0.124404
-0.082553,-0.119356,-0.122780
-0.080608,-0.118831,-0.123444
-0.077657,-0.118760,-0.122879
-0.075796,-0.118780,-0.121469
-0.074293,-0.119241,-0.120636
-0.074791,-0.119745,-0.120857
-0.072784,-0.119800,-0.120745
-0.071745,-0.117633,-0.119039
-0.068935,-0.118652,-0.118668
-0.067275,-0.118965,-0.119109
-0.064999,-0.117170,-0.117927
-0.066482,-0.120090,-0.114753
-0.063353,-0.120926,-0.116564
-0.062023,-0.118693,-0.114264
-0.060029,-0.118584,-0.114375
-0.060167,-0.120721,-0.114700
-0.057776,-0.116938,-0.111781
-0.056524,-0.118955,-0.113493
-0.056370,-0.119030,-0.113306
-0.053511,-0.118177,-0.113628
-0.051863,-0.118587,-0.111983
-0.050071,-0.118715,-0.112789
-0.048579,-0.118035,-0.111833
-0.046678,-0.120069,-0.112094
-0.044815,-0.117878,-0.109011
-0.045508,-0.120256,-0.109525
-0.044526,-0.116988,-0.107559
-0.042507,-0.118259,-0.106827
-0.039939,-0.118347,-0.107008
-0.039844,-0.119433,-0.106299
-0.039776,-0.118954,-0.105160
-0.034998,-0.119782,-0.104969
-0.035568,-0.120161,-0.103077
-0.036342,-0.117899,-0.100748
-0.032258,-0.118274,-0.101939
-0.031028,-0.117543,-0.100035
-0.030556,-0.118744,-0.099850
-0.029095,-0.116775,-0.101566
-0.025841,-0.119276,-0.098405
-0.026623,-0.118417,-0.098775
-0.024912,-0.120116,-0.095704
-0.022596,-0.119198,-0.095235
-0.021040,-0.117909,-0.095977
-0.019733,-0.117763,-0.094122
-0.019770,-0.117862,-0.093894
-0.016870,-0.118554,-0.093953
-0.012937,-0.119157,-0.091101
-0.014355,-0.117812,-0.091567
-0.011797,-0.120167,-0.091853
-0.010571,-0.117166,-0.090753
-0.009306,-0.115865,-0.089834
-0.009382,-0.118708,-0.088022
-0.008116,-0.117808,-0.088604
-0.004351,-0.118433,-0.087107
-0.005418,-0.118540,-0.085948
-0.002820,-0.118846,-0.085761
-0.001430,-0.118517,-0.085702
-0.001684,-0.116861,-0.083640
0.000132,-0.119025,-0.084079
0.002594,-0.117171,-0.083247
0.001681,-0.118560,-0.082381
0.004874,-0.117581,-0.080944
0.006359,-0.118428,-0.081883
0.007369,-0.117792,-0.082526
0.009224,-0.119173,-0.080427
0.010133,-0.117529,-0.080250
0.012905,-0.118910,-0.079785
0.014383,-0.116054,-0.079879
0.014801,-0.118986,-0.078566
0.015999,-0.117880,-0.077370
0.016857,-0.117431,-0.078950
0.018899,-0.118685,-0.078079
0.018834,-0.119231,-0.077680
0.022220,-0.117846,-0.078327
0.023454,-0.117962,-0.076961
0.023356,-0.117618,-0.076144
0.026953,-0.117787,-0.077553
0.026920,-0.118874,-0.074560
0.029162,-0.117515,-0.075164
0.029988,-0.118753,-0.074308
0.028896,-0.117324,-0.075225
0.032453,-0.117703,-0.075213
0.033350,-0.116657,-0.073938
0.034281,-0.118059,-0.072945
0.035075,-0.120177,-0.072714
0.037842,-0.118014,-0.072933
0.039932,-0.117546,-0.074171
0.040924,-0.117207,-0.072700
0.041695,-0.117051,-0.073075
0.043820,-0.118399,-0.073289
0.043688,-0.116563,-0.071527
0.044624,-0.118838,-0.074234
0.048596,-0.118421,-0.073223
0.048833,-0.117947,-0.073611
0.050522,-0.116936,-0.073615
0.052495,-0.118124,-0.075844
0.051768,-0.118361,-0.074062
0.055400,-0.117594,-0.074833
0.055017,-0.118377,-0.074800
0.057627,-0.117361,-0.074438
0.058338,-0.118055,-0.072067
0.059303,-0.119546,-0.073531
0.061628,-0.118125,-0.075464
0.064388,-0.118463,-0.075320
0.065407,-0.118972,-0.074907
0.064728,-0.117826,-0.074075
0.064515,-0.117716,-0.074437
0.070320,-0.118361,-0.073590
0.070358,-0.117281,-0.075684
0.070236,-0.118408,-0.075696
0.070791,-0.118545,-0.074570
0.073282,-0.118119,-0.076451
0.075557,-0.118354,-0.077631
0.075143,-0.116809,-0.077717
0.078076,-0.117831,-0.077692
0.080221,-0.118291,-0.077191
0.079432,-0.119015,-0.077422
0.082870,-0.117566,-0.078323
0.083230,-0.118430,-0.077696
0.084228,-0.116387,-0.077722
0.084626,-0.118393,-0.076882
0.086745,-0.118955,-0.078425
0.087568,-0.117962,-0.077202
0.089884,-0.116054,-0.077755
0.090641,-0.118741,-0.078423
0.092254,-0.118332,-0.079561
0.093949,-0.118698,-0.077558
0.094875,-0.118151,-0.078795
0.096602,-0.119567,-0.079608
0.097804,-0.118305,-0.078668
0.099655,-0.119291,-0.078075
0.098975,-0.117588,-0.077725
0.102733,-0.116131,-0.078120
0.103930,-0.120131,-0.078677
0.106143,-0.119214,-0.077037
0.105255,-0.118550,-0.078124
0.107717,-0.116767,-0.078216
0.109406,-0.117852,-0.078756
0.110892,-0.118348,-0.078571
0.111825,-0.117481,-0.076494
0.113737,-0.117025,-0.077118
0.114864,-0.119096,-0.077934
0.116954,-0.116568,-0.077613
0.116602,-0.118100,-0.078140
0.118311,-0.118214,-0.076984
0.117416,-0.118467,-0.077063
0.120219,-0.117019,-0.078269
0.121874,-0.118666,-0.076543
0.123218,-0.117374,-0.076082
0.123916,-0.117599,-0.075916
0.127970,-0.118637,-0.075862
0.128397,-0.117869,-0.077568
0.131106,-0.116258,-0.076990
0.131328,-0.116914,-0.077336
0.132075,-0.118591,-0.076479
0.132091,-0.118530,-0.077546
0.135309,-0.117687,-0.077910
0.136476,-0.117994,-0.077933
0.137771,-0.118472,-0.078831
0.140422,-0.117858,-0.078435
0.140786,-0.117920,-0.077512
0.142142,-0.119390,-0.079283
0.143784,-0.118149,-0.080487
0.143449,-0.119639,-0.083414
0.145476,-0.118835,-0.080808
0.147404,-0.116962,-0.081309
0.148841,-0.116890,-0.085299
0.149387,-0.118697,-0.084329
0.150303,-0.119378,-0.084171
0.153514,-0.118129,-0.085489
0.155051,-0.117809,-0.086974
0.156249,-0.117430,-0.088477
0.155685,-0.118109,-0.089893
0.160111,-0.117789,-0.090623
0.159682,-0.120606,-0.091429
0.160359,-0.119310,-0.092301
0.163067,-0.117340,-0.094983
0.165106,-0.116584,-0.097137
0.165163,-0.116443,-0.098711
0.165228,-0.117808,-0.101330
0.167377,-0.117025,-0.099362
0.170486,-0.118584,-0.103722
0.171345,-0.119120,-0.105798
0.172746,-0.118674,-0.107991
0.173382,-0.119133,-0.112732
0.175228,-0.119122,-0.115569
0.178880,-0.120380,-0.118441
0.178814,-0.120191,-0.124692
0.181528,-0.118036,-0.131110
0.183022,-0.120438,-0.137748
-0.107087,-0.119402,-0.161976
-0.105988,-0.117695,-0.150652
-0.104785,-0.118093,-0.150538
-0.101387,-0.118243,-0.145945
-0.100030,-0.118867,-0.143892
-0.097331,-0.117002,-0.139535
-0.095596,-0.119073,-0.137919
-0.095354,-0.118368,-0.135043
-0.094660,-0.117070,-0.134387
-0.092723,-0.119249,-0.134224
-0.092433,-0.120685,-0.131341
-0.089527,-0.116747,-0.131817
-0.089144,-0.116689,-0.130964
-0.085507,-0.118358,-0.128356
-0.084654,-0.118999,-0.127856
-0.083284,-0.117084,-0.125831
-0.080217,-0.118985,-0.124484
-0.081632,-0.115697,-0.124541
-0.078373,-0.117329,-0.121976
-0.077578,-0.116497,-0.123503
-0.075957,-0.116790,-0.122151
-0.075010,-0.117299,-0.120494
-0.072561,-0.117222,-0.119667
-0.072064,-0.117850,-0.120152
-0.069312,-0.116422,-0.121824
-0.068812,-0.118308,-0.120403
-0.068622,-0.116957,-0.118270
-0.065963,-0.116205,-0.116660
-0.064288,-0.116841,-0.118616
-0.063458,-0.118447,-0.115854
-0.061101,-0.116921,-0.114252
-0.061205,-0.116655,-0.114859
-0.061657,-0.118029,-0.113621
-0.057790,-0.117098,-0.113533
-0.058185,-0.116538,-0.114440
-0.052934,-0.116711,-0.111965
-0.053880,-0.115613,-0.111827
-0.052754,-0.115366,-0.110157
-0.051427,-0.117762,-0.112246
-0.048690,-0.115813,-0.110713
-0.048299,-0.117917,-0.112115
-0.047372,-0.119831,-0.109418
-0.045944,-0.118233,-0.109745
-0.043988,-0.117341,-0.106082
-0.042787,-0.117577,-0.108162
-0.041580,-0.115223,-0.108142
-0.038947,-0.116090,-0.106364
-0.037880,-0.117166,-0.104372
-0.035819,-0.118894,-0.102782
-0.034213,-0.115928,-0.104214
-0.033557,-0.118238,-0.103018
-0.032449,-0.116213,-0.101468
-0.031641,-0.116428,-0.101545
-0.028084,-0.115776,-0.100025
-0.027095,-0.115962,-0.097312
-0.027990,-0.117906,-0.097064
-0.024526,-0.115814,-0.098049
-0.024818,-0.116410,-0.096612
-0.021237,-0.116094,-0.095206
-0.019889,-0.116496,-0.095265
-0.021148,-0.114961,-0.093440
-0.017817,-0.115758,-0.093289
-0.015879,-0.116890,-0.092789
-0.016074,-0.116137,-0.091010
-0.014363,-0.116639,-0.093218
-0.013799,-0.115910,-0.089906
-0.012059,-0.116855,-0.089624
-0.010682,-0.117451,-0.087885
-0.008187,-0.119568,-0.088430
-0.008867,-0.116343,-0.087063
-0.004638,-0.116692,-0.087202
-0.005108,-0.116504,-0.086296
-0.003707,-0.117909,-0.086392
-0.003062,-0.117210,-0.085932
-0.002028,-0.116274,-0.083744
0.001692,-0.117142,-0.085991
0.002894,-0.115515,-0.083533
0.003547,-0.114599,-0.080908
0.004428,-0.116223,-0.082941
0.006655,-0.118359,-0.081383
0.006620,-0.117031,-0.083002
0.008840,-0.114743,-0.081672
0.010149,-0.115439,-0.080307
0.012340,-0.115999,-0.077009
0.013469,-0.117490,-0.079343
0.014222,-0.116717,-0.078171
0.014113,-0.114567,-0.078823
0.015652,-0.116165,-0.078152
0.019833,-0.114585,-0.078209
0.020897,-0.117689,-0.077363
0.023227,-0.116304,-0.076347
0.024479,-0.114988,-0.076238
0.023252,-0.115680,-0.076960
0.026338,-0.114474,-0.077391
0.028775,-0.114823,-0.074349
0.028260,-0.114048,-0.076302
0.029405,-0.116572,-0.075334
0.031209,-0.115380,-0.075085
0.031005,-0.118115,-0.074302
0.034172,-0.115160,-0.073230
0.033664,-0.116432,-0.073263
0.033322,-0.116308,-0.074211
0.037893,-0.118641,-0.073915
0.039682,-0.116142,-0.074794
0.040307,-0.117885,-0.074197
0.039868,-0.115814,-0.074679
0.045161,-0.116045,-0.072522
0.044999,-0.115512,-0.074093
0.045080,-0.116765,-0.073593
0.048202,-0.115758,-0.072879
0.048420,-0.114988,-0.072017
0.049365,-0.115830,-0.074387
0.052955,-0.117347,-0.072788
0.052517,-0.114777,-0.072985
0.055141,-0.115926,-0.073870
0.055787,-0.116366,-0.073754
0.057219,-0.117097,-0.072458
0.060468,-0.116369,-0.075155
0.058785,-0.115893,-0.072959
0.061071,-0.116128,-0.074511
0.063404,-0.115585,-0.074146
0.064511,-0.116923,-0.075453
0.064469,-0.116827,-0.075246
0.066561,-0.115929,-0.073899
0.068220,-0.115935,-0.075082
0.068357,-0.115157,-0.074576
0.069123,-0.115212,-0.075403
0.071775,-0.116419,-0.074530
0.074183,-0.117121,-0.076640
0.074677,-0.116023,-0.075596
0.073766,-0.117811,-0.075886
0.079977,-0.116461,-0.075226
0.076825,-0.114149,-0.076571
0.080190,-0.113867,-0.078433
0.084264,-0.115626,-0.076506
0.082354,-0.118065,-0.075997
0.083772,-0.115872,-0.078005
0.085354,-0.117475,-0.077376
0.087152,-0.116716,-0.078243
0.088129,-0.116625,-0.078547
0.092425,-0.117393,-0.078869
0.091195,-0.114765,-0.080426
0.092158,-0.117850,-0.076914
0.092345,-0.115235,-0.079749
0.095765,-0.116722,-0.079803
0.097035,-0.116937,-0.078803
0.097547,-0.115895,-0.077169
0.098173,-0.116409,-0.079343
0.102235,-0.117382,-0.079797
0.104336,-0.116361,-0.078339
0.102614,-0.114361,-0.078754
0.105033,-0.117172,-0.078315
0.107866,-0.117795,-0.077513
0.107766,-0.114363,-0.079188
0.108546,-0.117959,-0.078298
0.107542,-0.115016,-0.077875
0.112034,-0.114848,-0.079440
0.111493,-0.114095,-0.079030
0.114506,-0.117673,-0.078945
0.116218,-0.114113,-0.076432
0.116650,-0.115278,-0.076701
0.119131,-0.117255,-0.076577
0.119551,-0.117650,-0.077924
0.119603,-0.117148,-0.078182
0.121794,-0.117115,-0.075283
0.124012,-0.115821,-0.077611
0.124098,-0.116672,-0.079017
0.127062,-0.116819,-0.076469
0.126644,-0.116147,-0.076405
0.130269,-0.115874,-0.077541
0.132228,-0.114975,-0.078614
0.131206,-0.116673,-0.079697
0.134766,-0.113434,-0.078150
0.135806,-0.116974,-0.079009
0.136527,-0.115882,-0.078584
0.139391,-0.116676,-0.079750
0.139236,-0.115097,-0.079860
0.138770,-0.116941,-0.079244
0.142097,-0.116628,-0.078556
0.144073,-0.116283,-0.080966
0.143693,-0.117863,-0.081048
0.146774,-0.114393,-0.082502
0.146808,-0.116950,-0.081616
0.149048,-0.115180,-0.083532
0.149353,-0.116908,-0.083462
0.152636,-0.116313,-0.083842
0.152643,-0.114725,-0.086824
0.153435,-0.115722,-0.084509
0.153851,-0.116997,-0.088982
0.157324,-0.117910,-0.088543
0.158465,-0.117406,-0.090795
0.158209,-0.118516,-0.090260
0.159753,-0.116209,-0.091880
0.162243,-0.117315,-0.096163
0.163728,-0.116936,-0.096316
0.165617,-0.117429,-0.096892
0.167010,-0.117320,-0.098823
0.169273,-0.116431,-0.103435
0.169354,-0.116972,-0.104666
0.170914,-0.114721,-0.105596
0.173301,-0.115658,-0.109335
0.175458,-0.116976,-0.111821
0.175931,-0.117583,-0.115642
0.177632,-0.117516,-0.118973
0.178991,-0.119536,-0.123743
0.180469,-0.117025,-0.133305
0.179791,-0.118668,-0.138813
-0.106339,-0.118458,-0.171446
-0.103931,-0.116719,-0.150979
-0.103256,-0.117767,-0.148675
-0.102240,-0.117939,-0.148721
-0.098196,-0.116511,-0.142739
-0.095902,-0.116600,-0.141680
-0.095862,-0.117239,-0.139679
-0.093826,-0.116981,-0.135256
-0.093617,-0.116356,-0.134455
-0.089467,-0.114651,-0.132442
-0.090950,-0.117158,-0.131912
-0.089394,-0.116159,-0.129451
-0.088812,-0.116986,-0.129966
-0.086255,-0.114953,-0.129263
-0.083126,-0.117102,-0.128091
-0.084640,-0.115477,-0.128724
-0.081766,-0.115655,-0.126666
-0.082211,-0.114416,-0.123260
-0.079888,-0.116143,-0.123150
-0.077492,-0.116869,-0.121475
-0.077760,-0.115724,-0.121992
-0.073561,-0.114632,-0.121133
-0.073866,-0.115629,-0.121107
-0.072346,-0.117596,-0.121612
-0.069503,-0.114518,-0.121937
-0.069906,-0.114986,-0.119915
-0.067711,-0.115528,-0.119697
-0.064794,-0.116834,-0.117848
-0.063626,-0.115101,-0.117991
-0.063250,-0.115489,-0.117960
-0.063376,-0.116120,-0.115772
-0.060115,-0.116617,-0.114958
-0.059465,-0.115350,-0.114668
-0.057829,-0.114290,-0.114824
-0.056719,-0.114768,-0.114189
-0.054778,-0.115593,-0.112254
-0.053538,-0.115965,-0.111983
-0.051744,-0.116523,-0.114084
-0.050342,-0.114147,-0.111530
-0.049407,-0.114550,-0.112723
-0.048687,-0.116516,-0.110203
-0.047402,-0.115414,-0.111266
-0.043676,-0.116401,-0.108654
-0.044813,-0.116325,-0.109747
-0.042872,-0.114454,-0.107558
-0.040135,-0.111942,-0.108647
-0.039130,-0.115382,-0.105599
-0.039619,-0.115647,-0.105442
-0.037233,-0.115191,-0.105329
-0.036453,-0.115193,-0.103053
-0.035352,-0.116718,-0.102852
-0.033139,-0.114539,-0.101440
-0.032795,-0.115272,-0.101743
-0.030066,-0.115566,-0.102356
-0.028733,-0.116776,-0.100086
-0.026316,-0.115654,-0.100658
-0.026800,-0.117405,-0.098755
-0.024235,-0.116429,-0.097778
-0.022842,-0.115006,-0.094971
-0.022305,-0.115831,-0.095091
-0.020795,-0.115725,-0.095465
-0.017940,-0.116188,-0.092766
-0.016225,-0.115677,-0.092726
-0.017161,-0.115288,-0.092840
-0.016176,-0.113255,-0.092659
-0.012111,-0.115068,-0.090338
-0.012588,-0.114082,-0.089804
-0.010340,-0.115116,-0.091352
-0.011056,-0.113382,-0.089492
-0.008672,-0.115622,-0.086165
-0.005542,-0.114996,-0.084893
-0.003374,-0.114658,-0.086807
-0.003284,-0.114213,-0.085529
-0.003585,-0.115198,-0.084506
0.000022,-0.114670,-0.082590
0.001796,-0.114240,-0.082286
0.001917,-0.114726,-0.083260
0.004813,-0.114233,-0.082467
0.006295,-0.115998,-0.082394
0.005944,-0.114086,-0.080834
0.006332,-0.115596,-0.080070
0.007454,-0.114435,-0.080553
0.011434,-0.114340,-0.079450
0.010484,-0.113912,-0.078193
0.015647,-0.114245,-0.078901
0.015790,-0.115592,-0.078611
0.016407,-0.115102,-0.078865
0.015819,-0.115245,-0.077841
0.018021,-0.114128,-0.078294
0.021006,-0.116315,-0.077535
0.021917,-0.115123,-0.076271
0.023295,-0.112277,-0.076005
0.023958,-0.115984,-0.075641
0.025191,-0.114426,-0.075581
0.028927,-0.114707,-0.074002
0.027200,-0.115492,-0.073905
0.028970,-0.114460,-0.076470
0.031440,-0.114806,-0.075680
0.032174,-0.115093,-0.072929
0.033996,-0.114241,-0.074832
0.035311,-0.115684,-0.072342
0.036509,-0.114303,-0.073965
0.037207,-0.113540,-0.075319
0.039327,-0.115346,-0.073320
0.041753,-0.114942,-0.074217
0.041847,-0.113713,-0.073216
0.044386,-0.115816,-0.074726
0.044574,-0.115704,-0.072496
0.047461,-0.113256,-0.073990
0.047724,-0.114116,-0.075222
0.050147,-0.112716,-0.072835
0.052378,-0.114003,-0.072662
0.051585,-0.116832,-0.074020
0.052286,-0.113208,-0.072933
0.053285,-0.114824,-0.074759
0.054016,-0.114646,-0.074097
0.056874,-0.113234,-0.073889
0.057180,-0.114238,-0.073110
0.061282,-0.114601,-0.071807
0.062257,-0.115133,-0.073218
0.063245,-0.115327,-0.074715
0.064033,-0.115274,-0.074434
0.064824,-0.114861,-0.075057
0.065438,-0.116118,-0.076195
0.066439,-0.114120,-0.074465
0.069548,-0.112245,-0.074636
0.069253,-0.114067,-0.074460
0.072638,-0.113650,-0.077552
0.074619,-0.115889,-0.073427
0.076861,-0.114789,-0.074724
0.077085,-0.115078,-0.075049
0.076871,-0.114977,-0.075667
0.078628,-0.114005,-0.076657
0.080579,-0.115767,-0.075325
0.081716,-0.115346,-0.076348
0.082963,-0.114242,-0.076448
0.084288,-0.115195,-0.078552
0.087129,-0.115859,-0.077896
0.088264,-0.114831,-0.077344
0.088017,-0.116270,-0.077555
0.091471,-0.114520,-0.078099
0.089688,-0.115301,-0.076462
0.092451,-0.115541,-0.079278
0.093603,-0.114796,-0.078829
0.094923,-0.114162,-0.078599
0.096878,-0.115911,-0.079252
0.098864,-0.112543,-0.079170
0.097363,-0.113752,-0.077979
0.101311,-0.114407,-0.079024
0.102023,-0.115819,-0.079561
0.101706,-0.114946,-0.078834
0.103934,-0.112805,-0.077677
0.107222,-0.114442,-0.080176
0.108345,-0.114015,-0.078912
0.108425,-0.114381,-0.078868
0.111146,-0.114131,-0.078961
0.110033,-0.115244,-0.078806
0.112293,-0.114668,-0.078527
0.113190,-0.115604,-0.077568
0.114957,-0.114629,-0.077469
0.115600,-0.113192,-0.078114
0.120701,-0.113806,-0.076635
0.119134,-0.115461,-0.077292
0.120698,-0.114634,-0.078326
0.122798,-0.114739,-0.076789
0.123422,-0.114187,-0.077632
0.125261,-0.114944,-0.079057
0.127015,-0.115320,-0.078394
0.129099,-0.114140,-0.079179
0.129253,-0.115490,-0.077173
0.131217,-0.115619,-0.075749
0.132344,-0.115299,-0.078436
0.133339,-0.113600,-0.077933
0.133399,-0.115487,-0.079526
0.135730,-0.115020,-0.077764
0.137981,-0.113412,-0.076852
0.139139,-0.115288,-0.079180
0.139860,-0.115560,-0.079523
0.141847,-0.116154,-0.080913
0.143145,-0.113911,-0.080558
0.143122,-0.115024,-0.082416
0.145238,-0.114692,-0.082811
0.148569,-0.114436,-0.083336
0.147923,-0.115090,-0.083680
0.148695,-0.117792,-0.085522
0.150034,-0.115166,-0.085354
0.149974,-0.114901,-0.087527
0.154728,-0.115868,-0.086247
0.154614,-0.114382,-0.087361
0.158411,-0.114514,-0.089645
0.159379,-0.115206,-0.091234
0.160830,-0.116066,-0.093236
0.162147,-0.115027,-0.095548
0.162584,-0.115710,-0.095282
0.164637,-0.114973,-0.095283
0.165316,-0.116577,-0.097960
0.166140,-0.115343,-0.099787
0.167193,-0.114970,-0.101887
0.170007,-0.115726,-0.105708
0.171580,-0.116800,-0.106315
0.171142,-0.117353,-0.111074
0.174913,-0.116553,-0.112803
0.176863,-0.115165,-0.116257
0.176564,-0.117360,-0.119982
0.180282,-0.115378,-0.126565
0.179553,-0.116770,-0.133013
0.182219,-0.118241,-0.139520
-0.102333,-0.116254,-0.155501
-0.103032,-0.115355,-0.151275
-0.100923,-0.114064,-0.147204
-0.099851,-0.115075,-0.145426
-0.099276,-0.113465,-0.142575
-0.095722,-0.115515,-0.140553
-0.094473,-0.115008,-0.135512
-0.095965,-0.114959,-0.134900
-0.093564,-0.116232,-0.136882
-0.089663,-0.114835,-0.132095
-0.089345,-0.115704,-0.132037
-0.087692,-0.114718,-0.129904
-0.086907,-0.113492,-0.129422
-0.084645,-0.114959,-0.129383
-0.083471,-0.116047,-0.126301
-0.081799,-0.114759,-0.125710
-0.081353,-0.113073,-0.123946
-0.078780,-0.115501,-0.123818
-0.077499,-0.114672,-0.122939
-0.077284,-0.113468,-0.123600
-0.076173,-0.114958,-0.122133
-0.073268,-0.114111,-0.120894
-0.073204,-0.114978,-0.120639
-0.070817,-0.114291,-0.121333
-0.069091,-0.114303,-0.120314
-0.068282,-0.115384,-0.118190
-0.065617,-0.114515,-0.119551
-0.064724,-0.115560,-0.117625
-0.062463,-0.115203,-0.116604
-0.062466,-0.113741,-0.116019
-0.059296,-0.114002,-0.116070
-0.057369,-0.114012,-0.115014
-0.056446,-0.114365,-0.113587
-0.056103,-0.113244,-0.113980
-0.052278,-0.112769,-0.113471
-0.053445,-0.113249,-0.113651
-0.053374,-0.116325,-0.112782
-0.052644,-0.113890,-0.113884
-0.049580,-0.113986,-0.111112
-0.047336,-0.112142,-0.110252
-0.047177,-0.113652,-0.111272
-0.045535,-0.114904,-0.108455
-0.044340,-0.113621,-0.108908
-0.043409,-0.114194,-0.107551
-0.041316,-0.114293,-0.106796
-0.040065,-0.114707,-0.105959
-0.036943,-0.113865,-0.106419
-0.039316,-0.113684,-0.105489
-0.035304,-0.113296,-0.102432
-0.032529,-0.113794,-0.103773
-0.032008,-0.115745,-0.101991
-0.029394,-0.114179,-0.101251
-0.028847,-0.113130,-0.099496
-0.028545,-0.115062,-0.099547
-0.027175,-0.113646,-0.098444
-0.026172,-0.114592,-0.096392
-0.024420,-0.114010,-0.097297
-0.024555,-0.112748,-0.098576
-0.021551,-0.112447,-0.097408
-0.019261,-0.115451,-0.093272
-0.018083,-0.113690,-0.092995
-0.016932,-0.115079,-0.093799
-0.016257,-0.112614,-0.093246
-0.015735,-0.112209,-0.091804
-0.013794,-0.114501,-0.089707
-0.010823,-0.113628,-0.089908
-0.009999,-0.113696,-0.089112
-0.007540,-0.113367,-0.088930
-0.007883,-0.112838,-0.087680
-0.006284,-0.112055,-0.085718
-0.005483,-0.113416,-0.085823
-0.002887,-0.113914,-0.086141
-0.000974,-0.113546,-0.083227
-0.001475,-0.113607,-0.084032
0.000815,-0.113158,-0.083001
0.001753,-0.113796,-0.080452
0.004045,-0.112776,-0.082793
0.006184,-0.112702,-0.081690
0.005872,-0.114192,-0.080022
0.007961,-0.113734,-0.079482
0.009845,-0.112815,-0.078188
0.010740,-0.114026,-0.079255
0.012474,-0.112611,-0.079166
0.012153,-0.111261,-0.078790
0.014248,-0.113452,-0.080837
0.014199,-0.113156,-0.077987
0.015696,-0.112140,-0.077419
0.018757,-0.111112,-0.076796
0.021563,-0.111321,-0.076409
0.021032,-0.111104,-0.076840
0.023772,-0.113780,-0.076804
0.023662,-0.114787,-0.075772
0.025179,-0.113784,-0.074645
0.028353,-0.112000,-0.074778
0.029303,-0.113686,-0.074357
0.028833,-0.113347,-0.075258
0.031444,-0.114877,-0.074551
0.032228,-0.113881,-0.074976
0.032795,-0.112974,-0.072767
0.035240,-0.112693,-0.074368
0.036031,-0.112530,-0.073172
0.038219,-0.113126,-0.073776
0.040206,-0.113337,-0.073927
0.040429,-0.111952,-0.074103
0.039902,-0.113604,-0.073094
0.042078,-0.114013,-0.073382
0.044411,-0.111476,-0.072367
0.045555,-0.114011,-0.070870
0.046481,-0.112787,-0.074174
0.049845,-0.111695,-0.073115
0.050609,-0.111201,-0.073878
0.052405,-0.110512,-0.074100
0.051059,-0.114852,-0.073121
0.054567,-0.113071,-0.072359
0.053648,-0.113432,-0.073554
0.057628,-0.113100,-0.072808
0.057373,-0.114151,-0.074796
0.060768,-0.112552,-0.073727
0.060572,-0.113123,-0.075551
0.062005,-0.114218,-0.075736
0.062117,-0.114400,-0.073211
0.066129,-0.114819,-0.073210
0.065248,-0.112095,-0.076035
0.067353,-0.114084,-0.075607
0.069431,-0.111531,-0.073614
0.070551,-0.113330,-0.075509
0.070914,-0.111097,-0.075463
0.073140,-0.115178,-0.076218
0.073224,-0.114711,-0.074743
0.076674,-0.111940,-0.075062
0.077773,-0.115058,-0.074788
0.079383,-0.113047,-0.078292
0.079313,-0.112156,-0.076876
0.081291,-0.113450,-0.075699
0.082686,-0.111200,-0.076002
0.084290,-0.112839,-0.077418
0.085563,-0.113568,-0.078425
0.088079,-0.111298,-0.077763
0.088073,-0.114191,-0.078680
0.090292,-0.113855,-0.078350
0.091935,-0.113150,-0.078415
0.092744,-0.113364,-0.076475
0.093699,-0.114372,-0.078417
0.093547,-0.112472,-0.077877
0.096518,-0.114460,-0.076601
0.096165,-0.112262,-0.078952
0.098481,-0.113350,-0.078086
0.101350,-0.112880,-0.079336
0.101023,-0.113217,-0.077545
0.104386,-0.113261,-0.078298
0.104852,-0.112991,-0.078681
0.105237,-0.113408,-0.078912
0.108820,-0.113572,-0.078749
0.109373,-0.112148,-0.080344
0.111515,-0.112737,-0.078282
0.112281,-0.110985,-0.079918
0.110658,-0.114220,-0.078467
0.114915,-0.113735,-0.077293
0.115162,-0.113805,-0.077822
0.119364,-0.111400,-0.076746
0.119160,-0.111919,-0.077686
0.119425,-0.115191,-0.076194
0.120523,-0.113606,-0.076984
0.122447,-0.112710,-0.077224
0.124922,-0.113206,-0.077307
0.125870,-0.113519,-0.076774
0.127984,-0.112834,-0.076002
0.127020,-0.114193,-0.077517
0.130061,-0.111570,-0.076683
0.130300,-0.114044,-0.078799
0.133490,-0.113011,-0.076293
0.133186,-0.112851,-0.077032
0.133699,-0.115651,-0.078114
0.135632,-0.113314,-0.079595
0.137967,-0.113298,-0.078568
0.139415,-0.114143,-0.078840
0.139417,-0.114392,-0.080800
0.141324,-0.114536,-0.080189
0.143569,-0.111062,-0.080735
0.143708,-0.113872,-0.080905
0.146533,-0.113037,-0.082341
0.148238,-0.112443,-0.084389
0.146863,-0.112480,-0.083806
0.151755,-0.114778,-0.083955
0.151789,-0.112452,-0.085548
0.153531,-0.113686,-0.086144
0.155652,-0.114946,-0.085758
0.156167,-0.114610,-0.087420
0.158198,-0.111997,-0.089066
0.158047,-0.114028,-0.092153
0.161165,-0.113117,-0.092724
0.160408,-0.113991,-0.093177
0.161739,-0.113523,-0.095293
0.163162,-0.116459,-0.097381
0.166592,-0.112728,-0.097739
0.166488,-0.113378,-0.099798
0.168011,-0.114681,-0.099992
0.170537,-0.114086,-0.103771
0.170435,-0.114346,-0.107242
0.173612,-0.113856,-0.110328
0.176405,-0.114049,-0.114248
0.175815,-0.113752,-0.117767
0.177790,-0.114673,-0.118308
0.179380,-0.114447,-0.128028
0.181520,-0.114064,-0.132225
0.181359,-0.113004,-0.139189
-0.105259,-0.114343,-0.162837
-0.103807,-0.114909,-0.153939
-0.102322,-0.111803,-0.149830
-0.099642,-0.114060,-0.147091
-0.097680,-0.112627,-0.145919
-0.096657,-0.113887,-0.139149
-0.096750,-0.113804,-0.136381
-0.094196,-0.112486,-0.135157
-0.091677,-0.113366,-0.136129
-0.092200,-0.113639,-0.133290
-0.089795,-0.113486,-0.132560
-0.086225,-0.111208,-0.131414
-0.087032,-0.113495,-0.128250
-0.085924,-0.113530,-0.130272
-0.084084,-0.111571,-0.127716
-0.081986,-0.113577,-0.126838
-0.079533,-0.113336,-0.125814
-0.079659,-0.112726,-0.124479
-0.078777,-0.112132,-0.123156
-0.074889,-0.114490,-0.123831
-0.075883,-0.112716,-0.123755
-0.073259,-0.112935,-0.121727
-0.071393,-0.110827,-0.120950
-0.070207,-0.112006,-0.119699
-0.068909,-0.113483,-0.118725
-0.067526,-0.114748,-0.118326
-0.065322,-0.112286,-0.119048
-0.063058,-0.112821,-0.118935
-0.062328,-0.111428,-0.119240
-0.062364,-0.112920,-0.116229
-0.060716,-0.112446,-0.116623
-0.058892,-0.112447,-0.114230
-0.057334,-0.115926,-0.115967
-0.055820,-0.112403,-0.114370
-0.056303,-0.113413,-0.114211
-0.054531,-0.111877,-0.112647
-0.052333,-0.112073,-0.113289
-0.051962,-0.112930,-0.111475
-0.049703,-0.113521,-0.110885
-0.046088,-0.112251,-0.109337
-0.045721,-0.112189,-0.111355
-0.044396,-0.110197,-0.111227
-0.044432,-0.112393,-0.108074
-0.040555,-0.112194,-0.108580
-0.039696,-0.114549,-0.108696
-0.038284,-0.111583,-0.106117
-0.039535,-0.113289,-0.105793
-0.037273,-0.112094,-0.106455
-0.036349,-0.112821,-0.103100
-0.034376,-0.114015,-0.104203
-0.032368,-0.112221,-0.104952
-0.030360,-0.114018,-0.101034
-0.029692,-0.112001,-0.100662
-0.029250,-0.113126,-0.100537
-0.028532,-0.112199,-0.099532
-0.025937,-0.112092,-0.099568
-0.026095,-0.112612,-0.099002
-0.024467,-0.112365,-0.098552
-0.021301,-0.113314,-0.097084
-0.019228,-0.113803,-0.092751
-0.019588,-0.112015,-0.093867
-0.016768,-0.111323,-0.091964
-0.015926,-0.113238,-0.091763
-0.013249,-0.113853,-0.090223
-0.013441,-0.112376,-0.089814
-0.011645,-0.111446,-0.090241
-0.010739,-0.110696,-0.089983
-0.008850,-0.111100,-0.089368
-0.007348,-0.111636,-0.087912
-0.006882,-0.112661,-0.086782
-0.005361,-0.113134,-0.084174
-0.002230,-0.112142,-0.087452
-0.002333,-0.112678,-0.084212
-0.000946,-0.111827,-0.084404
0.000396,-0.110759,-0.083295
0.002665,-0.112781,-0.082185
0.002947,-0.112119,-0.081057
0.005136,-0.111230,-0.082700
0.006532,-0.110657,-0.079863
0.005927,-0.109894,-0.080737
0.007978,-0.112072,-0.080004
0.009262,-0.110803,-0.078689
0.011933,-0.111669,-0.078003
0.011857,-0.110789,-0.078026
0.013921,-0.110580,-0.076307
0.017911,-0.110031,-0.076404
0.017426,-0.111867,-0.077346
0.018331,-0.112913,-0.077601
0.020198,-0.112804,-0.077867
0.019945,-0.113746,-0.074460
0.022102,-0.111274,-0.076588
0.023585,-0.112967,-0.075708
0.024189,-0.111465,-0.075171
0.028794,-0.110897,-0.075588
0.028388,-0.110366,-0.074891
0.030131,-0.110207,-0.075696
0.031936,-0.112738,-0.075064
0.032138,-0.111109,-0.074825
0.033090,-0.111730,-0.074182
0.035134,-0.111709,-0.071638
0.036203,-0.112014,-0.073439
0.039811,-0.110442,-0.072996
0.037299,-0.112425,-0.075108
0.042613,-0.111366,-0.071508
0.041144,-0.110376,-0.072339
0.045374,-0.111475,-0.072558
0.045163,-0.110676,-0.072627
0.046329,-0.111226,-0.071873
0.046744,-0.113113,-0.073305
0.048598,-0.109282,-0.073741
0.050235,-0.110103,-0.072840
0.051219,-0.110218,-0.072679
0.052600,-0.110880,-0.072539
0.054195,-0.111387,-0.073169
0.056320,-0.110861,-0.073172
0.056582,-0.111145,-0.073309
0.058185,-0.110021,-0.073599
0.060525,-0.110703,-0.073581
0.061096,-0.111153,-0.072055
0.063869,-0.113210,-0.075325
0.063300,-0.111421,-0.073954
0.065847,-0.109725,-0.075192
0.066941,-0.110989,-0.074291
0.066070,-0.112988,-0.075538
0.071814,-0.112056,-0.075565
0.071409,-0.112031,-0.074035
0.071289,-0.110279,-0.076762
0.071737,-0.113383,-0.075277
0.073797,-0.111420,-0.075212
0.074050,-0.112243,-0.075751
0.076860,-0.111900,-0.076848
0.080009,-0.111524,-0.077012
0.080874,-0.112403,-0.076213
0.082610,-0.112437,-0.078204
0.080891,-0.110105,-0.076230
0.084211,-0.112702,-0.078152
0.084509,-0.113258,-0.077218
0.085869,-0.110502,-0.078215
0.087410,-0.111609,-0.077342
0.090309,-0.112015,-0.078119
0.091702,-0.112876,-0.076048
0.093438,-0.111007,-0.077978
0.093845,-0.111049,-0.078367
0.095301,-0.111724,-0.077424
0.096848,-0.111992,-0.080188
0.096018,-0.111807,-0.077636
0.097803,-0.111038,-0.078216
0.102529,-0.110535,-0.078401
0.102546,-0.112971,-0.077455
0.101675,-0.111409,-0.079085
0.103296,-0.111468,-0.078214
0.107386,-0.112392,-0.078814
0.107463,-0.110997,-0.080024
0.107515,-0.109533,-0.078994
0.110177,-0.112560,-0.076736
0.109949,-0.111269,-0.077434
0.111717,-0.111541,-0.078436
0.114050,-0.112482,-0.078007
0.116013,-0.110611,-0.076869
0.117692,-0.110898,-0.077075
0.118023,-0.112581,-0.078769
0.118492,-0.110694,-0.078752
0.120966,-0.111432,-0.077422
0.125142,-0.112322,-0.077183
0.125666,-0.112446,-0.076992
0.125942,-0.111036,-0.078036
0.125957,-0.111958,-0.078610
0.127678,-0.112272,-0.077213
0.129453,-0.111432,-0.076897
0.131223,-0.112138,-0.078571
0.131655,-0.112999,-0.077037
0.133915,-0.111617,-0.078869
0.135075,-0.110253,-0.078246
0.136769,-0.113118,-0.078063
0.136955,-0.110761,-0.078893
0.139253,-0.109942,-0.078861
0.141366,-0.110388,-0.079474
0.143005,-0.112181,-0.081114
0.143302,-0.110443,-0.082849
0.145977,-0.112390,-0.082891
0.143906,-0.111097,-0.082205
0.146723,-0.110560,-0.084679
0.148402,-0.111433,-0.084883
0.150012,-0.110091,-0.085090
0.150411,-0.111486,-0.085320
0.152448,-0.112235,-0.086849
0.154841,-0.111133,-0.089813
0.154743,-0.112234,-0.088749
0.157423,-0.112183,-0.090556
0.157944,-0.111200,-0.092154
0.160445,-0.111428,-0.091925
0.160225,-0.111803,-0.093641
0.163757,-0.112382,-0.096542
0.163820,-0.112883,-0.097067
0.163851,-0.113330,-0.099278
0.167050,-0.110531,-0.100494
0.167742,-0.113347,-0.101531
0.170095,-0.112203,-0.103840
0.171944,-0.112728,-0.106656
0.174063,-0.113034,-0.111802
0.174806,-0.113293,-0.112410
0.177233,-0.113323,-0.117862
0.178940,-0.112932,-0.121306
0.178758,-0.113785,-0.125294
0.181035,-0.114402,-0.134715
0.182308,-0.113163,-0.139020
-0.103498,-0.113759,-0.153689
-0.100296,-0.110797,-0.150864
-0.099803,-0.112765,-0.148233
-0.098449,-0.111422,-0.144096
-0.098400,-0.111382,-0.142263
-0.094062,-0.111272,-0.138237
-0.094800,-0.112936,-0.135909
-0.091597,-0.109565,-0.135803
-0.090248,-0.112134,-0.134057
-0.090657,-0.111039,-0.132860
-0.088871,-0.110459,-0.131244
-0.085839,-0.111746,-0.130177
-0.084190,-0.111248,-0.128830
-0.081478,-0.111943,-0.130515
-0.081854,-0.110501,-0.126174
-0.080524,-0.112536,-0.125227
-0.077979,-0.111718,-0.123620
-0.078711,-0.112104,-0.123876
-0.074459,-0.112025,-0.123789
-0.073752,-0.111697,-0.124652
-0.071640,-0.112875,-0.124020
-0.071165,-0.111473,-0.123276
-0.070098,-0.113744,-0.120273
-0.068639,-0.110486,-0.118904
-0.066104,-0.110910,-0.117698
-0.066117,-0.111816,-0.117678
-0.063991,-0.111444,-0.117441
-0.064468,-0.112211,-0.118838
-0.062151,-0.111369,-0.116735
-0.061659,-0.112491,-0.116488
-0.059371,-0.113277,-0.116448
-0.057722,-0.111714,-0.116705
-0.056942,-0.110542,-0.115789
-0.056243,-0.113869,-0.113192
-0.053683,-0.110948,-0.112965
-0.051716,-0.110074,-0.112673
-0.051265,-0.111225,-0.111772
-0.048554,-0.111463,-0.111599
-0.047191,-0.110507,-0.108765
-0.046304,-0.110655,-0.108595
-0.045326,-0.114003,-0.111248
-0.045330,-0.110614,-0.108368
-0.042447,-0.111716,-0.108784
-0.040271,-0.111330,-0.107053
-0.040977,-0.111484,-0.107784
-0.037947,-0.110500,-0.106107
-0.036054,-0.111769,-0.105377
-0.034780,-0.111183,-0.105160
-0.034847,-0.111407,-0.102924
-0.033973,-0.109915,-0.103515
-0.032622,-0.110201,-0.102428
-0.029572,-0.109587,-0.100358
-0.028634,-0.111382,-0.099829
-0.027689,-0.111288,-0.101963
-0.025994,-0.108536,-0.099645
-0.024007,-0.110126,-0.097774
-0.021966,-0.109547,-0.096729
-0.022270,-0.111067,-0.095482
-0.019537,-0.109416,-0.094752
-0.018333,-0.111178,-0.095113
-0.019089,-0.110594,-0.092046
-0.016807,-0.109970,-0.091660
-0.014739,-0.111002,-0.091535
-0.013607,-0.111745,-0.090290
-0.012132,-0.110314,-0.090550
-0.011136,-0.109652,-0.089261
-0.008288,-0.110120,-0.088658
-0.007967,-0.110160,-0.084712
-0.007555,-0.109926,-0.085048
-0.006120,-0.110054,-0.086971
-0.002844,-0.111337,-0.084303
-0.002112,-0.110712,-0.083109
-0.000555,-0.109737,-0.083841
0.001384,-0.110622,-0.083639
0.000775,-0.111052,-0.082478
0.006340,-0.110199,-0.083191
0.004898,-0.108307,-0.081010
0.007966,-0.111419,-0.082917
0.007964,-0.109299,-0.079125
0.010825,-0.110318,-0.080446
0.009305,-0.111275,-0.077776
0.013990,-0.110415,-0.078027
0.012268,-0.111482,-0.078166
0.016077,-0.110532,-0.078138
0.015998,-0.108168,-0.077038
0.017778,-0.109306,-0.078684
0.019339,-0.111472,-0.079193
0.019687,-0.110494,-0.077141
0.020537,-0.110955,-0.075863
0.024066,-0.110631,-0.077076
0.024308,-0.110124,-0.077599
0.025312,-0.111064,-0.076456
0.025746,-0.110890,-0.074259
0.028677,-0.110354,-0.073358
0.030478,-0.111498,-0.073039
0.030415,-0.111083,-0.073921
0.033410,-0.110105,-0.074365
0.033558,-0.111262,-0.073558
0.034146,-0.110162,-0.073098
0.036066,-0.109581,-0.071249
0.038639,-0.109821,-0.072202
0.039968,-0.108389,-0.074533
0.040827,-0.111133,-0.073270
0.041331,-0.110145,-0.073469
0.042361,-0.110607,-0.074082
0.045010,-0.108974,-0.072981
0.045381,-0.108867,-0.072286
0.047266,-0.108609,-0.073142
0.047272,-0.107457,-0.071349
0.050030,-0.111239,-0.072117
0.052235,-0.108002,-0.073167
0.054601,-0.110911,-0.072023
0.054068,-0.108616,-0.074042
0.054757,-0.109501,-0.073414
0.057373,-0.109309,-0.073891
0.058543,-0.110037,-0.072448
0.060534,-0.108043,-0.071189
0.062214,-0.109767,-0.073825
0.062649,-0.108678,-0.073172
0.063160,-0.109379,-0.074920
0.064731,-0.110882,-0.074010
0.066388,-0.111125,-0.074759
0.066673,-0.109309,-0.072846
0.070786,-0.109009,-0.074587
0.069330,-0.110887,-0.074311
0.073383,-0.111109,-0.073372
0.070762,-0.109805,-0.074488
0.073534,-0.109537,-0.073361
0.076947,-0.109508,-0.075845
0.077821,-0.110447,-0.077401
0.080508,-0.110494,-0.075254
0.081617,-0.109806,-0.075576
0.081371,-0.109618,-0.075992
0.083575,-0.110361,-0.077427
0.084923,-0.108513,-0.077250
0.086191,-0.110233,-0.078113
0.086261,-0.107558,-0.078562
0.087806,-0.109555,-0.076493
0.089087,-0.109829,-0.079294
0.091300,-0.110282,-0.078900
0.092146,-0.109250,-0.078368
0.094261,-0.109806,-0.077735
0.094948,-0.108924,-0.077890
0.096161,-0.110582,-0.078264
0.097985,-0.109791,-0.078177
0.100041,-0.110717,-0.078615
0.101760,-0.110320,-0.078435
0.101938,-0.110800,-0.079691
0.103570,-0.111600,-0.079529
0.105210,-0.110149,-0.078443
0.104912,-0.108316,-0.078960
0.108292,-0.109706,-0.078254
0.109957,-0.110637,-0.076715
0.108911,-0.109168,-0.079481
0.111200,-0.111847,-0.076444
0.113637,-0.109856,-0.078862
0.115001,-0.110128,-0.076578
0.114982,-0.109530,-0.079555
0.118077,-0.108638,-0.077553
0.119280,-0.108155,-0.077750
0.120021,-0.109666,-0.078340
0.119520,-0.109865,-0.076724
0.124270,-0.110186,-0.079158
0.124041,-0.110602,-0.076673
0.124929,-0.110160,-0.077021
0.126280,-0.110348,-0.078390
0.127830,-0.109328,-0.078544
0.130147,-0.111062,-0.077251
0.129674,-0.109976,-0.078156
0.130789,-0.110746,-0.077955
0.132763,-0.110423,-0.079606
0.135178,-0.109684,-0.079642
0.135901,-0.109050,-0.077307
0.139358,-0.109934,-0.078993
0.138707,-0.109393,-0.078275
0.139729,-0.111537,-0.080444
0.142545,-0.111261,-0.080385
0.144411,-0.110644,-0.080741
0.143936,-0.111365,-0.082685
0.146645,-0.110421,-0.083782
0.148294,-0.108950,-0.081615
0.148125,-0.109505,-0.083679
0.150656,-0.109848,-0.084591
0.151782,-0.111367,-0.087263
0.154142,-0.111269,-0.086341
0.152232,-0.110389,-0.087723
0.156877,-0.110554,-0.089318
0.156498,-0.110153,-0.089671
0.158346,-0.110187,-0.090905
0.159967,-0.109576,-0.092416
0.160707,-0.110697,-0.094072
0.166408,-0.110181,-0.096111
0.164116,-0.109388,-0.096416
0.165361,-0.109696,-0.097294
0.166726,-0.108307,-0.100882
0.169126,-0.110322,-0.103231
0.170016,-0.110805,-0.105634
0.170937,-0.112238,-0.107298
0.173934,-0.109896,-0.110740
0.174414,-0.110969,-0.114371
0.174843,-0.111326,-0.117295
0.178533,-0.110155,-0.119722
0.178692,-0.112122,-0.126596
0.180286,-0.111058,-0.133736
0.181645,-0.111611,-0.141170
-0.103012,-0.110985,-0.155379
-0.102779,-0.111659,-0.152103
-0.099186,-0.111662,-0.150841
-0.098363,-0.109348,-0.147532
-0.096121,-0.110500,-0.143194
-0.095143,-0.110651,-0.141963
-0.095052,-0.110736,-0.136929
-0.093227,-0.109942,-0.135266
-0.090123,-0.109328,-0.135472
-0.089292,-0.109480,-0.134098
-0.087542,-0.110978,-0.133314
-0.085378,-0.108800,-0.130228
-0.084631,-0.111296,-0.129749
-0.084423,-0.110400,-0.128771
-0.082002,-0.108032,-0.127999
-0.082097,-0.109734,-0.126729
-0.080401,-0.109323,-0.124485
-0.076670,-0.110340,-0.122624
-0.076063,-0.109263,-0.125114
-0.076865,-0.107328,-0.121302
-0.073634,-0.109276,-0.122279
-0.073732,-0.109969,-0.122456
-0.073052,-0.109017,-0.121560
-0.069573,-0.109102,-0.119998
-0.065662,-0.110732,-0.118334
-0.068034,-0.109159,-0.118650
-0.064319,-0.110935,-0.116880
-0.064442,-0.110136,-0.118054
-0.062669,-0.108162,-0.117970
-0.060792,-0.110055,-0.116787
-0.058706,-0.110429,-0.116907
-0.056634,-0.110265,-0.114805
-0.058372,-0.111189,-0.116068
-0.053647,-0.109385,-0.115528
-0.055675,-0.109765,-0.113209
-0.053049,-0.109163,-0.112748
-0.053170,-0.110428,-0.112083
-0.049155,-0.109494,-0.111320
-0.048570,-0.108780,-0.111677
-0.047036,-0.107907,-0.110948
-0.045338,-0.110165,-0.109409
-0.045581,-0.108625,-0.108533
-0.042255,-0.109683,-0.107119
-0.041793,-0.108551,-0.110004
-0.040375,-0.109248,-0.106808
-0.037381,-0.109437,-0.105458
-0.036734,-0.107447,-0.106729
-0.035592,-0.107394,-0.105202
-0.035029,-0.107852,-0.104392
-0.033357,-0.106911,-0.102933
-0.030733,-0.109722,-0.103259
-0.030658,-0.111104,-0.103256
-0.027879,-0.109923,-0.102192
-0.026710,-0.107493,-0.099939
-0.024482,-0.109773,-0.099943
-0.025672,-0.109845,-0.098292
-0.023856,-0.108977,-0.096293
-0.022129,-0.110895,-0.096371
-0.019651,-0.108430,-0.093968
-0.018427,-0.109570,-0.094981
-0.017126,-0.108800,-0.093787
-0.016654,-0.108032,-0.093035
-0.013984,-0.107731,-0.089863
-0.013711,-0.108493,-0.091712
-0.013222,-0.109283,-0.088927
-0.010213,-0.108597,-0.088033
-0.006547,-0.106883,-0.086297
-0.006201,-0.110019,-0.086704
-0.005945,-0.109776,-0.086935
-0.006160,-0.108361,-0.087076
-0.003435,-0.107572,-0.084534
-0.003156,-0.108981,-0.083258
-0.001814,-0.108772,-0.082679
-0.000177,-0.109241,-0.083425
0.001892,-0.109615,-0.079817
0.003885,-0.109336,-0.082433
0.004609,-0.108998,-0.081726
0.005952,-0.107684,-0.082982
0.007563,-0.107508,-0.078794
0.010707,-0.110118,-0.079028
0.009714,-0.107857,-0.079149
0.012856,-0.109235,-0.077349
0.013674,-0.106964,-0.077401
0.013836,-0.108377,-0.078650
0.016239,-0.109789,-0.076408
0.017009,-0.107607,-0.076905
0.017929,-0.109279,-0.077292
0.019623,-0.108953,-0.075161
0.021084,-0.107167,-0.073644
0.022255,-0.108365,-0.074280
0.025362,-0.108289,-0.075978
0.025591,-0.108715,-0.074773
0.025112,-0.107565,-0.075198
0.028254,-0.108880,-0.074061
0.030423,-0.107879,-0.075736
0.031397,-0.107528,-0.074293
0.032327,-0.108076,-0.073469
0.034333,-0.106210,-0.073921
0.034887,-0.107433,-0.072585
0.036407,-0.108591,-0.073399
0.039682,-0.106830,-0.071498
0.037646,-0.108505,-0.071348
0.040574,-0.108707,-0.072541
0.041262,-0.108128,-0.073001
0.043436,-0.109403,-0.072965
0.043304,-0.107011,-0.071961
0.046120,-0.108232,-0.072401
0.046084,-0.108333,-0.073048
0.049882,-0.108647,-0.073479
0.049844,-0.107686,-0.071957
0.051621,-0.109885,-0.073888
0.054336,-0.108759,-0.072823
0.054635,-0.106699,-0.072680
0.055859,-0.107022,-0.073278
0.056955,-0.108988,-0.075717
0.057390,-0.109361,-0.071213
0.057935,-0.108711,-0.074709
0.061256,-0.109147,-0.074261
0.060729,-0.109551,-0.074169
0.062686,-0.108017,-0.073188
0.064539,-0.108666,-0.074225
0.066512,-0.107780,-0.074173
0.067845,-0.108307,-0.074418
0.069417,-0.108304,-0.075095
0.070461,-0.109351,-0.073869
0.072209,-0.107588,-0.074024
0.070214,-0.107602,-0.073594
0.074045,-0.109531,-0.076915
0.076897,-0.108182,-0.075722
0.076940,-0.109978,-0.074119
0.076713,-0.108204,-0.074918
0.079822,-0.107387,-0.076568
0.080625,-0.107190,-0.076523
0.082530,-0.108000,-0.077630
0.083692,-0.108026,-0.077019
0.085411,-0.109807,-0.076469
0.087612,-0.108053,-0.077726
0.087723,-0.109146,-0.076966
0.089100,-0.108038,-0.078406
0.091266,-0.107984,-0.077017
0.093035,-0.109026,-0.077676
0.093800,-0.110806,-0.076971
0.094260,-0.106699,-0.077346
0.095278,-0.109216,-0.079993
0.098570,-0.108089,-0.077156
0.099344,-0.106466,-0.079808
0.101339,-0.107930,-0.080283
0.102261,-0.107632,-0.078702
0.103205,-0.107625,-0.079538
0.105248,-0.108156,-0.079439
0.106049,-0.107564,-0.079332
0.108247,-0.108458,-0.078793
0.108705,-0.108328,-0.078068
0.111030,-0.108434,-0.079024
0.111277,-0.109079,-0.079475
0.114463,-0.105821,-0.078922
0.113186,-0.107349,-0.078764
0.114898,-0.107265,-0.078958
0.116219,-0.109729,-0.080165
0.117446,-0.109814,-0.079222
0.118157,-0.108822,-0.078731
0.121366,-0.109964,-0.080083
0.121166,-0.109470,-0.078837
0.123779,-0.109313,-0.079938
0.124471,-0.109031,-0.079289
0.127803,-0.109105,-0.077845
0.126841,-0.108341,-0.077459
0.130148,-0.109140,-0.077014
0.129941,-0.108993,-0.079077
0.129917,-0.111362,-0.080702
0.133626,-0.109917,-0.078710
0.134482,-0.109150,-0.078602
0.136442,-0.108964,-0.079180
0.139605,-0.109239,-0.078701
0.141023,-0.108503,-0.079383
0.140574,-0.108872,-0.081834
0.142588,-0.108960,-0.080991
0.143188,-0.108821,-0.081028
0.144899,-0.108771,-0.080880
0.147655,-0.109054,-0.083816
0.148345,-0.107758,-0.082710
0.147653,-0.107907,-0.083937
0.149127,-0.108110,-0.085027
0.151633,-0.107860,-0.085153
0.152327,-0.109894,-0.087019
0.153669,-0.110202,-0.087332
0.155477,-0.109323,-0.088676
0.157009,-0.107796,-0.089827
0.160196,-0.109419,-0.089930
0.159861,-0.108053,-0.093548
0.159892,-0.109697,-0.092837
0.161958,-0.109542,-0.096200
0.163798,-0.110102,-0.097902
0.166696,-0.107540,-0.098901
0.166658,-0.109191,-0.101323
0.167752,-0.108095,-0.103593
0.169916,-0.109459,-0.105681
0.172540,-0.109522,-0.109308
0.175904,-0.108789,-0.111534
0.173995,-0.108750,-0.113802
0.176242,-0.110263,-0.117493
0.176644,-0.110243,-0.120527
0.178527,-0.109152,-0.127014
0.182446,-0.108494,-0.134559
0.182281,-0.110589,-0.143239
-0.102296,-0.108549,-0.163685
-0.099407,-0.109766,-0.153723
-0.099244,-0.111075,-0.151085
-0.099268,-0.108148,-0.148239
-0.096073,-0.109611,-0.145911
-0.093727,-0.108781,-0.141769
-0.091100,-0.108174,-0.138667
-0.093211,-0.109649,-0.136261
-0.091780,-0.109188,-0.136672
-0.090371,-0.109499,-0.135279
-0.086352,-0.108719,-0.133174
-0.087109,-0.108495,-0.131451
-0.085965,-0.107088,-0.130422
-0.083871,-0.107685,-0.127880
-0.082253,-0.107343,-0.126757
-0.079664,-0.109222,-0.125018
-0.078588,-0.107144,-0.125078
-0.078383,-0.107568,-0.125411
-0.075831,-0.108499,-0.123190
-0.075495,-0.107373,-0.123540
-0.074828,-0.108050,-0.122121
-0.070741,-0.107886,-0.122463
-0.070381,-0.107811,-0.120995
-0.068527,-0.106415,-0.121396
-0.067905,-0.108069,-0.120034
-0.066568,-0.106987,-0.118546
-0.063420,-0.108733,-0.118366
-0.063636,-0.108716,-0.118210
-0.060528,-0.107570,-0.116736
-0.062218,-0.106149,-0.117037
-0.058226,-0.108672,-0.115360
-0.058614,-0.106994,-0.116411
-0.055233,-0.108026,-0.113237
-0.053579,-0.107686,-0.114979
-0.053420,-0.109140,-0.114036
-0.052374,-0.106741,-0.112703
-0.050831,-0.108130,-0.112729
-0.048703,-0.107942,-0.110117
-0.048209,-0.106554,-0.110169
-0.045519,-0.108191,-0.111481
-0.045317,-0.107296,-0.108916
-0.043320,-0.107548,-0.107634
-0.043664,-0.106622,-0.108148
-0.040423,-0.107574,-0.107398
-0.040686,-0.108451,-0.109028
-0.038452,-0.107381,-0.106858
-0.036850,-0.106396,-0.106317
-0.036624,-0.107039,-0.105416
-0.035016,-0.108525,-0.105116
-0.032464,-0.107567,-0.101676
-0.029503,-0.105998,-0.102888
-0.030899,-0.105858,-0.103389
-0.028347,-0.107962,-0.101624
-0.029082,-0.108514,-0.100148
-0.025687,-0.108984,-0.098759
-0.024159,-0.106753,-0.098763
-0.022483,-0.106976,-0.095632
-0.021517,-0.106434,-0.097028
-0.020078,-0.106576,-0.094198
-0.019628,-0.108807,-0.092570
-0.016732,-0.107481,-0.092484
-0.015560,-0.106817,-0.092260
-0.014933,-0.106769,-0.090700
-0.013020,-0.108084,-0.090125
-0.013269,-0.106498,-0.089603
-0.010636,-0.107122,-0.089992
-0.007210,-0.109268,-0.088993
-0.007709,-0.106688,-0.088823
-0.005012,-0.105906,-0.087112
-0.005321,-0.106640,-0.086005
-0.002803,-0.107298,-0.083785
-0.003764,-0.107814,-0.084467
0.000709,-0.109349,-0.084640
0.000095,-0.108514,-0.082685
0.000040,-0.106029,-0.082939
0.006338,-0.107887,-0.082940
0.003270,-0.108319,-0.082357
0.007190,-0.105972,-0.080450
0.007842,-0.105777,-0.080323
0.008342,-0.108159,-0.079306
0.009954,-0.106002,-0.078389
0.012720,-0.105721,-0.077662
0.012437,-0.106162,-0.079330
0.015893,-0.104367,-0.078793
0.017693,-0.108230,-0.077658
0.019974,-0.107221,-0.077120
0.019656,-0.107606,-0.074636
0.018157,-0.106269,-0.076986
0.019910,-0.107390,-0.076855
0.023021,-0.108316,-0.074861
0.024916,-0.107245,-0.075371
0.026047,-0.107199,-0.074016
0.027986,-0.107279,-0.072952
0.028462,-0.105985,-0.075626
0.029209,-0.107770,-0.074483
0.030948,-0.106756,-0.076208
0.032574,-0.106902,-0.074334
0.032911,-0.109398,-0.074149
0.036522,-0.107299,-0.073221
0.035201,-0.106947,-0.071864
0.038061,-0.105411,-0.075347
0.038503,-0.108249,-0.071911
0.039426,-0.108912,-0.073766
0.040693,-0.106894,-0.072744
0.043878,-0.104810,-0.071162
0.045473,-0.106594,-0.072658
0.044674,-0.107743,-0.071511
0.047749,-0.106136,-0.072623
0.049151,-0.105516,-0.073473
0.050231,-0.105861,-0.072489
0.052160,-0.106140,-0.072303
0.052661,-0.104394,-0.074120
0.054116,-0.105015,-0.072831
0.056185,-0.107776,-0.074042
0.055469,-0.107155,-0.072335
0.059444,-0.107549,-0.073513
0.058447,-0.107077,-0.072468
0.059593,-0.106633,-0.075486
0.060878,-0.106137,-0.072380
0.063916,-0.105747,-0.072816
0.064515,-0.107985,-0.073963
0.066218,-0.107574,-0.071453
0.068897,-0.108141,-0.073715
0.067226,-0.106647,-0.072687
0.069688,-0.106875,-0.074666
0.071112,-0.107900,-0.075814
0.070406,-0.107651,-0.074560
0.075110,-0.108117,-0.075318
0.078056,-0.107177,-0.075317
0.077817,-0.106854,-0.074899
0.079896,-0.107574,-0.075808
0.079027,-0.109171,-0.075283
0.081440,-0.107642,-0.075991
0.082851,-0.106043,-0.076550
0.084577,-0.104451,-0.077284
0.086408,-0.107980,-0.077585
0.087875,-0.108030,-0.078888
0.087479,-0.109275,-0.078328
0.089426,-0.106342,-0.077545
0.089832,-0.106610,-0.078953
0.094911,-0.105619,-0.079228
0.094910,-0.107222,-0.077159
0.096091,-0.106085,-0.078411
0.096421,-0.106566,-0.080193
0.096784,-0.106463,-0.078169
0.099503,-0.107946,-0.077922
0.100126,-0.107208,-0.080945
0.101386,-0.106923,-0.078758
0.104125,-0.105641,-0.079184
0.105107,-0.105818,-0.078608
0.105814,-0.106072,-0.078825
0.106117,-0.107041,-0.077941
0.107545,-0.108485,-0.078093
0.108308,-0.106331,-0.077749
0.110100,-0.108041,-0.080416
0.113368,-0.105159,-0.079934
0.115707,-0.106125,-0.079057
0.117350,-0.106493,-0.078308
0.118866,-0.106590,-0.079879
0.117454,-0.108221,-0.078881
0.119340,-0.107341,-0.077508
0.121708,-0.107539,-0.076181
0.121324,-0.106804,-0.078798
0.124504,-0.107175,-0.079409
0.125329,-0.106953,-0.077746
0.125845,-0.107058,-0.080178
0.126683,-0.106292,-0.079227
0.130428,-0.105701,-0.080108
0.130244,-0.106801,-0.079072
0.131604,-0.107140,-0.080598
0.132141,-0.106452,-0.079702
0.135577,-0.107017,-0.079243
0.136304,-0.107621,-0.078905
0.137957,-0.104271,-0.079491
0.139394,-0.105798,-0.081367
0.139542,-0.106380,-0.080790
0.141008,-0.107880,-0.082085
0.143054,-0.106843,-0.081970
0.144478,-0.107226,-0.082436
0.145262,-0.107021,-0.082126
0.148399,-0.106152,-0.085096
0.149210,-0.106845,-0.085228
0.150707,-0.106920,-0.085134
0.152262,-0.108026,-0.084905
0.153546,-0.106711,-0.088264
0.154379,-0.108735,-0.087086
0.154625,-0.109288,-0.087889
0.155460,-0.107584,-0.089112
0.159962,-0.106577,-0.092583
0.158681,-0.106081,-0.091990
0.162791,-0.108038,-0.093573
0.162197,-0.107365,-0.095555
0.163681,-0.107108,-0.097249
0.167416,-0.106501,-0.100459
0.166636,-0.106945,-0.103520
0.169526,-0.107176,-0.102551
0.168958,-0.107028,-0.104100
0.171335,-0.106296,-0.109215
0.173858,-0.108157,-0.110627
0.176100,-0.107611,-0.113828
0.174729,-0.108354,-0.118465
0.179041,-0.109024,-0.121726
0.179598,-0.108011,-0.126600
0.182326,-0.108353,-0.134330
-0.101019,-0.107636,-0.156906
-0.101294,-0.106529,-0.153627
-0.098937,-0.105837,-0.149123
-0.098066,-0.106591,-0.146669
-0.094725,-0.107481,-0.143771
-0.093334,-0.107551,-0.140765
-0.093755,-0.107450,-0.137382
-0.093360,-0.108047,-0.136238
-0.087212,-0.107190,-0.134334
-0.090438,-0.107048,-0.132862
-0.087108,-0.106210,-0.131018
-0.086997,-0.107032,-0.131096
-0.083231,-0.108121,-0.129045
-0.082324,-0.104816,-0.128411
-0.080361,-0.107267,-0.127824
-0.078087,-0.106764,-0.125778
-0.076453,-0.106864,-0.124576
-0.075802,-0.106027,-0.124700
-0.076318,-0.107593,-0.123387
-0.073191,-0.107864,-0.121683
-0.071937,-0.106105,-0.122804
-0.070187,-0.107273,-0.120667
-0.069851,-0.106563,-0.119940
-0.068593,-0.105496,-0.121490
-0.066088,-0.106108,-0.119493
-0.064488,-0.105893,-0.118744
-0.063760,-0.108816,-0.119951
-0.064487,-0.106858,-0.118081
-0.063137,-0.104547,-0.118280
-0.058560,-0.105828,-0.116318
-0.056312,-0.104079,-0.117659
-0.055621,-0.106116,-0.114714
-0.054837,-0.104988,-0.114202
-0.052905,-0.108500,-0.115563
-0.051998,-0.106378,-0.114470
-0.050456,-0.106623,-0.113706
-0.049897,-0.106740,-0.110496
-0.050238,-0.106235,-0.110986
-0.046420,-0.105650,-0.110971
-0.044879,-0.106995,-0.110199
-0.043902,-0.106545,-0.111070
-0.043712,-0.108314,-0.107937
-0.040890,-0.107467,-0.107911
-0.039177,-0.104526,-0.107868
-0.038617,-0.108052,-0.108223
-0.035936,-0.104899,-0.105878
-0.035023,-0.106538,-0.104439
-0.034711,-0.105916,-0.104754
-0.031597,-0.107140,-0.103357
-0.031428,-0.104366,-0.102827
-0.029172,-0.105249,-0.101827
-0.027088,-0.107219,-0.100310
-0.027669,-0.105298,-0.099572
-0.025389,-0.105750,-0.098927
-0.023978,-0.105786,-0.098371
-0.023431,-0.106590,-0.097355
-0.020996,-0.106801,-0.095289
-0.019008,-0.106807,-0.093911
-0.019935,-0.107737,-0.094418
-0.017278,-0.105910,-0.093066
-0.015940,-0.106878,-0.092045
-0.014256,-0.104257,-0.092811
-0.013351,-0.104962,-0.089973
-0.011573,-0.105286,-0.091329
-0.009633,-0.105617,-0.090878
-0.010282,-0.106710,-0.087755
-0.006819,-0.105025,-0.085898
-0.006590,-0.104993,-0.086810
-0.004641,-0.104275,-0.085051
-0.003105,-0.104209,-0.084271
-0.004223,-0.105403,-0.084962
-0.001465,-0.105505,-0.084545
0.001554,-0.106486,-0.083233
0.002883,-0.106242,-0.082216
0.003512,-0.106184,-0.081637
0.004595,-0.105492,-0.081243
0.008464,-0.106180,-0.080910
0.008332,-0.105987,-0.080565
0.009880,-0.105921,-0.081231
0.010262,-0.106034,-0.079323
0.013449,-0.107284,-0.079181
0.013259,-0.106941,-0.078694
0.015002,-0.105418,-0.078144
0.017875,-0.107232,-0.077866
0.017722,-0.106392,-0.077262
0.018815,-0.106460,-0.074081
0.018575,-0.105415,-0.075968
0.022366,-0.105606,-0.075129
0.022020,-0.105904,-0.075403
0.023528,-0.106093,-0.074533
0.026211,-0.104444,-0.073516
0.025794,-0.105778,-0.075277
0.028036,-0.105209,-0.075072
0.028328,-0.104463,-0.075104
0.030892,-0.104777,-0.075073
0.033195,-0.103768,-0.072758
0.034205,-0.104280,-0.073329
0.035078,-0.104820,-0.073625
0.036329,-0.105660,-0.073062
0.035406,-0.104501,-0.073237
0.040147,-0.106694,-0.073912
0.041448,-0.105737,-0.073859
0.041943,-0.105167,-0.071811
0.043600,-0.105389,-0.071595
0.045246,-0.106259,-0.073690
0.046320,-0.104901,-0.072537
0.044749,-0.105001,-0.071985
0.049061,-0.106343,-0.072705
0.050023,-0.105750,-0.072506
0.052208,-0.106241,-0.072912
0.051408,-0.104290,-0.074420
0.054985,-0.106369,-0.074349
0.055440,-0.105506,-0.071212
0.056323,-0.104797,-0.073215
0.058962,-0.106001,-0.072437
0.058387,-0.104175,-0.071869
0.062340,-0.105494,-0.072900
0.062150,-0.105374,-0.073001
0.063129,-0.103972,-0.073356
0.064803,-0.105775,-0.074007
0.067216,-0.104488,-0.072775
0.065151,-0.107198,-0.073964
0.068658,-0.104849,-0.073144
0.069352,-0.106208,-0.073720
0.072288,-0.104421,-0.075242
0.073544,-0.104472,-0.074728
0.074419,-0.106383,-0.073798
0.076465,-0.104661,-0.074204
0.078489,-0.106370,-0.075596
0.077893,-0.105660,-0.074963
0.080114,-0.107277,-0.075770
0.080527,-0.104985,-0.076279
0.082679,-0.106530,-0.076510
0.084411,-0.104551,-0.076147
0.084968,-0.104229,-0.077620
0.085587,-0.105463,-0.078386
0.087142,-0.105150,-0.077805
0.089202,-0.106259,-0.078695
0.091940,-0.104069,-0.078264
0.093004,-0.104523,-0.079562
0.094327,-0.105757,-0.079122
0.095284,-0.104299,-0.077354
0.097038,-0.106111,-0.077922
0.096992,-0.103536,-0.078204
0.101237,-0.106295,-0.078056
0.100334,-0.105154,-0.078554
0.101213,-0.105858,-0.081068
0.106048,-0.107099,-0.079041
0.104435,-0.104225,-0.079501
0.105731,-0.103710,-0.080109
0.107082,-0.106290,-0.079854
0.108570,-0.105322,-0.077897
0.110790,-0.104683,-0.078095
0.112459,-0.104232,-0.080871
0.112104,-0.106540,-0.078649
0.113799,-0.104540,-0.077697
0.115102,-0.105642,-0.077787
0.118116,-0.105816,-0.080320
0.118525,-0.106758,-0.079033
0.119309,-0.105063,-0.078025
0.121012,-0.106458,-0.078652
0.123194,-0.105013,-0.077243
0.123556,-0.106284,-0.079266
0.124827,-0.106291,-0.078300
0.125823,-0.105843,-0.078315
0.127679,-0.106095,-0.078049
0.129380,-0.105573,-0.079525
0.131229,-0.105317,-0.078974
0.132450,-0.104228,-0.079167
0.133600,-0.104180,-0.078391
0.134086,-0.104528,-0.079540
0.134826,-0.105536,-0.081393
0.137546,-0.106728,-0.079167
0.138353,-0.105552,-0.076522
0.140775,-0.104680,-0.080741
0.139871,-0.104500,-0.082726
0.143752,-0.104497,-0.081449
0.144459,-0.105937,-0.083848
0.146746,-0.105674,-0.083705
0.146516,-0.106745,-0.085242
0.149218,-0.105466,-0.086676
0.151435,-0.106368,-0.086073
0.152079,-0.103394,-0.086383
0.151674,-0.106645,-0.088154
0.153674,-0.103812,-0.088811
0.154863,-0.104737,-0.087760
0.155160,-0.107059,-0.090466
0.156760,-0.105142,-0.091765
0.160627,-0.106110,-0.093058
0.160436,-0.106872,-0.094565
0.162653,-0.105391,-0.097176
0.162970,-0.105943,-0.097823
0.164438,-0.106604,-0.101853
0.167318,-0.106653,-0.102463
0.170073,-0.105008,-0.102843
0.170802,-0.104646,-0.105148
0.171439,-0.106816,-0.108506
0.173608,-0.106003,-0.110782
0.175936,-0.105168,-0.115555
0.175972,-0.107258,-0.118247
0.177294,-0.106240,-0.121104
0.180401,-0.106024,-0.127933
0.181418,-0.109428,-0.135469
-0.103171,-0.103680,-0.156414
-0.098357,-0.106791,-0.152192
-0.098549,-0.107053,-0.150654
-0.095711,-0.106842,-0.146451
-0.097229,-0.104882,-0.144124
-0.093855,-0.104786,-0.140879
-0.092660,-0.106161,-0.135442
-0.090176,-0.103230,-0.135573
-0.089589,-0.105606,-0.136073
-0.089198,-0.104316,-0.134014
-0.085036,-0.103566,-0.131082
-0.085904,-0.103726,-0.132528
-0.085000,-0.104696,-0.131624
-0.081696,-0.104108,-0.128739
-0.081175,-0.106327,-0.128132
-0.080216,-0.105352,-0.123142
-0.078273,-0.105659,-0.125561
-0.075192,-0.105594,-0.125255
-0.074788,-0.106086,-0.123444
-0.073482,-0.104394,-0.123072
-0.071048,-0.104347,-0.123584
-0.070058,-0.105208,-0.122193
-0.069889,-0.105460,-0.119260
-0.067076,-0.104180,-0.120586
-0.067308,-0.105467,-0.119234
-0.065842,-0.105115,-0.118912
-0.062689,-0.104282,-0.119131
-0.062123,-0.104528,-0.118497
-0.061732,-0.105003,-0.117632
-0.059672,-0.105945,-0.117786
-0.059028,-0.105211,-0.114817
-0.057571,-0.104508,-0.114832
-0.055718,-0.104706,-0.115954
-0.053807,-0.105098,-0.115236
-0.053915,-0.103676,-0.113560
-0.052908,-0.104892,-0.113210
-0.048475,-0.102477,-0.112350
-0.049692,-0.106677,-0.111242
-0.048945,-0.103961,-0.112132
-0.044745,-0.104924,-0.112302
-0.043456,-0.105776,-0.108732
-0.044503,-0.104253,-0.108117
-0.041594,-0.104984,-0.108552
-0.038353,-0.105604,-0.106921
-0.038856,-0.104298,-0.106928
-0.035421,-0.104033,-0.107380
-0.036590,-0.104490,-0.106734
-0.034994,-0.104840,-0.105821
-0.033093,-0.105836,-0.105588
-0.031744,-0.104963,-0.103614
-0.028381,-0.104641,-0.102938
-0.027697,-0.104043,-0.100963
-0.027427,-0.103834,-0.098445
-0.026569,-0.105669,-0.099457
-0.025219,-0.103496,-0.098228
-0.022668,-0.104639,-0.096785
-0.020831,-0.104157,-0.095121
-0.019196,-0.105030,-0.093868
-0.019385,-0.101583,-0.093159
-0.017455,-0.104449,-0.094402
-0.015995,-0.104503,-0.091102
-0.015141,-0.105555,-0.094258
-0.013343,-0.104221,-0.091329
-0.011128,-0.103865,-0.090386
-0.009800,-0.103669,-0.089460
-0.006789,-0.103880,-0.088656
-0.007543,-0.106281,-0.087053
-0.005622,-0.104087,-0.086320
-0.004368,-0.102602,-0.083733
-0.002053,-0.103532,-0.085458
-0.003539,-0.104568,-0.084000
-0.000389,-0.103738,-0.082676
0.001216,-0.103202,-0.083933
0.001396,-0.103138,-0.081202
0.003524,-0.104353,-0.080554
0.004244,-0.104817,-0.081975
0.006864,-0.102301,-0.081942
0.007796,-0.104059,-0.081606
0.010108,-0.105054,-0.079653
0.011410,-0.103109,-0.080251
0.012091,-0.102797,-0.079796
0.014565,-0.103937,-0.075107
0.014666,-0.104841,-0.076672
0.012814,-0.104096,-0.078457
0.019012,-0.104166,-0.077149
0.017562,-0.103878,-0.076870
0.019320,-0.103974,-0.075078
0.021175,-0.104365,-0.075318
0.023909,-0.103989,-0.075871
0.024851,-0.103592,-0.076110
0.025645,-0.104841,-0.075319
0.026033,-0.104038,-0.073864
0.026447,-0.102613,-0.073748
0.031625,-0.104155,-0.072810
0.031607,-0.104875,-0.073046
0.034114,-0.103028,-0.073618
0.033570,-0.104335,-0.074396
0.033894,-0.103303,-0.073013
0.037210,-0.104456,-0.074708
0.037986,-0.104542,-0.073519
0.040382,-0.103820,-0.073124
0.040157,-0.101363,-0.072029
0.041812,-0.103564,-0.074572
0.042438,-0.104154,-0.072995
0.043811,-0.104055,-0.070611
0.046101,-0.104662,-0.073019
0.046261,-0.102194,-0.073760
0.047418,-0.103062,-0.072983
0.051249,-0.103280,-0.073173
0.051196,-0.104422,-0.073230
0.054371,-0.103981,-0.073112
0.055226,-0.104677,-0.073397
0.055427,-0.103166,-0.072954
0.058350,-0.103919,-0.072245
0.057493,-0.102572,-0.072479
0.059920,-0.104147,-0.072655
0.059482,-0.103559,-0.073082
0.062102,-0.103655,-0.073742
0.063122,-0.103574,-0.075350
0.067191,-0.105279,-0.073192
0.065010,-0.103805,-0.074365
0.066770,-0.103960,-0.073044
0.068821,-0.104285,-0.074825
0.068880,-0.103749,-0.075386
0.070105,-0.102670,-0.073900
0.073242,-0.102717,-0.073353
0.076163,-0.103097,-0.075987
0.075954,-0.103907,-0.075438
0.077022,-0.103612,-0.075091
0.080172,-0.102589,-0.076644
0.078653,-0.103557,-0.076130
0.080279,-0.104078,-0.076791
0.080287,-0.105026,-0.075362
0.085800,-0.103797,-0.077146
0.085211,-0.103605,-0.076602
0.087442,-0.104629,-0.077439
0.088766,-0.101893,-0.078583
0.090086,-0.101921,-0.078025
0.090158,-0.102929,-0.079998
0.092686,-0.104433,-0.078983
0.093452,-0.104786,-0.077949
0.093945,-0.103304,-0.078125
0.097621,-0.103970,-0.079243
0.098051,-0.104327,-0.079832
0.100473,-0.102626,-0.078349
0.102153,-0.103752,-0.080535
0.100482,-0.102819,-0.080525
0.100289,-0.102683,-0.079213
0.105056,-0.103454,-0.080824
0.107363,-0.104006,-0.078110
0.107092,-0.103106,-0.078853
0.107264,-0.103222,-0.079955
0.110572,-0.104533,-0.079814
0.112813,-0.104243,-0.079544
0.112472,-0.104495,-0.079249
0.115069,-0.103467,-0.080143
0.116239,-0.103310,-0.079890
0.119129,-0.103242,-0.078967
0.119620,-0.102454,-0.079138
0.120472,-0.105047,-0.078206
0.121659,-0.105153,-0.078194
0.121077,-0.104176,-0.080181
0.122874,-0.103794,-0.080467
0.125194,-0.103767,-0.078357
0.125497,-0.103173,-0.079336
0.128255,-0.104316,-0.078893
0.128882,-0.105848,-0.079629
0.131024,-0.104128,-0.079858
0.130645,-0.103934,-0.080900
0.131204,-0.102864,-0.079669
0.134931,-0.103598,-0.078770
0.138301,-0.104270,-0.078162
0.136358,-0.104154,-0.081365
0.138116,-0.104414,-0.079168
0.139913,-0.103848,-0.082631
0.141221,-0.102039,-0.082200
0.142676,-0.104194,-0.082638
0.143786,-0.102169,-0.083059
0.147403,-0.105952,-0.083361
0.146855,-0.103402,-0.084290
0.150639,-0.104137,-0.084815
0.151034,-0.105312,-0.085950
0.151956,-0.103753,-0.086596
0.153545,-0.102604,-0.086557
0.155019,-0.104207,-0.087039
0.157679,-0.103808,-0.091627
0.154912,-0.102586,-0.089635
0.160039,-0.104150,-0.091057
0.159330,-0.103619,-0.093553
0.162444,-0.103662,-0.092526
0.163245,-0.104666,-0.096710
0.164451,-0.104872,-0.099112
0.165211,-0.102866,-0.099527
0.167065,-0.104854,-0.102748
0.170265,-0.104352,-0.102368
0.171085,-0.105711,-0.106982
0.170858,-0.104738,-0.111831
0.173069,-0.102540,-0.112534
0.174160,-0.105116,-0.115880
0.175816,-0.105559,-0.118847
0.178338,-0.105839,-0.122718
0.178175,-0.104166,-0.128440
0.180767,-0.105298,-0.137381
-0.100732,-0.105323,-0.154813
-0.096058,-0.104779,-0.152080
-0.097221,-0.104685,-0.149718
-0.094923,-0.105719,-0.145539
-0.095327,-0.105166,-0.141130
-0.092747,-0.104382,-0.138592
-0.091041,-0.104047,-0.136025
-0.089018,-0.104236,-0.137537
-0.087874,-0.104247,-0.135153
-0.086514,-0.104010,-0.133050
-0.083826,-0.102633,-0.131456
-0.083393,-0.104794,-0.130794
-0.081380,-0.103991,-0.129218
-0.079254,-0.104036,-0.127832
-0.081337,-0.103320,-0.123849
-0.077350,-0.102784,-0.125501
-0.076488,-0.103441,-0.124351
-0.075135,-0.103596,-0.123499
-0.074439,-0.100743,-0.123644
-0.073225,-0.102772,-0.122826
-0.072238,-0.103931,-0.121066
-0.069258,-0.103811,-0.122601
-0.068183,-0.104405,-0.119568
-0.067339,-0.104594,-0.118585
-0.063306,-0.103482,-0.120069
-0.063567,-0.102312,-0.118244
-0.061525,-0.103887,-0.119228
-0.061143,-0.103363,-0.117547
-0.058652,-0.102453,-0.117571
-0.058256,-0.105042,-0.117884
-0.057051,-0.103309,-0.116609
-0.053395,-0.104489,-0.115391
-0.052729,-0.103939,-0.115487
-0.054394,-0.103717,-0.115191
-0.050594,-0.103727,-0.111307
-0.049221,-0.103384,-0.113796
-0.047509,-0.103628,-0.114171
-0.048496,-0.103089,-0.109940
-0.046366,-0.102486,-0.110141
-0.042032,-0.103546,-0.109090
-0.043485,-0.100985,-0.109870
-0.040880,-0.103114,-0.107612
-0.041089,-0.102418,-0.105927
-0.038993,-0.103749,-0.107702
-0.036681,-0.103391,-0.104727
-0.035906,-0.102506,-0.105911
-0.034405,-0.101874,-0.104585
-0.033898,-0.102615,-0.104162
-0.031039,-0.103342,-0.103477
-0.030118,-0.103354,-0.102651
-0.029406,-0.103122,-0.100838
-0.025834,-0.103631,-0.099570
-0.024751,-0.102313,-0.097582
-0.022524,-0.101848,-0.097421
-0.023249,-0.102357,-0.097674
-0.023465,-0.102475,-0.095696
-0.020910,-0.103751,-0.095414
-0.016552,-0.101164,-0.094387
-0.016188,-0.101993,-0.092362
-0.014988,-0.103299,-0.092285
-0.014895,-0.101879,-0.089353
-0.013925,-0.101936,-0.091616
-0.012128,-0.103686,-0.089364
-0.010716,-0.101788,-0.089732
-0.007518,-0.103681,-0.087933
-0.007360,-0.102455,-0.087545
-0.004424,-0.100365,-0.087437
-0.004223,-0.102716,-0.085169
-0.004002,-0.102497,-0.086060
-0.001853,-0.103127,-0.083806
-0.001618,-0.102980,-0.083768
0.001762,-0.101985,-0.083560
0.001777,-0.103183,-0.083032
0.003211,-0.103956,-0.082340
0.005705,-0.101406,-0.079918
0.006128,-0.101967,-0.083121
0.008590,-0.103067,-0.080169
0.009142,-0.102554,-0.082266
0.009879,-0.101746,-0.078096
0.012090,-0.102076,-0.078568
0.013952,-0.104001,-0.078375
0.015913,-0.100257,-0.077311
0.016045,-0.102083,-0.077737
0.017443,-0.101173,-0.078196
0.018910,-0.101985,-0.076592
0.020409,-0.103798,-0.076964
0.020710,-0.101779,-0.076516
0.022023,-0.101533,-0.076790
0.022918,-0.101231,-0.074205
0.025699,-0.104101,-0.076394
0.027638,-0.101597,-0.075104
0.026946,-0.101547,-0.075411
0.027895,-0.103208,-0.073967
0.030414,-0.100299,-0.074601
0.033337,-0.102957,-0.072823
0.033698,-0.101997,-0.073445
0.036224,-0.103469,-0.073319
0.035848,-0.103093,-0.074045
0.037600,-0.101579,-0.072807
0.039598,-0.103236,-0.073676
0.039906,-0.102777,-0.072121
0.041501,-0.101361,-0.074200
0.041836,-0.102255,-0.073905
0.044093,-0.103672,-0.074062
0.045568,-0.103151,-0.072632
0.047566,-0.101458,-0.071495
0.049536,-0.101020,-0.072034
0.050535,-0.102352,-0.070780
0.050086,-0.102517,-0.071958
0.053630,-0.102074,-0.072262
0.054457,-0.103315,-0.070927
0.055741,-0.102359,-0.072126
0.057962,-0.103539,-0.073353
0.058595,-0.102991,-0.072339
0.060289,-0.103004,-0.072128
0.060883,-0.102885,-0.073027
0.062663,-0.102937,-0.071475
0.064009,-0.103110,-0.072214
0.063533,-0.103108,-0.073792
0.064055,-0.101357,-0.073978
0.067612,-0.102633,-0.072178
0.069111,-0.101978,-0.073317
0.070180,-0.101530,-0.073413
0.070867,-0.102598,-0.073936
0.073458,-0.102737,-0.073320
0.073919,-0.101545,-0.074022
0.078446,-0.103089,-0.075872
0.075768,-0.101936,-0.075134
0.080205,-0.103158,-0.076491
0.081159,-0.104244,-0.075627
0.081481,-0.103042,-0.075967
0.082572,-0.101888,-0.076837
0.085856,-0.101485,-0.077794
0.086447,-0.102695,-0.077410
0.086315,-0.101714,-0.076956
0.088923,-0.101132,-0.077925
0.090541,-0.100595,-0.079192
0.092301,-0.102277,-0.078315
0.091906,-0.103338,-0.078670
0.093673,-0.102578,-0.078286
0.096360,-0.101554,-0.079180
0.096948,-0.102285,-0.078863
0.096746,-0.101814,-0.079179
0.097893,-0.101941,-0.078799
0.101638,-0.101369,-0.079321
0.100473,-0.103951,-0.081159
0.103445,-0.102579,-0.080984
0.103003,-0.102774,-0.080255
0.103413,-0.102348,-0.080536
0.108624,-0.103081,-0.080060
0.110272,-0.103340,-0.078023
0.110779,-0.102492,-0.079349
0.110873,-0.102260,-0.079251
0.113351,-0.103534,-0.077752
0.115667,-0.103442,-0.080177
0.115477,-0.102132,-0.078680
0.116850,-0.102018,-0.080241
0.119777,-0.100989,-0.077978
0.120496,-0.103681,-0.077109
0.122135,-0.101879,-0.079417
0.123174,-0.102529,-0.077829
0.123907,-0.103329,-0.078664
0.123919,-0.103801,-0.075895
0.125032,-0.101095,-0.078643
0.127436,-0.101301,-0.079481
0.129439,-0.104015,-0.080235
0.129570,-0.102364,-0.081625
0.132697,-0.099825,-0.079040
0.133418,-0.101827,-0.080104
0.134048,-0.101685,-0.079105
0.137309,-0.102022,-0.080330
0.138051,-0.102571,-0.078802
0.139993,-0.101626,-0.080901
0.139713,-0.102276,-0.081526
0.139848,-0.101698,-0.081814
0.143239,-0.104095,-0.082692
0.143687,-0.103772,-0.083417
0.146778,-0.102585,-0.083451
0.147094,-0.101865,-0.085958
0.148604,-0.101246,-0.085374
0.150427,-0.102878,-0.086729
0.150300,-0.102139,-0.085737
0.154094,-0.103794,-0.087959
0.153845,-0.102423,-0.088468
0.155403,-0.100977,-0.087712
0.157171,-0.101540,-0.090024
0.154749,-0.101724,-0.091423
0.161227,-0.102097,-0.092451
0.160269,-0.102535,-0.095453
0.163136,-0.103238,-0.097097
0.164325,-0.100488,-0.097596
0.166910,-0.102671,-0.099582
0.168196,-0.101938,-0.101181
0.168804,-0.103788,-0.102508
0.169287,-0.103179,-0.108551
0.172768,-0.103180,-0.108015
0.172816,-0.104424,-0.112616
0.174441,-0.104526,-0.117267
0.177493,-0.103405,-0.118782
0.176706,-0.104005,-0.122753
0.177591,-0.103991,-0.128069
0.181465,-0.102264,-0.135233
-0.100297,-0.102510,-0.159056
-0.100611,-0.104772,-0.152945
-0.098388,-0.102997,-0.150534
-0.094961,-0.101960,-0.145925
-0.094196,-0.103114,-0.142114
-0.090458,-0.103934,-0.137985
-0.091425,-0.103507,-0.137212
-0.088124,-0.102360,-0.138026
-0.088273,-0.102636,-0.135470
-0.086335,-0.102490,-0.133243
-0.085548,-0.102164,-0.133165
-0.082126,-0.102072,-0.130861
-0.082018,-0.102360,-0.130513
-0.080318,-0.100709,-0.127485
-0.080181,-0.101036,-0.125321
-0.078087,-0.100630,-0.126480
-0.076616,-0.102890,-0.125589
-0.075505,-0.103226,-0.125358
-0.073894,-0.101802,-0.123056
-0.073775,-0.102317,-0.123100
-0.069433,-0.104401,-0.121447
-0.069015,-0.101625,-0.123375
-0.067680,-0.103117,-0.121732
-0.066010,-0.101487,-0.119410
-0.063675,-0.100847,-0.121718
-0.064378,-0.102640,-0.119387
-0.061555,-0.101907,-0.118389
-0.060575,-0.100592,-0.117803
-0.059142,-0.103612,-0.116641
-0.057735,-0.100011,-0.118259
-0.057138,-0.102109,-0.115648
-0.056884,-0.101816,-0.116302
-0.053224,-0.101331,-0.114464
-0.052092,-0.103102,-0.113584
-0.050918,-0.102829,-0.113945
-0.049370,-0.101782,-0.111709
-0.046863,-0.101385,-0.113161
-0.047214,-0.100484,-0.113110
-0.043613,-0.099581,-0.110097
-0.043878,-0.100522,-0.113304
-0.041762,-0.101135,-0.108016
-0.042147,-0.102921,-0.108654
-0.040036,-0.100714,-0.108101
-0.036769,-0.100159,-0.106205
-0.038091,-0.102188,-0.105897
-0.036467,-0.100723,-0.105342
-0.035344,-0.101145,-0.104261
-0.033813,-0.100144,-0.105713
-0.030482,-0.102191,-0.103629
-0.029852,-0.099267,-0.102046
-0.028938,-0.100690,-0.100404
-0.027832,-0.102946,-0.100201
-0.026565,-0.101721,-0.099629
-0.024872,-0.098891,-0.098417
-0.022060,-0.101916,-0.095765
-0.022104,-0.100776,-0.097582
-0.019590,-0.100373,-0.094012
-0.018718,-0.101807,-0.095528
-0.017377,-0.101138,-0.094990
-0.016261,-0.100680,-0.091155
-0.014141,-0.100699,-0.090960
-0.015001,-0.101432,-0.090102
-0.011337,-0.101832,-0.089836
-0.011223,-0.101513,-0.089697
-0.010283,-0.102273,-0.086841
-0.007331,-0.101808,-0.086316
-0.005671,-0.101959,-0.087444
-0.003804,-0.101266,-0.086340
-0.002585,-0.100852,-0.084907
-0.001208,-0.100563,-0.084586
-0.001144,-0.100722,-0.083730
-0.000106,-0.103444,-0.083631
0.002311,-0.099853,-0.081465
0.003013,-0.101024,-0.080798
0.004941,-0.099650,-0.077750
0.006756,-0.103224,-0.082633
0.006075,-0.099575,-0.080737
0.007433,-0.100776,-0.079418
0.011073,-0.101273,-0.077521
0.012814,-0.100619,-0.077934
0.012973,-0.097998,-0.077833
0.013341,-0.102423,-0.076714
0.015676,-0.099775,-0.076948
0.016781,-0.100235,-0.077321
0.018540,-0.101916,-0.076944
0.019679,-0.099085,-0.077048
0.021857,-0.100390,-0.075165
0.023153,-0.100389,-0.075736
0.023493,-0.100525,-0.075157
0.024564,-0.102061,-0.075535
0.025635,-0.100823,-0.076354
0.026461,-0.101132,-0.073502
0.029715,-0.101952,-0.073055
0.031528,-0.099983,-0.072883
0.033796,-0.099553,-0.073785
0.032728,-0.101035,-0.072579
0.034354,-0.099869,-0.072271
0.036960,-0.101104,-0.071924
0.036588,-0.099474,-0.072216
0.038330,-0.100166,-0.073478
0.041353,-0.101364,-0.071292
0.041034,-0.100170,-0.071241
0.043211,-0.102259,-0.073003
0.044897,-0.101126,-0.073010
0.047273,-0.100264,-0.073194
0.048551,-0.099773,-0.072185
0.047522,-0.100579,-0.073068
0.048933,-0.102105,-0.072141
0.051532,-0.099998,-0.071320
0.053422,-0.101388,-0.071173
0.055164,-0.099155,-0.072071
0.054928,-0.101717,-0.072433
0.055662,-0.099812,-0.072581
0.058734,-0.100992,-0.072928
0.061145,-0.099367,-0.074021
0.060992,-0.100914,-0.071801
0.061322,-0.100236,-0.074017
0.064240,-0.100311,-0.073510
0.065481,-0.099755,-0.073397
0.067600,-0.099862,-0.073423
0.067408,-0.099713,-0.073918
0.070364,-0.102316,-0.072520
0.070317,-0.100084,-0.073800
0.071250,-0.099431,-0.074595
0.074339,-0.101657,-0.073707
0.073587,-0.101390,-0.076933
0.075753,-0.099809,-0.076102
0.078973,-0.101101,-0.074746
0.077844,-0.099561,-0.075175
0.080739,-0.101315,-0.073841
0.082739,-0.101841,-0.076311
0.081261,-0.099678,-0.076472
0.084284,-0.101202,-0.077166
0.085209,-0.100338,-0.077206
0.087552,-0.101283,-0.079944
0.087479,-0.101219,-0.076679
0.089157,-0.102697,-0.078574
0.091684,-0.100929,-0.079419
0.092258,-0.103107,-0.078123
0.093527,-0.100871,-0.078368
0.094841,-0.101236,-0.079272
0.096613,-0.101273,-0.079243
0.097787,-0.100544,-0.078964
0.098768,-0.100327,-0.077613
0.100388,-0.099245,-0.079125
0.102202,-0.099560,-0.080745
0.103536,-0.101014,-0.081135
0.106041,-0.098663,-0.077685
0.104493,-0.101434,-0.082302
0.107643,-0.100771,-0.080527
0.109213,-0.101044,-0.080074
0.110403,-0.099870,-0.080513
0.111201,-0.100600,-0.081135
0.112500,-0.100489,-0.078036
0.113937,-0.099751,-0.078949
0.114350,-0.102089,-0.079322
0.117056,-0.100150,-0.080601
0.117071,-0.101962,-0.077560
0.119043,-0.102582,-0.077871
0.119871,-0.101127,-0.078775
0.122698,-0.100585,-0.078381
0.123694,-0.100662,-0.079552
0.126061,-0.102689,-0.077236
0.126066,-0.099542,-0.078745
0.128211,-0.099521,-0.077698
0.128284,-0.101096,-0.080068
0.131300,-0.101469,-0.080541
0.132310,-0.101311,-0.079689
0.134309,-0.100876,-0.081112
0.135112,-0.100459,-0.080820
0.135833,-0.101941,-0.081118
0.137442,-0.099272,-0.080926
0.137592,-0.101053,-0.082346
0.140454,-0.102047,-0.080765
0.139916,-0.101169,-0.082136
0.142004,-0.101141,-0.083306
0.144440,-0.101657,-0.083182
0.146617,-0.101441,-0.083512
0.147622,-0.099687,-0.083136
0.147417,-0.100027,-0.086788
0.150281,-0.099261,-0.087710
0.152586,-0.101753,-0.086700
0.151860,-0.099956,-0.088930
0.155406,-0.100498,-0.087615
0.155436,-0.101021,-0.089591
0.156954,-0.101080,-0.089413
0.157164,-0.100102,-0.093284
0.158334,-0.101392,-0.093269
0.160989,-0.102114,-0.095643
0.162785,-0.101841,-0.097179
0.164826,-0.101557,-0.098104
0.165615,-0.100738,-0.102149
0.165899,-0.102376,-0.101815
0.168790,-0.101630,-0.104780
0.168097,-0.099255,-0.107071
0.171615,-0.100286,-0.108908
0.173093,-0.101641,-0.113742
0.175280,-0.101559,-0.116521
0.175924,-0.099678,-0.120576
0.177309,-0.102783,-0.121789
0.179415,-0.100931,-0.128469
0.181990,-0.101300,-0.136575
-0.102620,-0.103399,-0.158660
-0.098280,-0.099635,-0.154067
-0.096941,-0.099728,-0.151680
-0.095936,-0.099723,-0.146814
-0.092572,-0.102035,-0.143570
-0.091610,-0.099265,-0.141125
-0.091248,-0.100707,-0.139284
-0.088016,-0.101162,-0.138535
-0.088716,-0.099986,-0.134840
-0.088579,-0.100613,-0.133033
-0.085591,-0.098350,-0.132981
-0.084390,-0.101718,-0.131888
-0.082340,-0.100706,-0.131658
-0.082313,-0.100230,-0.130433
-0.079898,-0.100889,-0.127602
-0.076450,-0.101643,-0.126581
-0.077107,-0.099274,-0.126135
-0.075131,-0.100238,-0.125166
-0.072640,-0.098733,-0.124695
-0.073113,-0.099873,-0.124859
-0.071012,-0.099772,-0.122136
-0.070129,-0.100290,-0.122545
-0.066983,-0.100519,-0.119984
-0.067241,-0.099892,-0.121168
-0.064017,-0.099236,-0.119674
-0.064605,-0.100024,-0.118649
-0.061042,-0.098845,-0.119462
-0.060245,-0.099914,-0.119171
-0.058730,-0.100750,-0.118599
-0.057992,-0.099966,-0.118415
-0.055793,-0.100881,-0.116192
-0.056079,-0.098477,-0.115246
-0.053383,-0.098522,-0.115893
-0.052158,-0.099701,-0.114920
-0.051769,-0.099577,-0.114595
-0.049164,-0.099442,-0.113408
-0.049261,-0.099172,-0.112311
-0.045545,-0.099658,-0.110719
-0.045961,-0.100366,-0.111367
-0.041456,-0.099056,-0.111057
-0.041712,-0.100199,-0.109460
-0.041707,-0.100125,-0.109314
-0.041171,-0.099928,-0.108822
-0.038560,-0.099286,-0.106292
-0.036054,-0.099799,-0.106175
-0.038328,-0.101013,-0.104948
-0.034786,-0.100035,-0.104196
-0.034179,-0.099813,-0.104545
-0.030920,-0.098930,-0.100458
-0.031340,-0.099709,-0.099573
-0.029293,-0.101396,-0.101194
-0.024812,-0.099342,-0.101306
-0.027929,-0.101200,-0.098609
-0.023811,-0.097737,-0.097036
-0.023711,-0.099822,-0.095918
-0.023045,-0.100368,-0.095519
-0.020272,-0.100235,-0.096349
-0.019836,-0.097908,-0.092163
-0.016884,-0.099908,-0.093717
-0.016760,-0.098283,-0.092889
-0.012381,-0.098303,-0.092242
-0.010960,-0.098669,-0.091343
-0.010360,-0.100155,-0.090854
-0.009527,-0.099408,-0.089311
-0.006654,-0.100102,-0.086962
-0.007527,-0.099110,-0.087191
-0.004235,-0.100006,-0.085901
-0.005562,-0.099754,-0.086373
-0.001104,-0.099807,-0.084646
-0.001799,-0.099656,-0.082298
-0.002037,-0.099534,-0.084380
0.001792,-0.100106,-0.082805
0.001428,-0.098568,-0.081217
0.004461,-0.099428,-0.080979
0.005721,-0.101140,-0.080879
0.005845,-0.097962,-0.080710
0.007447,-0.096988,-0.080474
0.011203,-0.098657,-0.079026
0.011421,-0.097520,-0.078235
0.011914,-0.098726,-0.076962
0.013174,-0.095388,-0.078776
0.013048,-0.101466,-0.077892
0.015924,-0.099145,-0.077850
0.015006,-0.098378,-0.077479
0.017825,-0.101536,-0.076250
0.019487,-0.099489,-0.076837
0.020433,-0.098609,-0.075591
0.021382,-0.098810,-0.076016
0.024266,-0.099544,-0.074674
0.025370,-0.099145,-0.074566
0.026935,-0.097923,-0.075679
0.027351,-0.098094,-0.075476
0.031326,-0.098868,-0.074565
0.031075,-0.098340,-0.071364
0.030326,-0.097689,-0.075132
0.035048,-0.101182,-0.074154
0.033586,-0.101802,-0.073716
0.036328,-0.099299,-0.073297
0.039777,-0.099260,-0.072166
0.039484,-0.099750,-0.072661
0.040053,-0.099778,-0.070653
0.041740,-0.099576,-0.072430
0.041294,-0.098249,-0.071273
0.044715,-0.099335,-0.072328
0.046278,-0.099513,-0.072753
0.050336,-0.100215,-0.073124
0.049699,-0.097522,-0.073296
0.048328,-0.101135,-0.071280
0.051082,-0.099390,-0.072391
0.053834,-0.097374,-0.073180
0.054173,-0.099892,-0.073966
0.055863,-0.097825,-0.071190
0.057219,-0.098076,-0.074083
0.057363,-0.099265,-0.073238
0.059685,-0.099291,-0.071735
0.059650,-0.096523,-0.071314
0.063768,-0.099475,-0.074361
0.063451,-0.098709,-0.074250
0.066487,-0.099696,-0.071304
0.067458,-0.097969,-0.072743
0.067059,-0.100005,-0.071994
0.068414,-0.099233,-0.073188
0.068926,-0.100017,-0.074948
0.070865,-0.098594,-0.072496
0.073028,-0.098283,-0.074746
0.074360,-0.098805,-0.073099
0.073368,-0.098086,-0.075174
0.077807,-0.100403,-0.076620
0.079385,-0.100173,-0.074581
0.081269,-0.099716,-0.073819
0.083034,-0.099263,-0.076474
0.083043,-0.099153,-0.077544
0.086670,-0.099025,-0.077339
0.086502,-0.098615,-0.076928
0.087212,-0.101431,-0.076325
0.087690,-0.100527,-0.080594
0.090453,-0.097665,-0.079227
0.091527,-0.098040,-0.078333
0.092650,-0.099391,-0.076925
0.094909,-0.098702,-0.078909
0.094181,-0.100011,-0.076754
0.097520,-0.098679,-0.079474
0.099341,-0.098007,-0.080000
0.100253,-0.099996,-0.079976
0.100878,-0.098387,-0.080171
0.103440,-0.099555,-0.081576
0.102072,-0.098677,-0.079334
0.104280,-0.098826,-0.079972
0.105161,-0.098522,-0.079043
0.105788,-0.099609,-0.080943
0.107347,-0.099580,-0.079601
0.109668,-0.100055,-0.078419
0.110218,-0.097792,-0.081420
0.112503,-0.097065,-0.079995
0.114255,-0.099764,-0.080787
0.114938,-0.098186,-0.080735
0.118571,-0.098212,-0.079270
0.117291,-0.097362,-0.079543
0.119601,-0.098811,-0.078106
0.121415,-0.098538,-0.078592
0.122913,-0.099066,-0.079583
0.123798,-0.098789,-0.080796
0.127059,-0.100330,-0.078684
0.128327,-0.100343,-0.079847
0.127041,-0.101059,-0.079066
0.128778,-0.100438,-0.080686
0.133168,-0.099965,-0.078826
0.132773,-0.099759,-0.079386
0.135496,-0.099789,-0.079617
0.133789,-0.098279,-0.081172
0.135904,-0.098754,-0.078359
0.136042,-0.099307,-0.081105
0.137084,-0.100023,-0.079644
0.139156,-0.098668,-0.081941
0.140856,-0.100033,-0.081766
0.144606,-0.100148,-0.083482
0.144725,-0.099932,-0.084796
0.147567,-0.099653,-0.084200
0.147309,-0.099904,-0.085567
0.147942,-0.098935,-0.085289
0.152112,-0.101249,-0.086032
0.151463,-0.098170,-0.087615
0.153120,-0.100451,-0.087482
0.152842,-0.100147,-0.089207
0.155135,-0.098759,-0.088210
0.155693,-0.100068,-0.088975
0.158722,-0.100057,-0.093026
0.160226,-0.097791,-0.093619
0.161110,-0.098858,-0.095615
0.162575,-0.097236,-0.097921
0.164722,-0.100381,-0.099069
0.164634,-0.100526,-0.100624
0.166919,-0.100549,-0.102261
0.168986,-0.101083,-0.103641
0.169717,-0.098167,-0.106332
0.170770,-0.099959,-0.110056
0.171649,-0.100641,-0.112843
0.175789,-0.099716,-0.116827
0.177173,-0.099864,-0.120762
0.176782,-0.100385,-0.122878
0.179540,-0.100156,-0.129471
0.180969,-0.100723,-0.137258
-0.100429,-0.099760,-0.157323
-0.097697,-0.098085,-0.153839
-0.096300,-0.098459,-0.147405
-0.093291,-0.098711,-0.143797
-0.091070,-0.099972,-0.142374
-0.090157,-0.100442,-0.139180
-0.090135,-0.098419,-0.138550
-0.088783,-0.099148,-0.135954
-0.087797,-0.099481,-0.136409
-0.086726,-0.098818,-0.133367
-0.083544,-0.099348,-0.132891
-0.080350,-0.099158,-0.130951
-0.081543,-0.097328,-0.130724
-0.080184,-0.097952,-0.126351
-0.078564,-0.099360,-0.125871
-0.074627,-0.098689,-0.127228
-0.074288,-0.099755,-0.126021
-0.072278,-0.099384,-0.126240
-0.072450,-0.098800,-0.123524
-0.069504,-0.099818,-0.122398
-0.072206,-0.100235,-0.123511
-0.068175,-0.098572,-0.119987
-0.067344,-0.098457,-0.120726
-0.064413,-0.098958,-0.120041
-0.063782,-0.098578,-0.117639
-0.061778,-0.099938,-0.117647
-0.063129,-0.101322,-0.118457
-0.060216,-0.098345,-0.119265
-0.058018,-0.099906,-0.118113
-0.056637,-0.098783,-0.115237
-0.054587,-0.097451,-0.116086
-0.055225,-0.098911,-0.114727
-0.051165,-0.096247,-0.113842
-0.051759,-0.097376,-0.113424
-0.050009,-0.098233,-0.113071
-0.049074,-0.097192,-0.114558
-0.046867,-0.097880,-0.112248
-0.046016,-0.098366,-0.111913
-0.045875,-0.097322,-0.111096
-0.042387,-0.099629,-0.110608
-0.040406,-0.097022,-0.110157
-0.039803,-0.099126,-0.106903
-0.037935,-0.097258,-0.108192
-0.036120,-0.097886,-0.108065
-0.035445,-0.097366,-0.106517
-0.033093,-0.098920,-0.104134
-0.031481,-0.097901,-0.105930
-0.032021,-0.096085,-0.102857
-0.029443,-0.098362,-0.101317
-0.027476,-0.096771,-0.100974
-0.027502,-0.098366,-0.099747
-0.025862,-0.097992,-0.100454
-0.025867,-0.100245,-0.097430
-0.022708,-0.098580,-0.095659
-0.021000,-0.098717,-0.095552
-0.018695,-0.098463,-0.094283
-0.019337,-0.097458,-0.094305
-0.015914,-0.097054,-0.091824
-0.018163,-0.099255,-0.091249
-0.015255,-0.097422,-0.091925
-0.011446,-0.097331,-0.091044
-0.012162,-0.097299,-0.088418
-0.011347,-0.097658,-0.088478
-0.008185,-0.099017,-0.088316
-0.008011,-0.097064,-0.086856
-0.006413,-0.095942,-0.085510
-0.004681,-0.096982,-0.085566
-0.002842,-0.097780,-0.085940
-0.001732,-0.097619,-0.083135
0.001012,-0.099160,-0.083264
0.000052,-0.097607,-0.083986
0.002628,-0.096956,-0.081573
0.002931,-0.099915,-0.081840
0.004942,-0.096691,-0.081959
0.006763,-0.097520,-0.080099
0.006703,-0.099727,-0.077683
0.007408,-0.097975,-0.081013
0.009579,-0.095454,-0.078883
0.011157,-0.097180,-0.080035
0.013755,-0.096760,-0.076999
0.014088,-0.097067,-0.077509
0.015652,-0.096786,-0.077605
0.016959,-0.098494,-0.077272
0.019354,-0.095803,-0.078902
0.019310,-0.098301,-0.078030
0.021469,-0.097606,-0.075374
0.021492,-0.095529,-0.076220
0.024608,-0.096723,-0.073715
0.025526,-0.096961,-0.074987
0.026494,-0.097194,-0.074726
0.026990,-0.095476,-0.072823
0.028671,-0.097961,-0.074488
0.030566,-0.098795,-0.073233
0.030302,-0.096372,-0.076361
0.036312,-0.097710,-0.072771
0.035854,-0.096641,-0.071682
0.034962,-0.099382,-0.070018
0.036846,-0.096723,-0.072309
0.039569,-0.097908,-0.071558
0.040095,-0.095473,-0.071880
0.042333,-0.097922,-0.072045
0.042171,-0.098594,-0.070999
0.044598,-0.097498,-0.072992
0.045618,-0.095833,-0.070603
0.049328,-0.096369,-0.072369
0.048525,-0.094874,-0.071331
0.049704,-0.097987,-0.072224
0.053659,-0.098722,-0.071145
0.052894,-0.097609,-0.071822
0.054223,-0.097383,-0.072544
0.056597,-0.096141,-0.071679
0.056279,-0.095769,-0.070807
0.056779,-0.097603,-0.072601
0.059905,-0.098713,-0.073886
0.061218,-0.097416,-0.072256
0.062305,-0.097205,-0.073676
0.063589,-0.098501,-0.073246
0.064076,-0.098207,-0.073126
0.065668,-0.095980,-0.074103
0.067783,-0.099315,-0.073425
0.069803,-0.097011,-0.075153
0.071290,-0.097332,-0.075261
0.072163,-0.097597,-0.073154
0.072830,-0.095713,-0.073476
0.074720,-0.097545,-0.075799
0.076817,-0.097039,-0.074744
0.076170,-0.095026,-0.075744
0.077977,-0.100220,-0.074928
0.080828,-0.096778,-0.075751
0.081166,-0.098196,-0.077250
0.082504,-0.099053,-0.075042
0.085294,-0.096350,-0.076673
0.086507,-0.098338,-0.077070
0.087818,-0.098744,-0.077950
0.086636,-0.097095,-0.077877
0.091143,-0.098192,-0.077264
0.089962,-0.096066,-0.079908
0.092357,-0.097558,-0.076893
0.093731,-0.097712,-0.079676
0.094086,-0.098422,-0.079051
0.096557,-0.098488,-0.078655
0.097916,-0.098598,-0.078921
0.099165,-0.097047,-0.080871
0.099504,-0.098757,-0.080335
0.101603,-0.096330,-0.081514
0.103248,-0.097441,-0.080304
0.104800,-0.096422,-0.080066
0.105924,-0.098548,-0.080760
0.106788,-0.097876,-0.079891
0.111770,-0.097575,-0.080459
0.110238,-0.097585,-0.079797
0.112639,-0.097472,-0.079155
0.113412,-0.097728,-0.081266
0.113760,-0.097853,-0.078985
0.116759,-0.097414,-0.078385
0.115613,-0.098120,-0.079739
0.119391,-0.097706,-0.078553
0.120185,-0.094566,-0.079099
0.120008,-0.098455,-0.079652
0.123215,-0.097834,-0.079463
0.125173,-0.098756,-0.078234
0.123792,-0.097695,-0.078149
0.127250,-0.097262,-0.079700
0.128134,-0.098317,-0.077980
0.128865,-0.097035,-0.081667
0.131250,-0.096865,-0.079401
0.132882,-0.098291,-0.080906
0.132684,-0.096928,-0.082040
0.134710,-0.097962,-0.080142
0.136891,-0.096782,-0.081169
0.137665,-0.097932,-0.079468
0.139901,-0.098713,-0.080365
0.140131,-0.100932,-0.081976
0.142457,-0.097259,-0.082657
0.143844,-0.098661,-0.082577
0.144895,-0.098568,-0.083824
0.144594,-0.098518,-0.082486
0.146260,-0.097481,-0.085321
0.147249,-0.097552,-0.086042
0.150484,-0.098419,-0.086342
0.149730,-0.096976,-0.085013
0.153083,-0.097782,-0.088496
0.153336,-0.098627,-0.089270
0.154303,-0.098207,-0.091974
0.157321,-0.099797,-0.090195
0.159561,-0.097355,-0.093016
0.161306,-0.096847,-0.093802
0.161295,-0.098176,-0.096829
0.160651,-0.097291,-0.099007
0.163945,-0.099041,-0.099173
0.165139,-0.096793,-0.101078
0.167490,-0.099818,-0.102010
0.168036,-0.097709,-0.104547
0.171348,-0.099576,-0.105256
0.170715,-0.098620,-0.111350
0.172720,-0.098322,-0.112098
0.174928,-0.097839,-0.114733
0.175543,-0.096517,-0.118172
0.177415,-0.097865,-0.122918
0.178981,-0.099523,-0.129880
0.180741,-0.099839,-0.137721
-0.100639,-0.098610,-0.156253
-0.095661,-0.097824,-0.154654
-0.096175,-0.097066,-0.150262
-0.093552,-0.098440,-0.146216
-0.091792,-0.097458,-0.143305
-0.093773,-0.096991,-0.140719
-0.089348,-0.097951,-0.139499
-0.087788,-0.098297,-0.137199
-0.087492,-0.097103,-0.134467
-0.086380,-0.097399,-0.134593
-0.084468,-0.097918,-0.133738
-0.083512,-0.098533,-0.133387
-0.080396,-0.097905,-0.131959
-0.077140,-0.097984,-0.126860
-0.078152,-0.097160,-0.126605
-0.076583,-0.096806,-0.126418
-0.075728,-0.096219,-0.126745
-0.074167,-0.096780,-0.125503
-0.071995,-0.097389,-0.123944
-0.071393,-0.098461,-0.124266
-0.068586,-0.095774,-0.122740
-0.068229,-0.096462,-0.121501
-0.067091,-0.098744,-0.120616
-0.066074,-0.096775,-0.120036
-0.064003,-0.094648,-0.119911
-0.064166,-0.097510,-0.118970
-0.061678,-0.097449,-0.118136
-0.059300,-0.097106,-0.118255
-0.057611,-0.096722,-0.117041
-0.056131,-0.095771,-0.116381
-0.056474,-0.097157,-0.117131
-0.054186,-0.096764,-0.114973
-0.053672,-0.098623,-0.115974
-0.051689,-0.097729,-0.114620
-0.050382,-0.097203,-0.113271
-0.048428,-0.097220,-0.112794
-0.047330,-0.098355,-0.112950
-0.045221,-0.096635,-0.113107
-0.042519,-0.096483,-0.112141
-0.040690,-0.096940,-0.108568
-0.041052,-0.094162,-0.111433
-0.039602,-0.095691,-0.108037
-0.038505,-0.097186,-0.107938
-0.035674,-0.097090,-0.105698
-0.035449,-0.096888,-0.107541
-0.032593,-0.098060,-0.105884
-0.033593,-0.094848,-0.103737
-0.031029,-0.098125,-0.103162
-0.031501,-0.096377,-0.102694
-0.028139,-0.097181,-0.101453
-0.026458,-0.097249,-0.099045
-0.025392,-0.097173,-0.098372
-0.024434,-0.097059,-0.097196
-0.024110,-0.095752,-0.096807
-0.021525,-0.095966,-0.097331
-0.021688,-0.095695,-0.092796
-0.018212,-0.098134,-0.094593
-0.018081,-0.097042,-0.093866
-0.015663,-0.097751,-0.091012
-0.014250,-0.096842,-0.092544
-0.012131,-0.096148,-0.092275
-0.011124,-0.097481,-0.088200
-0.009664,-0.096894,-0.088090
-0.010426,-0.098363,-0.086576
-0.007338,-0.093856,-0.087522
-0.007890,-0.097030,-0.086690
-0.005314,-0.096203,-0.085404
-0.002038,-0.095833,-0.084908
-0.001666,-0.094747,-0.082454
-0.002089,-0.095865,-0.082843
0.001340,-0.093766,-0.082762
0.003165,-0.095448,-0.082190
0.004991,-0.098225,-0.081387
0.004483,-0.095941,-0.079876
0.004444,-0.095298,-0.079998
0.007470,-0.096426,-0.079591
0.009716,-0.096241,-0.079723
0.008653,-0.094467,-0.078949
0.011042,-0.096434,-0.077962
0.013430,-0.094373,-0.077222
0.013662,-0.096668,-0.078813
0.016355,-0.096243,-0.076024
0.016376,-0.096463,-0.078218
0.020322,-0.096643,-0.074219
0.019890,-0.093967,-0.072741
0.020118,-0.094764,-0.075934
0.022745,-0.095923,-0.075159
0.023992,-0.096572,-0.074856
0.023617,-0.096259,-0.074293
0.026249,-0.095129,-0.074585
0.028529,-0.093935,-0.074848
0.029792,-0.095821,-0.074632
0.031264,-0.094971,-0.073271
0.033259,-0.095898,-0.072967
0.036111,-0.093978,-0.073557
0.035004,-0.096347,-0.072981
0.035883,-0.096175,-0.074228
0.038920,-0.096458,-0.073448
0.039565,-0.096952,-0.072677
0.039783,-0.097168,-0.071791
0.042652,-0.097112,-0.070964
0.043620,-0.096164,-0.071838
0.044374,-0.098210,-0.072225
0.046083,-0.095967,-0.072420
0.045874,-0.095909,-0.071288
0.049843,-0.095566,-0.071178
0.048179,-0.096180,-0.071863
0.051080,-0.095607,-0.072195
0.053289,-0.096857,-0.071810
0.053014,-0.095723,-0.069922
0.055259,-0.095059,-0.071229
0.057056,-0.094213,-0.072308
0.058448,-0.097770,-0.071177
0.059343,-0.092889,-0.072394
0.059969,-0.096553,-0.073232
0.061950,-0.095475,-0.072091
0.062917,-0.097808,-0.071602
0.062916,-0.094910,-0.074886
0.066044,-0.096720,-0.074083
0.067501,-0.096037,-0.072105
0.068246,-0.095872,-0.074936
0.069723,-0.095507,-0.075266
0.070120,-0.097995,-0.075000
0.073270,-0.096578,-0.074045
0.072733,-0.096975,-0.075217
0.075713,-0.097005,-0.073082
0.076997,-0.096026,-0.074534
0.079098,-0.095742,-0.075029
0.080973,-0.096206,-0.077576
0.082372,-0.096208,-0.075513
0.082599,-0.096160,-0.076024
0.084297,-0.095039,-0.075775
0.085743,-0.097724,-0.077808
0.088254,-0.097950,-0.074709
0.088948,-0.094971,-0.075206
0.089539,-0.097039,-0.078671
0.091574,-0.096189,-0.078908
0.092736,-0.095731,-0.078733
0.094144,-0.096654,-0.080160
0.095246,-0.096080,-0.079287
0.096908,-0.096279,-0.080145
0.098407,-0.096420,-0.080309
0.098567,-0.096863,-0.079502
0.101589,-0.094711,-0.080281
0.101905,-0.097589,-0.080524
0.103329,-0.095887,-0.079521
0.103064,-0.097856,-0.080550
0.106881,-0.096040,-0.079786
0.106833,-0.095090,-0.082060
0.110331,-0.094855,-0.080645
0.109359,-0.097763,-0.079908
0.111998,-0.096961,-0.080400
0.112715,-0.095356,-0.081053
0.115596,-0.097163,-0.081320
0.115594,-0.097146,-0.078602
0.114560,-0.096432,-0.079931
0.116502,-0.095323,-0.079143
0.121570,-0.093440,-0.078037
0.120750,-0.094560,-0.080364
0.122617,-0.096401,-0.079701
0.123906,-0.094866,-0.078625
0.125671,-0.096940,-0.081173
0.126723,-0.096486,-0.079294
0.128679,-0.096083,-0.080756
0.128169,-0.095509,-0.081561
0.131173,-0.095634,-0.080270
0.132273,-0.094555,-0.079235
0.135171,-0.095540,-0.079128
0.134841,-0.098013,-0.081380
0.136333,-0.093198,-0.081026
0.138405,-0.095250,-0.080689
0.139582,-0.095480,-0.081075
0.139942,-0.095973,-0.081729
0.141796,-0.097159,-0.083780
0.143634,-0.094640,-0.083205
0.146319,-0.094388,-0.086338
0.145391,-0.095575,-0.083216
0.147282,-0.096596,-0.086182
0.148386,-0.095692,-0.088233
0.151205,-0.096213,-0.087406
0.151299,-0.096717,-0.087265
0.152896,-0.096378,-0.088350
0.154011,-0.096585,-0.088390
0.156443,-0.096364,-0.089312
0.155757,-0.096072,-0.091567
0.157611,-0.095363,-0.092085
0.158175,-0.096344,-0.096460
0.161640,-0.097036,-0.096194
0.161719,-0.098337,-0.098339
0.164623,-0.096969,-0.102543
0.164306,-0.096484,-0.101283
0.166160,-0.097023,-0.102646
0.169571,-0.095514,-0.106068
0.171667,-0.097568,-0.109053
0.171415,-0.095965,-0.109019
0.172452,-0.097125,-0.113899
0.174362,-0.096845,-0.115671
0.175940,-0.098153,-0.118887
0.179934,-0.096182,-0.122798
0.177420,-0.096914,-0.128802
0.179675,-0.097150,-0.137603
-0.099510,-0.098808,-0.176111
-0.097679,-0.093910,-0.154693
-0.094475,-0.097177,-0.152854
-0.094676,-0.095804,-0.148885
-0.091846,-0.095070,-0.144490
-0.091654,-0.093689,-0.139675
-0.090219,-0.096052,-0.140552
-0.087211,-0.095396,-0.138244
-0.084723,-0.096346,-0.139298
-0.083836,-0.094298,-0.135663
-0.084549,-0.096724,-0.134485
-0.082860,-0.095264,-0.132418
-0.080012,-0.096471,-0.129811
-0.078987,-0.096971,-0.128160
-0.078766,-0.095250,-0.126279
-0.075327,-0.097474,-0.127815
-0.073981,-0.095654,-0.125916
-0.075176,-0.095445,-0.124517
-0.072634,-0.094920,-0.125838
-0.071199,-0.096247,-0.123599
-0.069396,-0.094210,-0.123551
-0.068964,-0.097135,-0.122603
-0.066817,-0.096217,-0.123672
-0.065760,-0.094753,-0.120745
-0.062173,-0.093996,-0.120190
-0.063096,-0.094896,-0.117679
-0.060411,-0.094127,-0.119066
-0.058383,-0.093840,-0.119582
-0.057812,-0.096095,-0.117556
-0.058341,-0.094500,-0.116774
-0.056750,-0.096838,-0.117188
-0.053002,-0.095955,-0.115681
-0.052514,-0.093382,-0.115340
-0.051787,-0.093494,-0.115202
-0.049066,-0.095058,-0.113236
-0.047517,-0.095263,-0.112604
-0.046657,-0.096032,-0.113866
-0.044945,-0.094604,-0.113179
-0.044992,-0.094875,-0.110301
-0.041668,-0.094202,-0.111162
-0.040793,-0.095334,-0.110253
-0.040472,-0.095633,-0.109217
-0.038744,-0.093952,-0.108275
-0.039439,-0.094535,-0.107845
-0.035448,-0.093926,-0.106004
-0.033710,-0.096546,-0.105856
-0.032132,-0.096112,-0.104493
-0.032403,-0.095434,-0.101298
-0.029812,-0.095500,-0.102883
-0.030603,-0.096404,-0.101969
-0.027601,-0.094478,-0.100621
-0.025457,-0.095764,-0.099344
-0.025143,-0.096184,-0.096536
-0.022221,-0.094420,-0.096520
-0.019344,-0.094011,-0.095006
-0.018498,-0.093797,-0.094118
-0.021002,-0.093663,-0.094390
-0.018565,-0.095575,-0.091464
-0.016574,-0.093751,-0.092675
-0.014261,-0.093327,-0.090990
-0.013421,-0.094507,-0.092226
-0.011478,-0.096614,-0.090766
-0.008784,-0.095887,-0.087825
-0.008248,-0.094528,-0.088509
-0.007354,-0.094835,-0.087670
-0.005653,-0.096969,-0.086954
-0.004820,-0.093211,-0.085947
-0.003432,-0.096850,-0.086030
-0.003020,-0.095582,-0.083767
-0.002539,-0.094851,-0.083950
0.000706,-0.092887,-0.083976
0.003426,-0.095599,-0.080014
0.002830,-0.094430,-0.082248
0.004685,-0.093023,-0.080428
0.006754,-0.094273,-0.080278
0.006017,-0.094394,-0.080738
0.009604,-0.092666,-0.078910
0.011857,-0.095330,-0.077346
0.013460,-0.093794,-0.077156
0.013758,-0.094846,-0.077851
0.013523,-0.094237,-0.078224
0.016287,-0.094334,-0.077225
0.018109,-0.095873,-0.078272
0.018548,-0.094607,-0.076650
0.019990,-0.095510,-0.075633
0.021921,-0.093427,-0.076213
0.022774,-0.093074,-0.074766
0.025527,-0.094658,-0.074168
0.027568,-0.093587,-0.075750
0.026403,-0.095407,-0.073705
0.028997,-0.095773,-0.073633
0.031681,-0.093732,-0.074517
0.030981,-0.095327,-0.073155
0.033170,-0.094909,-0.072333
0.034701,-0.093853,-0.073356
0.036153,-0.093959,-0.074503
0.037389,-0.093025,-0.073727
0.037170,-0.096391,-0.072595
0.038535,-0.094750,-0.072349
0.041810,-0.093292,-0.073090
0.041384,-0.094496,-0.072570
0.044603,-0.095237,-0.071320
0.045700,-0.092413,-0.070408
0.045812,-0.094820,-0.073140
0.046509,-0.094482,-0.070618
0.048444,-0.094085,-0.071859
0.050720,-0.094449,-0.073899
0.052224,-0.093372,-0.072382
0.052273,-0.094495,-0.071150
0.053420,-0.094787,-0.071118
0.053979,-0.092858,-0.073335
0.057632,-0.095886,-0.070477
0.059252,-0.095065,-0.073465
0.061492,-0.093573,-0.070487
0.061788,-0.095081,-0.073931
0.062723,-0.095748,-0.073782
0.063612,-0.094715,-0.072482
0.066232,-0.095384,-0.071862
0.066195,-0.095625,-0.072089
0.067799,-0.093633,-0.073155
0.070364,-0.094631,-0.073873
0.070445,-0.093398,-0.072712
0.071716,-0.095174,-0.074379
0.073260,-0.095149,-0.073948
0.074455,-0.094321,-0.076424
0.075725,-0.094206,-0.074576
0.076442,-0.093790,-0.075116
0.077742,-0.095421,-0.074276
0.080601,-0.093278,-0.074801
0.080741,-0.093827,-0.075263
0.082094,-0.093678,-0.077173
0.085431,-0.094772,-0.076407
0.084225,-0.095102,-0.077352
0.088411,-0.094555,-0.076374
0.089056,-0.094783,-0.077108
0.088882,-0.094774,-0.078571
0.091617,-0.094533,-0.078114
0.092236,-0.094528,-0.079090
0.092742,-0.092758,-0.078679
0.095379,-0.093641,-0.079452
0.096008,-0.094872,-0.077934
0.096474,-0.094264,-0.080539
0.098623,-0.094659,-0.080373
0.100215,-0.094732,-0.078312
0.103511,-0.094410,-0.080235
0.102982,-0.094240,-0.078143
0.103054,-0.093815,-0.080743
0.105598,-0.093163,-0.081203
0.107782,-0.095109,-0.079183
0.110032,-0.096219,-0.080845
0.110044,-0.096290,-0.080150
0.113897,-0.095385,-0.081089
0.113803,-0.093390,-0.080006
0.115442,-0.094705,-0.079932
0.116486,-0.093370,-0.079432
0.117442,-0.095492,-0.079221
0.117924,-0.094258,-0.078598
0.120626,-0.096043,-0.078788
0.122131,-0.093621,-0.080220
0.122728,-0.094589,-0.078502
0.124017,-0.095196,-0.078362
0.125345,-0.093979,-0.080660
0.125643,-0.093179,-0.079170
0.127156,-0.093415,-0.079779
0.129697,-0.094715,-0.078811
0.131436,-0.095554,-0.078185
0.131651,-0.095080,-0.081262
0.133578,-0.094550,-0.081022
0.134979,-0.094163,-0.081057
0.137490,-0.095080,-0.081850
0.135938,-0.094803,-0.081548
0.138661,-0.094295,-0.080927
0.140308,-0.094679,-0.082890
0.141334,-0.093845,-0.083310
0.142914,-0.094950,-0.085046
0.143835,-0.093578,-0.083110
0.144067,-0.094257,-0.084060
0.148478,-0.093912,-0.084437
0.149278,-0.093996,-0.085035
0.151695,-0.094290,-0.088010
0.151238,-0.095313,-0.088358
0.151987,-0.095374,-0.089529
0.152312,-0.093573,-0.089152
0.156977,-0.094005,-0.089765
0.156941,-0.094920,-0.091480
0.157948,-0.094223,-0.091790
0.161265,-0.094867,-0.095542
0.161355,-0.093541,-0.097910
0.162757,-0.095263,-0.097724
0.164991,-0.095167,-0.099170
0.164416,-0.095240,-0.101184
0.167451,-0.095141,-0.104586
0.170496,-0.094093,-0.104007
0.171010,-0.094225,-0.107310
0.172741,-0.094393,-0.108559
0.173250,-0.095804,-0.113379
0.174749,-0.095491,-0.115857
0.175938,-0.094474,-0.118813
0.176277,-0.094044,-0.123022
0.180967,-0.095334,-0.130637
0.180207,-0.094634,-0.137495
-0.096091,-0.097268,-0.156435
-0.097248,-0.093553,-0.154722
-0.093101,-0.094057,-0.148868
-0.092197,-0.093683,-0.146696
-0.091031,-0.093803,-0.142227
-0.090732,-0.094206,-0.139078
-0.087824,-0.094620,-0.138178
-0.085494,-0.091711,-0.137625
-0.085881,-0.095502,-0.135793
-0.083794,-0.095351,-0.134572
-0.081531,-0.093254,-0.132838
-0.080528,-0.093706,-0.130773
-0.079205,-0.094752,-0.130012
-0.076659,-0.096356,-0.127048
-0.074834,-0.093558,-0.124621
-0.073224,-0.093477,-0.125537
-0.074484,-0.093878,-0.124060
-0.071165,-0.094594,-0.124670
-0.072076,-0.095004,-0.123214
-0.070837,-0.093637,-0.123228
-0.069394,-0.094880,-0.122658
-0.066138,-0.093934,-0.124468
-0.066463,-0.094124,-0.120522
-0.062513,-0.093023,-0.117847
-0.063315,-0.092454,-0.118341
-0.060410,-0.093749,-0.118754
-0.059171,-0.093290,-0.117290
-0.057928,-0.092775,-0.117539
-0.054352,-0.094423,-0.114979
-0.052600,-0.092938,-0.115113
-0.053307,-0.093650,-0.114972
-0.053304,-0.093671,-0.114074
-0.050802,-0.094851,-0.114041
-0.049596,-0.093664,-0.113520
-0.049364,-0.093503,-0.111719
-0.046719,-0.092384,-0.114434
-0.042142,-0.093780,-0.112350
-0.044442,-0.092726,-0.112039
-0.042238,-0.093145,-0.110810
-0.040295,-0.092266,-0.109475
-0.038475,-0.094071,-0.108142
-0.039435,-0.093051,-0.107590
-0.035741,-0.093955,-0.108487
-0.036341,-0.093986,-0.106887
-0.033763,-0.092708,-0.103468
-0.032218,-0.092720,-0.104042
-0.031236,-0.092720,-0.103604
-0.030839,-0.093805,-0.102636
-0.027012,-0.094136,-0.100549
-0.027376,-0.094210,-0.100484
-0.026695,-0.093241,-0.098319
-0.022446,-0.092288,-0.099248
-0.024433,-0.095720,-0.098169
-0.021504,-0.092219,-0.095341
-0.019595,-0.092806,-0.095085
-0.019269,-0.093593,-0.094661
-0.018019,-0.091925,-0.094622
-0.015047,-0.094717,-0.092268
-0.013990,-0.093160,-0.091841
-0.012391,-0.093295,-0.090486
-0.010429,-0.092134,-0.090392
-0.009914,-0.094122,-0.087805
-0.010117,-0.093308,-0.087152
-0.006751,-0.095859,-0.085393
-0.006545,-0.093271,-0.084957
-0.004248,-0.094022,-0.085778
-0.002391,-0.095072,-0.084677
-0.000993,-0.091557,-0.085773
-0.001207,-0.092707,-0.082111
0.000159,-0.095799,-0.082833
0.003243,-0.091417,-0.084380
0.004134,-0.091754,-0.080614
0.003194,-0.093022,-0.081055
0.005152,-0.092714,-0.082201
0.006666,-0.092551,-0.080216
0.009093,-0.092543,-0.079573
0.009798,-0.092360,-0.077814
0.011154,-0.091702,-0.078244
0.012485,-0.092348,-0.076468
0.012929,-0.092666,-0.078740
0.015178,-0.093637,-0.077782
0.017424,-0.093500,-0.077053
0.019837,-0.093074,-0.076218
0.019451,-0.092849,-0.074396
0.021542,-0.092215,-0.076540
0.023096,-0.091848,-0.075327
0.022804,-0.092418,-0.074703
0.025450,-0.093949,-0.073325
0.026005,-0.094219,-0.073260
0.029304,-0.091735,-0.075091
0.030309,-0.092803,-0.076011
0.031028,-0.094015,-0.074643
0.031127,-0.091929,-0.071126
0.033112,-0.093680,-0.073722
0.033750,-0.092427,-0.072519
0.037430,-0.092307,-0.071771
0.037479,-0.092762,-0.073028
0.038888,-0.093335,-0.072797
0.040109,-0.091844,-0.073024
0.041962,-0.092672,-0.071577
0.043470,-0.091967,-0.073202
0.046368,-0.092015,-0.072240
0.048033,-0.093223,-0.071077
0.047246,-0.090021,-0.072065
0.048725,-0.092936,-0.070588
0.050307,-0.093391,-0.070039
0.050984,-0.092312,-0.069779
0.052961,-0.092473,-0.070914
0.052630,-0.091846,-0.069597
0.054585,-0.093060,-0.070992
0.057586,-0.093388,-0.070805
0.058542,-0.092774,-0.071208
0.059959,-0.092527,-0.071279
0.060900,-0.094112,-0.071476
0.063893,-0.092123,-0.073392
0.063020,-0.093641,-0.073768
0.065793,-0.090741,-0.074609
0.064855,-0.091529,-0.072449
0.068540,-0.093382,-0.071540
0.070557,-0.092859,-0.071907
0.071236,-0.092178,-0.072510
0.072511,-0.091514,-0.074303
0.073544,-0.092913,-0.073432
0.074518,-0.092801,-0.074743
0.074851,-0.092360,-0.074760
0.077182,-0.092409,-0.076207
0.077424,-0.092777,-0.075037
0.079614,-0.093307,-0.076127
0.081380,-0.092305,-0.076784
0.081910,-0.092413,-0.075825
0.083446,-0.093067,-0.076061
0.083968,-0.092142,-0.077325
0.086677,-0.092974,-0.076144
0.087943,-0.092791,-0.076037
0.090196,-0.092964,-0.077221
0.092264,-0.091520,-0.077562
0.093523,-0.092714,-0.079317
0.093720,-0.093214,-0.078845
0.095943,-0.093636,-0.080646
0.096407,-0.093590,-0.079801
0.097617,-0.093078,-0.080389
0.098669,-0.091790,-0.080355
0.101681,-0.094077,-0.080054
0.100401,-0.093119,-0.080471
0.104026,-0.093080,-0.079190
0.104942,-0.093233,-0.079563
0.107786,-0.093828,-0.081427
0.106448,-0.092195,-0.079774
0.110708,-0.092567,-0.079062
0.109399,-0.093666,-0.080646
0.113370,-0.094266,-0.080117
0.112684,-0.091766,-0.080716
0.113332,-0.093763,-0.081261
0.116894,-0.090998,-0.080879
0.116556,-0.093345,-0.079155
0.119844,-0.094404,-0.079126
0.120081,-0.091884,-0.079689
0.122509,-0.092005,-0.079453
0.123431,-0.094261,-0.080819
0.121861,-0.093371,-0.080126
0.126167,-0.092824,-0.080961
0.124657,-0.092648,-0.078956
0.127386,-0.093100,-0.080705
0.128274,-0.092700,-0.080748
0.132125,-0.091643,-0.079563
0.131458,-0.094312,-0.080541
0.133412,-0.093296,-0.080151
0.134315,-0.090349,-0.082074
0.135168,-0.092414,-0.082331
0.136674,-0.094488,-0.080716
0.138323,-0.091577,-0.079345
0.141980,-0.093541,-0.083373
0.142004,-0.093322,-0.084550
0.143818,-0.093262,-0.084003
0.144446,-0.092296,-0.083483
0.145370,-0.092697,-0.084787
0.148167,-0.093527,-0.087105
0.148849,-0.093263,-0.086973
0.150338,-0.093677,-0.087238
0.152069,-0.094265,-0.088844
0.153671,-0.093857,-0.088553
0.153900,-0.092320,-0.090469
0.155142,-0.092210,-0.089966
0.157164,-0.092167,-0.090725
0.158665,-0.095603,-0.093186
0.160853,-0.094756,-0.095226
0.161686,-0.091958,-0.097446
0.162163,-0.093863,-0.099986
0.164740,-0.094273,-0.100044
0.165315,-0.094446,-0.101500
0.168976,-0.092518,-0.105068
0.168886,-0.094915,-0.106548
0.170470,-0.092862,-0.106086
0.171618,-0.091584,-0.111528
0.175000,-0.094728,-0.112617
0.174862,-0.094365,-0.117432
0.175507,-0.092329,-0.119494
0.176213,-0.093599,-0.121368
0.179523,-0.095286,-0.131356
0.180537,-0.095252,-0.137898
-0.097843,-0.094160,-0.158616
-0.097684,-0.094548,-0.156029
-0.092579,-0.092776,-0.152092
-0.093546,-0.093411,-0.147948
-0.091816,-0.091834,-0.145529
-0.089667,-0.092267,-0.139915
-0.087755,-0.092099,-0.139177
-0.083721,-0.092878,-0.136386
-0.084369,-0.092682,-0.136671
-0.084204,-0.092792,-0.134886
-0.083461,-0.092614,-0.132331
-0.082684,-0.092784,-0.131023
-0.078757,-0.091395,-0.129517
-0.077636,-0.092293,-0.127328
-0.075297,-0.092033,-0.126331
-0.074262,-0.093700,-0.125754
-0.073040,-0.093895,-0.125687
-0.072165,-0.092133,-0.124436
-0.070850,-0.092216,-0.123384
-0.068042,-0.091218,-0.123428
-0.068668,-0.091192,-0.123534
-0.066766,-0.092589,-0.118924
-0.065002,-0.092165,-0.120792
-0.064071,-0.092500,-0.120026
-0.061579,-0.091620,-0.118907
-0.059091,-0.090514,-0.117144
-0.060474,-0.094832,-0.119128
-0.058196,-0.093391,-0.116750
-0.057107,-0.091568,-0.117289
-0.053949,-0.093139,-0.116302
-0.053746,-0.091413,-0.115085
-0.050468,-0.092952,-0.114620
-0.049654,-0.091769,-0.113617
-0.049321,-0.091795,-0.114751
-0.047910,-0.091116,-0.111905
-0.047052,-0.091709,-0.113510
-0.045412,-0.093916,-0.111750
-0.044372,-0.093180,-0.112840
-0.041669,-0.092761,-0.111358
-0.041827,-0.093442,-0.110215
-0.038558,-0.092580,-0.107614
-0.038146,-0.090042,-0.107600
-0.036904,-0.093127,-0.106562
-0.035023,-0.092636,-0.105533
-0.035088,-0.090496,-0.105629
-0.030464,-0.091339,-0.104914
-0.031806,-0.091565,-0.102527
-0.029171,-0.090483,-0.102957
-0.027570,-0.092335,-0.101884
-0.028500,-0.091741,-0.100397
-0.025354,-0.089554,-0.100648
-0.023039,-0.091911,-0.097612
-0.022075,-0.090973,-0.096145
-0.020298,-0.091033,-0.096115
-0.019720,-0.091992,-0.095501
-0.018706,-0.091334,-0.096305
-0.016451,-0.089659,-0.091456
-0.016099,-0.092017,-0.090275
-0.013517,-0.091072,-0.087729
-0.013058,-0.092744,-0.090408
-0.011631,-0.092877,-0.088663
-0.009423,-0.092745,-0.087584
-0.008713,-0.091890,-0.085444
-0.007914,-0.090171,-0.085897
-0.005399,-0.091539,-0.085764
-0.003964,-0.092897,-0.084622
-0.002738,-0.091434,-0.085086
-0.001202,-0.090307,-0.088463
-0.001567,-0.089669,-0.084278
0.001177,-0.091419,-0.083828
0.000193,-0.089740,-0.081380
0.003554,-0.092803,-0.081922
0.006535,-0.092005,-0.079739
0.006312,-0.090864,-0.080370
0.007072,-0.092015,-0.080104
0.008609,-0.091533,-0.079967
0.010678,-0.090812,-0.077931
0.012855,-0.092066,-0.080504
0.012359,-0.092212,-0.078637
0.014415,-0.088288,-0.077337
0.015444,-0.090914,-0.077315
0.017596,-0.091817,-0.076597
0.018685,-0.092062,-0.076996
0.019860,-0.088737,-0.076866
0.021836,-0.091667,-0.076379
0.022110,-0.090123,-0.074599
0.023454,-0.090828,-0.075971
0.025671,-0.091536,-0.075826
0.025503,-0.088873,-0.075575
0.027823,-0.091264,-0.073710
0.027653,-0.091135,-0.075117
0.029163,-0.091976,-0.073995
0.032285,-0.091647,-0.072279
0.034566,-0.090302,-0.072684
0.035549,-0.091728,-0.073927
0.036847,-0.089832,-0.071262
0.035707,-0.092398,-0.073197
0.038317,-0.091385,-0.072336
0.041198,-0.092417,-0.071632
0.040548,-0.091863,-0.071775
0.043388,-0.091031,-0.069684
0.044537,-0.092512,-0.071016
0.044324,-0.090505,-0.071076
0.047640,-0.091931,-0.071185
0.046778,-0.090949,-0.072104
0.049959,-0.090450,-0.069602
0.051842,-0.090723,-0.070468
0.051749,-0.090901,-0.072567
0.052862,-0.091526,-0.072456
0.056248,-0.090313,-0.070107
0.056690,-0.091341,-0.073138
0.059616,-0.089911,-0.070586
0.060467,-0.092718,-0.075699
0.060957,-0.091041,-0.072565
0.063973,-0.091405,-0.071804
0.063970,-0.089827,-0.073292
0.063959,-0.090466,-0.072001
0.066266,-0.090875,-0.074044
0.068208,-0.092081,-0.073642
0.067681,-0.092878,-0.074409
0.069892,-0.089876,-0.072557
0.072745,-0.092561,-0.073324
0.073392,-0.089871,-0.075286
0.075056,-0.091246,-0.072670
0.076627,-0.090357,-0.074574
0.077049,-0.091349,-0.075801
0.080069,-0.092751,-0.074463
0.080480,-0.092136,-0.075076
0.081319,-0.091054,-0.076311
0.082145,-0.091419,-0.077303
0.084159,-0.090234,-0.076205
0.085026,-0.090360,-0.076629
0.086655,-0.092449,-0.076973
0.088590,-0.090026,-0.076930
0.089100,-0.092694,-0.078516
0.089408,-0.092443,-0.077052
0.093159,-0.090264,-0.077763
0.090931,-0.090799,-0.077033
0.094071,-0.092739,-0.079360
0.097853,-0.092480,-0.078472
0.099354,-0.090504,-0.079483
0.099601,-0.090750,-0.079025
0.101090,-0.093303,-0.077777
0.101869,-0.091405,-0.080107
0.105081,-0.090970,-0.080939
0.105561,-0.091040,-0.081278
0.106542,-0.091116,-0.080654
0.107127,-0.090740,-0.080841
0.109217,-0.090527,-0.079930
0.110019,-0.091735,-0.079661
0.109892,-0.091788,-0.079762
0.112989,-0.090983,-0.080114
0.113830,-0.091074,-0.079952
0.117364,-0.092688,-0.079698
0.115442,-0.090000,-0.080906
0.117743,-0.091516,-0.078392
0.120438,-0.092308,-0.078738
0.121655,-0.091408,-0.080055
0.122724,-0.092609,-0.082223
0.126219,-0.091074,-0.080484
0.126217,-0.089766,-0.079664
0.127694,-0.091525,-0.081017
0.128245,-0.091103,-0.080820
0.129576,-0.091891,-0.081085
0.131951,-0.091462,-0.080408
0.133778,-0.089927,-0.083371
0.134123,-0.092757,-0.081511
0.133972,-0.091331,-0.082552
0.134812,-0.091696,-0.082717
0.139334,-0.092242,-0.081982
0.138726,-0.092504,-0.082430
0.139747,-0.092894,-0.081984
0.142915,-0.091311,-0.083408
0.142863,-0.091703,-0.082784
0.143937,-0.091393,-0.085909
0.146533,-0.090768,-0.085713
0.147636,-0.091322,-0.086593
0.148971,-0.089556,-0.088105
0.149022,-0.090534,-0.088287
0.150176,-0.093510,-0.088673
0.153366,-0.091762,-0.089574
0.153922,-0.089505,-0.090088
0.156050,-0.091780,-0.092666
0.158093,-0.090458,-0.090755
0.158569,-0.091258,-0.092785
0.157411,-0.092275,-0.095667
0.160395,-0.091946,-0.096778
0.162066,-0.091581,-0.100019
0.163206,-0.092580,-0.102737
0.165299,-0.091653,-0.103668
0.166775,-0.091495,-0.104293
0.169354,-0.090650,-0.105724
0.168907,-0.092279,-0.109021
0.172718,-0.091707,-0.112113
0.173476,-0.092818,-0.113904
0.174542,-0.092142,-0.117085
0.176085,-0.089878,-0.119015
0.178743,-0.092154,-0.123306
0.178408,-0.093952,-0.132147
0.179641,-0.092316,-0.140090
-0.096733,-0.089999,-0.156595
-0.095124,-0.091092,-0.152383
-0.091757,-0.090994,-0.148925
-0.089740,-0.090776,-0.146451
-0.089789,-0.088808,-0.140300
-0.088085,-0.091745,-0.140828
-0.086804,-0.091729,-0.139877
-0.084537,-0.092473,-0.136279
-0.084461,-0.091584,-0.136072
-0.081388,-0.088026,-0.134353
-0.081424,-0.092502,-0.131373
-0.078484,-0.090974,-0.129932
-0.078891,-0.089926,-0.126634
-0.075371,-0.090950,-0.127220
-0.075064,-0.090076,-0.126248
-0.075372,-0.091258,-0.125582
-0.071960,-0.091683,-0.125540
-0.071767,-0.091399,-0.121943
-0.068930,-0.089327,-0.122599
-0.067546,-0.089957,-0.121644
-0.065277,-0.092143,-0.121363
-0.065020,-0.089771,-0.121051
-0.064778,-0.092187,-0.121782
-0.063607,-0.090810,-0.121102
-0.061961,-0.090124,-0.120639
-0.060436,-0.092014,-0.118431
-0.059778,-0.090466,-0.116408
-0.056301,-0.093092,-0.117213
-0.054399,-0.090619,-0.114593
-0.054007,-0.090679,-0.117617
-0.052829,-0.088608,-0.115980
-0.050285,-0.090849,-0.114610
-0.048662,-0.089235,-0.115976
-0.046882,-0.091390,-0.115906
-0.047993,-0.088729,-0.114287
-0.045869,-0.089534,-0.112676
-0.044113,-0.090217,-0.111873
-0.042284,-0.088952,-0.109785
-0.040871,-0.092117,-0.109909
-0.040238,-0.091596,-0.109972
-0.036648,-0.089842,-0.106927
-0.035427,-0.091004,-0.107560
-0.035052,-0.091234,-0.106766
-0.033768,-0.090447,-0.106441
-0.035014,-0.091081,-0.105182
-0.030825,-0.091215,-0.105918
-0.029417,-0.090685,-0.102345
-0.027249,-0.091264,-0.102625
-0.025977,-0.090303,-0.101154
-0.025289,-0.089352,-0.099570
-0.024061,-0.091224,-0.097317
-0.022383,-0.089742,-0.097112
-0.020032,-0.090001,-0.096578
-0.018425,-0.089747,-0.096349
-0.019316,-0.090304,-0.094593
-0.017093,-0.088917,-0.091962
-0.014466,-0.090029,-0.092117
-0.013686,-0.090485,-0.092173
-0.013960,-0.089827,-0.089353
-0.010756,-0.091572,-0.091809
-0.010283,-0.091655,-0.089799
-0.010307,-0.092381,-0.087104
-0.007988,-0.090366,-0.086964
-0.006873,-0.089839,-0.086721
-0.006967,-0.089643,-0.084661
-0.004673,-0.088691,-0.084350
-0.002053,-0.090546,-0.083426
0.000325,-0.088791,-0.082651
-0.000055,-0.090642,-0.083390
0.000542,-0.088594,-0.082363
0.003477,-0.087792,-0.082279
0.004085,-0.090363,-0.081570
0.006647,-0.090578,-0.079854
0.009325,-0.091038,-0.078438
0.010602,-0.089905,-0.080238
0.010533,-0.089786,-0.080081
0.010882,-0.088202,-0.078065
0.015233,-0.090976,-0.079100
0.015048,-0.090641,-0.077516
0.015084,-0.089180,-0.077370
0.017924,-0.089808,-0.076071
0.018472,-0.089805,-0.076257
0.020278,-0.089970,-0.078175
0.021229,-0.088949,-0.076773
0.022905,-0.089641,-0.075373
0.024877,-0.088430,-0.074937
0.026387,-0.088953,-0.076320
0.026138,-0.090001,-0.073393
0.027184,-0.090056,-0.074123
0.028937,-0.089341,-0.072727
0.031218,-0.089191,-0.072647
0.031722,-0.089201,-0.072814
0.032828,-0.091546,-0.074263
0.035874,-0.090187,-0.071822
0.036684,-0.090388,-0.073312
0.036177,-0.090526,-0.071920
0.039175,-0.090295,-0.072643
0.038891,-0.090310,-0.071635
0.042397,-0.090196,-0.070868
0.044211,-0.090105,-0.071183
0.045470,-0.088764,-0.073146
0.048093,-0.089403,-0.072181
0.047942,-0.090152,-0.071052
0.050815,-0.090720,-0.071394
0.049050,-0.088682,-0.070988
0.052128,-0.092149,-0.070352
0.053185,-0.089107,-0.070621
0.055025,-0.089656,-0.070165
0.056568,-0.089052,-0.070933
0.056890,-0.087964,-0.071253
0.058424,-0.088134,-0.070851
0.060263,-0.089092,-0.071615
0.060816,-0.090618,-0.071341
0.062089,-0.090348,-0.073460
0.062704,-0.089402,-0.070414
0.066576,-0.088870,-0.075148
0.066480,-0.089761,-0.072902
0.069949,-0.089411,-0.072774
0.068349,-0.090762,-0.074060
0.071747,-0.089149,-0.072686
0.070569,-0.090181,-0.074788
0.073642,-0.089511,-0.075507
0.075391,-0.088272,-0.074379
0.076873,-0.089238,-0.074289
0.075280,-0.088655,-0.075144
0.077629,-0.090669,-0.073303
0.079452,-0.090073,-0.075817
0.081307,-0.090748,-0.076776
0.083121,-0.089077,-0.075929
0.085203,-0.089459,-0.075632
0.087155,-0.090623,-0.077731
0.088556,-0.091979,-0.076846
0.088888,-0.088384,-0.076243
0.090123,-0.089941,-0.077235
0.089834,-0.090782,-0.079649
0.091594,-0.090490,-0.078582
0.093923,-0.089094,-0.078912
0.097105,-0.088644,-0.080316
0.096787,-0.089793,-0.079754
0.097006,-0.090770,-0.079790
0.099760,-0.091247,-0.079752
0.098969,-0.090269,-0.079579
0.102052,-0.089406,-0.080222
0.102621,-0.089056,-0.078754
0.104349,-0.088774,-0.081098
0.107830,-0.092220,-0.082999
0.106568,-0.089706,-0.080902
0.109257,-0.091187,-0.081753
0.111794,-0.089127,-0.080664
0.112669,-0.088470,-0.080977
0.112812,-0.089436,-0.080927
0.113952,-0.089526,-0.079475
0.116000,-0.090586,-0.079642
0.117524,-0.089807,-0.081686
0.118369,-0.090996,-0.081232
0.120031,-0.089630,-0.079850
0.120190,-0.090876,-0.079880
0.122178,-0.088556,-0.078319
0.124244,-0.088612,-0.079664
0.124226,-0.088505,-0.080712
0.126801,-0.090401,-0.081811
0.128501,-0.090610,-0.081816
0.127555,-0.090907,-0.082680
0.130729,-0.088937,-0.081066
0.132328,-0.089738,-0.082726
0.134253,-0.088799,-0.081582
0.136251,-0.090366,-0.081830
0.136939,-0.089384,-0.083095
0.137396,-0.088606,-0.083278
0.139410,-0.090155,-0.084217
0.142323,-0.091328,-0.081372
0.140042,-0.089517,-0.082923
0.143530,-0.090798,-0.085161
0.143841,-0.090883,-0.084604
0.145692,-0.090058,-0.084456
0.146311,-0.090587,-0.087642
0.148201,-0.089957,-0.087720
0.150073,-0.090412,-0.087494
0.150846,-0.090784,-0.089677
0.152951,-0.090695,-0.088639
0.153685,-0.089654,-0.089978
0.155603,-0.090103,-0.092384
0.157907,-0.090868,-0.091901
0.158297,-0.090034,-0.092499
0.161251,-0.090328,-0.094939
0.159480,-0.090642,-0.097482
0.162762,-0.089854,-0.101408
0.163554,-0.089430,-0.100996
0.166221,-0.088944,-0.102466
0.167724,-0.089443,-0.104050
0.169690,-0.090447,-0.106495
0.169951,-0.090624,-0.107050
0.173216,-0.090760,-0.111809
0.172716,-0.090622,-0.114102
0.174567,-0.090885,-0.117932
0.177303,-0.090489,-0.121290
0.178101,-0.091899,-0.125662
0.180581,-0.090449,-0.131119
0.183256,-0.090395,-0.142058
-0.095756,-0.090613,-0.157662
-0.095438,-0.089488,-0.155678
-0.091545,-0.089678,-0.151308
-0.090610,-0.089293,-0.147133
-0.090115,-0.090152,-0.143118
-0.088859,-0.088698,-0.139071
-0.087552,-0.089169,-0.138588
-0.084016,-0.088673,-0.138635
-0.084527,-0.089214,-0.134977
-0.082631,-0.090191,-0.133712
-0.081598,-0.086518,-0.130686
-0.081105,-0.089611,-0.130049
-0.076305,-0.088741,-0.129010
-0.076728,-0.089926,-0.124883
-0.073933,-0.089616,-0.127085
-0.073450,-0.087679,-0.125107
-0.072997,-0.089858,-0.124418
-0.071317,-0.089839,-0.124688
-0.070997,-0.088614,-0.123937
-0.067288,-0.089033,-0.122710
-0.065531,-0.089560,-0.122244
-0.066358,-0.089799,-0.122914
-0.065499,-0.089889,-0.119926
-0.064899,-0.090889,-0.118895
-0.061279,-0.088755,-0.117918
-0.059926,-0.089351,-0.116439
-0.056172,-0.086977,-0.119026
-0.056890,-0.090109,-0.116285
-0.054149,-0.090561,-0.117907
-0.054181,-0.089585,-0.116068
-0.051921,-0.089410,-0.116173
-0.051396,-0.089503,-0.116214
-0.049055,-0.088184,-0.115271
-0.048839,-0.088097,-0.114765
-0.047045,-0.087834,-0.115123
-0.046199,-0.089863,-0.115205
-0.043639,-0.089416,-0.112475
-0.043440,-0.088500,-0.111624
-0.041304,-0.089249,-0.111263
-0.041390,-0.088641,-0.108164
-0.038153,-0.089670,-0.107659
-0.039195,-0.091164,-0.107993
-0.035743,-0.088773,-0.106633
-0.036030,-0.089417,-0.105422
-0.032639,-0.085717,-0.106118
-0.031193,-0.088417,-0.104196
-0.029960,-0.089351,-0.102524
-0.028373,-0.087437,-0.104035
-0.028901,-0.087229,-0.100333
-0.025702,-0.090760,-0.099067
-0.023122,-0.089062,-0.097614
-0.022909,-0.086793,-0.098121
-0.021551,-0.089953,-0.096685
-0.021351,-0.087659,-0.095120
-0.018717,-0.088671,-0.094526
-0.017004,-0.089986,-0.094022
-0.016498,-0.088703,-0.092125
-0.015094,-0.089423,-0.091219
-0.011811,-0.088899,-0.091030
-0.011206,-0.088533,-0.088211
-0.010624,-0.087931,-0.087244
-0.008954,-0.088443,-0.088083
-0.007502,-0.088563,-0.086771
-0.006500,-0.089244,-0.084034
-0.003888,-0.086091,-0.084453
-0.004301,-0.087369,-0.084749
-0.004142,-0.086868,-0.085629
-0.001145,-0.088814,-0.084696
-0.000098,-0.087983,-0.083168
0.003604,-0.086791,-0.082087
0.003657,-0.091986,-0.080847
0.004667,-0.087446,-0.081087
0.005725,-0.088533,-0.081150
0.006701,-0.089569,-0.079748
0.008758,-0.089135,-0.077718
0.012936,-0.087968,-0.078289
0.012905,-0.088928,-0.078350
0.014422,-0.088251,-0.076815
0.013229,-0.088024,-0.077135
0.016118,-0.089357,-0.076637
0.016826,-0.089981,-0.076260
0.018355,-0.087742,-0.078178
0.021339,-0.087471,-0.075248
0.020820,-0.088255,-0.076161
0.021548,-0.089480,-0.075442
0.023775,-0.088879,-0.076055
0.026526,-0.086961,-0.073588
0.025544,-0.088745,-0.074176
0.026939,-0.088600,-0.074164
0.030144,-0.086234,-0.074139
0.031146,-0.088035,-0.074140
0.033109,-0.088056,-0.073619
0.032292,-0.086817,-0.074313
0.036520,-0.089443,-0.072724
0.036142,-0.087147,-0.072933
0.037711,-0.088745,-0.071497
0.038163,-0.087121,-0.074589
0.040475,-0.089134,-0.071355
0.042416,-0.088880,-0.073966
0.043143,-0.088014,-0.071217
0.045471,-0.086731,-0.071646
0.047576,-0.089652,-0.069475
0.048497,-0.086848,-0.071702
0.048821,-0.088539,-0.071086
0.050263,-0.089093,-0.070896
0.050993,-0.088577,-0.069808
0.051945,-0.088601,-0.071251
0.052426,-0.088563,-0.071035
0.056100,-0.089090,-0.073348
0.056481,-0.088244,-0.071619
0.057161,-0.089515,-0.071989
0.057885,-0.088588,-0.072382
0.059826,-0.086942,-0.070837
0.062970,-0.087280,-0.071186
0.062577,-0.087643,-0.073194
0.065280,-0.087965,-0.072351
0.066008,-0.089053,-0.071988
0.070140,-0.087472,-0.073190
0.068382,-0.087099,-0.073470
0.071856,-0.087458,-0.073369
0.071072,-0.089229,-0.074303
0.071891,-0.089017,-0.073485
0.074598,-0.089162,-0.074431
0.074832,-0.087998,-0.074492
0.077715,-0.088468,-0.073899
0.077400,-0.088668,-0.075366
0.078598,-0.088562,-0.074299
0.082226,-0.088462,-0.075802
0.081719,-0.087964,-0.076470
0.084004,-0.088428,-0.076842
0.086575,-0.088186,-0.076087
0.086323,-0.088684,-0.076091
0.087551,-0.089000,-0.076759
0.089587,-0.089616,-0.077707
0.089601,-0.086714,-0.077821
0.093732,-0.088048,-0.077974
0.093939,-0.089384,-0.079665
0.096325,-0.087349,-0.080550
0.095329,-0.088875,-0.079228
0.097177,-0.087817,-0.078463
0.099389,-0.091685,-0.079892
0.099761,-0.088659,-0.080934
0.100888,-0.089929,-0.079130
0.104881,-0.087366,-0.081261
0.104061,-0.088683,-0.081282
0.106966,-0.088508,-0.080856
0.107296,-0.087583,-0.080167
0.109426,-0.085915,-0.081706
0.109767,-0.088193,-0.080034
0.111534,-0.087807,-0.082131
0.113108,-0.087970,-0.083213
0.115062,-0.088222,-0.079181
0.114452,-0.086852,-0.079743
0.116127,-0.089423,-0.080253
0.118163,-0.086387,-0.079997
0.120601,-0.088681,-0.080590
0.120583,-0.088402,-0.080735
0.122039,-0.086152,-0.080080
0.122654,-0.088505,-0.081616
0.124070,-0.087813,-0.079955
0.126951,-0.088651,-0.079334
0.128968,-0.089448,-0.080756
0.129424,-0.088475,-0.081425
0.129427,-0.088159,-0.082824
0.134402,-0.088588,-0.082923
0.134290,-0.088401,-0.082373
0.136713,-0.088526,-0.080328
0.135379,-0.088115,-0.082761
0.136541,-0.089108,-0.083369
0.137925,-0.091180,-0.081565
0.140782,-0.087181,-0.082131
0.142044,-0.088708,-0.083254
0.143460,-0.088101,-0.085176
0.145440,-0.089214,-0.085228
0.146977,-0.088310,-0.083229
0.146029,-0.087275,-0.085255
0.147014,-0.086857,-0.086227
0.151211,-0.089577,-0.088615
0.150662,-0.088345,-0.087409
0.153359,-0.088672,-0.088439
0.154668,-0.085942,-0.090516
0.154863,-0.090375,-0.091858
0.155716,-0.090306,-0.093023
0.159111,-0.087876,-0.092811
0.160750,-0.088423,-0.095136
0.161071,-0.089203,-0.098825
0.162681,-0.087694,-0.098121
0.166207,-0.089567,-0.101379
0.164910,-0.089464,-0.104896
0.167552,-0.088752,-0.101492
0.168076,-0.089254,-0.105376
0.169476,-0.089213,-0.108565
0.171659,-0.089325,-0.112335
0.173202,-0.088346,-0.114637
0.173423,-0.088327,-0.118606
0.177356,-0.089697,-0.120800
0.177982,-0.089255,-0.124261
0.178976,-0.090245,-0.135116
0.182309,-0.089945,-0.139930
-0.097547,-0.087367,-0.160786
-0.094176,-0.088363,-0.156746
-0.095265,-0.089423,-0.152706
-0.092800,-0.087494,-0.148442
-0.090480,-0.088927,-0.144604
-0.087301,-0.086937,-0.139869
-0.086638,-0.085945,-0.140110
-0.084437,-0.087668,-0.137775
-0.085518,-0.087912,-0.135270
-0.083256,-0.088659,-0.133879
-0.081660,-0.087332,-0.133151
-0.079000,-0.086886,-0.132434
-0.077367,-0.088703,-0.128444
-0.075720,-0.088103,-0.127006
-0.074880,-0.088512,-0.124934
-0.074677,-0.088407,-0.127670
-0.071991,-0.088537,-0.126653
-0.070188,-0.086620,-0.124584
-0.068542,-0.087833,-0.124603
-0.067474,-0.088209,-0.122885
-0.065307,-0.086671,-0.124352
-0.064977,-0.087541,-0.122170
-0.064623,-0.087430,-0.120458
-0.065476,-0.087417,-0.122342
-0.061955,-0.088895,-0.120180
-0.059532,-0.087491,-0.118797
-0.059677,-0.088016,-0.118356
-0.057479,-0.085211,-0.118827
-0.054984,-0.085389,-0.117139
-0.053969,-0.085596,-0.116257
-0.053848,-0.089235,-0.116320
-0.050976,-0.086928,-0.117283
-0.050314,-0.086480,-0.115211
-0.046616,-0.087952,-0.115647
-0.045824,-0.088879,-0.114179
-0.045627,-0.087774,-0.113217
-0.044257,-0.087607,-0.112488
-0.042670,-0.087084,-0.111806
-0.042750,-0.087524,-0.109285
-0.039166,-0.087734,-0.108969
-0.038014,-0.087106,-0.109579
-0.037116,-0.086937,-0.106682
-0.035429,-0.086713,-0.106991
-0.033415,-0.087137,-0.106114
-0.032432,-0.087078,-0.104395
-0.030478,-0.087261,-0.104622
-0.029470,-0.088381,-0.103182
-0.029178,-0.087685,-0.100990
-0.028445,-0.087426,-0.101201
-0.025801,-0.086085,-0.098990
-0.024336,-0.086463,-0.099067
-0.021031,-0.088152,-0.097785
-0.020363,-0.085835,-0.095285
-0.019754,-0.086757,-0.095262
-0.019232,-0.085679,-0.092360
-0.017222,-0.087196,-0.093295
-0.015195,-0.086153,-0.092135
-0.014754,-0.086784,-0.092595
-0.012754,-0.086770,-0.090603
-0.011619,-0.086522,-0.088596
-0.009802,-0.086043,-0.088364
-0.008462,-0.087961,-0.086600
-0.006689,-0.085947,-0.085754
-0.006688,-0.086738,-0.087267
-0.004994,-0.086563,-0.084931
-0.004423,-0.085981,-0.083816
-0.002388,-0.085154,-0.084617
-0.002200,-0.086325,-0.084422
0.002981,-0.088242,-0.081097
0.002796,-0.087387,-0.082510
0.004240,-0.085466,-0.082342
0.005114,-0.085761,-0.080410
0.005816,-0.087665,-0.080502
0.008347,-0.088268,-0.080376
0.006965,-0.085929,-0.079043
0.008975,-0.084893,-0.079007
0.011860,-0.085424,-0.079483
0.014076,-0.086190,-0.077576
0.015791,-0.086671,-0.076729
0.016344,-0.085174,-0.076819
0.015710,-0.087987,-0.077133
0.018921,-0.085560,-0.075874
0.020090,-0.086452,-0.074206
0.022423,-0.086573,-0.075111
0.023009,-0.086869,-0.074584
0.025053,-0.086592,-0.075327
0.025444,-0.086695,-0.074951
0.027717,-0.087026,-0.074349
0.028490,-0.085522,-0.072933
0.029255,-0.086630,-0.074691
0.033225,-0.087317,-0.073797
0.033866,-0.086214,-0.072654
0.034366,-0.085767,-0.072940
0.032615,-0.085934,-0.073377
0.036707,-0.086975,-0.072533
0.036983,-0.087765,-0.071470
0.038787,-0.088181,-0.071554
0.040409,-0.085250,-0.073346
0.042070,-0.086120,-0.071533
0.043223,-0.087664,-0.069748
0.047089,-0.085203,-0.071133
0.045515,-0.085639,-0.072959
0.048237,-0.088548,-0.072853
0.048707,-0.086436,-0.072245
0.049637,-0.086120,-0.071396
0.051677,-0.086276,-0.070726
0.052262,-0.086533,-0.073212
0.054336,-0.085979,-0.070712
0.055833,-0.086537,-0.071961
0.056802,-0.087487,-0.072320
0.059193,-0.087514,-0.070647
0.059176,-0.087037,-0.069452
0.062026,-0.086693,-0.073133
0.063356,-0.086762,-0.071344
0.064103,-0.086265,-0.071011
0.065292,-0.086818,-0.072684
0.067090,-0.086280,-0.074235
0.067852,-0.088413,-0.073156
0.068490,-0.086628,-0.073346
0.069696,-0.088731,-0.073542
0.071921,-0.087077,-0.072830
0.073273,-0.085426,-0.074362
0.075582,-0.086173,-0.074219
0.075343,-0.088145,-0.074012
0.077437,-0.087353,-0.073458
0.078889,-0.085926,-0.075200
0.078713,-0.086632,-0.074975
0.080904,-0.088702,-0.074807
0.081170,-0.086943,-0.077235
0.083929,-0.087134,-0.077207
0.086529,-0.087771,-0.076723
0.087201,-0.086137,-0.077124
0.088254,-0.086678,-0.076384
0.090949,-0.085597,-0.078101
0.090899,-0.086802,-0.078954
0.092112,-0.086696,-0.078349
0.094486,-0.087508,-0.079572
0.096139,-0.086934,-0.080242
0.096824,-0.086489,-0.079190
0.097500,-0.086690,-0.078169
0.101062,-0.086133,-0.080058
0.100366,-0.086812,-0.079312
0.102400,-0.085412,-0.080622
0.104250,-0.086334,-0.080197
0.104436,-0.086214,-0.080992
0.107151,-0.085384,-0.081869
0.107306,-0.085659,-0.080564
0.108406,-0.086009,-0.080403
0.109489,-0.087322,-0.078643
0.111776,-0.085614,-0.082122
0.111512,-0.085856,-0.081247
0.114287,-0.087183,-0.081429
0.115676,-0.087643,-0.080361
0.117876,-0.086929,-0.078792
0.118176,-0.085430,-0.078761
0.119816,-0.086394,-0.080698
0.121380,-0.086645,-0.080950
0.122371,-0.086269,-0.080709
0.124487,-0.084259,-0.079835
0.125806,-0.087962,-0.080306
0.126062,-0.084765,-0.080570
0.129401,-0.086526,-0.081629
0.131101,-0.088057,-0.080825
0.129043,-0.088203,-0.079853
0.131881,-0.087229,-0.082597
0.132365,-0.084895,-0.081477
0.135406,-0.087262,-0.082391
0.138529,-0.085508,-0.082900
0.137327,-0.086779,-0.082322
0.137937,-0.088218,-0.083848
0.138911,-0.086553,-0.082831
0.141227,-0.087149,-0.084769
0.143646,-0.087668,-0.083410
0.142980,-0.085783,-0.086510
0.146208,-0.088157,-0.085308
0.146858,-0.086028,-0.088794
0.147206,-0.088143,-0.087118
0.150114,-0.086750,-0.086928
0.151174,-0.087151,-0.089351
0.153547,-0.088345,-0.090963
0.154565,-0.086948,-0.091159
0.155237,-0.086500,-0.091554
0.157172,-0.086279,-0.092227
0.157911,-0.087615,-0.094497
0.160657,-0.087603,-0.095098
0.162396,-0.086682,-0.097560
0.163281,-0.086102,-0.098606
0.163673,-0.087816,-0.100806
0.164103,-0.087549,-0.103174
0.168327,-0.089297,-0.103058
0.166711,-0.087310,-0.104616
0.170770,-0.086583,-0.109187
0.171265,-0.086701,-0.110929
0.172817,-0.088087,-0.115345
0.175749,-0.085968,-0.118429
0.175592,-0.089262,-0.122624
0.178182,-0.087581,-0.126130
0.179932,-0.089133,-0.132158
0.181046,-0.088599,-0.141757
-0.093963,-0.086576,-0.157426
-0.093698,-0.085933,-0.154082
-0.091225,-0.087044,-0.150276
-0.089084,-0.087202,-0.147003
-0.087953,-0.086828,-0.139884
-0.087578,-0.087145,-0.140286
-0.084639,-0.085839,-0.138182
-0.083695,-0.087452,-0.138057
-0.082182,-0.087443,-0.135404
-0.081413,-0.086446,-0.133408
-0.077771,-0.086953,-0.133023
-0.077354,-0.085612,-0.129891
-0.076592,-0.084588,-0.128691
-0.074988,-0.086032,-0.128846
-0.074497,-0.084199,-0.127249
-0.074782,-0.087771,-0.125393
-0.071306,-0.086015,-0.126020
-0.070531,-0.086861,-0.124041
-0.068366,-0.084209,-0.124575
-0.064849,-0.086826,-0.121763
-0.064622,-0.087217,-0.121962
-0.063328,-0.087497,-0.121123
-0.062317,-0.086405,-0.120688
-0.060068,-0.087205,-0.119909
-0.059056,-0.087732,-0.118053
-0.059350,-0.084872,-0.118253
-0.057319,-0.085155,-0.119455
-0.053997,-0.086006,-0.118857
-0.055472,-0.085894,-0.117618
-0.053269,-0.085988,-0.116059
-0.049124,-0.084541,-0.116523
-0.049288,-0.086981,-0.114156
-0.049101,-0.085752,-0.114330
-0.047879,-0.085209,-0.115263
-0.046301,-0.084062,-0.113739
-0.043820,-0.089501,-0.110377
-0.042095,-0.086223,-0.112271
-0.041353,-0.086047,-0.110092
-0.039080,-0.085338,-0.111984
-0.038533,-0.084666,-0.108911
-0.037000,-0.085134,-0.109148
-0.035652,-0.086855,-0.106387
-0.034730,-0.085990,-0.106097
-0.032186,-0.086331,-0.107175
-0.031510,-0.086290,-0.103438
-0.029352,-0.086926,-0.103598
-0.026810,-0.084886,-0.102183
-0.027311,-0.085864,-0.100521
-0.025531,-0.085055,-0.099314
-0.023709,-0.085668,-0.099732
-0.022917,-0.085079,-0.096365
-0.021295,-0.085666,-0.095866
-0.020930,-0.086282,-0.095452
-0.018402,-0.086271,-0.093827
-0.018533,-0.085181,-0.094172
-0.016828,-0.085131,-0.092145
-0.015799,-0.085212,-0.092087
-0.014295,-0.083453,-0.091585
-0.011756,-0.086638,-0.088010
-0.009652,-0.083463,-0.087565
-0.009669,-0.083274,-0.088338
-0.006883,-0.085813,-0.087596
-0.006015,-0.083198,-0.086148
-0.006215,-0.085831,-0.085930
-0.002659,-0.086622,-0.083936
0.000075,-0.085383,-0.084048
0.000324,-0.085871,-0.084355
0.000966,-0.086039,-0.082024
0.002531,-0.085994,-0.081488
0.003372,-0.084992,-0.080753
0.004849,-0.086077,-0.082939
0.005614,-0.084829,-0.081462
0.009671,-0.085171,-0.080114
0.009369,-0.084735,-0.081431
0.011741,-0.084422,-0.079621
0.012437,-0.084124,-0.077078
0.014822,-0.085675,-0.078335
0.016442,-0.085347,-0.077088
0.015036,-0.084562,-0.076667
0.015904,-0.084380,-0.077946
0.018124,-0.084185,-0.076608
0.018902,-0.086656,-0.076440
0.020763,-0.084565,-0.075782
0.020520,-0.084452,-0.074995
0.024604,-0.085793,-0.074475
0.024403,-0.085140,-0.073135
0.027847,-0.086687,-0.071745
0.028720,-0.086347,-0.073181
0.028675,-0.084599,-0.073675
0.031274,-0.085161,-0.076281
0.033293,-0.083893,-0.073875
0.031985,-0.084354,-0.073919
0.034310,-0.084395,-0.071223
0.035646,-0.084703,-0.073928
0.039288,-0.083161,-0.072565
0.038541,-0.085132,-0.072191
0.038384,-0.085214,-0.071969
0.040401,-0.084349,-0.071563
0.042551,-0.084348,-0.072261
0.045589,-0.083896,-0.071739
0.046103,-0.084321,-0.072117
0.047710,-0.086698,-0.070185
0.049568,-0.085415,-0.071826
0.050964,-0.085279,-0.070996
0.049855,-0.085545,-0.071918
0.054060,-0.084886,-0.070213
0.053593,-0.084820,-0.073213
0.056292,-0.083773,-0.072174
0.056783,-0.086351,-0.072211
0.059875,-0.083598,-0.069320
0.059247,-0.085337,-0.073023
0.061325,-0.085758,-0.072144
0.062514,-0.085585,-0.072491
0.064487,-0.082892,-0.071296
0.063754,-0.084348,-0.073380
0.066641,-0.083328,-0.072003
0.067988,-0.085029,-0.071764
0.069057,-0.085607,-0.073555
0.070799,-0.085531,-0.073707
0.071852,-0.085742,-0.074673
0.074080,-0.083615,-0.075883
0.073964,-0.083655,-0.073790
0.073043,-0.084338,-0.075801
0.076071,-0.085148,-0.075141
0.079028,-0.086149,-0.072329
0.080414,-0.083589,-0.075108
0.079537,-0.084772,-0.074386
0.081685,-0.085274,-0.074795
0.085984,-0.084593,-0.076899
0.087408,-0.084677,-0.076832
0.085596,-0.084710,-0.077941
0.088627,-0.083876,-0.078639
0.087945,-0.084898,-0.077192
0.092083,-0.085963,-0.079586
0.092801,-0.084303,-0.078929
0.094820,-0.083955,-0.080640
0.093780,-0.083961,-0.080084
0.097202,-0.085049,-0.079198
0.097882,-0.086340,-0.079059
0.098139,-0.085212,-0.078927
0.100673,-0.084753,-0.078942
0.101972,-0.084989,-0.081141
0.102887,-0.084986,-0.079817
0.105079,-0.086451,-0.079023
0.105589,-0.086055,-0.081514
0.106203,-0.086242,-0.081092
0.109142,-0.084453,-0.080075
0.110865,-0.085232,-0.081907
0.112767,-0.085834,-0.080145
0.112826,-0.085242,-0.082753
0.116058,-0.083579,-0.082763
0.114888,-0.084112,-0.080484
0.116817,-0.084772,-0.080759
0.119638,-0.084981,-0.081612
0.120083,-0.084283,-0.080838
0.121531,-0.085805,-0.082106
0.122231,-0.085322,-0.079671
0.123307,-0.083873,-0.080594
0.126745,-0.083599,-0.081837
0.126175,-0.084721,-0.082606
0.126984,-0.083870,-0.079910
0.130222,-0.085380,-0.080643
0.131271,-0.084601,-0.083286
0.130527,-0.085173,-0.081399
0.132673,-0.086244,-0.081759
0.133596,-0.085076,-0.082590
0.137651,-0.083867,-0.083157
0.137870,-0.083703,-0.083470
0.140902,-0.085057,-0.082230
0.139632,-0.086206,-0.082666
0.140704,-0.085569,-0.085057
0.141361,-0.086428,-0.083282
0.144406,-0.085623,-0.086427
0.145319,-0.085325,-0.089293
0.147953,-0.083303,-0.087751
0.148549,-0.085237,-0.088091
0.150394,-0.087838,-0.089593
0.151844,-0.085786,-0.090522
0.151989,-0.085249,-0.089983
0.153640,-0.083593,-0.092369
0.155900,-0.086524,-0.091247
0.157664,-0.086208,-0.090776
0.159550,-0.085103,-0.093241
0.161818,-0.085001,-0.096881
0.160469,-0.084718,-0.097877
0.163623,-0.084363,-0.100234
0.165688,-0.085402,-0.102620
0.166284,-0.086120,-0.103676
0.167013,-0.084488,-0.105918
0.167740,-0.085251,-0.105840
0.168924,-0.086718,-0.110787
0.172201,-0.085557,-0.112336
0.173618,-0.087003,-0.114228
0.175787,-0.085441,-0.118825
0.175152,-0.085535,-0.122280
0.178421,-0.085032,-0.124651
0.178638,-0.085769,-0.133248
0.181988,-0.084788,-0.142043
-0.093813,-0.085134,-0.160560
-0.093259,-0.085152,-0.156650
-0.090019,-0.084960,-0.151824
-0.090162,-0.083923,-0.146565
-0.086903,-0.085380,-0.143604
-0.086641,-0.085285,-0.139409
-0.085156,-0.084832,-0.140008
-0.082458,-0.084539,-0.138062
-0.081950,-0.085654,-0.135671
-0.082230,-0.083459,-0.131759
-0.078119,-0.083762,-0.132674
-0.079747,-0.084135,-0.131215
-0.075671,-0.085022,-0.130168
-0.074484,-0.084099,-0.128972
-0.075253,-0.085489,-0.126421
-0.072032,-0.084715,-0.127052
-0.071724,-0.084477,-0.126516
-0.069597,-0.085013,-0.125525
-0.067742,-0.084154,-0.123076
-0.066065,-0.083921,-0.123463
-0.064204,-0.084411,-0.121308
-0.064257,-0.082246,-0.122818
-0.061498,-0.084194,-0.119845
-0.061895,-0.085863,-0.119307
-0.059508,-0.083640,-0.120082
-0.058049,-0.086219,-0.117244
-0.057580,-0.083787,-0.117324
-0.055725,-0.084234,-0.117522
-0.054419,-0.083825,-0.118239
-0.052248,-0.085004,-0.115918
-0.052131,-0.083052,-0.116822
-0.050813,-0.084532,-0.115870
-0.047876,-0.085111,-0.115929
-0.045899,-0.083707,-0.113204
-0.044546,-0.085369,-0.110342
-0.041041,-0.085036,-0.112674
-0.040722,-0.086004,-0.112972
-0.040159,-0.083582,-0.112926
-0.040685,-0.085847,-0.112034
-0.036636,-0.085110,-0.110125
-0.035051,-0.084381,-0.110339
-0.035773,-0.083113,-0.107743
-0.032834,-0.084727,-0.106824
-0.032971,-0.083718,-0.105778
-0.030178,-0.084223,-0.106089
-0.029744,-0.083889,-0.105599
-0.027840,-0.083712,-0.102894
-0.027507,-0.083908,-0.100717
-0.024696,-0.084416,-0.100369
-0.024334,-0.084504,-0.097951
-0.023487,-0.084100,-0.099470
-0.020493,-0.084329,-0.097577
-0.020270,-0.084587,-0.096127
-0.017389,-0.085953,-0.093709
-0.017405,-0.082972,-0.092410
-0.016060,-0.084503,-0.091415
-0.014545,-0.084748,-0.094035
-0.012574,-0.082970,-0.090026
-0.012870,-0.083028,-0.088920
-0.010567,-0.083577,-0.089209
-0.008527,-0.084814,-0.088569
-0.008062,-0.084078,-0.085403
-0.006878,-0.082353,-0.086348
-0.005359,-0.084057,-0.086850
-0.003442,-0.083275,-0.085280
-0.001696,-0.082968,-0.082566
0.000184,-0.082012,-0.082864
0.000533,-0.083022,-0.083825
0.001556,-0.083012,-0.082402
0.003621,-0.085046,-0.080889
0.003477,-0.084190,-0.081401
0.004412,-0.084052,-0.080075
0.008138,-0.082091,-0.077131
0.007464,-0.083502,-0.079393
0.012091,-0.082567,-0.078922
0.011930,-0.082727,-0.078972
0.013502,-0.082962,-0.076631
0.015424,-0.082693,-0.078604
0.016982,-0.083226,-0.077418
0.015253,-0.082411,-0.075715
0.020063,-0.082753,-0.077201
0.019972,-0.085625,-0.075314
0.023728,-0.084415,-0.075636
0.021777,-0.081872,-0.075321
0.025191,-0.083265,-0.075298
0.025977,-0.085015,-0.074645
0.026579,-0.083505,-0.074343
0.029124,-0.084190,-0.074936
0.028599,-0.084501,-0.072556
0.033161,-0.082917,-0.072492
0.031342,-0.082595,-0.070364
0.032719,-0.083210,-0.073345
0.036783,-0.084275,-0.070291
0.036925,-0.081917,-0.071564
0.036621,-0.083752,-0.072954
0.037483,-0.083379,-0.071954
0.040589,-0.084176,-0.071245
0.042905,-0.083051,-0.072696
0.042337,-0.083494,-0.071039
0.044861,-0.083143,-0.071005
0.046508,-0.081958,-0.070741
0.046690,-0.083164,-0.072122
0.049829,-0.084219,-0.070479
0.050283,-0.081887,-0.070775
0.051632,-0.082090,-0.071636
0.052890,-0.082733,-0.071469
0.055076,-0.085026,-0.072769
0.056334,-0.083664,-0.072612
0.056273,-0.084433,-0.072679
0.057773,-0.083990,-0.071010
0.059368,-0.082666,-0.073709
0.061112,-0.083416,-0.070086
0.063909,-0.082511,-0.071924
0.063189,-0.084467,-0.071651
0.065500,-0.083335,-0.072665
0.066277,-0.084797,-0.071942
0.068773,-0.083710,-0.073399
0.069675,-0.082329,-0.073878
0.072114,-0.082955,-0.073018
0.072091,-0.082636,-0.073142
0.072520,-0.083477,-0.071860
0.075317,-0.084268,-0.072611
0.074820,-0.082397,-0.074798
0.077099,-0.083745,-0.074043
0.078049,-0.082728,-0.075326
0.080198,-0.083224,-0.074069
0.080765,-0.083030,-0.076341
0.081761,-0.085068,-0.075595
0.085188,-0.084439,-0.076424
0.085310,-0.084156,-0.076876
0.086818,-0.084185,-0.076497
0.087757,-0.084257,-0.076292
0.089379,-0.086002,-0.077796
0.091293,-0.083370,-0.079479
0.091943,-0.082294,-0.078419
0.093906,-0.084518,-0.079705
0.097003,-0.083294,-0.079032
0.095878,-0.082951,-0.080192
0.097895,-0.083215,-0.079397
0.097293,-0.082620,-0.077946
0.100537,-0.083223,-0.081029
0.101275,-0.084185,-0.080796
0.101099,-0.084667,-0.081396
0.103876,-0.082474,-0.081228
0.105254,-0.083668,-0.080180
0.107579,-0.082937,-0.080479
0.106298,-0.082384,-0.082691
0.110518,-0.082635,-0.081961
0.110458,-0.083721,-0.081469
0.113535,-0.082860,-0.081957
0.115403,-0.084625,-0.080327
0.115266,-0.084015,-0.081390
0.117005,-0.081170,-0.081844
0.118089,-0.084810,-0.082602
0.119208,-0.084141,-0.083389
0.122089,-0.083348,-0.083416
0.121881,-0.081864,-0.081412
0.124810,-0.084446,-0.081617
0.123431,-0.083915,-0.081524
0.125443,-0.083679,-0.083765
0.129349,-0.084051,-0.083258
0.130662,-0.084650,-0.080569
0.128344,-0.082352,-0.081963
0.130772,-0.085043,-0.081915
0.134204,-0.084730,-0.083834
0.135320,-0.085519,-0.084399
0.135644,-0.084770,-0.082305
0.138602,-0.083663,-0.081330
0.138617,-0.083711,-0.082455
0.140659,-0.085413,-0.085879
0.141682,-0.085220,-0.084673
0.144518,-0.084344,-0.084778
0.143705,-0.082706,-0.085522
0.145875,-0.084963,-0.088881
0.146580,-0.082913,-0.088053
0.148518,-0.084775,-0.089205
0.150711,-0.084773,-0.089026
0.150598,-0.085541,-0.088087
0.152626,-0.084768,-0.090675
0.156120,-0.083997,-0.090980
0.156248,-0.083391,-0.092275
0.156760,-0.081537,-0.095506
0.158131,-0.084760,-0.094618
0.159701,-0.083338,-0.096135
0.161979,-0.084658,-0.099225
0.162817,-0.083861,-0.098523
0.164437,-0.083935,-0.100089
0.165833,-0.083853,-0.104246
0.166708,-0.084712,-0.104925
0.169220,-0.084148,-0.107530
0.170728,-0.083558,-0.109069
0.172294,-0.081529,-0.110521
0.173345,-0.084402,-0.115972
0.174444,-0.083598,-0.120463
0.174784,-0.085573,-0.124116
0.176376,-0.083957,-0.124870
0.179716,-0.085001,-0.131594
0.181964,-0.085615,-0.142931
-0.093576,-0.083430,-0.161839
-0.093429,-0.083983,-0.160015
-0.091520,-0.081921,-0.153750
-0.090273,-0.083518,-0.147105
-0.089253,-0.082946,-0.142452
-0.089084,-0.083114,-0.142002
-0.087105,-0.084277,-0.139934
-0.084177,-0.082767,-0.139006
-0.081826,-0.082784,-0.135950
-0.082220,-0.082923,-0.134900
-0.079733,-0.083012,-0.132771
-0.077302,-0.084611,-0.131364
-0.076001,-0.084139,-0.130219
-0.075650,-0.084762,-0.127210
-0.074997,-0.081790,-0.126789
-0.072909,-0.085313,-0.128046
-0.070815,-0.082129,-0.126038
-0.066950,-0.081498,-0.125576
-0.069248,-0.082555,-0.123272
-0.066183,-0.081494,-0.123500
-0.064127,-0.082687,-0.123864
-0.063015,-0.083106,-0.121755
-0.062886,-0.084004,-0.122524
-0.062118,-0.081364,-0.119113
-0.058658,-0.083360,-0.119303
-0.057520,-0.083177,-0.118375
-0.056833,-0.083695,-0.118881
-0.055474,-0.080740,-0.119384
-0.053304,-0.081690,-0.117869
-0.052735,-0.083746,-0.117265
-0.053541,-0.082199,-0.116976
-0.049503,-0.082923,-0.116324
-0.048814,-0.081829,-0.115530
-0.044676,-0.083423,-0.113409
-0.046337,-0.082933,-0.113516
-0.044055,-0.081609,-0.114757
-0.044432,-0.082579,-0.112768
-0.042105,-0.083217,-0.111134
-0.040912,-0.083406,-0.110378
-0.037339,-0.083192,-0.111155
-0.037080,-0.081656,-0.106737
-0.037019,-0.080568,-0.107905
-0.033584,-0.082851,-0.107271
-0.032979,-0.082149,-0.104720
-0.031551,-0.082073,-0.105301
-0.032641,-0.082272,-0.105039
-0.027216,-0.082404,-0.103671
-0.029435,-0.082961,-0.102769
-0.024555,-0.082346,-0.101155
-0.023854,-0.082192,-0.098321
-0.023495,-0.083243,-0.096826
-0.023512,-0.081942,-0.098593
-0.020062,-0.081699,-0.094903
-0.018407,-0.081715,-0.092310
-0.016646,-0.082666,-0.092885
-0.018183,-0.081487,-0.093182
-0.013752,-0.080920,-0.092360
-0.012818,-0.081803,-0.090591
-0.010649,-0.082361,-0.088360
-0.010532,-0.084172,-0.091347
-0.009678,-0.080791,-0.087935
-0.008060,-0.080252,-0.086410
-0.006754,-0.081364,-0.086554
-0.005178,-0.081340,-0.086881
-0.004350,-0.082603,-0.084828
-0.001943,-0.081644,-0.084614
-0.000642,-0.081711,-0.081825
0.003261,-0.081875,-0.080942
0.001178,-0.079780,-0.082187
0.002232,-0.081948,-0.081030
0.006345,-0.082049,-0.079812
0.006015,-0.081923,-0.081595
0.008475,-0.082832,-0.078612
0.010216,-0.081222,-0.079906
0.011512,-0.082337,-0.078832
0.011132,-0.080368,-0.077362
0.013566,-0.082459,-0.077322
0.012982,-0.081222,-0.078189
0.015429,-0.081577,-0.078705
0.019071,-0.080570,-0.076120
0.018926,-0.081568,-0.076570
0.020705,-0.082415,-0.074943
0.021258,-0.082037,-0.075248
0.023472,-0.082290,-0.074839
0.025739,-0.082060,-0.073252
0.025836,-0.081596,-0.074399
0.028339,-0.081394,-0.075222
0.028385,-0.081443,-0.075048
0.030045,-0.080683,-0.073083
0.031509,-0.081540,-0.073048
0.032055,-0.081537,-0.073466
0.033329,-0.079744,-0.073290
0.034984,-0.081869,-0.073039
0.036794,-0.082726,-0.073741
0.036966,-0.081023,-0.074126
0.039152,-0.082558,-0.072550
0.042887,-0.083968,-0.071354
0.041226,-0.082359,-0.071437
0.043600,-0.083143,-0.071849
0.044210,-0.082731,-0.070309
0.046430,-0.081649,-0.069870
0.046757,-0.080612,-0.071414
0.048087,-0.081700,-0.072753
0.050902,-0.082090,-0.069815
0.052264,-0.080968,-0.069739
0.053193,-0.081792,-0.071275
0.054204,-0.081551,-0.069656
0.055607,-0.082790,-0.071564
0.056342,-0.081776,-0.071295
0.058270,-0.081496,-0.071718
0.060191,-0.082055,-0.072151
0.061403,-0.082639,-0.071589
0.062610,-0.081607,-0.071842
0.061779,-0.081339,-0.071316
0.064447,-0.082237,-0.072845
0.066777,-0.080881,-0.071420
0.066456,-0.081047,-0.071775
0.069635,-0.081140,-0.071563
0.069289,-0.082688,-0.075292
0.073437,-0.082240,-0.073158
0.073325,-0.082443,-0.072981
0.074237,-0.082578,-0.074782
0.076329,-0.081498,-0.075591
0.079059,-0.083293,-0.074556
0.078723,-0.083296,-0.075583
0.080066,-0.080836,-0.076569
0.079042,-0.081789,-0.074072
0.083358,-0.082438,-0.076234
0.084304,-0.082969,-0.078019
0.085541,-0.082578,-0.074833
0.086233,-0.081816,-0.076562
0.088602,-0.081623,-0.077417
0.089267,-0.083367,-0.077779
0.091089,-0.082846,-0.079308
0.093951,-0.081125,-0.078109
0.093631,-0.083422,-0.078635
0.095667,-0.082818,-0.079057
0.095388,-0.082084,-0.078732
0.098892,-0.082867,-0.077733
0.099204,-0.082012,-0.078271
0.100367,-0.081578,-0.080366
0.102722,-0.081260,-0.081913
0.103971,-0.083606,-0.081757
0.106136,-0.081825,-0.081150
0.106350,-0.082386,-0.080817
0.106273,-0.082695,-0.081388
0.107029,-0.082943,-0.082345
0.109849,-0.081246,-0.080220
0.112299,-0.084372,-0.082465
0.113159,-0.083240,-0.081117
0.113289,-0.083300,-0.082381
0.115351,-0.084288,-0.080146
0.118719,-0.081104,-0.081947
0.116381,-0.082585,-0.082889
0.120135,-0.082261,-0.079979
0.121355,-0.083975,-0.081411
0.122394,-0.082147,-0.080105
0.123735,-0.081914,-0.080478
0.124872,-0.080548,-0.080475
0.126932,-0.079402,-0.082494
0.127531,-0.082577,-0.082600
0.129051,-0.080109,-0.083849
0.130983,-0.082350,-0.084726
0.133875,-0.081995,-0.083007
0.133429,-0.082339,-0.082035
0.134857,-0.082319,-0.081341
0.136928,-0.084582,-0.082878
0.138216,-0.082055,-0.083567
0.139140,-0.080296,-0.083465
0.139395,-0.079448,-0.084379
0.142132,-0.081593,-0.084030
0.143419,-0.081151,-0.085861
0.142793,-0.082675,-0.087123
0.145551,-0.079824,-0.087222
0.147648,-0.081537,-0.088420
0.147825,-0.082392,-0.088269
0.149867,-0.082423,-0.090181
0.151376,-0.081592,-0.090211
0.154269,-0.081407,-0.091220
0.156569,-0.081287,-0.091755
0.156316,-0.081807,-0.094697
0.156567,-0.080744,-0.093239
0.157276,-0.084827,-0.095121
0.162134,-0.083406,-0.097887
0.161525,-0.083146,-0.098586
0.163782,-0.083621,-0.098226
0.165594,-0.083432,-0.103102
0.163989,-0.082980,-0.103878
0.169010,-0.081878,-0.105738
0.168217,-0.082079,-0.105947
0.170527,-0.082618,-0.107232
0.172302,-0.083030,-0.113081
0.171049,-0.083908,-0.115271
0.176043,-0.084334,-0.117722
0.177426,-0.082176,-0.122037
0.176179,-0.083835,-0.126634
0.178276,-0.081462,-0.133180
0.181710,-0.083978,-0.146038
-0.094285,-0.080245,-0.160129
-0.091561,-0.080933,-0.155847
-0.090980,-0.080082,-0.148566
-0.087753,-0.082290,-0.144345
-0.086760,-0.083404,-0.142722
-0.086994,-0.080042,-0.139807
-0.082932,-0.080644,-0.138824
-0.082265,-0.082293,-0.137679
-0.080982,-0.081211,-0.137171
-0.079492,-0.082440,-0.134428
-0.076790,-0.082551,-0.132685
-0.077322,-0.079074,-0.131223
-0.076717,-0.080900,-0.128119
-0.073614,-0.081998,-0.127970
-0.071885,-0.079808,-0.127361
-0.069545,-0.082303,-0.127602
-0.068893,-0.081603,-0.123795
-0.068657,-0.081963,-0.124980
-0.067225,-0.082359,-0.124524
-0.064467,-0.081304,-0.124825
-0.063114,-0.081612,-0.121787
-0.060550,-0.082989,-0.122234
-0.060597,-0.079413,-0.121207
-0.059342,-0.081380,-0.119347
-0.058137,-0.080524,-0.119538
-0.058298,-0.081380,-0.120527
-0.056439,-0.079482,-0.118593
-0.053378,-0.080078,-0.116849
-0.051121,-0.081752,-0.115709
-0.051061,-0.078796,-0.116789
-0.049488,-0.079299,-0.114787
-0.048420,-0.081437,-0.113735
-0.047715,-0.082538,-0.115026
-0.046339,-0.080752,-0.113920
-0.044780,-0.080578,-0.113312
-0.043913,-0.080806,-0.113002
-0.041423,-0.080790,-0.110841
-0.039497,-0.082451,-0.112567
-0.039302,-0.080347,-0.110404
-0.036068,-0.080360,-0.107607
-0.034873,-0.080125,-0.107410
-0.033870,-0.080787,-0.106661
-0.032684,-0.080840,-0.107535
-0.031677,-0.081446,-0.105888
-0.028628,-0.080285,-0.103123
-0.028397,-0.079952,-0.103644
-0.026544,-0.080578,-0.101325
-0.026034,-0.079266,-0.100419
-0.025857,-0.082799,-0.099744
-0.022828,-0.081477,-0.097069
-0.019817,-0.080942,-0.097280
-0.018604,-0.080047,-0.095546
-0.020863,-0.080504,-0.093440
-0.018861,-0.079865,-0.091980
-0.016225,-0.079595,-0.093400
-0.015390,-0.080106,-0.092695
-0.014162,-0.079828,-0.090751
-0.013338,-0.078603,-0.089748
-0.010746,-0.079716,-0.088411
-0.008451,-0.081161,-0.086718
-0.006207,-0.079940,-0.087253
-0.007930,-0.080742,-0.085786
-0.005317,-0.080730,-0.084040
-0.005236,-0.080516,-0.084200
-0.002092,-0.080253,-0.085702
0.000501,-0.081241,-0.083117
0.000958,-0.081312,-0.081893
0.003175,-0.080833,-0.082253
0.003307,-0.080064,-0.081292
0.005554,-0.080613,-0.080289
0.005038,-0.080054,-0.080059
0.007801,-0.081218,-0.080485
0.008841,-0.079583,-0.078812
0.010825,-0.080337,-0.077511
0.011733,-0.080220,-0.078944
0.013792,-0.079986,-0.076825
0.016097,-0.079751,-0.076821
0.014605,-0.080833,-0.077304
0.017441,-0.081070,-0.077093
0.019061,-0.081716,-0.076404
0.018297,-0.081044,-0.074556
0.020515,-0.078365,-0.076200
0.023179,-0.080125,-0.076382
0.023395,-0.081502,-0.074620
0.024054,-0.080589,-0.076780
0.024969,-0.079176,-0.073399
0.027237,-0.080965,-0.074904
0.027438,-0.079728,-0.073090
0.031050,-0.079831,-0.074692
0.032379,-0.081118,-0.072040
0.034949,-0.080393,-0.073381
0.032555,-0.081067,-0.072352
0.038727,-0.079127,-0.071920
0.038140,-0.078586,-0.073108
0.039203,-0.081132,-0.072445
0.041796,-0.081210,-0.072394
0.041229,-0.080176,-0.071055
0.044151,-0.080431,-0.073356
0.044997,-0.079758,-0.072393
0.045609,-0.080335,-0.071177
0.047883,-0.076571,-0.070163
0.048011,-0.079950,-0.071071
0.051552,-0.079926,-0.071088
0.051611,-0.080161,-0.071118
0.052656,-0.080055,-0.071185
0.054700,-0.081907,-0.070367
0.055811,-0.081314,-0.070544
0.056853,-0.081205,-0.072001
0.058056,-0.079658,-0.070593
0.060454,-0.079204,-0.070061
0.060472,-0.079491,-0.070448
0.062541,-0.080779,-0.070621
0.065133,-0.081654,-0.071328
0.064975,-0.079820,-0.070003
0.065728,-0.080146,-0.073999
0.067886,-0.080613,-0.071750
0.069500,-0.080625,-0.072670
0.071026,-0.078982,-0.072402
0.070937,-0.078329,-0.074296
0.071106,-0.080878,-0.075130
0.075802,-0.081156,-0.075032
0.075791,-0.079537,-0.074542
0.076912,-0.076848,-0.074613
0.077410,-0.079314,-0.074867
0.079220,-0.079938,-0.075134
0.080282,-0.079637,-0.074425
0.081611,-0.080778,-0.074189
0.083391,-0.078921,-0.075944
0.086331,-0.079684,-0.076681
0.087528,-0.079970,-0.077771
0.088861,-0.079925,-0.076221
0.090386,-0.080773,-0.076478
0.090604,-0.079818,-0.077895
0.093124,-0.080568,-0.079024
0.091741,-0.080669,-0.079875
0.093088,-0.081868,-0.079447
0.098019,-0.080049,-0.079323
0.097631,-0.080397,-0.080383
0.097959,-0.080866,-0.079856
0.101437,-0.078914,-0.081629
0.100438,-0.080229,-0.080581
0.104709,-0.081470,-0.078110
0.103771,-0.080618,-0.081479
0.107701,-0.078964,-0.081201
0.107275,-0.082291,-0.082862
0.110501,-0.079606,-0.081698
0.111724,-0.081498,-0.081762
0.111993,-0.079139,-0.082287
0.110275,-0.081012,-0.080533
0.114400,-0.080644,-0.079559
0.116703,-0.081480,-0.078796
0.118725,-0.079532,-0.081791
0.118626,-0.079761,-0.082680
0.118559,-0.081157,-0.083205
0.120011,-0.079303,-0.082530
0.122218,-0.079390,-0.081168
0.122802,-0.080973,-0.082412
0.124242,-0.079737,-0.084111
0.125254,-0.077770,-0.083346
0.127688,-0.081030,-0.081278
0.129222,-0.079567,-0.083426
0.132898,-0.078577,-0.083144
0.133216,-0.080215,-0.084620
0.133906,-0.080470,-0.083310
0.136011,-0.080444,-0.084985
0.137039,-0.080588,-0.083610
0.138916,-0.080422,-0.087120
0.138730,-0.079896,-0.084168
0.139590,-0.080071,-0.085303
0.141150,-0.080473,-0.085447
0.143570,-0.081435,-0.085807
0.144623,-0.081131,-0.088006
0.146948,-0.079341,-0.087408
0.147549,-0.081413,-0.088131
0.148307,-0.079621,-0.089294
0.150669,-0.079904,-0.090540
0.150259,-0.081324,-0.090149
0.152604,-0.079987,-0.092063
0.155341,-0.080733,-0.093515
0.154859,-0.079934,-0.093045
0.155947,-0.079793,-0.092947
0.161238,-0.081520,-0.094015
0.160433,-0.082254,-0.097869
0.161234,-0.080601,-0.097641
0.163745,-0.081468,-0.101780
0.162643,-0.080867,-0.103740
0.164909,-0.081135,-0.105818
0.167917,-0.080738,-0.105258
0.169333,-0.080735,-0.107328
0.171522,-0.081365,-0.108872
0.171591,-0.080158,-0.111345
0.172724,-0.081745,-0.115436
0.174001,-0.081312,-0.119204
0.175832,-0.081365,-0.123200
0.178386,-0.080695,-0.126808
0.178054,-0.081856,-0.134117
-0.093272,-0.079347,-0.159980
-0.091177,-0.080717,-0.155295
-0.090439,-0.081296,-0.149854
-0.088366,-0.080536,-0.146130
-0.086206,-0.080428,-0.143268
-0.083606,-0.077981,-0.138939
-0.085425,-0.081318,-0.139334
-0.082568,-0.081190,-0.136999
-0.080528,-0.080721,-0.137334
-0.079263,-0.080004,-0.134789
-0.077639,-0.078086,-0.131943
-0.076822,-0.080321,-0.132623
-0.075058,-0.080067,-0.128767
-0.074951,-0.080297,-0.128602
-0.072263,-0.078852,-0.127021
-0.071449,-0.080688,-0.126983
-0.071410,-0.080147,-0.126507
-0.068994,-0.080006,-0.126505
-0.066102,-0.080547,-0.123645
-0.065192,-0.080293,-0.122784
-0.063621,-0.078298,-0.123128
-0.062588,-0.078964,-0.121693
-0.060977,-0.079890,-0.120592
-0.059251,-0.078664,-0.119931
-0.056178,-0.079601,-0.119730
-0.055664,-0.079236,-0.119308
-0.055969,-0.081839,-0.118170
-0.052956,-0.079922,-0.117385
-0.051435,-0.081910,-0.117278
-0.051025,-0.079275,-0.116195
-0.048372,-0.079712,-0.115651
-0.046012,-0.079476,-0.114912
-0.046087,-0.079178,-0.115656
-0.045164,-0.078325,-0.114464
-0.044382,-0.080777,-0.114551
-0.042583,-0.079343,-0.112337
-0.042943,-0.078766,-0.112372
-0.040135,-0.078971,-0.108755
-0.038796,-0.079795,-0.112465
-0.038100,-0.079396,-0.109878
-0.034975,-0.078175,-0.108266
-0.034297,-0.079780,-0.109996
-0.034546,-0.080834,-0.107506
-0.031986,-0.080409,-0.104933
-0.030285,-0.078984,-0.104695
-0.028839,-0.079468,-0.102571
-0.026455,-0.080498,-0.100638
-0.026087,-0.079954,-0.101539
-0.025858,-0.078889,-0.099374
-0.021084,-0.080089,-0.097839
-0.021545,-0.078183,-0.097560
-0.020378,-0.079790,-0.096184
-0.018538,-0.078344,-0.094877
-0.019230,-0.078687,-0.094013
-0.016441,-0.079543,-0.092473
-0.015479,-0.078882,-0.092789
-0.011373,-0.080482,-0.089274
-0.012149,-0.078977,-0.088663
-0.010429,-0.080127,-0.088804
-0.007688,-0.080064,-0.089486
-0.008563,-0.077385,-0.086622
-0.005342,-0.078169,-0.086610
-0.004725,-0.077713,-0.086806
-0.003308,-0.079641,-0.085994
-0.002609,-0.077167,-0.083935
-0.000928,-0.080006,-0.084018
0.001197,-0.078492,-0.082670
0.001248,-0.080381,-0.081897
0.002102,-0.080369,-0.080727
0.005002,-0.078138,-0.079932
0.006152,-0.077466,-0.079552
0.007736,-0.079847,-0.078939
0.009036,-0.079220,-0.080086
0.009336,-0.078073,-0.078333
0.011994,-0.079439,-0.079751
0.013755,-0.079406,-0.080090
0.014277,-0.077804,-0.075248
0.017178,-0.079934,-0.077929
0.017738,-0.079186,-0.077844
0.017638,-0.079095,-0.076976
0.020477,-0.078217,-0.076481
0.022157,-0.077754,-0.076418
0.023090,-0.077909,-0.075091
0.025752,-0.078771,-0.075844
0.024410,-0.079649,-0.074377
0.027859,-0.078717,-0.073648
0.028244,-0.078595,-0.072790
0.029059,-0.079569,-0.072610
0.031736,-0.077842,-0.074082
0.033288,-0.078090,-0.074909
0.032867,-0.079575,-0.072263
0.035431,-0.080156,-0.073813
0.037579,-0.078989,-0.073940
0.036737,-0.076364,-0.071806
0.039225,-0.079940,-0.073056
0.040129,-0.078833,-0.071934
0.041419,-0.077271,-0.071876
0.041857,-0.079829,-0.072582
0.045370,-0.079490,-0.070499
0.046871,-0.077960,-0.071885
0.046818,-0.078217,-0.072654
0.047407,-0.078884,-0.071763
0.048355,-0.076995,-0.068718
0.052291,-0.081022,-0.071876
0.053356,-0.078940,-0.071633
0.053929,-0.077743,-0.071396
0.054243,-0.081467,-0.070283
0.057526,-0.079663,-0.069889
0.057197,-0.079120,-0.069902
0.057709,-0.078625,-0.071024
0.059955,-0.079745,-0.070484
0.063204,-0.078314,-0.072265
0.063587,-0.077942,-0.068496
0.066110,-0.077339,-0.072690
0.065308,-0.078983,-0.070464
0.068612,-0.078038,-0.070961
0.069522,-0.078389,-0.073588
0.070406,-0.078010,-0.074127
0.070111,-0.079383,-0.072399
0.073494,-0.078444,-0.073087
0.075857,-0.078166,-0.073513
0.075324,-0.078152,-0.072988
0.076557,-0.078087,-0.073516
0.078520,-0.077769,-0.074018
0.078999,-0.079660,-0.074347
0.081874,-0.078422,-0.075579
0.082644,-0.078533,-0.076123
0.084584,-0.078799,-0.075316
0.086531,-0.078723,-0.075243
0.087053,-0.078561,-0.074740
0.087388,-0.077576,-0.078008
0.089376,-0.078029,-0.077912
0.089518,-0.078670,-0.078493
0.091530,-0.079082,-0.079326
0.092674,-0.078238,-0.079466
0.094373,-0.078005,-0.079060
0.096522,-0.077632,-0.079658
0.096977,-0.078068,-0.080338
0.100347,-0.078824,-0.078841
0.100203,-0.078109,-0.081343
0.100340,-0.078515,-0.080505
0.103906,-0.078639,-0.080083
0.104910,-0.077800,-0.081202
0.106315,-0.078489,-0.080812
0.107711,-0.077793,-0.081950
0.108726,-0.078154,-0.082955
0.108893,-0.078127,-0.081337
0.110848,-0.077605,-0.080234
0.112503,-0.078711,-0.080135
0.115184,-0.078444,-0.082795
0.115692,-0.077874,-0.080418
0.117767,-0.078225,-0.082912
0.119439,-0.079226,-0.082571
0.120545,-0.077627,-0.082684
0.119742,-0.080226,-0.081987
0.122553,-0.077281,-0.083243
0.124213,-0.079283,-0.082022
0.125948,-0.077859,-0.084080
0.127633,-0.080778,-0.083457
0.127231,-0.078899,-0.084719
0.130569,-0.077438,-0.083675
0.131570,-0.078468,-0.082389
0.133260,-0.079118,-0.083267
0.133666,-0.078103,-0.084938
0.134295,-0.079749,-0.085302
0.137846,-0.079401,-0.084867
0.137711,-0.079545,-0.086729
0.138712,-0.079418,-0.084913
0.139192,-0.078669,-0.085719
0.140968,-0.080276,-0.084572
0.144746,-0.078995,-0.085640
0.144040,-0.076785,-0.086494
0.148009,-0.079525,-0.090147
0.147731,-0.080848,-0.090926
0.147424,-0.078582,-0.091585
0.149019,-0.080311,-0.091890
0.151347,-0.078884,-0.090749
0.152993,-0.079100,-0.092871
0.153876,-0.079486,-0.094077
0.155855,-0.079598,-0.092865
0.157822,-0.079951,-0.093933
0.159371,-0.081528,-0.097353
0.159403,-0.078234,-0.098252
0.161601,-0.077122,-0.098801
0.162991,-0.078193,-0.099597
0.164271,-0.079277,-0.105028
0.164573,-0.079892,-0.102873
0.166098,-0.080180,-0.107839
0.168199,-0.078612,-0.108952
0.170034,-0.078505,-0.108748
0.171177,-0.079116,-0.113187
0.173745,-0.080195,-0.117845
0.175292,-0.078435,-0.120517
0.176107,-0.079254,-0.123754
0.178961,-0.080672,-0.125571
0.180051,-0.079473,-0.135888
-0.089873,-0.076997,-0.156413
-0.091807,-0.079370,-0.152979
-0.086696,-0.077212,-0.148312
-0.086448,-0.078514,-0.143848
-0.086407,-0.077488,-0.141563
-0.083608,-0.078958,-0.139014
-0.083074,-0.078817,-0.138399
-0.082183,-0.079634,-0.134030
-0.078928,-0.077937,-0.134984
-0.078018,-0.078564,-0.131247
-0.075539,-0.079029,-0.131729
-0.075576,-0.076557,-0.131594
-0.074136,-0.077215,-0.127817
-0.072325,-0.077476,-0.129982
-0.072860,-0.077042,-0.128519
-0.071254,-0.078635,-0.125774
-0.067424,-0.077011,-0.124946
-0.064757,-0.077954,-0.125055
-0.065173,-0.078064,-0.122885
-0.064090,-0.077142,-0.124619
-0.062049,-0.077425,-0.121622
-0.063293,-0.078382,-0.121810
-0.058853,-0.077815,-0.120801
-0.057748,-0.077064,-0.119974
-0.057764,-0.077049,-0.118682
-0.056191,-0.078454,-0.119511
-0.053428,-0.078953,-0.116770
-0.052194,-0.077371,-0.116335
-0.052039,-0.077853,-0.116733
-0.051238,-0.080187,-0.117296
-0.049777,-0.077626,-0.115664
-0.046763,-0.076740,-0.113422
-0.043908,-0.077044,-0.114258
-0.044809,-0.077021,-0.113094
-0.042631,-0.077606,-0.114404
-0.042437,-0.075676,-0.111923
-0.038743,-0.078105,-0.111781
-0.039184,-0.076787,-0.110719
-0.036656,-0.077064,-0.108820
-0.034160,-0.078122,-0.108837
-0.034028,-0.077140,-0.106965
-0.033730,-0.078069,-0.105992
-0.030575,-0.078449,-0.106947
-0.030787,-0.078233,-0.104998
-0.030594,-0.076167,-0.105433
-0.027401,-0.076060,-0.102219
-0.025539,-0.076638,-0.098644
-0.023491,-0.075254,-0.100150
-0.023156,-0.077924,-0.099777
-0.022499,-0.075937,-0.096123
-0.018711,-0.078447,-0.095822
-0.018409,-0.078602,-0.092905
-0.016260,-0.077917,-0.093985
-0.016903,-0.077467,-0.093102
-0.013053,-0.078892,-0.091736
-0.013469,-0.077216,-0.092839
-0.012082,-0.076894,-0.088241
-0.008795,-0.077795,-0.089105
-0.009875,-0.075743,-0.088201
-0.006897,-0.078063,-0.086516
-0.007455,-0.078967,-0.086711
-0.003421,-0.076835,-0.085520
-0.006470,-0.078736,-0.085988
-0.003709,-0.077843,-0.083160
-0.000071,-0.076155,-0.084935
0.002622,-0.077966,-0.081989
0.001773,-0.075778,-0.081916
0.003074,-0.077650,-0.081555
0.005043,-0.077169,-0.082305
0.005708,-0.077490,-0.083945
0.007742,-0.075438,-0.079924
0.009175,-0.077684,-0.079866
0.008390,-0.076490,-0.079033
0.012882,-0.077962,-0.078300
0.013206,-0.078301,-0.079173
0.014650,-0.076962,-0.079545
0.014908,-0.075041,-0.077564
0.018783,-0.077362,-0.077685
0.018268,-0.077860,-0.075334
0.020968,-0.077821,-0.077748
0.020753,-0.076721,-0.076410
0.023871,-0.078037,-0.075129
0.023892,-0.077059,-0.074920
0.025596,-0.074417,-0.074469
0.026823,-0.077572,-0.074782
0.029536,-0.077038,-0.073661
0.027808,-0.077588,-0.073691
0.030432,-0.077353,-0.074068
0.031934,-0.076855,-0.073525
0.033050,-0.077189,-0.073571
0.035945,-0.077019,-0.073065
0.035686,-0.076800,-0.071593
0.037210,-0.076198,-0.070861
0.039797,-0.077439,-0.072855
0.041528,-0.075060,-0.072998
0.042577,-0.075648,-0.071107
0.040129,-0.075834,-0.071043
0.045243,-0.077614,-0.072889
0.045513,-0.077665,-0.072339
0.050246,-0.075753,-0.069772
0.046967,-0.077596,-0.070930
0.050047,-0.076992,-0.072234
0.051953,-0.075357,-0.071737
0.051357,-0.078023,-0.069958
0.053526,-0.077526,-0.069881
0.054649,-0.075836,-0.070056
0.056073,-0.076732,-0.071389
0.057719,-0.077861,-0.071249
0.060470,-0.076877,-0.071174
0.061616,-0.075201,-0.069835
0.063653,-0.078010,-0.071569
0.062941,-0.077859,-0.071725
0.065872,-0.076024,-0.070682
0.067975,-0.078040,-0.070347
0.068103,-0.077150,-0.071013
0.069492,-0.077149,-0.072295
0.071118,-0.074468,-0.073055
0.072199,-0.077317,-0.075117
0.073280,-0.077472,-0.073332
0.075273,-0.078141,-0.072007
0.077166,-0.076840,-0.072805
0.078484,-0.078227,-0.073745
0.081039,-0.076994,-0.073861
0.079383,-0.077933,-0.073810
0.081264,-0.079157,-0.076152
0.082907,-0.075774,-0.075802
0.084632,-0.078837,-0.075822
0.085496,-0.075877,-0.076114
0.086422,-0.076773,-0.077923
0.087839,-0.079146,-0.076086
0.089797,-0.076226,-0.076758
0.090206,-0.077683,-0.080227
0.093181,-0.077264,-0.080263
0.093581,-0.076771,-0.080084
0.094795,-0.077852,-0.078438
0.098065,-0.078309,-0.078596
0.097986,-0.077972,-0.078921
0.098939,-0.077574,-0.080246
0.102405,-0.075425,-0.081183
0.100974,-0.074406,-0.082016
0.102272,-0.076053,-0.080242
0.104690,-0.076902,-0.081066
0.105720,-0.078066,-0.081255
0.107364,-0.078696,-0.081130
0.109301,-0.078204,-0.080720
0.110948,-0.078418,-0.081334
0.111898,-0.078694,-0.083422
0.112469,-0.076465,-0.083033
0.113796,-0.077753,-0.081739
0.114630,-0.076767,-0.083373
0.116373,-0.077525,-0.083467
0.118592,-0.076841,-0.081504
0.120250,-0.076478,-0.082673
0.120452,-0.078519,-0.082048
0.120784,-0.077761,-0.082606
0.124641,-0.079398,-0.082862
0.125516,-0.076674,-0.083152
0.127241,-0.077333,-0.082292
0.128507,-0.077380,-0.084116
0.127266,-0.078693,-0.085059
0.131351,-0.076226,-0.083553
0.133253,-0.078364,-0.082612
0.133576,-0.076846,-0.085976
0.134714,-0.076359,-0.085590
0.135544,-0.077939,-0.086962
0.138107,-0.077726,-0.087687
0.139026,-0.076063,-0.086062
0.138847,-0.076447,-0.086473
0.141096,-0.078234,-0.086280
0.140811,-0.077163,-0.087826
0.144658,-0.077257,-0.088836
0.146251,-0.079479,-0.088678
0.145667,-0.077921,-0.087730
0.148616,-0.078381,-0.091351
0.150822,-0.076878,-0.092341
0.152773,-0.077046,-0.091588
0.152444,-0.078579,-0.093599
0.152543,-0.078295,-0.092488
0.156762,-0.078800,-0.094194
0.157624,-0.078547,-0.093387
0.159402,-0.077977,-0.095342
0.158214,-0.078460,-0.097777
0.161487,-0.076216,-0.101845
0.162239,-0.077278,-0.101164
0.165706,-0.077868,-0.102544
0.165269,-0.075480,-0.105748
0.166492,-0.078172,-0.105616
0.169007,-0.079116,-0.107109
0.171511,-0.077250,-0.111579
0.172424,-0.078889,-0.113549
0.175467,-0.075827,-0.115001
0.175497,-0.079825,-0.119512
0.177028,-0.077603,-0.124659
0.176672,-0.078977,-0.126536
0.178739,-0.077255,-0.137809
-0.091330,-0.077906,-0.158624
-0.089459,-0.077062,-0.153811
-0.090537,-0.075382,-0.147362
-0.086584,-0.077494,-0.144063
-0.085109,-0.075676,-0.142412
-0.084460,-0.078426,-0.141714
-0.082360,-0.077636,-0.140091
-0.081731,-0.078466,-0.137228
-0.079320,-0.077193,-0.137098
-0.079070,-0.077620,-0.134062
-0.077339,-0.078222,-0.131920
-0.076563,-0.074612,-0.128788
-0.072759,-0.075937,-0.129259
-0.071826,-0.076045,-0.127807
-0.071527,-0.076786,-0.127744
-0.069422,-0.076915,-0.123710
-0.069185,-0.077909,-0.126987
-0.066683,-0.076598,-0.125879
-0.064557,-0.075394,-0.124649
-0.064493,-0.077210,-0.125005
-0.062312,-0.076728,-0.124154
-0.061422,-0.074965,-0.121710
-0.059248,-0.075773,-0.121189
-0.059170,-0.074265,-0.120395
-0.057156,-0.075922,-0.116119
-0.055078,-0.076315,-0.118451
-0.053757,-0.076244,-0.117663
-0.051792,-0.078180,-0.116959
-0.051127,-0.076550,-0.116831
-0.049510,-0.076876,-0.117406
-0.046654,-0.076545,-0.115096
-0.047086,-0.075292,-0.113450
-0.044955,-0.077049,-0.113180
-0.043713,-0.077514,-0.115547
-0.042148,-0.077560,-0.112931
-0.042621,-0.077692,-0.112029
-0.038006,-0.076235,-0.113572
-0.039415,-0.076174,-0.111097
-0.036363,-0.074803,-0.109161
-0.035662,-0.074916,-0.109392
-0.032370,-0.075808,-0.106938
-0.032941,-0.075240,-0.107931
-0.032670,-0.077129,-0.107142
-0.028524,-0.075972,-0.103429
-0.029277,-0.074679,-0.102113
-0.025619,-0.075705,-0.103034
-0.025370,-0.079003,-0.099619
-0.023144,-0.074907,-0.098879
-0.022495,-0.077017,-0.099033
-0.019087,-0.075586,-0.097672
-0.021120,-0.076292,-0.098457
-0.018893,-0.076009,-0.094260
-0.018668,-0.077497,-0.094223
-0.015363,-0.076786,-0.092532
-0.013712,-0.076943,-0.093567
-0.012185,-0.077312,-0.091088
-0.011794,-0.075343,-0.091472
-0.011105,-0.077061,-0.090673
-0.008705,-0.078281,-0.086726
-0.007553,-0.075327,-0.086536
-0.005746,-0.075213,-0.086803
-0.004372,-0.077048,-0.085453
-0.004403,-0.076815,-0.083476
-0.000473,-0.074110,-0.085954
-0.000512,-0.074750,-0.083555
0.000802,-0.074942,-0.083471
0.002556,-0.073694,-0.084167
0.002345,-0.076063,-0.080295
0.005721,-0.077145,-0.081063
0.006603,-0.078122,-0.080408
0.007952,-0.075369,-0.080264
0.008119,-0.075531,-0.080102
0.009936,-0.074976,-0.078432
0.012000,-0.077023,-0.079457
0.014467,-0.075848,-0.078264
0.015236,-0.074660,-0.076871
0.015918,-0.076556,-0.076941
0.015992,-0.076053,-0.077264
0.018998,-0.075560,-0.078581
0.019440,-0.075524,-0.075667
0.020810,-0.076216,-0.076560
0.023789,-0.074445,-0.075235
0.023110,-0.075849,-0.075935
0.026197,-0.075729,-0.076101
0.027629,-0.074537,-0.073746
0.027483,-0.076341,-0.075509
0.029760,-0.075480,-0.074758
0.031784,-0.074425,-0.074769
0.032980,-0.074873,-0.073830
0.034005,-0.075789,-0.073267
0.035973,-0.074992,-0.074828
0.035324,-0.074565,-0.072565
0.037127,-0.075743,-0.071165
0.040876,-0.075033,-0.071505
0.040010,-0.075944,-0.070559
0.043548,-0.075485,-0.072814
0.043861,-0.076359,-0.073050
0.044629,-0.074966,-0.072392
0.045423,-0.074936,-0.070667
0.048158,-0.076680,-0.071923
0.050909,-0.074722,-0.072501
0.049506,-0.077811,-0.070981
0.050698,-0.076786,-0.070141
0.053426,-0.077002,-0.073624
0.052193,-0.074765,-0.070558
0.055051,-0.074728,-0.069201
0.055464,-0.074088,-0.072520
0.058739,-0.075981,-0.070974
0.058685,-0.076816,-0.072398
0.061467,-0.076584,-0.071816
0.062165,-0.076792,-0.072167
0.064493,-0.075810,-0.071735
0.064520,-0.076740,-0.073174
0.067323,-0.076248,-0.073799
0.067704,-0.077358,-0.069862
0.070513,-0.077741,-0.070722
0.070431,-0.074855,-0.073457
0.073130,-0.074740,-0.070992
0.074095,-0.074987,-0.073478
0.076184,-0.076377,-0.073514
0.076121,-0.075810,-0.072391
0.079038,-0.074800,-0.071596
0.079194,-0.074014,-0.075239
0.080788,-0.075778,-0.074896
0.082249,-0.073633,-0.075606
0.084195,-0.076588,-0.075879
0.086193,-0.075980,-0.076154
0.085150,-0.076567,-0.076002
0.087224,-0.076855,-0.076950
0.088302,-0.076562,-0.079748
0.088877,-0.075423,-0.078621
0.090722,-0.075558,-0.077948
0.092221,-0.076469,-0.077391
0.094042,-0.074594,-0.077600
0.096393,-0.075821,-0.079971
0.096575,-0.075754,-0.078443
0.096666,-0.075627,-0.078781
0.098150,-0.074796,-0.080012
0.101336,-0.076107,-0.080887
0.101993,-0.075644,-0.081066
0.102340,-0.077292,-0.079676
0.103895,-0.075630,-0.081929
0.105520,-0.075686,-0.080489
0.108162,-0.075113,-0.083051
0.108809,-0.074017,-0.081749
0.107830,-0.075588,-0.082800
0.113768,-0.076281,-0.081803
0.111775,-0.076313,-0.083544
0.114646,-0.075660,-0.084855
0.117025,-0.075161,-0.081907
0.115891,-0.076029,-0.083633
0.116801,-0.076855,-0.082758
0.119840,-0.075273,-0.082654
0.122300,-0.077052,-0.083383
0.122320,-0.074225,-0.083262
0.121982,-0.074992,-0.083344
0.124990,-0.074878,-0.084263
0.127318,-0.076660,-0.083234
0.127561,-0.076408,-0.084346
0.130522,-0.074829,-0.083559
0.130339,-0.076568,-0.083359
0.132245,-0.074543,-0.086832
0.133619,-0.074836,-0.084796
0.137125,-0.073615,-0.085881
0.134248,-0.075760,-0.084634
0.137685,-0.076539,-0.087028
0.139678,-0.074104,-0.087524
0.141099,-0.074956,-0.086715
0.141656,-0.074854,-0.086483
0.142556,-0.075283,-0.086771
0.145403,-0.077176,-0.088818
0.146287,-0.076045,-0.090245
0.149238,-0.075316,-0.089937
0.151459,-0.076244,-0.089716
0.149652,-0.075868,-0.090857
0.153167,-0.076577,-0.091565
0.153454,-0.076357,-0.091613
0.154794,-0.074820,-0.095298
0.156914,-0.075909,-0.095905
0.158185,-0.075521,-0.096531
0.159680,-0.077005,-0.094996
0.158357,-0.076020,-0.098837
0.163211,-0.075241,-0.099368
0.161968,-0.077177,-0.101814
0.165146,-0.077935,-0.103082
0.163776,-0.075612,-0.105136
0.168199,-0.076595,-0.106527
0.168120,-0.075833,-0.109448
0.172005,-0.075884,-0.111176
0.170883,-0.073852,-0.113264
0.172662,-0.075758,-0.116219
0.176754,-0.076975,-0.120373
0.174307,-0.076664,-0.124314
0.176830,-0.077821,-0.128018
0.179005,-0.078969,-0.139387
-0.091975,-0.075165,-0.162744
-0.090783,-0.075324,-0.155495
-0.090575,-0.074970,-0.151633
-0.086662,-0.073929,-0.146716
-0.084796,-0.076064,-0.143308
-0.083677,-0.074000,-0.140767
-0.082366,-0.074940,-0.139279
-0.081582,-0.075263,-0.138251
-0.080448,-0.074133,-0.134942
-0.079979,-0.075604,-0.133856
-0.076213,-0.075052,-0.131870
-0.075882,-0.074654,-0.130894
-0.073832,-0.074996,-0.128855
-0.072928,-0.074389,-0.128628
-0.072053,-0.075056,-0.127537
-0.069470,-0.073013,-0.126140
-0.068914,-0.074994,-0.124880
-0.066555,-0.072886,-0.125150
-0.066700,-0.075455,-0.124432
-0.063100,-0.075496,-0.123817
-0.062724,-0.074574,-0.123902
-0.060423,-0.075231,-0.121887
-0.061854,-0.075681,-0.121692
-0.060565,-0.074158,-0.118421
-0.056746,-0.076014,-0.119465
-0.055314,-0.074271,-0.118848
-0.054605,-0.074589,-0.119469
-0.050376,-0.075356,-0.118922
-0.050759,-0.074592,-0.117898
-0.051878,-0.074808,-0.114940
-0.049615,-0.073954,-0.114267
-0.045965,-0.075570,-0.116137
-0.045615,-0.073389,-0.114480
-0.044332,-0.075961,-0.114683
-0.041505,-0.075914,-0.114483
-0.040567,-0.075013,-0.113500
-0.039758,-0.073436,-0.111600
-0.038279,-0.074513,-0.112577
-0.037923,-0.075227,-0.109275
-0.034232,-0.076137,-0.109205
-0.034041,-0.075247,-0.108394
-0.033115,-0.074354,-0.107884
-0.032910,-0.074710,-0.105598
-0.030440,-0.075634,-0.104641
-0.027921,-0.076620,-0.104697
-0.027940,-0.073848,-0.101744
-0.027081,-0.075502,-0.101009
-0.023379,-0.075982,-0.098266
-0.025251,-0.074888,-0.099838
-0.021393,-0.072940,-0.095706
-0.021548,-0.074851,-0.094904
-0.018128,-0.072695,-0.094177
-0.017261,-0.074273,-0.093906
-0.016509,-0.074557,-0.092907
-0.014364,-0.075278,-0.094436
-0.014017,-0.073620,-0.090405
-0.013077,-0.074441,-0.089639
-0.009720,-0.074343,-0.089472
-0.007045,-0.075112,-0.088907
-0.007784,-0.073344,-0.089161
-0.005288,-0.074977,-0.085435
-0.004418,-0.075064,-0.083530
-0.002473,-0.074849,-0.085764
-0.000789,-0.074003,-0.084351
-0.000538,-0.074175,-0.083977
0.001444,-0.074867,-0.082692
0.002100,-0.072733,-0.083522
0.003789,-0.074345,-0.080978
0.003409,-0.074899,-0.081563
0.009028,-0.076123,-0.080230
0.007615,-0.075162,-0.081257
0.009185,-0.075136,-0.078038
0.010752,-0.073400,-0.078929
0.011743,-0.074781,-0.079674
0.011796,-0.075058,-0.079084
0.015668,-0.074738,-0.078352
0.016336,-0.075092,-0.077621
0.017326,-0.075983,-0.078108
0.018514,-0.072870,-0.077226
0.019591,-0.074394,-0.076456
0.021706,-0.075333,-0.076322
0.022868,-0.073497,-0.075154
0.023551,-0.075490,-0.075880
0.024836,-0.073691,-0.073846
0.028518,-0.074702,-0.074265
0.029004,-0.073054,-0.072374
0.029042,-0.071810,-0.074511
0.031106,-0.073999,-0.073231
0.031948,-0.073239,-0.073007
0.033945,-0.073359,-0.071068
0.035008,-0.075769,-0.072094
0.036796,-0.073712,-0.073111
0.036435,-0.073413,-0.072439
0.038310,-0.074456,-0.073077
0.040222,-0.074089,-0.071787
0.040585,-0.074136,-0.071042
0.042721,-0.075202,-0.071687
0.045117,-0.074839,-0.070424
0.047050,-0.073616,-0.071125
0.046937,-0.074625,-0.071196
0.050166,-0.075340,-0.072141
0.051728,-0.073825,-0.072004
0.051115,-0.074030,-0.072407
0.052902,-0.073525,-0.071893
0.054263,-0.073858,-0.069491
0.053811,-0.072726,-0.071337
0.058259,-0.074193,-0.070480
0.060111,-0.074543,-0.070689
0.060280,-0.075356,-0.070481
0.061869,-0.071638,-0.071120
0.062548,-0.073982,-0.069378
0.064642,-0.077253,-0.070537
0.066364,-0.075568,-0.071505
0.065495,-0.072587,-0.072104
0.067582,-0.073010,-0.071237
0.067640,-0.072098,-0.071836
0.069195,-0.073445,-0.072048
0.072614,-0.072752,-0.072760
0.075676,-0.074567,-0.073063
0.075947,-0.074481,-0.071423
0.077381,-0.074312,-0.074924
0.075995,-0.074499,-0.076344
0.081658,-0.076420,-0.075562
0.080177,-0.072797,-0.075612
0.081553,-0.075734,-0.075912
0.082973,-0.074553,-0.075705
0.085197,-0.074050,-0.074780
0.084822,-0.075352,-0.076480
0.088476,-0.075701,-0.076340
0.089012,-0.074496,-0.077275
0.089664,-0.075308,-0.077037
0.090429,-0.076388,-0.077769
0.091998,-0.072820,-0.078713
0.094511,-0.072255,-0.076596
0.095413,-0.072503,-0.078890
0.096917,-0.073419,-0.081618
0.097549,-0.074176,-0.077963
0.100122,-0.075331,-0.079184
0.101379,-0.073521,-0.082156
0.101782,-0.075216,-0.082079
0.102612,-0.074547,-0.079372
0.103628,-0.075406,-0.082956
0.106797,-0.074435,-0.082594
0.106824,-0.074900,-0.080219
0.109427,-0.074683,-0.083207
0.110452,-0.074755,-0.082312
0.111639,-0.075092,-0.083544
0.113502,-0.076838,-0.082366
0.112183,-0.076634,-0.084207
0.116087,-0.075410,-0.083385
0.115868,-0.074101,-0.082694
0.117600,-0.074399,-0.081117
0.117742,-0.075585,-0.082766
0.120559,-0.072716,-0.083143
0.122372,-0.075784,-0.084096
0.125073,-0.074333,-0.084399
0.124986,-0.073585,-0.082684
0.128363,-0.075024,-0.082945
0.129216,-0.074119,-0.085721
0.129174,-0.074375,-0.083260
0.131386,-0.074806,-0.084475
0.132013,-0.073439,-0.085939
0.134498,-0.075082,-0.087121
0.133482,-0.075747,-0.085171
0.136122,-0.074542,-0.085526
0.137280,-0.073730,-0.087117
0.139855,-0.074974,-0.086909
0.138673,-0.075436,-0.086995
0.140972,-0.074972,-0.085756
0.142577,-0.074278,-0.088525
0.143972,-0.074056,-0.087758
0.147344,-0.077185,-0.090774
0.148567,-0.074047,-0.089561
0.148795,-0.072576,-0.090254
0.149616,-0.074651,-0.091995
0.151623,-0.075245,-0.091728
0.153624,-0.074510,-0.095145
0.154084,-0.075387,-0.092962
0.157087,-0.075031,-0.094646
0.157078,-0.074216,-0.096055
0.159271,-0.075056,-0.098239
0.160050,-0.075385,-0.097950
0.162449,-0.075492,-0.098969
0.162145,-0.074569,-0.101331
0.164648,-0.074999,-0.102594
0.165201,-0.074449,-0.105090
0.167896,-0.075049,-0.106219
0.168564,-0.075006,-0.110363
0.170152,-0.072854,-0.109856
0.170488,-0.073671,-0.113176
0.172997,-0.074587,-0.115955
0.174692,-0.075036,-0.119331
0.174677,-0.074587,-0.124124
0.177492,-0.074787,-0.127312
0.180067,-0.074389,-0.136388
-0.091646,-0.073998,-0.157608
-0.088286,-0.074438,-0.152355
-0.086509,-0.073789,-0.149801
-0.088293,-0.073962,-0.144082
-0.082332,-0.073214,-0.140084
-0.081863,-0.074941,-0.139212
-0.082209,-0.072656,-0.138980
-0.078985,-0.074408,-0.136756
-0.078252,-0.072655,-0.135325
-0.076747,-0.072549,-0.133207
-0.074329,-0.072730,-0.134731
-0.073784,-0.072038,-0.130042
-0.070923,-0.074991,-0.128520
-0.073063,-0.072985,-0.127844
-0.070194,-0.074533,-0.128123
-0.066946,-0.073544,-0.127679
-0.069161,-0.073897,-0.126844
-0.064208,-0.073682,-0.124677
-0.062306,-0.071439,-0.123632
-0.062297,-0.074064,-0.123360
-0.060528,-0.073894,-0.121220
-0.060670,-0.073561,-0.120543
-0.057898,-0.072050,-0.120500
-0.056583,-0.072193,-0.120450
-0.056537,-0.072028,-0.121057
-0.055595,-0.072875,-0.116986
-0.053037,-0.072882,-0.118920
-0.050164,-0.072272,-0.117307
-0.049574,-0.072410,-0.117070
-0.048146,-0.073803,-0.115704
-0.046375,-0.071762,-0.114084
-0.045185,-0.073901,-0.114945
-0.044017,-0.071964,-0.117040
-0.042565,-0.073352,-0.113591
-0.040480,-0.073868,-0.114182
-0.039829,-0.073667,-0.111604
-0.039147,-0.073568,-0.110912
-0.037021,-0.072982,-0.110270
-0.036110,-0.072804,-0.108975
-0.034320,-0.072933,-0.108255
-0.031553,-0.074475,-0.106811
-0.030719,-0.073433,-0.106702
-0.029980,-0.073576,-0.105871
-0.028113,-0.074556,-0.103217
-0.027209,-0.072077,-0.101941
-0.025196,-0.074016,-0.101752
-0.023021,-0.073490,-0.098748
-0.022864,-0.072686,-0.097203
-0.021478,-0.072065,-0.099869
-0.019588,-0.072399,-0.097136
-0.018565,-0.071983,-0.095045
-0.015927,-0.073437,-0.094143
-0.014255,-0.072780,-0.095131
-0.014263,-0.073236,-0.092571
-0.014349,-0.071673,-0.090966
-0.010835,-0.072409,-0.092044
-0.008792,-0.072203,-0.088677
-0.009421,-0.073259,-0.087739
-0.007235,-0.072384,-0.084712
-0.006082,-0.072074,-0.085519
-0.003890,-0.071721,-0.085483
-0.003493,-0.073285,-0.084434
-0.003449,-0.071679,-0.084463
0.000154,-0.071856,-0.083923
0.001470,-0.072880,-0.083571
0.001482,-0.072861,-0.082649
0.003206,-0.071949,-0.081318
0.004323,-0.072014,-0.082224
0.006545,-0.073004,-0.079426
0.007113,-0.073670,-0.079057
0.006539,-0.071501,-0.079994
0.011925,-0.075029,-0.077096
0.013790,-0.071503,-0.079246
0.012392,-0.073066,-0.078399
0.014262,-0.071383,-0.076821
0.016010,-0.071205,-0.076471
0.016424,-0.074534,-0.077296
0.018094,-0.072600,-0.076010
0.022704,-0.073572,-0.077770
0.020994,-0.070476,-0.075753
0.021025,-0.073018,-0.075436
0.024903,-0.073296,-0.075917
0.025730,-0.073702,-0.074195
0.026889,-0.074466,-0.075387
0.028987,-0.073468,-0.075156
0.029425,-0.072268,-0.073200
0.032487,-0.071982,-0.074068
0.032290,-0.073320,-0.074104
0.032926,-0.072723,-0.073212
0.034671,-0.071687,-0.074499
0.036436,-0.072374,-0.073836
0.038166,-0.073430,-0.074073
0.038265,-0.071961,-0.074831
0.040403,-0.071695,-0.071143
0.040451,-0.073194,-0.071940
0.044540,-0.070512,-0.070648
0.044334,-0.072422,-0.071612
0.046181,-0.071860,-0.074330
0.046759,-0.071623,-0.070538
0.048385,-0.072236,-0.070467
0.050040,-0.072325,-0.071185
0.050592,-0.071061,-0.069799
0.052296,-0.073302,-0.072086
0.053406,-0.071744,-0.072009
0.054710,-0.073608,-0.072315
0.055678,-0.069870,-0.072781
0.058190,-0.073765,-0.072036
0.059620,-0.072266,-0.072474
0.061329,-0.073952,-0.070258
0.060964,-0.072828,-0.070682
0.063303,-0.072022,-0.072940
0.064736,-0.072870,-0.070771
0.068930,-0.071888,-0.071766
0.069191,-0.072415,-0.070845
0.069751,-0.072296,-0.072134
0.067728,-0.071014,-0.072071
0.071443,-0.073735,-0.073448
0.072926,-0.071746,-0.074074
0.074620,-0.071133,-0.073612
0.075589,-0.070218,-0.072248
0.078878,-0.073609,-0.076012
0.077945,-0.072321,-0.075631
0.079284,-0.070740,-0.075173
0.080972,-0.074037,-0.075510
0.081994,-0.071634,-0.076343
0.083563,-0.072887,-0.073490
0.085235,-0.075162,-0.075335
0.088725,-0.072298,-0.076681
0.087388,-0.071599,-0.075305
0.089920,-0.071963,-0.077684
0.093962,-0.072149,-0.078932
0.091714,-0.072417,-0.077006
0.094123,-0.072876,-0.079975
0.096462,-0.072151,-0.079408
0.096403,-0.070572,-0.080703
0.098241,-0.073260,-0.079419
0.099251,-0.072590,-0.078752
0.101384,-0.074186,-0.079750
0.102808,-0.073282,-0.081107
0.104197,-0.074012,-0.082090
0.106566,-0.073446,-0.082346
0.108767,-0.072833,-0.081303
0.106730,-0.074359,-0.083300
0.111089,-0.071632,-0.083309
0.109050,-0.073115,-0.082120
0.111015,-0.072726,-0.080794
0.111855,-0.072725,-0.082594
0.113484,-0.073923,-0.081660
0.117590,-0.072355,-0.083244
0.116996,-0.073276,-0.084461
0.118055,-0.073082,-0.083734
0.120978,-0.074022,-0.083799
0.122575,-0.072589,-0.084601
0.123811,-0.072073,-0.084818
0.124687,-0.072917,-0.086211
0.126354,-0.071987,-0.085665
0.126889,-0.072353,-0.083208
0.129560,-0.072108,-0.084795
0.129492,-0.072666,-0.085003
0.130774,-0.074018,-0.085065
0.131488,-0.073020,-0.086774
0.133517,-0.072211,-0.086561
0.134769,-0.073283,-0.086011
0.137082,-0.073224,-0.086955
0.136193,-0.072582,-0.086752
0.138512,-0.071818,-0.089858
0.141958,-0.072986,-0.089017
0.143355,-0.073501,-0.088489
0.144179,-0.073946,-0.090003
0.144549,-0.073795,-0.089754
0.143967,-0.072720,-0.089645
0.147160,-0.073860,-0.090795
0.149257,-0.073414,-0.090417
0.150473,-0.073248,-0.092649
0.151325,-0.073273,-0.093896
0.155049,-0.071505,-0.092975
0.154754,-0.069909,-0.093145
0.155351,-0.072883,-0.094704
0.155427,-0.073836,-0.096926
0.158631,-0.072582,-0.097704
0.157884,-0.072271,-0.098491
0.162685,-0.074388,-0.099327
0.164250,-0.072961,-0.102363
0.164653,-0.073112,-0.103247
0.165645,-0.073394,-0.106425
0.166712,-0.072632,-0.106205
0.169205,-0.072155,-0.110230
0.171445,-0.073461,-0.111542
0.170400,-0.072834,-0.114149
0.172881,-0.071950,-0.117999
0.175905,-0.073414,-0.121056
0.176161,-0.073739,-0.125739
0.179385,-0.071959,-0.128791
0.179252,-0.076205,-0.142365
-0.090327,-0.073361,-0.159639
-0.089476,-0.072235,-0.155379
-0.088776,-0.072784,-0.148636
-0.086644,-0.071251,-0.146787
-0.083175,-0.072106,-0.142661
-0.081559,-0.072625,-0.142823
-0.080329,-0.072985,-0.140102
-0.078816,-0.072404,-0.139275
-0.077783,-0.074306,-0.135664
-0.077691,-0.073208,-0.134781
-0.075677,-0.069264,-0.132159
-0.073677,-0.071404,-0.131914
-0.072417,-0.072624,-0.131913
-0.068666,-0.073077,-0.128508
-0.070509,-0.071476,-0.129970
-0.067891,-0.070970,-0.127259
-0.066460,-0.070102,-0.126166
-0.065404,-0.071318,-0.124899
-0.065563,-0.071893,-0.122848
-0.062958,-0.070674,-0.122748
-0.061624,-0.072501,-0.120516
-0.060327,-0.073211,-0.122601
-0.058099,-0.071229,-0.120791
-0.057081,-0.072432,-0.120790
-0.055213,-0.073424,-0.119258
-0.052750,-0.071003,-0.119838
-0.052125,-0.069846,-0.118910
-0.050434,-0.071200,-0.117453
-0.049293,-0.071845,-0.116212
-0.048302,-0.072670,-0.116312
-0.048745,-0.071454,-0.116038
-0.045924,-0.071506,-0.115865
-0.043385,-0.072117,-0.115479
-0.041803,-0.070825,-0.114151
-0.041239,-0.071997,-0.113850
-0.039696,-0.071002,-0.110987
-0.038722,-0.071338,-0.111928
-0.036484,-0.071876,-0.109379
-0.035389,-0.073195,-0.109956
-0.035715,-0.072188,-0.107823
-0.031890,-0.071686,-0.106307
-0.032642,-0.074750,-0.105438
-0.029436,-0.072329,-0.106607
-0.029176,-0.070749,-0.103892
-0.025885,-0.070904,-0.102106
-0.026625,-0.069707,-0.102086
-0.024947,-0.072033,-0.100393
-0.024408,-0.072030,-0.097804
-0.023284,-0.069320,-0.095159
-0.020042,-0.071224,-0.095733
-0.018962,-0.071931,-0.095289
-0.017964,-0.071121,-0.092788
-0.016793,-0.071133,-0.093646
-0.015886,-0.070855,-0.092620
-0.012095,-0.070859,-0.092596
-0.010943,-0.072240,-0.091240
-0.009472,-0.071393,-0.089674
-0.008568,-0.070819,-0.088322
-0.007402,-0.071619,-0.087045
-0.005509,-0.070200,-0.085671
-0.005081,-0.071529,-0.085094
-0.003446,-0.071663,-0.084126
-0.002874,-0.071275,-0.084414
-0.001370,-0.072133,-0.082707
0.001530,-0.071132,-0.084485
0.003690,-0.069828,-0.084064
0.002856,-0.071422,-0.082270
0.004330,-0.070659,-0.082332
0.006372,-0.070890,-0.080719
0.007508,-0.071318,-0.081859
0.010103,-0.070007,-0.080423
0.010470,-0.071731,-0.078413
0.011660,-0.071999,-0.076537
0.013453,-0.069016,-0.079025
0.016255,-0.071809,-0.077900
0.017636,-0.072410,-0.077710
0.018841,-0.069926,-0.077985
0.019462,-0.070641,-0.076564
0.020211,-0.070497,-0.075288
0.022404,-0.072082,-0.076571
0.022676,-0.071760,-0.075160
0.023987,-0.072751,-0.075571
0.025496,-0.069351,-0.073673
0.026593,-0.071428,-0.075048
0.027449,-0.070100,-0.073182
0.030731,-0.072096,-0.074377
0.030731,-0.071731,-0.073475
0.033912,-0.071532,-0.074782
0.033281,-0.069744,-0.073285
0.035490,-0.071653,-0.073944
0.036214,-0.070406,-0.072754
0.037598,-0.069996,-0.073557
0.038299,-0.068941,-0.071777
0.040767,-0.069285,-0.070747
0.042095,-0.071735,-0.070889
0.042730,-0.071989,-0.072707
0.043865,-0.073304,-0.072655
0.047321,-0.069945,-0.071349
0.048618,-0.071900,-0.070371
0.049335,-0.070319,-0.071181
0.047573,-0.072091,-0.073052
0.049642,-0.072048,-0.070894
0.051615,-0.071483,-0.067752
0.054539,-0.071769,-0.070998
0.056750,-0.070786,-0.070685
0.057830,-0.070960,-0.072615
0.059612,-0.069498,-0.070543
0.059567,-0.071028,-0.069408
0.063158,-0.071905,-0.070250
0.062957,-0.070108,-0.071338
0.064904,-0.072228,-0.072411
0.062082,-0.071751,-0.071578
0.064837,-0.070481,-0.072207
0.068451,-0.070530,-0.073238
0.069494,-0.072345,-0.072841
0.071725,-0.070533,-0.073402
0.070777,-0.070776,-0.073149
0.072947,-0.071670,-0.072995
0.074978,-0.072784,-0.073846
0.077294,-0.070517,-0.073433
0.075162,-0.069963,-0.074250
0.079826,-0.070614,-0.073624
0.079094,-0.070868,-0.073434
0.082025,-0.072057,-0.076199
0.083277,-0.070002,-0.075144
0.084906,-0.069562,-0.076498
0.086072,-0.070847,-0.076166
0.087868,-0.070812,-0.076403
0.088648,-0.072385,-0.077304
0.087478,-0.070728,-0.078018
0.093534,-0.070735,-0.079198
0.094593,-0.072188,-0.078937
0.096211,-0.069860,-0.079575
0.094644,-0.070256,-0.080388
0.097030,-0.071083,-0.079665
0.098149,-0.071163,-0.079455
0.101312,-0.069994,-0.081557
0.098956,-0.071825,-0.081523
0.100979,-0.072721,-0.081990
0.101406,-0.071852,-0.079582
0.105157,-0.069908,-0.082490
0.104133,-0.069793,-0.082081
0.107723,-0.070668,-0.082433
0.108748,-0.072584,-0.081083
0.109606,-0.070242,-0.084420
0.113517,-0.072998,-0.080447
0.112931,-0.072095,-0.082516
0.114976,-0.071371,-0.082366
0.115498,-0.068763,-0.083981
0.116769,-0.070623,-0.083823
0.118562,-0.069198,-0.083080
0.119386,-0.072393,-0.083064
0.120873,-0.071331,-0.084367
0.122098,-0.071223,-0.083240
0.121215,-0.071741,-0.084368
0.125094,-0.070364,-0.083644
0.126458,-0.070578,-0.083944
0.126866,-0.071055,-0.085860
0.130705,-0.071890,-0.083914
0.128647,-0.071225,-0.085241
0.132032,-0.071578,-0.085092
0.133807,-0.069730,-0.087432
0.134452,-0.070447,-0.084378
0.136314,-0.071782,-0.085583
0.136256,-0.072163,-0.085394
0.138130,-0.071177,-0.087333
0.142050,-0.071160,-0.087814
0.141807,-0.071462,-0.087812
0.142474,-0.070931,-0.089573
0.145942,-0.070312,-0.087959
0.145226,-0.069111,-0.090604
0.147127,-0.070713,-0.090027
0.151027,-0.070814,-0.090743
0.149783,-0.069883,-0.092648
0.150988,-0.071273,-0.094143
0.152394,-0.071609,-0.093603
0.154786,-0.070940,-0.094517
0.157071,-0.071644,-0.095646
0.157676,-0.071078,-0.096544
0.158100,-0.070237,-0.098569
0.160663,-0.070871,-0.099650
0.162377,-0.070562,-0.102621
0.162511,-0.072553,-0.101501
0.165409,-0.071937,-0.104413
0.165734,-0.072835,-0.105458
0.166908,-0.070784,-0.108702
0.171064,-0.071542,-0.107780
0.171991,-0.071482,-0.111510
0.171053,-0.072414,-0.113841
0.172852,-0.071282,-0.117367
0.173808,-0.070511,-0.119971
0.176222,-0.071439,-0.124667
0.176792,-0.070896,-0.128864
0.178555,-0.071619,-0.143324
-0.090511,-0.069329,-0.162574
-0.088357,-0.072967,-0.156589
-0.087833,-0.071414,-0.151783
-0.086261,-0.069436,-0.147283
-0.084498,-0.070760,-0.143146
-0.081480,-0.069912,-0.142917
-0.083081,-0.070996,-0.139542
-0.080073,-0.069659,-0.138536
-0.079034,-0.070017,-0.137466
-0.077730,-0.068907,-0.136057
-0.075547,-0.069300,-0.134439
-0.074323,-0.071448,-0.131589
-0.072564,-0.072354,-0.131170
-0.071615,-0.069226,-0.129399
-0.070109,-0.070700,-0.126587
-0.068241,-0.071125,-0.129380
-0.068177,-0.070514,-0.127238
-0.065922,-0.069684,-0.124309
-0.063939,-0.069641,-0.123867
-0.062135,-0.070072,-0.123775
-0.062062,-0.068392,-0.124019
-0.058299,-0.067484,-0.123145
-0.057772,-0.069505,-0.121852
-0.057021,-0.068458,-0.121206
-0.054813,-0.070299,-0.119229
-0.052668,-0.069770,-0.119350
-0.050849,-0.069297,-0.120252
-0.049664,-0.070799,-0.119389
-0.050486,-0.069887,-0.118686
-0.048629,-0.070670,-0.116503
-0.046919,-0.069925,-0.116618
-0.044632,-0.069151,-0.116728
-0.044291,-0.070708,-0.113828
-0.041489,-0.070180,-0.115794
-0.041103,-0.069595,-0.111948
-0.037125,-0.068934,-0.111446
-0.038105,-0.071027,-0.112028
-0.036107,-0.068853,-0.110901
-0.035390,-0.069081,-0.109210
-0.034069,-0.069961,-0.109558
-0.032851,-0.069703,-0.106175
-0.031930,-0.069991,-0.106079
-0.030945,-0.072102,-0.105342
-0.027555,-0.069542,-0.103769
-0.028310,-0.069047,-0.104983
-0.023677,-0.069863,-0.102604
-0.025749,-0.071417,-0.101596
-0.021925,-0.068830,-0.099489
-0.021361,-0.068820,-0.097476
-0.019769,-0.068701,-0.096122
-0.018294,-0.070592,-0.095737
-0.015560,-0.070493,-0.094670
-0.013694,-0.070300,-0.091862
-0.015506,-0.071402,-0.092938
-0.012867,-0.069762,-0.090494
-0.011615,-0.069357,-0.091556
-0.009964,-0.069509,-0.090578
-0.008242,-0.070047,-0.088811
-0.008751,-0.071269,-0.086556
-0.007155,-0.067858,-0.084967
-0.005821,-0.069418,-0.087463
-0.003662,-0.069769,-0.083787
-0.003071,-0.070891,-0.083822
-0.000432,-0.069982,-0.082616
0.001402,-0.069300,-0.083255
0.003476,-0.070121,-0.082307
0.002798,-0.069879,-0.080114
0.005084,-0.069395,-0.080565
0.006660,-0.070081,-0.081822
0.008182,-0.068257,-0.079818
0.009003,-0.067022,-0.079402
0.010181,-0.069985,-0.081161
0.010820,-0.069283,-0.079064
0.013091,-0.069953,-0.076821
0.014336,-0.069364,-0.078496
0.016876,-0.070703,-0.077340
0.016642,-0.069665,-0.077452
0.019970,-0.068475,-0.077804
0.020545,-0.068970,-0.076644
0.019934,-0.069094,-0.075196
0.022737,-0.069674,-0.076769
0.022200,-0.070546,-0.076178
0.024684,-0.069381,-0.076706
0.028301,-0.070469,-0.074038
0.028915,-0.071155,-0.073841
0.029026,-0.069859,-0.075861
0.032169,-0.069534,-0.073628
0.031603,-0.069317,-0.073522
0.033400,-0.070821,-0.072540
0.036108,-0.068595,-0.074006
0.038466,-0.070237,-0.071000
0.038179,-0.069368,-0.070529
0.038780,-0.069392,-0.071644
0.041345,-0.070047,-0.070652
0.039944,-0.068359,-0.070883
0.043384,-0.071367,-0.070607
0.043493,-0.068587,-0.070727
0.045881,-0.070479,-0.070998
0.048332,-0.069224,-0.070568
0.049876,-0.068513,-0.071990
0.050457,-0.068851,-0.071439
0.053228,-0.068529,-0.070690
0.052773,-0.069006,-0.071356
0.053426,-0.068668,-0.070867
0.054731,-0.070808,-0.071096
0.057258,-0.069004,-0.072434
0.056707,-0.069226,-0.071207
0.059926,-0.070452,-0.071266
0.061396,-0.068300,-0.073976
0.062401,-0.069423,-0.071478
0.062534,-0.068768,-0.070517
0.065166,-0.069330,-0.071123
0.066937,-0.070384,-0.070736
0.068242,-0.067993,-0.071448
0.068868,-0.068219,-0.072496
0.072300,-0.069493,-0.074295
0.073195,-0.068003,-0.072803
0.073779,-0.069313,-0.072272
0.074090,-0.068975,-0.075374
0.076411,-0.070255,-0.073400
0.076469,-0.069123,-0.074339
0.080179,-0.069993,-0.074802
0.079306,-0.069256,-0.075007
0.079756,-0.069310,-0.076411
0.083768,-0.068294,-0.076304
0.082554,-0.069850,-0.076991
0.084005,-0.069491,-0.076980
0.087196,-0.069368,-0.076078
0.087679,-0.069366,-0.077501
0.088818,-0.070078,-0.076969
0.092427,-0.070510,-0.077723
0.092528,-0.069222,-0.078808
0.093637,-0.069898,-0.079533
0.096838,-0.069476,-0.078826
0.096478,-0.070608,-0.080875
0.096808,-0.068760,-0.080081
0.099520,-0.069474,-0.081809
0.102223,-0.067798,-0.079565
0.101893,-0.068667,-0.081737
0.101850,-0.068610,-0.080042
0.105410,-0.068523,-0.080915
0.104584,-0.069916,-0.081964
0.108033,-0.070791,-0.082810
0.108761,-0.069324,-0.080743
0.111514,-0.070345,-0.083722
0.109579,-0.069623,-0.080392
0.113212,-0.070843,-0.083273
0.114952,-0.069374,-0.084860
0.115753,-0.069142,-0.081865
0.118351,-0.069467,-0.082731
0.117643,-0.069035,-0.083592
0.120001,-0.070265,-0.083465
0.120536,-0.068805,-0.084401
0.121201,-0.069009,-0.084359
0.124277,-0.068980,-0.082828
0.123957,-0.069990,-0.082427
0.128539,-0.068426,-0.085500
0.128164,-0.069052,-0.084939
0.129634,-0.069485,-0.084437
0.131277,-0.069638,-0.086303
0.131841,-0.069842,-0.086703
0.132090,-0.069925,-0.086647
0.137174,-0.067497,-0.088292
0.136731,-0.070641,-0.088152
0.137440,-0.070076,-0.087715
0.140389,-0.068942,-0.088167
0.140230,-0.070328,-0.088157
0.141366,-0.070527,-0.086869
0.144394,-0.068385,-0.088781
0.144467,-0.070459,-0.088995
0.145557,-0.069374,-0.090864
0.147542,-0.069657,-0.091629
0.148343,-0.070147,-0.091839
0.150909,-0.069168,-0.092874
0.153404,-0.070128,-0.093355
0.153754,-0.070503,-0.093686
0.154380,-0.067761,-0.094977
0.154297,-0.071735,-0.096404
0.156812,-0.071016,-0.096942
0.157125,-0.068685,-0.097367
0.159791,-0.070258,-0.100824
0.160172,-0.069104,-0.100951
0.163421,-0.070481,-0.101396
0.163807,-0.070193,-0.104594
0.166661,-0.070841,-0.104654
0.167166,-0.071196,-0.105187
0.168766,-0.068742,-0.109057
0.171629,-0.069457,-0.108993
0.171550,-0.070269,-0.112488
0.173647,-0.070368,-0.117684
0.174778,-0.070383,-0.122325
0.175348,-0.069056,-0.125975
0.177297,-0.068988,-0.129759
0.179397,-0.069868,-0.148136
-0.088315,-0.068787,-0.159723
-0.086496,-0.069238,-0.153016
-0.085018,-0.069301,-0.145897
-0.084311,-0.067753,-0.143263
-0.081685,-0.069610,-0.144078
-0.080917,-0.069840,-0.140230
-0.079801,-0.066685,-0.138027
-0.080878,-0.068695,-0.137816
-0.078124,-0.068290,-0.133945
-0.075797,-0.067311,-0.135351
-0.074061,-0.071388,-0.133366
-0.073691,-0.067940,-0.131428
-0.070159,-0.067316,-0.129341
-0.069843,-0.069144,-0.129453
-0.068178,-0.070079,-0.127087
-0.066824,-0.068621,-0.126176
-0.066483,-0.065523,-0.126190
-0.064044,-0.069434,-0.125400
-0.061118,-0.069275,-0.122853
-0.062651,-0.069554,-0.123622
-0.059729,-0.067780,-0.122236
-0.059945,-0.068221,-0.119591
-0.055307,-0.066879,-0.120769
-0.054903,-0.071046,-0.121834
-0.053002,-0.068272,-0.119380
-0.052542,-0.068484,-0.118621
-0.050883,-0.068099,-0.118494
-0.050579,-0.068471,-0.118980
-0.047972,-0.069011,-0.116986
-0.047034,-0.066851,-0.117706
-0.044977,-0.068464,-0.116009
-0.043331,-0.067977,-0.116158
-0.042300,-0.066843,-0.114919
-0.040074,-0.067997,-0.113580
-0.041236,-0.068933,-0.112207
-0.038606,-0.070376,-0.110465
-0.037588,-0.069502,-0.110712
-0.036671,-0.068037,-0.106819
-0.033469,-0.068079,-0.106656
-0.032300,-0.067410,-0.108928
-0.031975,-0.068325,-0.108297
-0.030094,-0.068509,-0.106436
-0.029773,-0.070365,-0.101659
-0.027891,-0.067544,-0.101977
-0.026373,-0.069555,-0.102696
-0.025921,-0.067752,-0.100437
-0.022611,-0.069362,-0.099673
-0.020765,-0.068072,-0.097541
-0.020756,-0.067531,-0.095532
-0.017568,-0.068110,-0.093881
-0.016981,-0.066252,-0.094836
-0.015144,-0.068822,-0.094454
-0.013850,-0.066549,-0.092604
-0.013385,-0.067825,-0.091874
-0.011627,-0.067921,-0.088875
-0.010214,-0.069178,-0.088531
-0.008301,-0.068033,-0.087602
-0.006096,-0.068062,-0.087737
-0.007075,-0.068304,-0.086325
-0.006952,-0.068979,-0.086855
-0.003920,-0.068231,-0.085971
-0.003086,-0.066062,-0.086619
-0.000583,-0.068622,-0.081081
0.001049,-0.069984,-0.085129
0.001405,-0.065299,-0.082122
0.003606,-0.066888,-0.081311
0.005583,-0.069140,-0.080370
0.005604,-0.067322,-0.079583
0.006396,-0.068020,-0.080624
0.008920,-0.069031,-0.077713
0.009773,-0.068759,-0.078101
0.011923,-0.068887,-0.078231
0.011485,-0.067444,-0.080111
0.013457,-0.068991,-0.078441
0.016880,-0.067089,-0.078594
0.018084,-0.068530,-0.077211
0.017567,-0.067767,-0.076789
0.019632,-0.067825,-0.077088
0.021703,-0.068628,-0.077012
0.023837,-0.068496,-0.074709
0.024713,-0.069959,-0.075319
0.025778,-0.067005,-0.076059
0.028921,-0.067801,-0.072727
0.027687,-0.068229,-0.072453
0.030255,-0.066784,-0.073420
0.029513,-0.067356,-0.073741
0.033331,-0.066905,-0.073886
0.035210,-0.068367,-0.072323
0.035847,-0.068256,-0.072381
0.037589,-0.068657,-0.072680
0.038072,-0.067238,-0.071192
0.037490,-0.067819,-0.072038
0.041031,-0.067119,-0.071051
0.041194,-0.069249,-0.070653
0.043935,-0.066155,-0.072631
0.044771,-0.067976,-0.070933
0.047061,-0.068868,-0.070592
0.046235,-0.068267,-0.071795
0.051190,-0.067782,-0.069349
0.049395,-0.069480,-0.071627
0.051316,-0.069941,-0.071248
0.052103,-0.065918,-0.071008
0.054360,-0.068840,-0.071342
0.054353,-0.069214,-0.069987
0.057583,-0.067846,-0.074582
0.058241,-0.067796,-0.070389
0.060560,-0.068705,-0.070993
0.061641,-0.067432,-0.070622
0.062580,-0.067480,-0.073831
0.063882,-0.067429,-0.072934
0.063659,-0.067028,-0.072970
0.067348,-0.067176,-0.072833
0.066228,-0.065636,-0.071044
0.068689,-0.065855,-0.072300
0.071508,-0.068207,-0.074768
0.070357,-0.067491,-0.073907
0.073704,-0.068812,-0.072826
0.073842,-0.069366,-0.074702
0.074880,-0.066940,-0.074710
0.078169,-0.067757,-0.073811
0.079224,-0.067928,-0.074698
0.080628,-0.068719,-0.075191
0.081957,-0.067630,-0.076243
0.083566,-0.067957,-0.075416
0.085386,-0.069117,-0.074375
0.084010,-0.068788,-0.074610
0.087307,-0.068312,-0.077848
0.087941,-0.067478,-0.078299
0.090353,-0.068680,-0.078458
0.091291,-0.067782,-0.079005
0.090941,-0.068041,-0.078794
0.095670,-0.067708,-0.078021
0.094674,-0.067989,-0.080092
0.096727,-0.067542,-0.079598
0.099205,-0.067042,-0.080391
0.098993,-0.067055,-0.081833
0.099821,-0.067281,-0.080047
0.102970,-0.069220,-0.082487
0.103938,-0.068190,-0.082152
0.106579,-0.068203,-0.083143
0.106688,-0.068575,-0.081687
0.108216,-0.069612,-0.082584
0.110593,-0.066872,-0.082184
0.110446,-0.069920,-0.082502
0.111058,-0.068311,-0.081796
0.112452,-0.066103,-0.084578
0.113588,-0.068522,-0.083423
0.115410,-0.068598,-0.083083
0.116494,-0.068184,-0.084277
0.117837,-0.067296,-0.084071
0.119269,-0.068736,-0.082959
0.121848,-0.068610,-0.085341
0.125288,-0.070046,-0.083362
0.125221,-0.067481,-0.085133
0.127422,-0.069821,-0.085105
0.127890,-0.070386,-0.085728
0.126408,-0.068765,-0.084497
0.128979,-0.067012,-0.085569
0.129840,-0.067206,-0.086776
0.133452,-0.069156,-0.086300
0.133410,-0.069705,-0.086188
0.135669,-0.069148,-0.088664
0.136474,-0.068678,-0.086996
0.136665,-0.068914,-0.086702
0.140245,-0.069390,-0.088790
0.141366,-0.068783,-0.087263
0.141542,-0.067781,-0.088154
0.145063,-0.069058,-0.088955
0.145755,-0.066455,-0.089647
0.147189,-0.068196,-0.092282
0.145920,-0.066538,-0.092261
0.150665,-0.066872,-0.093170
0.150040,-0.067517,-0.092415
0.152083,-0.067303,-0.093783
0.153451,-0.067893,-0.096070
0.153745,-0.067478,-0.096285
0.156228,-0.069316,-0.096652
0.157930,-0.067353,-0.097132
0.157540,-0.068308,-0.099769
0.160658,-0.066785,-0.100286
0.159613,-0.067646,-0.101711
0.162699,-0.069193,-0.102991
0.163506,-0.068021,-0.105521
0.166868,-0.066328,-0.107452
0.165693,-0.069451,-0.108429
0.168122,-0.067609,-0.110747
0.171111,-0.067626,-0.111269
0.170722,-0.069789,-0.114315
0.174873,-0.068130,-0.118365
0.173370,-0.068340,-0.122522
0.176937,-0.067602,-0.126574
0.177460,-0.070380,-0.129320
-0.089085,-0.069340,-0.164722
-0.088149,-0.068166,-0.155333
-0.086137,-0.066721,-0.152154
-0.084644,-0.067203,-0.144999
-0.082111,-0.069404,-0.143637
-0.081542,-0.067468,-0.141343
-0.079678,-0.066030,-0.140651
-0.077968,-0.067829,-0.137375
-0.075200,-0.065302,-0.137941
-0.074165,-0.066726,-0.135002
-0.075051,-0.067531,-0.132836
-0.072303,-0.067700,-0.132598
-0.071722,-0.067470,-0.129475
-0.069610,-0.067557,-0.130392
-0.067272,-0.066676,-0.128851
-0.067144,-0.067721,-0.127552
-0.066897,-0.067081,-0.126773
-0.064042,-0.068372,-0.126584
-0.062011,-0.068579,-0.124222
-0.061789,-0.067674,-0.124595
-0.059882,-0.066385,-0.122885
-0.059088,-0.068095,-0.121481
-0.059310,-0.068147,-0.121265
-0.055877,-0.067313,-0.120833
-0.054736,-0.068548,-0.119595
-0.052702,-0.066442,-0.119083
-0.052201,-0.066390,-0.119889
-0.050555,-0.068082,-0.117947
-0.048302,-0.066285,-0.115925
-0.045319,-0.066897,-0.115444
-0.045501,-0.067016,-0.115911
-0.045279,-0.067110,-0.115228
-0.043250,-0.066559,-0.114773
-0.040408,-0.066815,-0.112978
-0.038400,-0.068284,-0.114551
-0.039906,-0.065643,-0.111420
-0.038233,-0.067309,-0.110869
-0.034404,-0.067569,-0.108078
-0.031255,-0.066738,-0.109043
-0.032522,-0.066340,-0.108622
-0.031561,-0.067817,-0.108638
-0.031648,-0.065730,-0.107585
-0.027767,-0.066830,-0.104801
-0.026131,-0.066089,-0.103906
-0.025929,-0.068162,-0.102593
-0.024361,-0.067923,-0.100605
-0.021718,-0.066536,-0.099508
-0.022649,-0.068103,-0.097206
-0.021128,-0.067393,-0.096072
-0.016991,-0.066594,-0.096291
-0.018306,-0.065716,-0.096529
-0.015271,-0.067256,-0.094471
-0.015091,-0.066793,-0.091876
-0.013865,-0.066122,-0.091699
-0.011485,-0.065526,-0.089809
-0.007731,-0.065715,-0.088392
-0.006925,-0.068328,-0.088063
-0.006998,-0.067558,-0.087977
-0.007224,-0.067049,-0.086989
-0.004907,-0.065960,-0.085829
-0.004301,-0.065900,-0.086173
-0.001548,-0.066899,-0.085176
-0.001200,-0.066347,-0.084244
0.000703,-0.067187,-0.083179
0.002220,-0.068056,-0.082657
0.003515,-0.066800,-0.079762
0.007673,-0.065402,-0.081001
0.006625,-0.067606,-0.081890
0.007921,-0.067867,-0.079647
0.009455,-0.066469,-0.079714
0.010410,-0.065532,-0.079336
0.011020,-0.067305,-0.079069
0.014017,-0.064900,-0.079782
0.014289,-0.067624,-0.079412
0.017946,-0.067470,-0.076734
0.015856,-0.067090,-0.076447
0.018507,-0.064886,-0.077309
0.020696,-0.067408,-0.075909
0.020847,-0.067324,-0.075962
0.024078,-0.066740,-0.076727
0.024017,-0.064548,-0.075891
0.026339,-0.066028,-0.075180
0.027234,-0.067060,-0.075312
0.028580,-0.066815,-0.073787
0.029152,-0.067545,-0.073934
0.030530,-0.065612,-0.072883
0.031936,-0.066939,-0.073215
0.033012,-0.066634,-0.074863
0.033348,-0.067487,-0.070876
0.036182,-0.065985,-0.073671
0.037403,-0.064704,-0.071070
0.038444,-0.067355,-0.073359
0.040021,-0.064704,-0.072262
0.041531,-0.064805,-0.070514
0.043007,-0.064400,-0.072178
0.045611,-0.066016,-0.070027
0.045723,-0.065025,-0.070292
0.048607,-0.066357,-0.069597
0.049162,-0.065681,-0.070852
0.048539,-0.065889,-0.071143
0.051589,-0.066367,-0.071556
0.052228,-0.067756,-0.069989
0.054078,-0.066056,-0.071826
0.056056,-0.063466,-0.070146
0.055665,-0.066918,-0.070481
0.058786,-0.067500,-0.071471
0.060443,-0.065772,-0.071558
0.060597,-0.066516,-0.072318
0.062328,-0.063831,-0.071333
0.064111,-0.065388,-0.071201
0.064784,-0.066258,-0.069909
0.066988,-0.065465,-0.071220
0.067395,-0.067603,-0.072350
0.069515,-0.066409,-0.072190
0.071293,-0.065962,-0.072474
0.072300,-0.066075,-0.070945
0.074307,-0.065696,-0.073477
0.074628,-0.066904,-0.072413
0.076130,-0.065739,-0.074308
0.077132,-0.066809,-0.074149
0.079568,-0.068567,-0.075350
0.079838,-0.066595,-0.073416
0.080207,-0.066443,-0.074216
0.082858,-0.066269,-0.074617
0.086859,-0.065654,-0.078217
0.084755,-0.064954,-0.078660
0.086141,-0.066219,-0.077594
0.086030,-0.066271,-0.076344
0.090562,-0.065374,-0.079333
0.091165,-0.065757,-0.077436
0.092600,-0.066633,-0.080577
0.093458,-0.066794,-0.077476
0.094142,-0.066557,-0.077159
0.095207,-0.065374,-0.080572
0.096689,-0.066369,-0.078967
0.098192,-0.066829,-0.078967
0.100073,-0.066787,-0.079280
0.102708,-0.066924,-0.079612
0.104201,-0.068643,-0.081131
0.106714,-0.067124,-0.082962
0.106572,-0.066201,-0.080950
0.107388,-0.066393,-0.082450
0.109232,-0.064650,-0.081851
0.112102,-0.066040,-0.082903
0.110856,-0.067761,-0.084140
0.112583,-0.065191,-0.084239
0.116550,-0.065904,-0.083987
0.116297,-0.065237,-0.084460
0.117761,-0.064623,-0.082484
0.118520,-0.065369,-0.086055
0.120240,-0.065818,-0.085740
0.121017,-0.065575,-0.083664
0.121915,-0.068051,-0.083797
0.123621,-0.065265,-0.085213
0.125965,-0.065266,-0.085187
0.126515,-0.067325,-0.083312
0.127638,-0.070347,-0.086114
0.129264,-0.065304,-0.087713
0.131975,-0.065619,-0.086044
0.131884,-0.066234,-0.086941
0.133014,-0.065715,-0.087117
0.135214,-0.066144,-0.087974
0.137289,-0.065734,-0.089182
0.138209,-0.064551,-0.087499
0.139950,-0.068349,-0.088406
0.141057,-0.067117,-0.089407
0.142367,-0.065775,-0.089409
0.145006,-0.068118,-0.088231
0.143607,-0.064451,-0.089366
0.145999,-0.065814,-0.090175
0.147110,-0.066544,-0.091382
0.148813,-0.066141,-0.092415
0.151844,-0.067564,-0.093703
0.151674,-0.067364,-0.094891
0.152969,-0.065211,-0.095359
0.154038,-0.067801,-0.095639
0.155719,-0.066439,-0.097357
0.156523,-0.066067,-0.097732
0.158384,-0.067560,-0.099035
0.160277,-0.065404,-0.099062
0.164599,-0.067060,-0.101633
0.163042,-0.067720,-0.103767
0.165784,-0.066021,-0.105489
0.165904,-0.064961,-0.108077
0.167746,-0.066520,-0.109332
0.168079,-0.066349,-0.109445
0.170872,-0.068073,-0.112245
0.172680,-0.066579,-0.115544
0.174283,-0.065605,-0.120832
0.174787,-0.066803,-0.123264
0.175827,-0.066170,-0.126546
0.176781,-0.066914,-0.132522
-0.091040,-0.064907,-0.164585
-0.086776,-0.066203,-0.160096
-0.086105,-0.065780,-0.152035
-0.084167,-0.065364,-0.146817
-0.082415,-0.065355,-0.143098
-0.081939,-0.065041,-0.142345
-0.080729,-0.065912,-0.140078
-0.078704,-0.064819,-0.139717
-0.076609,-0.066077,-0.135685
-0.074849,-0.064920,-0.135010
-0.074052,-0.066122,-0.134233
-0.073231,-0.064546,-0.132898
-0.070659,-0.065295,-0.132823
-0.068281,-0.065988,-0.129145
-0.067467,-0.066277,-0.128319
-0.066725,-0.063647,-0.130633
-0.065606,-0.065906,-0.127307
-0.065811,-0.066120,-0.125367
-0.061387,-0.064041,-0.123249
-0.059958,-0.065442,-0.123348
-0.060136,-0.066617,-0.122054
-0.058303,-0.065011,-0.123066
-0.055938,-0.065758,-0.121336
-0.055239,-0.064538,-0.119812
-0.052703,-0.064705,-0.119144
-0.052231,-0.064804,-0.119457
-0.049652,-0.064520,-0.118524
-0.048727,-0.065211,-0.119602
-0.048144,-0.064934,-0.117532
-0.047205,-0.065008,-0.117406
-0.046331,-0.064807,-0.116846
-0.044760,-0.065015,-0.117041
-0.044985,-0.063026,-0.114790
-0.041612,-0.066107,-0.115027
-0.039094,-0.065507,-0.113483
-0.038772,-0.065408,-0.111126
-0.038342,-0.064919,-0.110661
-0.036079,-0.065723,-0.110800
-0.033798,-0.068756,-0.109762
-0.033361,-0.061819,-0.108792
-0.029822,-0.065076,-0.106469
-0.031477,-0.064417,-0.106142
-0.027665,-0.065349,-0.103978
-0.027293,-0.065019,-0.103165
-0.023367,-0.063461,-0.103184
-0.025222,-0.065047,-0.101140
-0.022544,-0.066067,-0.100428
-0.020450,-0.066178,-0.097568
-0.020759,-0.066633,-0.097451
-0.019388,-0.065168,-0.095538
-0.017771,-0.066047,-0.094877
-0.015500,-0.064734,-0.094036
-0.013952,-0.064161,-0.091441
-0.011879,-0.066127,-0.092042
-0.012380,-0.064897,-0.090254
-0.012471,-0.064843,-0.090262
-0.009149,-0.064373,-0.086777
-0.007401,-0.065517,-0.086905
-0.005142,-0.063157,-0.088825
-0.005423,-0.065695,-0.085002
-0.003486,-0.064706,-0.085113
-0.003011,-0.063327,-0.083149
0.000069,-0.064675,-0.085245
0.000987,-0.065756,-0.083827
0.002465,-0.063605,-0.082659
0.003537,-0.065501,-0.081138
0.006483,-0.063385,-0.079129
0.006166,-0.064785,-0.079577
0.008895,-0.064067,-0.079021
0.008059,-0.064469,-0.080021
0.010948,-0.064933,-0.080182
0.011173,-0.063688,-0.076901
0.014129,-0.064689,-0.079487
0.013803,-0.064440,-0.079275
0.016790,-0.066274,-0.076684
0.017954,-0.063533,-0.078468
0.018149,-0.064627,-0.076443
0.020799,-0.063753,-0.076232
0.020560,-0.064250,-0.076381
0.023690,-0.063203,-0.077019
0.022961,-0.064015,-0.075950
0.025361,-0.065191,-0.074273
0.027653,-0.064888,-0.075608
0.027674,-0.064389,-0.075270
0.029527,-0.065769,-0.073486
0.032562,-0.065396,-0.074115
0.031468,-0.063853,-0.075725
0.034629,-0.065458,-0.073032
0.035294,-0.064638,-0.073721
0.035641,-0.063912,-0.073913
0.038048,-0.064307,-0.073731
0.039342,-0.064063,-0.071635
0.039712,-0.064903,-0.072160
0.043270,-0.065358,-0.071505
0.044988,-0.063783,-0.071267
0.045178,-0.066148,-0.073569
0.047027,-0.064824,-0.071201
0.048766,-0.064584,-0.071839
0.049755,-0.065290,-0.070663
0.048686,-0.064147,-0.070162
0.049673,-0.065633,-0.070970
0.055061,-0.064732,-0.069987
0.052961,-0.062672,-0.072122
0.056782,-0.064121,-0.070715
0.058176,-0.064681,-0.072765
0.058786,-0.064011,-0.069134
0.059508,-0.064675,-0.069858
0.060950,-0.064747,-0.070627
0.061794,-0.063277,-0.070174
0.064327,-0.062112,-0.073294
0.066473,-0.066524,-0.071847
0.066772,-0.065629,-0.071548
0.068099,-0.062977,-0.072132
0.067658,-0.064772,-0.069643
0.070919,-0.064900,-0.072890
0.072063,-0.064887,-0.073702
0.073886,-0.066575,-0.072039
0.074171,-0.062980,-0.072860
0.075877,-0.064555,-0.074478
0.078299,-0.064789,-0.073228
0.080014,-0.062478,-0.073810
0.077725,-0.063710,-0.076147
0.081421,-0.064672,-0.075715
0.080224,-0.063578,-0.075700
0.084528,-0.067040,-0.074263
0.084937,-0.066366,-0.074338
0.087118,-0.064452,-0.075646
0.088881,-0.063142,-0.075943
0.089944,-0.063223,-0.076779
0.091820,-0.063087,-0.077492
0.091596,-0.063239,-0.078699
0.093959,-0.063500,-0.078743
0.097485,-0.064847,-0.080591
0.095118,-0.065329,-0.080219
0.098124,-0.065997,-0.079318
0.098913,-0.065977,-0.080373
0.099423,-0.063707,-0.079815
0.101913,-0.066854,-0.080429
0.103719,-0.066253,-0.082343
0.103901,-0.065384,-0.082503
0.107735,-0.063161,-0.082113
0.107997,-0.064640,-0.081684
0.107893,-0.063875,-0.081920
0.111481,-0.064500,-0.082611
0.111698,-0.065574,-0.083695
0.113794,-0.064900,-0.084680
0.115870,-0.064037,-0.082746
0.115258,-0.067290,-0.083801
0.118463,-0.065095,-0.083843
0.117532,-0.062798,-0.084604
0.120547,-0.064075,-0.082294
0.122193,-0.061963,-0.084498
0.123887,-0.066485,-0.084472
0.123472,-0.066229,-0.086488
0.125949,-0.065455,-0.086508
0.126909,-0.064093,-0.084081
0.128273,-0.064252,-0.086266
0.129129,-0.063959,-0.084830
0.131758,-0.064991,-0.085750
0.131524,-0.065832,-0.086567
0.132305,-0.065291,-0.086418
0.134652,-0.065466,-0.088287
0.135987,-0.064489,-0.088707
0.137085,-0.066130,-0.087743
0.138819,-0.065945,-0.088890
0.141255,-0.065252,-0.089509
0.142155,-0.064050,-0.091037
0.143607,-0.064982,-0.091645
0.145453,-0.064996,-0.090482
0.146236,-0.064006,-0.093747
0.147198,-0.064726,-0.091482
0.150155,-0.065278,-0.092503
0.150338,-0.064261,-0.094456
0.151791,-0.063930,-0.095880
0.152082,-0.065327,-0.095387
0.151904,-0.064991,-0.094653
0.156787,-0.065256,-0.096902
0.157594,-0.064813,-0.098720
0.157245,-0.066975,-0.097645
0.161188,-0.065435,-0.100422
0.159646,-0.066849,-0.101858
0.163368,-0.063534,-0.105724
0.164219,-0.064632,-0.105069
0.167393,-0.062643,-0.107331
0.167504,-0.066853,-0.109381
0.167533,-0.064608,-0.109927
0.169013,-0.065276,-0.114510
0.172549,-0.065658,-0.117370
0.173284,-0.065207,-0.119865
0.175251,-0.066406,-0.123180
0.174485,-0.065982,-0.128437
0.178411,-0.065775,-0.134974
-0.088442,-0.064205,-0.159924
-0.085816,-0.063391,-0.154741
-0.084789,-0.065382,-0.148648
-0.083577,-0.064993,-0.145522
-0.082424,-0.065264,-0.142764
-0.079762,-0.064193,-0.141659
-0.079268,-0.064398,-0.140581
-0.076006,-0.064883,-0.136925
-0.075092,-0.063676,-0.137963
-0.074459,-0.063551,-0.134460
-0.073488,-0.065911,-0.135186
-0.071982,-0.063799,-0.130243
-0.070314,-0.064089,-0.130056
-0.066922,-0.064472,-0.129436
-0.068036,-0.063713,-0.126290
-0.064499,-0.064800,-0.126486
-0.063703,-0.062916,-0.126690
-0.062142,-0.063671,-0.123567
-0.061455,-0.063019,-0.124671
-0.059387,-0.064808,-0.123322
-0.058319,-0.063534,-0.122597
-0.055686,-0.061060,-0.121317
-0.055216,-0.065615,-0.120734
-0.053218,-0.064067,-0.120726
-0.053181,-0.063133,-0.118336
-0.052843,-0.064379,-0.118972
-0.049274,-0.064277,-0.117581
-0.047993,-0.064028,-0.118860
-0.046741,-0.063468,-0.117932
-0.045563,-0.064787,-0.118971
-0.043166,-0.063112,-0.114747
-0.042072,-0.063385,-0.117451
-0.041245,-0.064338,-0.113072
-0.040483,-0.063314,-0.114461
-0.038002,-0.062232,-0.111262
-0.036437,-0.063224,-0.110542
-0.034782,-0.063750,-0.109875
-0.035519,-0.063843,-0.110551
-0.033177,-0.062000,-0.109265
-0.032455,-0.062519,-0.108299
-0.031202,-0.063528,-0.107667
-0.029182,-0.065530,-0.106221
-0.025496,-0.064585,-0.103808
-0.025778,-0.063116,-0.102379
-0.023878,-0.062294,-0.099927
-0.025114,-0.063491,-0.099302
-0.019936,-0.065145,-0.097859
-0.019521,-0.062751,-0.097175
-0.019164,-0.064488,-0.096230
-0.015837,-0.063556,-0.093899
-0.016082,-0.062383,-0.093934
-0.014321,-0.064189,-0.092102
-0.014772,-0.061171,-0.090854
-0.013772,-0.064358,-0.092235
-0.009864,-0.060277,-0.088270
-0.007621,-0.063052,-0.088504
-0.006532,-0.062159,-0.087680
-0.005995,-0.064145,-0.086452
-0.002992,-0.062156,-0.084287
-0.003371,-0.064337,-0.086685
-0.002023,-0.064510,-0.083624
0.001510,-0.062953,-0.083460
0.002215,-0.062747,-0.082729
0.004987,-0.064110,-0.082037
0.004753,-0.061808,-0.081684
0.005729,-0.064823,-0.081354
0.005260,-0.062823,-0.081826
0.008088,-0.062552,-0.080620
0.009763,-0.062734,-0.080154
0.010046,-0.061894,-0.079936
0.012824,-0.063752,-0.079283
0.014778,-0.063155,-0.080052
0.015361,-0.063222,-0.078848
0.017396,-0.065131,-0.077587
0.017406,-0.063144,-0.077698
0.020312,-0.062806,-0.075759
0.020187,-0.063325,-0.076820
0.023395,-0.062567,-0.077513
0.023533,-0.064045,-0.077819
0.024369,-0.064814,-0.074918
0.025108,-0.061945,-0.076312
0.027268,-0.062620,-0.077426
0.028337,-0.063399,-0.075354
0.031089,-0.062298,-0.076256
0.030196,-0.064304,-0.075143
0.033344,-0.063813,-0.073825
0.035026,-0.065502,-0.074185
0.036561,-0.063615,-0.075022
0.036686,-0.064288,-0.075099
0.037995,-0.062859,-0.073018
0.039865,-0.060632,-0.073178
0.041466,-0.062594,-0.071486
0.041726,-0.062601,-0.071923
0.044014,-0.063460,-0.070565
0.045770,-0.062819,-0.073171
0.046791,-0.061950,-0.072750
0.047155,-0.060775,-0.071147
0.050052,-0.063495,-0.072417
0.050778,-0.063368,-0.072625
0.051492,-0.062627,-0.070197
0.054258,-0.062779,-0.071105
0.053353,-0.063740,-0.070368
0.058296,-0.064781,-0.070600
0.057023,-0.063263,-0.071492
0.059897,-0.064676,-0.072838
0.058554,-0.063781,-0.070730
0.059564,-0.064370,-0.072907
0.061794,-0.063075,-0.071610
0.065041,-0.062185,-0.071301
0.065382,-0.062250,-0.070831
0.066327,-0.063020,-0.072544
0.068341,-0.062047,-0.073565
0.070460,-0.061069,-0.072571
0.072305,-0.063732,-0.073480
0.073533,-0.062250,-0.072497
0.072424,-0.062225,-0.072686
0.075980,-0.062178,-0.072983
0.076567,-0.062811,-0.073612
0.078017,-0.064980,-0.073938
0.079175,-0.063331,-0.073399
0.079118,-0.061666,-0.074557
0.079126,-0.061882,-0.074485
0.083051,-0.062961,-0.073517
0.085670,-0.062292,-0.077151
0.085707,-0.065719,-0.077426
0.088621,-0.065300,-0.075546
0.088967,-0.063035,-0.076829
0.089090,-0.063324,-0.078463
0.091364,-0.062618,-0.079148
0.093119,-0.062374,-0.079648
0.095552,-0.065577,-0.079219
0.094924,-0.063080,-0.080973
0.097722,-0.063519,-0.079612
0.097920,-0.063740,-0.080753
0.099771,-0.063390,-0.081462
0.102505,-0.061870,-0.082853
0.102550,-0.064190,-0.081354
0.103185,-0.064043,-0.080902
0.106337,-0.063303,-0.082305
0.107788,-0.063561,-0.081527
0.105769,-0.063621,-0.082669
0.108550,-0.063588,-0.083019
0.111830,-0.063909,-0.083960
0.111985,-0.062002,-0.081602
0.113443,-0.063962,-0.084629
0.113566,-0.062977,-0.084529
0.114877,-0.062944,-0.086801
0.119275,-0.064334,-0.084943
0.116066,-0.062304,-0.084549
0.119383,-0.063594,-0.084925
0.121906,-0.062051,-0.085011
0.122570,-0.064005,-0.084818
0.125321,-0.061840,-0.084575
0.125993,-0.063604,-0.087784
0.126580,-0.063793,-0.085523
0.129150,-0.063277,-0.086775
0.129889,-0.063155,-0.084570
0.129833,-0.063166,-0.086504
0.131082,-0.062080,-0.088080
0.133216,-0.063129,-0.087357
0.134321,-0.061632,-0.088314
0.136482,-0.063687,-0.085912
0.138047,-0.064035,-0.088362
0.137819,-0.063507,-0.090104
0.138378,-0.063387,-0.087760
0.142747,-0.064235,-0.088529
0.143892,-0.063954,-0.090171
0.145278,-0.063522,-0.092933
0.146096,-0.063302,-0.092333
0.145743,-0.063103,-0.092939
0.150542,-0.064002,-0.092968
0.150026,-0.062983,-0.094209
0.151997,-0.062158,-0.094684
0.154308,-0.063333,-0.095229
0.154649,-0.062817,-0.096944
0.158066,-0.063688,-0.097270
0.157742,-0.063863,-0.097783
0.160607,-0.063419,-0.098783
0.158489,-0.064726,-0.100508
0.164329,-0.062645,-0.105602
0.161325,-0.063093,-0.102636
0.164944,-0.064057,-0.105701
0.164519,-0.063551,-0.107177
0.167863,-0.064508,-0.109092
0.168577,-0.061781,-0.111318
0.169797,-0.063516,-0.113360
0.171268,-0.063965,-0.116898
0.172945,-0.063426,-0.121843
0.176643,-0.063042,-0.124615
0.176481,-0.064001,-0.130466
0.178334,-0.065191,-0.138519
-0.087592,-0.063269,-0.163638
-0.085726,-0.061970,-0.158955
-0.083947,-0.063878,-0.150963
-0.082127,-0.062117,-0.147265
-0.081804,-0.061797,-0.143377
-0.081047,-0.062754,-0.141752
-0.079749,-0.064812,-0.139944
-0.076015,-0.063516,-0.139155
-0.076047,-0.063472,-0.135515
-0.074241,-0.061822,-0.135601
-0.071893,-0.062703,-0.134906
-0.070579,-0.062388,-0.132820
-0.070616,-0.063803,-0.131011
-0.066333,-0.063250,-0.129089
-0.066959,-0.062888,-0.129298
-0.066508,-0.062067,-0.129077
-0.064049,-0.061885,-0.125486
-0.061290,-0.062733,-0.125618
-0.060703,-0.061390,-0.125593
-0.059064,-0.062048,-0.123734
-0.057557,-0.062864,-0.121866
-0.055455,-0.062254,-0.123207
-0.056742,-0.062605,-0.120487
-0.052291,-0.062410,-0.120765
-0.052564,-0.059931,-0.121125
-0.052207,-0.062290,-0.120057
-0.049967,-0.061832,-0.117095
-0.048221,-0.061993,-0.117591
-0.047220,-0.062571,-0.117938
-0.044142,-0.064103,-0.117285
-0.044348,-0.060423,-0.116783
-0.042126,-0.062499,-0.116754
-0.042003,-0.062657,-0.113457
-0.039921,-0.061803,-0.114874
-0.039512,-0.061721,-0.112765
-0.036453,-0.061522,-0.113940
-0.036296,-0.061724,-0.111921
-0.033283,-0.064647,-0.109533
-0.032605,-0.062192,-0.110868
-0.030523,-0.062574,-0.106468
-0.031007,-0.060408,-0.107487
-0.030366,-0.062663,-0.105180
-0.028583,-0.062228,-0.103845
-0.025597,-0.063035,-0.101557
-0.023871,-0.063073,-0.099725
-0.022675,-0.062718,-0.100492
-0.021233,-0.060739,-0.099149
-0.020553,-0.061575,-0.096695
-0.016495,-0.062543,-0.095483
-0.015381,-0.061585,-0.095200
-0.013882,-0.062686,-0.094255
-0.015763,-0.062839,-0.094076
-0.014486,-0.061897,-0.091742
-0.012269,-0.061875,-0.090606
-0.011033,-0.060881,-0.089349
-0.010120,-0.062329,-0.089939
-0.007130,-0.060051,-0.086067
-0.006979,-0.062477,-0.086209
-0.005611,-0.061381,-0.085588
-0.003818,-0.061772,-0.086360
-0.002243,-0.062043,-0.085277
0.000328,-0.060624,-0.082638
0.002102,-0.061077,-0.084855
0.002083,-0.061396,-0.081112
0.003379,-0.061314,-0.084378
0.004137,-0.060226,-0.081687
0.006516,-0.062026,-0.082434
0.006817,-0.062525,-0.082591
0.010357,-0.061625,-0.080496
0.009272,-0.060865,-0.081034
0.013703,-0.062589,-0.078725
0.013131,-0.061590,-0.081830
0.015852,-0.061569,-0.077872
0.016468,-0.059555,-0.078724
0.017228,-0.059668,-0.078897
0.018637,-0.059946,-0.077928
0.020494,-0.062244,-0.078675
0.023294,-0.059021,-0.076206
0.022292,-0.060181,-0.077135
0.021764,-0.062965,-0.076432
0.023754,-0.062440,-0.076604
0.026139,-0.062531,-0.076173
0.028465,-0.060466,-0.074177
0.029057,-0.060812,-0.075165
0.032696,-0.059651,-0.075830
0.032349,-0.060197,-0.075063
0.035311,-0.060490,-0.075152
0.035583,-0.061331,-0.074014
0.036381,-0.060707,-0.075962
0.037719,-0.062348,-0.074781
0.038272,-0.061987,-0.075922
0.040630,-0.064526,-0.073243
0.043876,-0.060767,-0.071714
0.041695,-0.062490,-0.073169
0.044328,-0.061559,-0.072725
0.043725,-0.060210,-0.072436
0.047287,-0.061534,-0.070976
0.046712,-0.061750,-0.071340
0.049887,-0.061946,-0.072418
0.050830,-0.060272,-0.071716
0.052786,-0.062591,-0.071566
0.052537,-0.060684,-0.071180
0.054523,-0.061197,-0.071548
0.056444,-0.060541,-0.072650
0.057943,-0.061587,-0.071115
0.060604,-0.060427,-0.070727
0.061366,-0.059982,-0.072507
0.060200,-0.061608,-0.072508
0.063397,-0.063960,-0.071097
0.063244,-0.060776,-0.071297
0.066888,-0.060935,-0.072771
0.069000,-0.061863,-0.071776
0.068901,-0.060980,-0.069540
0.069275,-0.062867,-0.071513
0.072522,-0.061585,-0.074685
0.071617,-0.062558,-0.074174
0.073949,-0.061408,-0.072703
0.074531,-0.062751,-0.074021
0.077527,-0.062283,-0.073674
0.077624,-0.061547,-0.072736
0.081407,-0.061136,-0.076922
0.080855,-0.060641,-0.075519
0.085506,-0.060144,-0.074894
0.083604,-0.063201,-0.076047
0.085498,-0.061007,-0.076328
0.087115,-0.059762,-0.075858
0.087518,-0.061805,-0.075277
0.090163,-0.059519,-0.076479
0.089754,-0.062194,-0.078629
0.093284,-0.063162,-0.078408
0.094803,-0.060685,-0.079158
0.095693,-0.060940,-0.079810
0.097494,-0.060283,-0.079424
0.097229,-0.061748,-0.080267
0.097391,-0.061676,-0.080851
0.101483,-0.060744,-0.082181
0.102239,-0.061449,-0.082990
0.103043,-0.061722,-0.082765
0.103235,-0.058728,-0.082204
0.107241,-0.061927,-0.081732
0.105695,-0.062576,-0.084882
0.108556,-0.060512,-0.083749
0.110639,-0.062507,-0.084613
0.112021,-0.060602,-0.084792
0.113120,-0.063356,-0.084477
0.114272,-0.062527,-0.084557
0.116180,-0.061308,-0.084806
0.115472,-0.063364,-0.085788
0.117794,-0.061664,-0.085315
0.120011,-0.060646,-0.085197
0.121152,-0.060293,-0.085222
0.123385,-0.061119,-0.085451
0.124780,-0.062416,-0.084962
0.125413,-0.061716,-0.085188
0.126623,-0.062200,-0.084744
0.126644,-0.062573,-0.087403
0.129675,-0.061570,-0.086728
0.131667,-0.062206,-0.087130
0.131285,-0.061051,-0.090019
0.133978,-0.060203,-0.086288
0.135180,-0.062245,-0.088521
0.136324,-0.059051,-0.086739
0.138551,-0.062076,-0.086751
0.138756,-0.060820,-0.089771
0.140911,-0.061759,-0.091425
0.142075,-0.061433,-0.089704
0.140310,-0.061403,-0.091132
0.146271,-0.062376,-0.092329
0.144134,-0.061155,-0.091302
0.147385,-0.061607,-0.094759
0.147859,-0.062811,-0.093866
0.149927,-0.060874,-0.093185
0.153442,-0.060661,-0.094186
0.153560,-0.061429,-0.097068
0.152938,-0.062425,-0.098668
0.156468,-0.060635,-0.097324
0.155986,-0.060547,-0.097693
0.159011,-0.063495,-0.098212
0.159481,-0.062370,-0.101070
0.161798,-0.062587,-0.102326
0.163231,-0.062338,-0.103796
0.164439,-0.061780,-0.106169
0.167110,-0.063063,-0.107208
0.165871,-0.060219,-0.110015
0.169240,-0.060786,-0.112091
0.169691,-0.062353,-0.112839
0.172607,-0.063876,-0.116589
0.174433,-0.063352,-0.120817
0.175574,-0.059791,-0.126646
0.176100,-0.063914,-0.129324
0.178678,-0.061823,-0.141299
-0.088768,-0.059606,-0.165592
-0.087630,-0.060655,-0.159831
-0.084574,-0.061041,-0.156274
-0.083138,-0.061452,-0.146839
-0.082437,-0.062261,-0.143360
-0.080913,-0.061281,-0.142064
-0.079892,-0.060512,-0.140873
-0.076850,-0.062020,-0.137551
-0.073722,-0.060224,-0.136854
-0.073904,-0.060112,-0.137780
-0.071865,-0.060648,-0.134026
-0.069213,-0.059373,-0.131800
-0.069627,-0.060308,-0.132075
-0.069368,-0.060280,-0.129402
-0.066391,-0.062667,-0.129613
-0.065228,-0.062094,-0.129716
-0.065324,-0.062342,-0.128050
-0.062425,-0.060302,-0.123528
-0.060644,-0.060642,-0.127478
-0.062123,-0.060210,-0.124997
-0.058531,-0.060426,-0.125719
-0.056595,-0.059086,-0.122941
-0.053640,-0.060263,-0.120491
-0.052700,-0.058546,-0.121118
-0.051728,-0.060573,-0.120044
-0.051863,-0.060394,-0.121401
-0.049513,-0.061760,-0.119830
-0.048236,-0.059549,-0.119026
-0.047344,-0.062128,-0.116944
-0.044664,-0.060746,-0.118045
-0.044715,-0.060463,-0.116212
-0.041570,-0.061721,-0.115008
-0.041254,-0.060207,-0.115541
-0.040070,-0.060934,-0.113659
-0.040193,-0.061520,-0.112230
-0.036565,-0.060786,-0.112006
-0.037416,-0.059951,-0.109582
-0.033301,-0.060437,-0.110499
-0.033553,-0.061252,-0.108013
-0.031886,-0.062751,-0.106254
-0.029406,-0.061097,-0.107947
-0.026419,-0.060189,-0.105003
-0.026915,-0.059925,-0.105681
-0.026466,-0.061660,-0.103192
-0.024053,-0.059917,-0.101571
-0.024420,-0.058807,-0.100168
-0.020703,-0.060262,-0.099152
-0.022034,-0.060341,-0.097881
-0.019475,-0.060228,-0.095816
-0.018741,-0.058620,-0.094720
-0.017604,-0.059883,-0.095545
-0.014721,-0.060649,-0.091815
-0.011732,-0.060853,-0.092572
-0.009536,-0.061428,-0.091276
-0.009827,-0.059281,-0.090228
-0.008197,-0.059016,-0.088757
-0.008232,-0.060109,-0.090010
-0.005490,-0.060203,-0.086152
-0.004260,-0.061204,-0.086842
-0.003533,-0.059482,-0.086228
-0.002744,-0.059430,-0.085239
-0.000760,-0.059847,-0.082700
0.000174,-0.061558,-0.082652
0.000234,-0.058062,-0.084553
0.003483,-0.059799,-0.083822
0.004627,-0.061040,-0.081670
0.006053,-0.059440,-0.081996
0.007032,-0.060174,-0.080604
0.010255,-0.059599,-0.081850
0.013285,-0.061252,-0.079350
0.010601,-0.059723,-0.079525
0.013269,-0.060713,-0.078422
0.014084,-0.060876,-0.078182
0.018121,-0.060610,-0.078459
0.018439,-0.060294,-0.078235
0.017440,-0.059304,-0.076866
0.021662,-0.061157,-0.077043
0.023948,-0.060651,-0.078432
0.023564,-0.059418,-0.079092
0.025879,-0.059267,-0.075048
0.024572,-0.060781,-0.074347
0.027031,-0.060955,-0.076971
0.028031,-0.058752,-0.075431
0.029652,-0.060280,-0.074585
0.033082,-0.061236,-0.075488
0.032664,-0.060300,-0.075830
0.034605,-0.060364,-0.073371
0.034533,-0.058366,-0.074481
0.035991,-0.060223,-0.073390
0.037956,-0.061010,-0.073637
0.037802,-0.061024,-0.074091
0.041229,-0.060381,-0.072932
0.042179,-0.060289,-0.073637
0.045036,-0.059537,-0.072363
0.044658,-0.060579,-0.072590
0.044461,-0.060306,-0.071936
0.047268,-0.061031,-0.070738
0.048156,-0.060554,-0.072719
0.051303,-0.060150,-0.072133
0.051622,-0.061105,-0.072001
0.052029,-0.060748,-0.074962
0.054005,-0.060624,-0.070358
0.054901,-0.059327,-0.071815
0.057214,-0.060763,-0.072267
0.059375,-0.059749,-0.069084
0.060995,-0.059711,-0.070633
0.060732,-0.060075,-0.071134
0.061918,-0.059716,-0.070590
0.061736,-0.058076,-0.073179
0.064265,-0.059881,-0.071967
0.066713,-0.060066,-0.072320
0.067981,-0.061244,-0.073063
0.068496,-0.060522,-0.072334
0.070369,-0.061872,-0.074088
0.071783,-0.059670,-0.070586
0.071426,-0.059322,-0.074093
0.075378,-0.061649,-0.074697
0.077816,-0.060369,-0.074782
0.079056,-0.060647,-0.074629
0.080474,-0.060358,-0.074293
0.080290,-0.061295,-0.075475
0.079080,-0.060073,-0.075191
0.084684,-0.062207,-0.073826
0.083042,-0.061769,-0.075486
0.085394,-0.059741,-0.076332
0.087333,-0.059692,-0.077562
0.087927,-0.060958,-0.077276
0.091254,-0.060533,-0.079105
0.090205,-0.061631,-0.078369
0.094520,-0.059705,-0.079639
0.094580,-0.059132,-0.079237
0.094314,-0.059578,-0.077815
0.096036,-0.058284,-0.078628
0.097362,-0.058944,-0.080055
0.100843,-0.060112,-0.080164
0.103065,-0.059704,-0.078217
0.102612,-0.060218,-0.083673
0.105267,-0.060128,-0.083327
0.105399,-0.061186,-0.083392
0.106137,-0.061681,-0.081692
0.106235,-0.059692,-0.081620
0.107583,-0.058858,-0.083647
0.111318,-0.061489,-0.082947
0.110309,-0.062152,-0.084514
0.112913,-0.058750,-0.085414
0.113519,-0.059901,-0.084085
0.114924,-0.060859,-0.084801
0.116478,-0.057377,-0.084765
0.117031,-0.062042,-0.083720
0.119103,-0.061186,-0.085111
0.122349,-0.061174,-0.084329
0.122830,-0.059259,-0.084671
0.123255,-0.060330,-0.085615
0.125627,-0.061666,-0.088145
0.126144,-0.060921,-0.086532
0.129178,-0.061559,-0.086217
0.128906,-0.059831,-0.087218
0.133427,-0.058523,-0.087350
0.131423,-0.060399,-0.087217
0.133377,-0.060733,-0.087082
0.135389,-0.061529,-0.087294
0.137170,-0.061843,-0.087897
0.138649,-0.060145,-0.091715
0.139627,-0.060888,-0.090497
0.141552,-0.059277,-0.092017
0.141169,-0.059745,-0.089791
0.142761,-0.060936,-0.089422
0.144673,-0.059256,-0.090741
0.146602,-0.060545,-0.092432
0.148978,-0.061323,-0.093583
0.147419,-0.059568,-0.095054
0.149076,-0.060514,-0.095765
0.152257,-0.061029,-0.094101
0.153365,-0.059858,-0.096292
0.156077,-0.061271,-0.096511
0.155380,-0.060310,-0.097796
0.157146,-0.060411,-0.099396
0.159542,-0.060696,-0.099001
0.158923,-0.060151,-0.101559
0.162398,-0.060665,-0.104632
0.161583,-0.059496,-0.104965
0.165250,-0.061017,-0.106078
0.167475,-0.060430,-0.108850
0.167051,-0.061671,-0.110158
0.168224,-0.062041,-0.114046
0.171066,-0.060991,-0.114555
0.172450,-0.060727,-0.117947
0.175814,-0.061019,-0.122613
0.174498,-0.059185,-0.126273
0.175790,-0.059227,-0.131384
0.178500,-0.061818,-0.143133
-0.087163,-0.060698,-0.162764
-0.083867,-0.060814,-0.156590
-0.083976,-0.058353,-0.151434
-0.083062,-0.059288,-0.146381
-0.079435,-0.060925,-0.143932
-0.077755,-0.059759,-0.142874
-0.077456,-0.060058,-0.140594
-0.076510,-0.058234,-0.139549
-0.073128,-0.057712,-0.137436
-0.074983,-0.058079,-0.134925
-0.072281,-0.060383,-0.131969
-0.068428,-0.059989,-0.132268
-0.069434,-0.058875,-0.131238
-0.066727,-0.060485,-0.127645
-0.067651,-0.058810,-0.129501
-0.062344,-0.058169,-0.128390
-0.063135,-0.059758,-0.128212
-0.061123,-0.059079,-0.128201
-0.059059,-0.059923,-0.123961
-0.058479,-0.058021,-0.126094
-0.055724,-0.060525,-0.123954
-0.053542,-0.058957,-0.123082
-0.052703,-0.058965,-0.122165
-0.052725,-0.059378,-0.123157
-0.051318,-0.058569,-0.120096
-0.050107,-0.060952,-0.121473
-0.047130,-0.058516,-0.118817
-0.046254,-0.059359,-0.118913
-0.045748,-0.059894,-0.119694
-0.042429,-0.058719,-0.116596
-0.044582,-0.060051,-0.116384
-0.041911,-0.058281,-0.115033
-0.040401,-0.058659,-0.115818
-0.036249,-0.058351,-0.113005
-0.037909,-0.058979,-0.113265
-0.035045,-0.059181,-0.111883
-0.035674,-0.058551,-0.111811
-0.032204,-0.059475,-0.110036
-0.030748,-0.057928,-0.108059
-0.029808,-0.059607,-0.107250
-0.030024,-0.058241,-0.104903
-0.027615,-0.057383,-0.103893
-0.026669,-0.058729,-0.103989
-0.022905,-0.058640,-0.101528
-0.024635,-0.058796,-0.101188
-0.023764,-0.057141,-0.100901
-0.020244,-0.058875,-0.098549
-0.019140,-0.059650,-0.097266
-0.017245,-0.059486,-0.095584
-0.015203,-0.058990,-0.095115
-0.014760,-0.059072,-0.092399
-0.013362,-0.058459,-0.091179
-0.013430,-0.057857,-0.090612
-0.011158,-0.057420,-0.090272
-0.009102,-0.059198,-0.089839
-0.009575,-0.057232,-0.088822
-0.003838,-0.058177,-0.087162
-0.005545,-0.057659,-0.084322
-0.002460,-0.060024,-0.085999
-0.001645,-0.059864,-0.085109
-0.000116,-0.059575,-0.083011
0.000350,-0.058515,-0.083330
0.002382,-0.058609,-0.083175
0.003712,-0.058655,-0.082967
0.006019,-0.059698,-0.081383
0.005557,-0.059249,-0.081602
0.006597,-0.057724,-0.080562
0.009213,-0.057837,-0.079752
0.008957,-0.058879,-0.081176
0.010762,-0.057863,-0.078371
0.014592,-0.059079,-0.077163
0.013642,-0.058712,-0.079153
0.017576,-0.060113,-0.077344
0.017342,-0.059884,-0.078774
0.017165,-0.058351,-0.077176
0.021447,-0.057805,-0.076537
0.022263,-0.059529,-0.078020
0.021486,-0.057219,-0.077972
0.023285,-0.059465,-0.076887
0.025416,-0.058370,-0.075769
0.025066,-0.058046,-0.076121
0.029008,-0.059353,-0.076288
0.030864,-0.058246,-0.076181
0.031179,-0.057739,-0.075463
0.033034,-0.058436,-0.074163
0.033947,-0.060472,-0.074804
0.037065,-0.059562,-0.076339
0.036258,-0.058672,-0.075685
0.038363,-0.059862,-0.074150
0.041180,-0.059105,-0.074963
0.039418,-0.059092,-0.075260
0.043129,-0.057810,-0.072842
0.042703,-0.058182,-0.072856
0.043512,-0.059155,-0.073718
0.046820,-0.058381,-0.071275
0.049116,-0.059236,-0.071333
0.048640,-0.057635,-0.072616
0.050165,-0.056200,-0.071041
0.052219,-0.057856,-0.071420
0.052726,-0.058260,-0.072031
0.054905,-0.058821,-0.069794
0.054863,-0.056600,-0.070224
0.056015,-0.057626,-0.073212
0.057807,-0.058424,-0.071853
0.057991,-0.058418,-0.071939
0.062089,-0.059538,-0.072834
0.062575,-0.058832,-0.070771
0.060865,-0.060628,-0.072356
0.066267,-0.058361,-0.071961
0.066109,-0.057828,-0.073395
0.068156,-0.058093,-0.072170
0.068566,-0.058101,-0.074170
0.070433,-0.059242,-0.072253
0.070375,-0.057719,-0.073170
0.074084,-0.058411,-0.074096
0.075086,-0.056834,-0.075225
0.076673,-0.058852,-0.072644
0.076052,-0.058316,-0.075255
0.078366,-0.059218,-0.074954
0.078626,-0.058763,-0.075883
0.079987,-0.057703,-0.074043
0.082849,-0.059411,-0.075775
0.084758,-0.058102,-0.075110
0.084108,-0.057923,-0.077272
0.089044,-0.059955,-0.076754
0.087282,-0.059467,-0.077461
0.088933,-0.060821,-0.077511
0.090468,-0.057396,-0.079040
0.091503,-0.057958,-0.079270
0.094572,-0.056701,-0.078530
0.094903,-0.057857,-0.082768
0.096819,-0.059156,-0.079373
0.099377,-0.059982,-0.080765
0.098562,-0.059569,-0.080702
0.100153,-0.057806,-0.081706
0.103673,-0.058760,-0.080716
0.102576,-0.059263,-0.080678
0.104020,-0.057183,-0.081687
0.105446,-0.058709,-0.083578
0.105569,-0.058776,-0.083353
0.108233,-0.059242,-0.083329
0.109096,-0.059413,-0.083306
0.111697,-0.058577,-0.085267
0.113547,-0.059381,-0.083687
0.114993,-0.057292,-0.085013
0.116392,-0.058351,-0.083249
0.115789,-0.058910,-0.085461
0.118940,-0.056543,-0.085092
0.118621,-0.057909,-0.085400
0.122598,-0.058657,-0.083704
0.122540,-0.058754,-0.086435
0.123742,-0.057766,-0.086981
0.124520,-0.057322,-0.086600
0.126820,-0.059446,-0.088146
0.127539,-0.057966,-0.087941
0.128811,-0.058128,-0.085952
0.130908,-0.058608,-0.087941
0.133413,-0.057787,-0.088589
0.132648,-0.060637,-0.088677
0.133928,-0.058370,-0.089269
0.136717,-0.058017,-0.089049
0.136661,-0.058198,-0.089216
0.139604,-0.060821,-0.089549
0.139950,-0.056441,-0.090415
0.142938,-0.058439,-0.091232
0.143157,-0.058422,-0.091180
0.144335,-0.059334,-0.092890
0.145718,-0.058768,-0.093118
0.147412,-0.059633,-0.091968
0.148666,-0.058938,-0.094335
0.151175,-0.058457,-0.096476
0.151816,-0.057464,-0.096820
0.154422,-0.058535,-0.097904
0.151942,-0.058726,-0.097318
0.154037,-0.058651,-0.099279
0.157475,-0.059206,-0.099437
0.157932,-0.058332,-0.101716
0.159422,-0.059140,-0.102258
0.162767,-0.058790,-0.102199
0.162186,-0.055868,-0.105171
0.166574,-0.059870,-0.106514
0.166374,-0.060175,-0.111050
0.169305,-0.059369,-0.113002
0.167562,-0.058285,-0.111976
0.171139,-0.058892,-0.115343
0.169950,-0.060144,-0.119180
0.173892,-0.058466,-0.122302
0.172995,-0.060087,-0.124397
0.178649,-0.060675,-0.131893
0.178862,-0.060151,-0.144825
-0.087662,-0.059258,-0.164814
-0.084156,-0.057305,-0.159997
-0.084047,-0.057378,-0.154039
-0.081373,-0.056675,-0.147151
-0.080267,-0.057543,-0.144641
-0.076617,-0.059752,-0.143263
-0.076991,-0.059004,-0.140043
-0.075226,-0.056824,-0.137407
-0.074828,-0.057919,-0.138571
-0.071646,-0.057065,-0.136299
-0.070394,-0.056351,-0.132356
-0.070023,-0.057753,-0.131923
-0.069134,-0.058885,-0.130308
-0.065870,-0.056759,-0.129967
-0.064341,-0.057253,-0.130304
-0.064867,-0.056269,-0.128238
-0.062532,-0.058285,-0.127470
-0.061864,-0.058277,-0.126462
-0.059652,-0.056583,-0.126431
-0.058377,-0.056614,-0.126005
-0.056366,-0.056190,-0.124398
-0.055577,-0.058267,-0.123825
-0.053786,-0.055932,-0.124261
-0.051894,-0.055950,-0.121483
-0.051585,-0.057931,-0.119988
-0.050113,-0.057546,-0.120299
-0.048614,-0.056233,-0.119407
-0.049544,-0.056745,-0.118536
-0.046219,-0.058242,-0.119254
-0.044666,-0.056365,-0.117625
-0.043338,-0.057817,-0.115565
-0.039585,-0.055889,-0.116088
-0.040626,-0.056308,-0.114538
-0.037726,-0.058596,-0.114586
-0.035910,-0.057422,-0.112880
-0.035903,-0.058344,-0.113142
-0.032375,-0.058004,-0.110114
-0.033878,-0.055627,-0.107542
-0.031409,-0.058254,-0.109739
-0.028592,-0.058744,-0.108994
-0.027641,-0.057184,-0.106082
-0.027163,-0.057215,-0.104217
-0.025300,-0.056643,-0.103384
-0.025024,-0.057198,-0.103357
-0.023021,-0.055001,-0.099850
-0.022278,-0.058014,-0.098840
-0.020008,-0.057798,-0.097580
-0.017026,-0.057028,-0.099997
-0.017607,-0.058314,-0.094292
-0.014503,-0.057816,-0.095016
-0.013686,-0.056116,-0.091982
-0.014192,-0.058236,-0.091996
-0.011944,-0.057227,-0.090739
-0.011326,-0.057512,-0.090720
-0.007012,-0.056421,-0.087267
-0.006449,-0.055285,-0.089211
-0.003794,-0.055739,-0.088580
-0.004980,-0.058274,-0.086634
-0.001992,-0.055802,-0.086197
-0.002977,-0.057053,-0.085819
-0.001624,-0.057086,-0.084792
0.000368,-0.056287,-0.085058
0.001141,-0.056752,-0.084183
0.003177,-0.055834,-0.082908
0.004093,-0.057408,-0.084143
0.006598,-0.057657,-0.079773
0.009236,-0.054979,-0.080630
0.009340,-0.057972,-0.080094
0.011058,-0.057407,-0.079929
0.012142,-0.058030,-0.078175
0.013464,-0.057776,-0.079855
0.013142,-0.055881,-0.080173
0.016109,-0.056015,-0.078609
0.017209,-0.057332,-0.078186
0.018502,-0.057113,-0.077616
0.021409,-0.056564,-0.077987
0.022321,-0.058442,-0.077449
0.023616,-0.055591,-0.077638
0.022701,-0.056559,-0.076669
0.027201,-0.056909,-0.076614
0.025369,-0.057442,-0.076411
0.026395,-0.056873,-0.076332
0.031354,-0.057646,-0.074534
0.032619,-0.056545,-0.074268
0.031785,-0.055652,-0.076382
0.033114,-0.057399,-0.074711
0.033002,-0.057402,-0.074849
0.036168,-0.056166,-0.075499
0.038059,-0.057397,-0.074591
0.039963,-0.057146,-0.076615
0.040999,-0.058056,-0.073583
0.040691,-0.056751,-0.075553
0.041182,-0.055511,-0.074702
0.042660,-0.055283,-0.074492
0.044844,-0.057011,-0.072625
0.045960,-0.056109,-0.071265
0.048981,-0.055882,-0.073763
0.052301,-0.057516,-0.073013
0.053210,-0.056977,-0.073104
0.052982,-0.058668,-0.073266
0.053953,-0.056429,-0.072586
0.054501,-0.057157,-0.071978
0.058561,-0.055872,-0.071607
0.060015,-0.056715,-0.071974
0.059220,-0.058141,-0.071946
0.061587,-0.057673,-0.073015
0.060547,-0.056299,-0.072928
0.064083,-0.057640,-0.073803
0.065619,-0.056778,-0.071984
0.068071,-0.056746,-0.071369
0.068484,-0.057857,-0.070317
0.069661,-0.056193,-0.072620
0.070460,-0.056749,-0.072583
0.073033,-0.056286,-0.074754
0.073382,-0.055795,-0.074195
0.073694,-0.057480,-0.074077
0.074609,-0.057408,-0.074991
0.078126,-0.058557,-0.073209
0.078519,-0.056270,-0.075044
0.079721,-0.056155,-0.073464
0.083600,-0.055505,-0.073490
0.081511,-0.056211,-0.075218
0.084171,-0.056139,-0.077013
0.085153,-0.054981,-0.075784
0.087229,-0.056226,-0.075541
0.089583,-0.056500,-0.079088
0.088653,-0.056214,-0.075588
0.090635,-0.057391,-0.077585
0.091269,-0.057213,-0.078330
0.093427,-0.056972,-0.076924
0.095363,-0.056421,-0.079811
0.097396,-0.056986,-0.080243
0.098397,-0.057477,-0.079783
0.098004,-0.056556,-0.081722
0.101038,-0.058683,-0.080968
0.101744,-0.057142,-0.081920
0.102102,-0.057567,-0.080840
0.103954,-0.056119,-0.084791
0.105881,-0.058776,-0.083508
0.108875,-0.055181,-0.083159
0.108562,-0.057331,-0.082238
0.110947,-0.057352,-0.083192
0.110900,-0.057093,-0.083151
0.111869,-0.056106,-0.082725
0.114596,-0.058042,-0.083296
0.116163,-0.056729,-0.083432
0.117985,-0.057538,-0.084636
0.119257,-0.056574,-0.086332
0.117819,-0.055578,-0.084938
0.121857,-0.057603,-0.086270
0.121665,-0.057003,-0.084554
0.124734,-0.057695,-0.085162
0.123793,-0.056019,-0.087048
0.127132,-0.057874,-0.086907
0.127659,-0.058906,-0.087184
0.127917,-0.057173,-0.087571
0.130922,-0.055438,-0.087654
0.132722,-0.057029,-0.087874
0.134606,-0.057095,-0.089434
0.132913,-0.057923,-0.089430
0.138281,-0.058159,-0.088773
0.137754,-0.055526,-0.090001
0.140644,-0.056947,-0.090102
0.140957,-0.057499,-0.090577
0.143301,-0.057790,-0.093163
0.142511,-0.057137,-0.092818
0.145740,-0.056031,-0.092868
0.146097,-0.058582,-0.092782
0.148470,-0.057007,-0.091164
0.149091,-0.057226,-0.095117
0.150544,-0.058155,-0.094994
0.152385,-0.057713,-0.096790
0.153870,-0.056521,-0.098065
0.155537,-0.057165,-0.098330
0.153715,-0.057421,-0.100372
0.156930,-0.058494,-0.099882
0.160359,-0.056471,-0.102393
0.159592,-0.059184,-0.104510
0.160178,-0.057075,-0.103599
0.162994,-0.057249,-0.106409
0.166096,-0.056266,-0.105982
0.165185,-0.059331,-0.110653
0.168788,-0.058467,-0.111730
0.168580,-0.056770,-0.112232
0.171557,-0.056505,-0.113925
0.171296,-0.059728,-0.119699
0.173620,-0.056703,-0.124415
0.173329,-0.056468,-0.126626
0.176336,-0.057093,-0.131119
0.178794,-0.059282,-0.147392
-0.083568,-0.055194,-0.160662
-0.083934,-0.056644,-0.155159
-0.081186,-0.057378,-0.150390
-0.079678,-0.056907,-0.146911
-0.079328,-0.055462,-0.143817
-0.078546,-0.054773,-0.142100
-0.077566,-0.056014,-0.141162
-0.075890,-0.056401,-0.138592
-0.073689,-0.056610,-0.135271
-0.071318,-0.056560,-0.135545
-0.068641,-0.056132,-0.131885
-0.067981,-0.055397,-0.133320
-0.066336,-0.055571,-0.131215
-0.066169,-0.055374,-0.129522
-0.062761,-0.055338,-0.127382
-0.063494,-0.055477,-0.129227
-0.061269,-0.056754,-0.126963
-0.060317,-0.054940,-0.126400
-0.058299,-0.057942,-0.126535
-0.059993,-0.054558,-0.123964
-0.055471,-0.056472,-0.124159
-0.053468,-0.054518,-0.124983
-0.053955,-0.055235,-0.123305
-0.048980,-0.055022,-0.123395
-0.049367,-0.057378,-0.120262
-0.047304,-0.056049,-0.119736
-0.045907,-0.055629,-0.118440
-0.045310,-0.057544,-0.118239
-0.045671,-0.054904,-0.117668
-0.044744,-0.055730,-0.115899
-0.039542,-0.055308,-0.117049
-0.039416,-0.055263,-0.116394
-0.039110,-0.055694,-0.114507
-0.038395,-0.056380,-0.112509
-0.035696,-0.056641,-0.112116
-0.033436,-0.056084,-0.111573
-0.032588,-0.057757,-0.108965
-0.031615,-0.056883,-0.108777
-0.031632,-0.055563,-0.107108
-0.030154,-0.056383,-0.108614
-0.029141,-0.056454,-0.104473
-0.026567,-0.055596,-0.104141
-0.022953,-0.055729,-0.102428
-0.023246,-0.054900,-0.099716
-0.023161,-0.056146,-0.100852
-0.019349,-0.054216,-0.097064
-0.018351,-0.055765,-0.096913
-0.017810,-0.054850,-0.094609
-0.016428,-0.055775,-0.093465
-0.015075,-0.056063,-0.095290
-0.012727,-0.054660,-0.094728
-0.011562,-0.055701,-0.090257
-0.009674,-0.054966,-0.091023
-0.008538,-0.055293,-0.088960
-0.007500,-0.056078,-0.087335
-0.006274,-0.057677,-0.088247
-0.005034,-0.054070,-0.086877
-0.003954,-0.055254,-0.085880
-0.002336,-0.055799,-0.085953
-0.000677,-0.054536,-0.084780
0.000380,-0.054662,-0.084607
0.004266,-0.053253,-0.084227
0.003631,-0.055226,-0.083167
0.004295,-0.056364,-0.083037
0.006999,-0.056174,-0.082500
0.008088,-0.054203,-0.081379
0.008940,-0.055873,-0.079911
0.011878,-0.055618,-0.081666
0.012313,-0.055546,-0.079937
0.014331,-0.055349,-0.079129
0.016052,-0.055713,-0.079807
0.015329,-0.053298,-0.078814
0.018590,-0.056060,-0.079265
0.017845,-0.056415,-0.079501
0.018731,-0.053662,-0.076238
0.022203,-0.055802,-0.078970
0.022764,-0.055800,-0.077315
0.022555,-0.054851,-0.077535
0.025493,-0.057091,-0.077535
0.025859,-0.055683,-0.077643
0.028576,-0.058033,-0.075724
0.030106,-0.053203,-0.077732
0.030219,-0.055364,-0.075132
0.032134,-0.055998,-0.076347
0.031735,-0.054296,-0.076018
0.034220,-0.054902,-0.075566
0.034736,-0.056532,-0.074352
0.038010,-0.055563,-0.074866
0.038192,-0.054999,-0.074498
0.040896,-0.057720,-0.073030
0.041109,-0.054960,-0.072886
0.044232,-0.054776,-0.072997
0.043210,-0.055913,-0.075118
0.046633,-0.055109,-0.073339
0.047956,-0.056018,-0.073539
0.049411,-0.055635,-0.072012
0.050817,-0.055138,-0.071782
0.050675,-0.056517,-0.073413
0.053265,-0.055226,-0.070098
0.054928,-0.053724,-0.072327
0.055406,-0.055266,-0.072604
0.055484,-0.055568,-0.072320
0.058117,-0.054551,-0.069778
0.059195,-0.055905,-0.071421
0.062168,-0.055136,-0.073079
0.063439,-0.054132,-0.073185
0.063503,-0.055586,-0.071207
0.065745,-0.054942,-0.072899
0.067036,-0.055389,-0.071806
0.067125,-0.056047,-0.072580
0.070164,-0.054942,-0.073385
0.069024,-0.054481,-0.073423
0.070735,-0.056202,-0.073247
0.073569,-0.054131,-0.073633
0.074304,-0.054728,-0.072556
0.076220,-0.055247,-0.073323
0.076884,-0.053607,-0.073495
0.079115,-0.053570,-0.074165
0.080508,-0.055243,-0.071797
0.081945,-0.056607,-0.074425
0.084137,-0.055083,-0.077114
0.083808,-0.053464,-0.076212
0.085486,-0.055969,-0.075139
0.085401,-0.056981,-0.076712
0.088077,-0.055975,-0.077453
0.087304,-0.055271,-0.076753
0.090886,-0.053688,-0.077658
0.093952,-0.055433,-0.078202
0.093993,-0.055362,-0.079443
0.096970,-0.055086,-0.079410
0.096331,-0.057606,-0.080728
0.098266,-0.054730,-0.080538
0.099298,-0.055399,-0.081295
0.099258,-0.054921,-0.081195
0.101271,-0.056225,-0.081702
0.103167,-0.054914,-0.081526
0.104579,-0.055269,-0.083357
0.106857,-0.055424,-0.083826
0.107969,-0.055989,-0.083621
0.108323,-0.056443,-0.084958
0.109364,-0.056195,-0.084109
0.110474,-0.056016,-0.084590
0.112026,-0.054276,-0.085893
0.115090,-0.055751,-0.086292
0.115288,-0.054483,-0.084236
0.119038,-0.054790,-0.085513
0.117888,-0.055202,-0.084919
0.120856,-0.053618,-0.084847
0.123608,-0.054631,-0.086703
0.122245,-0.055391,-0.086114
0.123566,-0.055464,-0.086890
0.125706,-0.054273,-0.086477
0.125338,-0.053619,-0.085666
0.128704,-0.056572,-0.087866
0.128742,-0.055658,-0.087753
0.131362,-0.056764,-0.087272
0.131521,-0.055869,-0.088135
0.133228,-0.056154,-0.088531
0.134599,-0.055021,-0.087483
0.136430,-0.056898,-0.088724
0.135586,-0.054348,-0.089671
0.139243,-0.054609,-0.089809
0.140497,-0.056233,-0.092596
0.141068,-0.056748,-0.091651
0.142528,-0.057071,-0.092132
0.144540,-0.054472,-0.093474
0.146716,-0.053225,-0.092578
0.148042,-0.056379,-0.093951
0.148599,-0.055299,-0.095636
0.150453,-0.055207,-0.095932
0.153939,-0.056966,-0.096726
0.152488,-0.054570,-0.096823
0.154975,-0.057198,-0.098344
0.156443,-0.055639,-0.100308
0.154969,-0.056456,-0.100279
0.158598,-0.055854,-0.101466
0.159428,-0.057647,-0.103745
0.160615,-0.055513,-0.104398
0.162696,-0.055563,-0.105452
0.165158,-0.054053,-0.108721
0.166205,-0.057172,-0.109976
0.167898,-0.057071,-0.112219
0.168479,-0.055593,-0.115207
0.170307,-0.056344,-0.116399
0.172634,-0.057012,-0.119048
0.172613,-0.057255,-0.125167
0.174388,-0.056538,-0.126955
0.176931,-0.056168,-0.133104
0.178715,-0.056299,-0.152148
-0.083664,-0.055446,-0.163885
-0.084221,-0.053430,-0.158070
-0.080707,-0.053903,-0.150945
-0.079316,-0.053766,-0.146598
-0.077088,-0.055566,-0.143828
-0.076324,-0.055336,-0.143433
-0.077572,-0.056370,-0.140387
-0.073792,-0.054107,-0.139606
-0.074776,-0.055038,-0.136717
-0.072262,-0.053825,-0.136592
-0.069809,-0.054886,-0.134300
-0.068244,-0.054239,-0.131673
-0.067002,-0.054736,-0.133063
-0.066098,-0.054695,-0.130679
-0.065009,-0.054470,-0.130357
-0.062139,-0.054892,-0.127718
-0.061326,-0.054388,-0.128399
-0.061267,-0.053221,-0.125551
-0.057209,-0.054133,-0.126750
-0.057410,-0.054794,-0.125106
-0.055536,-0.053583,-0.123611
-0.055181,-0.055217,-0.124295
-0.051247,-0.052888,-0.122620
-0.051981,-0.053751,-0.123170
-0.050535,-0.056130,-0.123271
-0.046510,-0.053058,-0.119671
-0.046562,-0.054895,-0.117703
-0.044708,-0.053784,-0.120572
-0.043349,-0.054321,-0.116091
-0.043684,-0.052360,-0.118797
-0.042231,-0.055262,-0.118404
-0.040702,-0.054575,-0.116197
-0.037943,-0.055631,-0.114874
-0.036711,-0.054733,-0.114433
-0.035767,-0.053989,-0.112272
-0.034264,-0.053534,-0.111564
-0.034100,-0.055536,-0.111505
-0.031298,-0.053122,-0.109869
-0.029508,-0.054907,-0.108330
-0.028518,-0.055915,-0.106700
-0.027935,-0.054010,-0.104588
-0.025235,-0.053556,-0.104224
-0.024425,-0.053854,-0.102545
-0.024402,-0.054064,-0.102301
-0.020065,-0.055206,-0.100570
-0.020916,-0.053927,-0.100602
-0.017723,-0.052607,-0.098772
-0.018868,-0.056662,-0.095163
-0.015868,-0.052591,-0.095377
-0.014881,-0.055085,-0.094185
-0.010453,-0.053255,-0.091994
-0.013048,-0.056211,-0.092642
-0.010308,-0.053408,-0.090619
-0.008184,-0.053039,-0.091714
-0.010863,-0.054596,-0.089183
-0.005800,-0.052805,-0.090067
-0.005367,-0.054076,-0.087793
-0.003973,-0.054509,-0.086510
-0.001178,-0.054251,-0.085447
-0.002185,-0.053815,-0.084246
0.002007,-0.052532,-0.086330
0.001626,-0.054570,-0.084401
0.004490,-0.054165,-0.083058
0.006105,-0.053668,-0.081957
0.007450,-0.053917,-0.080431
0.005716,-0.052959,-0.082503
0.009159,-0.054216,-0.080178
0.010895,-0.055367,-0.080313
0.012682,-0.053790,-0.079659
0.012810,-0.052768,-0.078781
0.014712,-0.055059,-0.079683
0.014484,-0.053724,-0.080265
0.017257,-0.054301,-0.078041
0.018189,-0.053982,-0.079590
0.018989,-0.052662,-0.078707
0.021512,-0.054637,-0.080252
0.021585,-0.052620,-0.078752
0.023753,-0.054742,-0.078898
0.026306,-0.053581,-0.078150
0.026034,-0.054419,-0.077509
0.028335,-0.052137,-0.078041
0.030733,-0.053707,-0.076056
0.030820,-0.054208,-0.077361
0.033490,-0.053520,-0.077423
0.033795,-0.053412,-0.076937
0.034885,-0.053611,-0.075683
0.037416,-0.053825,-0.077394
0.036438,-0.053614,-0.074827
0.037637,-0.053847,-0.075385
0.040512,-0.055528,-0.074339
0.041041,-0.053620,-0.074460
0.042546,-0.053414,-0.074031
0.045530,-0.053331,-0.072674
0.046394,-0.055093,-0.072653
0.045974,-0.056303,-0.074601
0.048731,-0.054206,-0.072337
0.049567,-0.054778,-0.070561
0.051538,-0.054289,-0.070908
0.052313,-0.053957,-0.073677
0.054890,-0.055036,-0.072879
0.055186,-0.053985,-0.071560
0.055136,-0.054622,-0.072764
0.058026,-0.054186,-0.073502
0.058893,-0.053645,-0.072673
0.060001,-0.053170,-0.072511
0.063413,-0.053013,-0.071978
0.064408,-0.052791,-0.073048
0.065006,-0.054669,-0.073782
0.067591,-0.054951,-0.073397
0.067774,-0.052827,-0.072031
0.069598,-0.057404,-0.072893
0.069764,-0.053562,-0.072996
0.072230,-0.053387,-0.073717
0.073300,-0.053922,-0.072645
0.075359,-0.054218,-0.071614
0.076441,-0.053175,-0.073396
0.077062,-0.054581,-0.074459
0.078697,-0.053693,-0.073076
0.079207,-0.054588,-0.074760
0.081950,-0.054278,-0.075342
0.083087,-0.052320,-0.075553
0.083241,-0.054145,-0.077135
0.084872,-0.053407,-0.078347
0.086993,-0.053787,-0.076525
0.088830,-0.054277,-0.077490
0.090729,-0.053879,-0.078767
0.091782,-0.053598,-0.079719
0.092443,-0.052955,-0.078750
0.092803,-0.053823,-0.079775
0.095881,-0.053433,-0.078150
0.096521,-0.053340,-0.078592
0.099941,-0.053416,-0.081889
0.098033,-0.054688,-0.080747
0.102187,-0.054246,-0.082508
0.101593,-0.052096,-0.082893
0.101957,-0.054433,-0.082187
0.105987,-0.053791,-0.083013
0.106816,-0.053960,-0.084069
0.108021,-0.053635,-0.084000
0.109226,-0.054239,-0.083392
0.110758,-0.052629,-0.084758
0.110914,-0.052223,-0.083260
0.112761,-0.055035,-0.083613
0.116240,-0.053643,-0.084074
0.115141,-0.055039,-0.086568
0.117671,-0.055338,-0.085867
0.117732,-0.054070,-0.086786
0.119136,-0.054842,-0.086561
0.124210,-0.054942,-0.087362
0.122406,-0.054579,-0.086302
0.123907,-0.052805,-0.087166
0.126619,-0.054208,-0.085938
0.126777,-0.054667,-0.086011
0.129610,-0.053044,-0.088280
0.129810,-0.055534,-0.088075
0.130038,-0.055254,-0.087393
0.134628,-0.054384,-0.089843
0.134019,-0.052835,-0.089187
0.135653,-0.053936,-0.089423
0.136591,-0.053255,-0.092074
0.137448,-0.052132,-0.090982
0.136597,-0.055847,-0.089983
0.140924,-0.054773,-0.091130
0.143325,-0.056088,-0.089669
0.143316,-0.053788,-0.093025
0.144611,-0.052663,-0.091502
0.146499,-0.055094,-0.094323
0.147290,-0.054159,-0.093754
0.150105,-0.053903,-0.094651
0.152624,-0.054478,-0.097945
0.150610,-0.055172,-0.096211
0.154905,-0.053533,-0.096321
0.154255,-0.054647,-0.096961
0.153336,-0.054047,-0.097256
0.156783,-0.053735,-0.100735
0.159207,-0.053353,-0.101566
0.158962,-0.052618,-0.103003
0.161377,-0.054124,-0.105108
0.162991,-0.053646,-0.106912
0.165416,-0.054113,-0.110259
0.165153,-0.052726,-0.109264
0.167411,-0.055010,-0.111957
0.166901,-0.055302,-0.116034
0.171178,-0.054118,-0.116509
0.172477,-0.054459,-0.120938
0.174861,-0.053200,-0.123916
0.173751,-0.053572,-0.129472
0.176089,-0.054244,-0.136299
-0.084809,-0.052570,-0.165759
-0.083818,-0.051605,-0.160069
-0.080737,-0.052418,-0.153285
-0.081206,-0.051707,-0.148031
-0.078810,-0.052128,-0.145377
-0.078299,-0.053869,-0.141576
-0.077534,-0.053407,-0.141182
-0.071915,-0.054109,-0.141015
-0.072026,-0.051781,-0.139464
-0.072125,-0.053234,-0.137789
-0.069023,-0.053449,-0.137180
-0.069397,-0.052049,-0.134801
-0.066555,-0.052284,-0.132976
-0.065508,-0.053398,-0.130408
-0.064475,-0.050956,-0.130679
-0.063409,-0.052947,-0.130384
-0.060608,-0.051805,-0.127894
-0.058348,-0.052630,-0.127429
-0.058583,-0.053827,-0.127376
-0.056687,-0.050828,-0.124107
-0.054984,-0.053512,-0.126966
-0.055577,-0.053425,-0.125075
-0.055455,-0.052328,-0.122949
-0.051644,-0.054199,-0.122000
-0.050085,-0.050779,-0.123679
-0.048747,-0.052443,-0.121340
-0.046814,-0.051207,-0.119797
-0.046119,-0.051371,-0.117941
-0.045231,-0.052044,-0.118222
-0.043750,-0.054203,-0.117283
-0.040956,-0.051187,-0.117145
-0.039399,-0.052142,-0.115817
-0.038559,-0.053583,-0.115480
-0.036580,-0.053618,-0.113601
-0.034004,-0.052307,-0.111879
-0.035197,-0.053878,-0.111040
-0.033249,-0.053892,-0.111231
-0.032518,-0.051045,-0.108849
-0.030504,-0.050684,-0.110442
-0.027467,-0.051113,-0.105065
-0.027896,-0.052180,-0.106017
-0.025161,-0.052750,-0.104448
-0.025071,-0.052118,-0.102936
-0.022883,-0.052408,-0.102358
-0.022688,-0.051419,-0.101489
-0.020501,-0.052391,-0.098969
-0.018050,-0.054489,-0.098447
-0.017059,-0.053491,-0.095616
-0.015898,-0.052708,-0.095562
-0.014474,-0.050588,-0.095128
-0.014551,-0.051808,-0.093396
-0.011214,-0.053600,-0.094149
-0.009650,-0.052069,-0.092159
-0.009328,-0.053388,-0.091289
-0.007404,-0.052235,-0.090027
-0.007601,-0.052984,-0.089655
-0.004758,-0.051291,-0.088030
-0.002926,-0.052491,-0.087504
-0.003054,-0.052934,-0.084193
-0.001229,-0.052696,-0.084618
0.000756,-0.052737,-0.084350
0.003581,-0.054414,-0.084995
0.002603,-0.052861,-0.083832
0.005719,-0.051372,-0.082846
0.007204,-0.050203,-0.082499
0.007906,-0.051618,-0.081432
0.008598,-0.051070,-0.082778
0.011357,-0.050465,-0.081719
0.011767,-0.052925,-0.078652
0.013101,-0.053489,-0.081764
0.014500,-0.052710,-0.079575
0.016215,-0.051390,-0.079450
0.017340,-0.051295,-0.080480
0.019378,-0.053033,-0.079401
0.019143,-0.051567,-0.078726
0.022172,-0.052000,-0.078894
0.023018,-0.053637,-0.077352
0.024441,-0.052795,-0.079371
0.026713,-0.052638,-0.078193
0.025706,-0.051075,-0.077681
0.030036,-0.051578,-0.079747
0.029931,-0.053087,-0.077912
0.030038,-0.052992,-0.076830
0.032138,-0.053034,-0.079078
0.032858,-0.052579,-0.076967
0.034548,-0.054697,-0.076508
0.034685,-0.052232,-0.076510
0.036831,-0.054562,-0.076502
0.039111,-0.052174,-0.077280
0.041107,-0.053102,-0.074312
0.041780,-0.052042,-0.074853
0.042088,-0.051836,-0.072716
0.045112,-0.050973,-0.074626
0.045263,-0.054346,-0.073587
0.047743,-0.054141,-0.072090
0.050114,-0.052153,-0.074270
0.048643,-0.052679,-0.072623
0.051006,-0.052490,-0.072368
0.053696,-0.051503,-0.071895
0.053459,-0.051112,-0.072930
0.056355,-0.051571,-0.071122
0.054997,-0.053055,-0.071437
0.060828,-0.053040,-0.072425
0.057202,-0.051681,-0.071403
0.061402,-0.054026,-0.072667
0.063421,-0.053192,-0.071148
0.063311,-0.052123,-0.072192
0.063667,-0.051946,-0.073362
0.065628,-0.053519,-0.073925
0.067656,-0.053389,-0.074960
0.069544,-0.051482,-0.073424
0.069752,-0.052003,-0.072497
0.072696,-0.054367,-0.073017
0.073392,-0.054530,-0.073924
0.074888,-0.049840,-0.073063
0.076273,-0.052578,-0.073295
0.078358,-0.053968,-0.074228
0.078573,-0.051581,-0.076655
0.079346,-0.052126,-0.074643
0.080862,-0.053397,-0.074949
0.082766,-0.050902,-0.076639
0.085336,-0.053225,-0.078461
0.086385,-0.051650,-0.076724
0.086934,-0.053735,-0.076425
0.088088,-0.052182,-0.077314
0.090388,-0.053184,-0.077277
0.089825,-0.050992,-0.078799
0.091430,-0.052532,-0.080543
0.093190,-0.051673,-0.079930
0.093935,-0.052735,-0.080464
0.097439,-0.050221,-0.080266
0.099058,-0.052533,-0.080924
0.099724,-0.052137,-0.081483
0.099376,-0.051967,-0.081679
0.102015,-0.052146,-0.082286
0.103397,-0.051770,-0.081502
0.104402,-0.053896,-0.083086
0.104653,-0.050718,-0.084088
0.104444,-0.053056,-0.084027
0.108480,-0.053186,-0.084528
0.110450,-0.052871,-0.083006
0.113767,-0.050219,-0.086665
0.113689,-0.054063,-0.085544
0.114536,-0.051184,-0.084051
0.116334,-0.052863,-0.084073
0.115972,-0.052992,-0.086318
0.117441,-0.051859,-0.086192
0.119358,-0.053907,-0.088295
0.121723,-0.052800,-0.088592
0.122946,-0.055169,-0.086993
0.123508,-0.051811,-0.087309
0.125011,-0.051457,-0.086464
0.125766,-0.052565,-0.087233
0.128352,-0.051890,-0.086735
0.128968,-0.050164,-0.087944
0.131249,-0.053986,-0.088930
0.131657,-0.053382,-0.088041
0.135058,-0.052311,-0.089375
0.133965,-0.054432,-0.089846
0.136106,-0.052860,-0.089834
0.136205,-0.053502,-0.091157
0.137634,-0.052783,-0.090218
0.139714,-0.053349,-0.090891
0.142148,-0.053473,-0.091952
0.142772,-0.050001,-0.091892
0.145206,-0.054174,-0.091759
0.145400,-0.051937,-0.095327
0.149032,-0.052283,-0.094207
0.150704,-0.053197,-0.095861
0.149556,-0.051367,-0.094477
0.150463,-0.052113,-0.096675
0.153433,-0.052125,-0.098537
0.154246,-0.051579,-0.099947
0.156362,-0.049781,-0.101196
0.159528,-0.053103,-0.100684
0.158180,-0.053040,-0.101951
0.158692,-0.051440,-0.103312
0.162119,-0.051907,-0.105130
0.163198,-0.052325,-0.106441
0.165328,-0.052390,-0.109107
0.165828,-0.052988,-0.112376
0.166376,-0.053449,-0.114543
0.170025,-0.051553,-0.115519
0.168538,-0.053727,-0.118255
0.172389,-0.053235,-0.121312
0.173060,-0.052785,-0.127182
0.175414,-0.051736,-0.130314
0.175994,-0.052821,-0.138965
-0.084135,-0.051202,-0.162958
-0.082446,-0.051622,-0.157750
-0.079665,-0.050334,-0.150867
-0.079472,-0.052099,-0.148460
-0.079085,-0.052127,-0.145942
-0.077896,-0.051562,-0.142496
-0.074048,-0.051356,-0.142366
-0.073298,-0.050809,-0.140649
-0.069413,-0.051139,-0.139254
-0.071018,-0.052799,-0.135298
-0.068901,-0.050731,-0.134768
-0.067115,-0.050291,-0.134026
-0.065111,-0.053066,-0.132751
-0.065612,-0.052187,-0.131883
-0.062401,-0.051274,-0.130368
-0.060841,-0.050272,-0.131416
-0.059364,-0.050579,-0.126691
-0.058055,-0.051135,-0.126832
-0.056174,-0.050770,-0.127169
-0.054996,-0.051499,-0.126526
-0.052261,-0.050849,-0.125002
-0.052282,-0.052289,-0.125031
-0.050647,-0.049596,-0.122761
-0.049772,-0.050351,-0.122623
-0.047121,-0.049840,-0.121566
-0.045134,-0.051009,-0.121183
-0.045061,-0.051193,-0.120163
-0.042881,-0.051383,-0.119957
-0.041969,-0.050922,-0.118810
-0.042733,-0.049755,-0.117154
-0.041859,-0.048921,-0.117903
-0.038452,-0.049569,-0.116111
-0.038134,-0.051670,-0.113585
-0.035605,-0.050214,-0.112802
-0.034749,-0.050418,-0.111096
-0.031606,-0.050738,-0.110032
-0.030958,-0.051737,-0.109337
-0.027986,-0.050500,-0.109713
-0.029450,-0.049911,-0.105780
-0.025884,-0.051606,-0.108334
-0.025404,-0.051392,-0.105426
-0.023885,-0.050009,-0.103600
-0.023029,-0.050307,-0.102052
-0.019772,-0.051923,-0.100118
-0.019788,-0.049989,-0.100052
-0.020584,-0.051221,-0.096973
-0.019435,-0.050662,-0.095399
-0.016601,-0.050451,-0.095130
-0.013831,-0.049803,-0.094881
-0.013434,-0.049721,-0.094580
-0.012624,-0.051358,-0.092954
-0.010441,-0.051960,-0.090331
-0.010074,-0.049707,-0.088485
-0.006949,-0.050840,-0.089075
-0.006364,-0.051145,-0.089617
-0.004091,-0.050258,-0.088236
-0.002286,-0.051162,-0.086487
-0.002097,-0.051722,-0.086185
-0.001828,-0.051850,-0.086598
0.001065,-0.051231,-0.085677
0.001716,-0.049954,-0.086024
0.004591,-0.050860,-0.082672
0.004482,-0.050273,-0.082992
0.006318,-0.052089,-0.084548
0.009768,-0.052203,-0.082067
0.008827,-0.051536,-0.081647
0.010514,-0.050357,-0.079921
0.011037,-0.049637,-0.081019
0.012780,-0.050854,-0.080817
0.014893,-0.049744,-0.079932
0.016463,-0.051896,-0.079798
0.017592,-0.050693,-0.077880
0.017876,-0.050742,-0.077046
0.020454,-0.050695,-0.080140
0.021336,-0.051808,-0.079164
0.022456,-0.050758,-0.078111
0.023380,-0.051175,-0.077348
0.024711,-0.051211,-0.078549
0.025867,-0.049116,-0.077018
0.027632,-0.052914,-0.077018
0.030177,-0.051604,-0.076170
0.032975,-0.051652,-0.077976
0.031818,-0.051924,-0.078911
0.033916,-0.050457,-0.078361
0.033477,-0.051402,-0.076017
0.036313,-0.049707,-0.075166
0.038927,-0.049551,-0.076701
0.038870,-0.051001,-0.073847
0.041870,-0.049405,-0.073226
0.041274,-0.049623,-0.075362
0.043592,-0.051127,-0.072765
0.045372,-0.051064,-0.073608
0.047902,-0.050792,-0.072036
0.048849,-0.051416,-0.075733
0.048103,-0.051266,-0.073399
0.049645,-0.050956,-0.074219
0.049973,-0.049655,-0.072297
0.053442,-0.050510,-0.072864
0.054482,-0.052365,-0.072618
0.054974,-0.050627,-0.071155
0.057632,-0.049778,-0.071846
0.059369,-0.050234,-0.072721
0.058454,-0.051068,-0.075411
0.058804,-0.052030,-0.073110
0.063747,-0.051126,-0.073132
0.063936,-0.052754,-0.074581
0.066271,-0.050474,-0.072598
0.065683,-0.050576,-0.072298
0.067566,-0.051336,-0.072707
0.070528,-0.051863,-0.072310
0.070294,-0.050238,-0.072417
0.070076,-0.051035,-0.073727
0.074187,-0.050761,-0.075186
0.076942,-0.050066,-0.074154
0.075713,-0.050458,-0.074149
0.078436,-0.051046,-0.074816
0.079531,-0.051046,-0.075110
0.080391,-0.051160,-0.075028
0.082519,-0.051508,-0.075970
0.082464,-0.052146,-0.075090
0.084404,-0.049981,-0.076798
0.085458,-0.050906,-0.077293
0.086023,-0.050966,-0.075682
0.088392,-0.051510,-0.078223
0.089655,-0.050677,-0.078685
0.089856,-0.051898,-0.078266
0.094283,-0.052572,-0.079454
0.093030,-0.050781,-0.081167
0.096034,-0.050594,-0.081829
0.096550,-0.051382,-0.080632
0.098413,-0.051345,-0.082462
0.098753,-0.051572,-0.081189
0.101415,-0.049872,-0.082386
0.101917,-0.052358,-0.083282
0.103382,-0.049691,-0.084335
0.102819,-0.052360,-0.082690
0.106523,-0.049021,-0.083493
0.108715,-0.051073,-0.084457
0.109647,-0.050083,-0.084764
0.110752,-0.050426,-0.084496
0.110493,-0.051001,-0.084753
0.112995,-0.050426,-0.086010
0.113486,-0.051197,-0.086475
0.115407,-0.051305,-0.084502
0.117204,-0.050953,-0.086827
0.119260,-0.050285,-0.085948
0.119707,-0.049754,-0.085010
0.122108,-0.050398,-0.086762
0.122956,-0.051156,-0.085302
0.124216,-0.050619,-0.087749
0.123513,-0.050641,-0.087672
0.126159,-0.049046,-0.087246
0.128344,-0.051061,-0.088516
0.129380,-0.051254,-0.087629
0.130446,-0.051015,-0.087622
0.130186,-0.051374,-0.090684
0.134236,-0.049784,-0.090452
0.136029,-0.050217,-0.089646
0.136303,-0.050731,-0.089382
0.138243,-0.053323,-0.090229
0.138247,-0.050896,-0.091785
0.141630,-0.049959,-0.093011
0.142764,-0.051058,-0.091470
0.142035,-0.052041,-0.092705
0.143328,-0.052483,-0.092556
0.145421,-0.050224,-0.094314
0.148537,-0.051226,-0.096015
0.148673,-0.053077,-0.096813
0.151675,-0.049282,-0.096528
0.151790,-0.052062,-0.098720
0.154468,-0.051301,-0.099387
0.153859,-0.053501,-0.097659
0.155186,-0.050434,-0.099789
0.157130,-0.051959,-0.103565
0.158058,-0.048994,-0.104648
0.160620,-0.051229,-0.102119
0.162108,-0.051243,-0.105653
0.162666,-0.051179,-0.108929
0.163333,-0.051369,-0.110244
0.164266,-0.051446,-0.111423
0.168269,-0.050631,-0.113881
0.169376,-0.051122,-0.116067
0.169882,-0.051441,-0.119673
0.170673,-0.050613,-0.123411
0.171851,-0.051531,-0.127870
0.175835,-0.050480,-0.130670
0.176330,-0.050756,-0.142385
-0.084023,-0.049229,-0.167075
-0.081749,-0.049151,-0.156803
-0.080957,-0.048451,-0.153114
-0.079230,-0.050755,-0.148081
-0.077131,-0.050917,-0.145996
-0.075282,-0.049053,-0.142837
-0.074497,-0.048351,-0.141013
-0.074094,-0.049681,-0.140418
-0.071363,-0.049349,-0.139472
-0.070895,-0.049502,-0.136253
-0.068851,-0.048149,-0.134251
-0.066582,-0.048625,-0.135272
-0.066594,-0.049943,-0.132998
-0.064470,-0.050711,-0.134451
-0.064062,-0.048656,-0.131804
-0.063124,-0.049071,-0.131618
-0.061355,-0.049573,-0.129929
-0.057699,-0.049866,-0.129653
-0.057774,-0.048744,-0.127919
-0.055186,-0.050522,-0.125942
-0.053441,-0.049620,-0.126893
-0.055600,-0.049409,-0.123685
-0.051064,-0.048717,-0.123997
-0.050138,-0.049818,-0.121604
-0.047967,-0.048046,-0.121760
-0.046983,-0.049951,-0.117638
-0.046579,-0.050394,-0.119422
-0.043945,-0.048912,-0.119723
-0.042379,-0.048685,-0.119213
-0.038889,-0.050016,-0.116799
-0.038765,-0.048086,-0.116322
-0.039137,-0.049444,-0.114998
-0.037179,-0.048950,-0.115138
-0.036183,-0.052026,-0.115294
-0.034023,-0.050630,-0.113148
-0.034133,-0.048192,-0.109121
-0.030415,-0.049536,-0.112326
-0.030652,-0.050053,-0.109297
-0.029337,-0.047371,-0.108669
-0.028978,-0.050089,-0.106401
-0.024724,-0.048707,-0.104310
-0.025008,-0.049292,-0.102703
-0.023354,-0.049002,-0.101421
-0.021943,-0.050427,-0.100362
-0.021076,-0.049616,-0.100018
-0.017465,-0.049456,-0.099229
-0.016722,-0.049255,-0.096714
-0.015725,-0.050577,-0.095273
-0.013600,-0.047604,-0.094445
-0.011986,-0.049915,-0.093611
-0.012719,-0.049931,-0.094798
-0.011239,-0.048602,-0.093116
-0.007697,-0.047567,-0.090440
-0.007073,-0.048589,-0.090794
-0.004270,-0.049328,-0.088865
-0.003944,-0.050196,-0.085865
-0.003243,-0.048814,-0.088348
-0.001873,-0.049484,-0.088980
0.001333,-0.049448,-0.085621
0.000140,-0.049891,-0.085667
0.001978,-0.049473,-0.084865
0.003429,-0.048212,-0.084319
0.005447,-0.048793,-0.083007
0.006048,-0.048900,-0.081634
0.007323,-0.047967,-0.081299
0.009503,-0.048578,-0.079352
0.010604,-0.050013,-0.081586
0.010522,-0.049877,-0.080437
0.015460,-0.049462,-0.078413
0.014693,-0.047393,-0.081153
0.015393,-0.047602,-0.081248
0.017090,-0.048153,-0.080403
0.017616,-0.049435,-0.078297
0.018494,-0.049578,-0.078838
0.022734,-0.046816,-0.078689
0.022659,-0.049272,-0.079001
0.023024,-0.051849,-0.078882
0.025601,-0.047452,-0.079419
0.026380,-0.049818,-0.079829
0.027837,-0.048661,-0.078107
0.029128,-0.048505,-0.078320
0.030193,-0.049159,-0.079272
0.031831,-0.050038,-0.078496
0.032108,-0.048662,-0.077226
0.033730,-0.050986,-0.075941
0.035217,-0.048588,-0.076124
0.038810,-0.048148,-0.075014
0.039938,-0.050777,-0.075878
0.043403,-0.048795,-0.073990
0.040992,-0.050277,-0.074681
0.044459,-0.051863,-0.073308
0.044406,-0.050015,-0.075098
0.046164,-0.049926,-0.076218
0.046520,-0.048711,-0.074899
0.048528,-0.046460,-0.072679
0.049719,-0.049161,-0.075248
0.053051,-0.049228,-0.075231
0.053118,-0.050214,-0.072248
0.052376,-0.048557,-0.071908
0.055860,-0.049219,-0.073888
0.056362,-0.047973,-0.072361
0.059184,-0.047638,-0.073353
0.062637,-0.048293,-0.072323
0.060166,-0.047450,-0.071579
0.063339,-0.048740,-0.072862
0.063799,-0.048957,-0.072134
0.065674,-0.048748,-0.073405
0.066180,-0.050412,-0.073381
0.068448,-0.047531,-0.072644
0.070418,-0.049519,-0.075831
0.072115,-0.047222,-0.072501
0.072120,-0.049878,-0.074742
0.072340,-0.048750,-0.074750
0.072613,-0.048158,-0.075040
0.074074,-0.049382,-0.074939
0.075798,-0.047971,-0.076767
0.078937,-0.048735,-0.073570
0.078618,-0.049606,-0.075120
0.081800,-0.049460,-0.076287
0.083431,-0.049071,-0.076663
0.083889,-0.048780,-0.075219
0.085943,-0.048257,-0.076713
0.087572,-0.050746,-0.076930
0.088115,-0.048935,-0.077029
0.088831,-0.049115,-0.079006
0.090473,-0.047634,-0.078731
0.091922,-0.048038,-0.079598
0.093385,-0.048562,-0.080371
0.096436,-0.050427,-0.081101
0.095742,-0.049253,-0.082003
0.097235,-0.048022,-0.082451
0.098673,-0.049486,-0.081539
0.101542,-0.050116,-0.082371
0.101709,-0.048739,-0.082596
0.104420,-0.049646,-0.084118
0.104020,-0.049675,-0.083345
0.104980,-0.049433,-0.081752
0.105798,-0.048399,-0.084097
0.107877,-0.048858,-0.083226
0.110394,-0.048998,-0.085028
0.111150,-0.048999,-0.083247
0.111644,-0.049467,-0.085715
0.114055,-0.049090,-0.085608
0.116833,-0.047723,-0.086252
0.117710,-0.049281,-0.085771
0.118327,-0.049889,-0.086134
0.118927,-0.048247,-0.086916
0.120703,-0.050132,-0.086053
0.124194,-0.051003,-0.087554
0.125865,-0.048586,-0.085325
0.124270,-0.049241,-0.086874
0.126728,-0.048087,-0.090070
0.127822,-0.049155,-0.088286
0.131130,-0.049162,-0.089530
0.131515,-0.050880,-0.090017
0.132074,-0.047640,-0.090429
0.131588,-0.049824,-0.088530
0.135904,-0.049960,-0.089667
0.137611,-0.048547,-0.091052
0.138295,-0.050698,-0.091635
0.139669,-0.049115,-0.093475
0.140079,-0.049334,-0.093326
0.143395,-0.050525,-0.094552
0.142684,-0.049964,-0.093852
0.144187,-0.049506,-0.093240
0.144888,-0.049498,-0.096848
0.148276,-0.050231,-0.095678
0.148467,-0.049877,-0.099596
0.151720,-0.048514,-0.096642
0.152483,-0.048201,-0.098863
0.153356,-0.049674,-0.099346
0.152413,-0.050267,-0.100446
0.156060,-0.049365,-0.100743
0.156929,-0.048768,-0.103160
0.157970,-0.049069,-0.102465
0.159163,-0.047878,-0.105358
0.160958,-0.049779,-0.107878
0.162486,-0.049811,-0.106221
0.163372,-0.049774,-0.109564
0.166171,-0.050829,-0.113123
0.168682,-0.050536,-0.113737
0.170246,-0.050665,-0.116128
0.170462,-0.050803,-0.119916
0.170211,-0.049064,-0.123921
0.173451,-0.051659,-0.128136
0.175207,-0.051683,-0.132984
0.176335,-0.050957,-0.147637
-0.084537,-0.047632,-0.168304
-0.081472,-0.046827,-0.161578
-0.080460,-0.047494,-0.154366
-0.078516,-0.046819,-0.150696
-0.077836,-0.047565,-0.146319
-0.077668,-0.048559,-0.147073
-0.074028,-0.047005,-0.142508
-0.074390,-0.047799,-0.141164
-0.071300,-0.047998,-0.138323
-0.068906,-0.047442,-0.137860
-0.068346,-0.047811,-0.136095
-0.067675,-0.045756,-0.136275
-0.066861,-0.046059,-0.133488
-0.062514,-0.048366,-0.134380
-0.061286,-0.047610,-0.131537
-0.061295,-0.048280,-0.131121
-0.059073,-0.048127,-0.130348
-0.059382,-0.048013,-0.129558
-0.056658,-0.049395,-0.130255
-0.055526,-0.048175,-0.127322
-0.052963,-0.048580,-0.125501
-0.054226,-0.049274,-0.125092
-0.050678,-0.047279,-0.125894
-0.050434,-0.047061,-0.123060
-0.047729,-0.048611,-0.122442
-0.048570,-0.049086,-0.120079
-0.044773,-0.046932,-0.119844
-0.043210,-0.047265,-0.119495
-0.042607,-0.048043,-0.120514
-0.042546,-0.048534,-0.119309
-0.040058,-0.047703,-0.117220
-0.038829,-0.051370,-0.114737
-0.038473,-0.047186,-0.115239
-0.035988,-0.047639,-0.113515
-0.033335,-0.046198,-0.111444
-0.035087,-0.049814,-0.110276
-0.030970,-0.047487,-0.110714
-0.028226,-0.046227,-0.108229
-0.025164,-0.047658,-0.109441
-0.027874,-0.047861,-0.107640
-0.027138,-0.045828,-0.105840
-0.023541,-0.047683,-0.102996
-0.024422,-0.047513,-0.102156
-0.022055,-0.047359,-0.100177
-0.019401,-0.047200,-0.100335
-0.017133,-0.049177,-0.099206
-0.015722,-0.047753,-0.098263
-0.017224,-0.048723,-0.096711
-0.016227,-0.048875,-0.094329
-0.012502,-0.047538,-0.092507
-0.011423,-0.047455,-0.093595
-0.009566,-0.049155,-0.092705
-0.007785,-0.047203,-0.089402
-0.005475,-0.046859,-0.090572
-0.007516,-0.047054,-0.087835
-0.003710,-0.048846,-0.088667
-0.003004,-0.047303,-0.088738
-0.002716,-0.045454,-0.086596
-0.001043,-0.047119,-0.087609
0.002367,-0.047028,-0.083035
0.001779,-0.046831,-0.084779
0.001874,-0.047867,-0.084641
0.003361,-0.048243,-0.084265
0.005515,-0.046652,-0.083020
0.007086,-0.048794,-0.083018
0.009903,-0.046928,-0.082216
0.012666,-0.046402,-0.081404
0.013673,-0.046804,-0.081567
0.012964,-0.049336,-0.081264
0.014073,-0.047847,-0.079209
0.016014,-0.048082,-0.082885
0.015794,-0.047289,-0.079898
0.019986,-0.046294,-0.080958
0.020001,-0.048109,-0.079060
0.022308,-0.048710,-0.079531
0.022945,-0.048603,-0.079958
0.023612,-0.047418,-0.078779
0.025778,-0.046786,-0.079616
0.029796,-0.046973,-0.079169
0.028400,-0.047722,-0.078493
0.030537,-0.047648,-0.077121
0.029892,-0.047190,-0.077917
0.031447,-0.048655,-0.078571
0.033113,-0.048589,-0.078890
0.036333,-0.047595,-0.077213
0.035655,-0.047106,-0.076090
0.038930,-0.049290,-0.074093
0.038505,-0.047823,-0.076212
0.039053,-0.048181,-0.076282
0.043703,-0.047341,-0.076781
0.043331,-0.045729,-0.075895
0.044095,-0.045450,-0.076099
0.045733,-0.048659,-0.074838
0.048299,-0.048682,-0.073910
0.048670,-0.048009,-0.076434
0.048263,-0.046183,-0.075336
0.051550,-0.049785,-0.074048
0.052383,-0.047624,-0.074160
0.053928,-0.048452,-0.073839
0.057763,-0.047910,-0.074431
0.057681,-0.046436,-0.073299
0.058401,-0.047978,-0.073496
0.059650,-0.047513,-0.072303
0.061937,-0.045718,-0.073841
0.061579,-0.046894,-0.072359
0.062380,-0.048709,-0.072824
0.064889,-0.048106,-0.074183
0.066896,-0.047376,-0.072821
0.067115,-0.047789,-0.073571
0.068705,-0.047408,-0.072570
0.069235,-0.047347,-0.072341
0.073347,-0.048917,-0.071466
0.073064,-0.045648,-0.074996
0.074112,-0.049185,-0.074263
0.073783,-0.046994,-0.075091
0.076158,-0.046351,-0.072935
0.079970,-0.047142,-0.075853
0.079001,-0.047308,-0.074681
0.080063,-0.049394,-0.075507
0.082882,-0.047517,-0.077390
0.083174,-0.046151,-0.078505
0.085235,-0.047330,-0.076870
0.087532,-0.047722,-0.078346
0.090748,-0.049222,-0.076195
0.091365,-0.048257,-0.077910
0.089695,-0.046411,-0.080643
0.092344,-0.046415,-0.078054
0.095009,-0.048561,-0.079228
0.093958,-0.047970,-0.078387
0.095515,-0.049079,-0.079804
0.098680,-0.049321,-0.081397
0.101388,-0.047151,-0.082573
0.101121,-0.048325,-0.082735
0.100182,-0.046145,-0.083161
0.104619,-0.048025,-0.083755
0.105028,-0.046422,-0.083888
0.107653,-0.047225,-0.084081
0.107018,-0.045992,-0.083627
0.108202,-0.047314,-0.084449
0.108509,-0.046504,-0.085233
0.112296,-0.049185,-0.086420
0.114297,-0.049034,-0.084556
0.114933,-0.047946,-0.086103
0.116053,-0.046591,-0.087756
0.118597,-0.048752,-0.084893
0.120096,-0.045809,-0.085521
0.119505,-0.047546,-0.086852
0.122526,-0.046784,-0.087183
0.123712,-0.046886,-0.088467
0.124946,-0.047217,-0.087994
0.125776,-0.048650,-0.089037
0.126465,-0.047404,-0.087904
0.128073,-0.045961,-0.088626
0.128798,-0.047487,-0.088381
0.131060,-0.047891,-0.088078
0.130868,-0.046874,-0.087367
0.133798,-0.047697,-0.091356
0.135140,-0.046970,-0.090296
0.135216,-0.047711,-0.090987
0.138119,-0.046128,-0.092088
0.139409,-0.047658,-0.094765
0.140137,-0.047468,-0.092999
0.141120,-0.046468,-0.093746
0.143828,-0.048316,-0.094328
0.145308,-0.046103,-0.096034
0.146786,-0.047355,-0.095127
0.146522,-0.049074,-0.095845
0.149103,-0.048028,-0.097327
0.151182,-0.047229,-0.096073
0.151922,-0.045816,-0.097618
0.152959,-0.047626,-0.099458
0.154749,-0.046494,-0.100609
0.154369,-0.047865,-0.101827
0.155818,-0.048732,-0.103316
0.159144,-0.048702,-0.104481
0.159549,-0.047630,-0.105274
0.162442,-0.046268,-0.107333
0.161866,-0.049379,-0.110847
0.165708,-0.048902,-0.111514
0.167134,-0.048828,-0.114218
0.168117,-0.047362,-0.116505
0.168405,-0.046983,-0.116689
0.169563,-0.048082,-0.119565
0.173274,-0.048034,-0.123538
0.173940,-0.047250,-0.129541
0.174796,-0.048317,-0.135347
0.176771,-0.049270,-0.148556
-0.082399,-0.047631,-0.164352
-0.081386,-0.047775,-0.159307
-0.078283,-0.047346,-0.153234
-0.076958,-0.045522,-0.148647
-0.075058,-0.048375,-0.146455
-0.074894,-0.047905,-0.147825
-0.073818,-0.046800,-0.144424
-0.070601,-0.045444,-0.140438
-0.070410,-0.046634,-0.140341
-0.067001,-0.046786,-0.139179
-0.066243,-0.046206,-0.136644
-0.066814,-0.047177,-0.134684
-0.065754,-0.046028,-0.133518
-0.061498,-0.045173,-0.131942
-0.060208,-0.046457,-0.132129
-0.061829,-0.046703,-0.130914
-0.058868,-0.046621,-0.130126
-0.056733,-0.047908,-0.128036
-0.054963,-0.046359,-0.128488
-0.052898,-0.048587,-0.126762
-0.052666,-0.044540,-0.125390
-0.051371,-0.047013,-0.125896
-0.050259,-0.045879,-0.123607
-0.048906,-0.047434,-0.122548
-0.047670,-0.047058,-0.121289
-0.044722,-0.046874,-0.121391
-0.044203,-0.047959,-0.119835
-0.043596,-0.047355,-0.118981
-0.040524,-0.045045,-0.118053
-0.039853,-0.045732,-0.117926
-0.038934,-0.047272,-0.116553
-0.038831,-0.046112,-0.114248
-0.035144,-0.045660,-0.113148
-0.037026,-0.044919,-0.112998
-0.032948,-0.046041,-0.111308
-0.030589,-0.046305,-0.108902
-0.032053,-0.046203,-0.106340
-0.027516,-0.047961,-0.108404
-0.028324,-0.045335,-0.107246
-0.024386,-0.047413,-0.107013
-0.024609,-0.045713,-0.104712
-0.022627,-0.047196,-0.103907
-0.022801,-0.045169,-0.104190
-0.020871,-0.046683,-0.100804
-0.018333,-0.048415,-0.098229
-0.016859,-0.047067,-0.095225
-0.015084,-0.045815,-0.097350
-0.013918,-0.044891,-0.095255
-0.012965,-0.045144,-0.093989
-0.012520,-0.046365,-0.094436
-0.010391,-0.046517,-0.091889
-0.008727,-0.045534,-0.091742
-0.007298,-0.045298,-0.089106
-0.007445,-0.047543,-0.090120
-0.005679,-0.047373,-0.088274
-0.003452,-0.045455,-0.086528
0.000243,-0.047315,-0.085470
-0.001514,-0.046000,-0.087098
0.000910,-0.044106,-0.086166
0.001369,-0.045777,-0.085651
0.002441,-0.044192,-0.085891
0.005302,-0.045730,-0.083847
0.006574,-0.046940,-0.084129
0.008271,-0.047662,-0.082782
0.007259,-0.046206,-0.082710
0.008765,-0.044029,-0.082609
0.011323,-0.046050,-0.082127
0.013006,-0.046663,-0.080356
0.014657,-0.045663,-0.081019
0.014676,-0.046643,-0.081739
0.013483,-0.047152,-0.079931
0.018082,-0.045981,-0.080603
0.020512,-0.044795,-0.079771
0.021500,-0.046219,-0.079189
0.022859,-0.046667,-0.080075
0.022504,-0.045695,-0.079296
0.024348,-0.045564,-0.079462
0.026809,-0.046949,-0.077779
0.028657,-0.047850,-0.079557
0.030173,-0.046422,-0.077385
0.029244,-0.043124,-0.078893
0.032740,-0.047219,-0.077542
0.033534,-0.045262,-0.077782
0.035278,-0.045261,-0.077191
0.035173,-0.046803,-0.077242
0.036967,-0.045756,-0.076029
0.036456,-0.044308,-0.076278
0.040835,-0.045132,-0.075864
0.041093,-0.044793,-0.076270
0.043765,-0.044907,-0.074037
0.045171,-0.044832,-0.073311
0.047854,-0.045789,-0.075941
0.046347,-0.045348,-0.075046
0.050098,-0.046514,-0.075168
0.049536,-0.044968,-0.072801
0.049541,-0.046280,-0.074530
0.052424,-0.046870,-0.074313
0.054439,-0.047120,-0.073557
0.054597,-0.047964,-0.074779
0.056990,-0.045793,-0.072533
0.058327,-0.048527,-0.073452
0.059313,-0.046504,-0.073206
0.061945,-0.044892,-0.073116
0.064847,-0.046414,-0.073013
0.064636,-0.044823,-0.071950
0.064950,-0.046982,-0.073826
0.065767,-0.044767,-0.073265
0.067703,-0.045744,-0.073343
0.068581,-0.045774,-0.073711
0.070510,-0.046260,-0.070919
0.072289,-0.046265,-0.073814
0.073460,-0.045461,-0.073678
0.076107,-0.046784,-0.073383
0.076210,-0.047247,-0.073591
0.078155,-0.046514,-0.075901
0.079776,-0.045979,-0.075900
0.078620,-0.047189,-0.076916
0.079376,-0.044915,-0.077333
0.081758,-0.046846,-0.074825
0.084960,-0.045248,-0.074879
0.086381,-0.045921,-0.077651
0.088167,-0.046560,-0.077950
0.087461,-0.048050,-0.079366
0.090096,-0.047182,-0.076790
0.090673,-0.045266,-0.079823
0.093965,-0.047162,-0.081171
0.094568,-0.045275,-0.080521
0.095210,-0.045832,-0.080754
0.095519,-0.047080,-0.081785
0.097403,-0.047925,-0.081195
0.097861,-0.044084,-0.080712
0.100351,-0.047123,-0.083775
0.102710,-0.047494,-0.082650
0.104236,-0.044186,-0.083015
0.103674,-0.046465,-0.082083
0.106570,-0.044762,-0.083097
0.106789,-0.046054,-0.085365
0.109192,-0.046057,-0.085002
0.111314,-0.045402,-0.084566
0.110735,-0.044812,-0.084216
0.113615,-0.046505,-0.085594
0.114192,-0.047919,-0.087806
0.115958,-0.045584,-0.085783
0.118620,-0.047345,-0.087528
0.118211,-0.046076,-0.087163
0.120201,-0.047727,-0.087977
0.122213,-0.045392,-0.087794
0.122121,-0.044668,-0.086585
0.124418,-0.046398,-0.087680
0.125907,-0.046990,-0.088068
0.128450,-0.046013,-0.089135
0.128446,-0.046886,-0.086700
0.131054,-0.047227,-0.090239
0.133862,-0.047244,-0.088255
0.134782,-0.043901,-0.089760
0.133338,-0.045143,-0.089274
0.135050,-0.046338,-0.092036
0.137958,-0.045942,-0.094038
0.138127,-0.045682,-0.093772
0.138036,-0.047630,-0.092806
0.140139,-0.045394,-0.093344
0.140473,-0.046423,-0.093112
0.143504,-0.046773,-0.095472
0.144744,-0.046038,-0.095192
0.145421,-0.044795,-0.095019
0.147264,-0.045266,-0.096167
0.148520,-0.045775,-0.097575
0.149403,-0.045633,-0.098952
0.150309,-0.046927,-0.099316
0.152481,-0.047243,-0.100910
0.156026,-0.044823,-0.102444
0.156313,-0.046393,-0.101406
0.158216,-0.046578,-0.102963
0.158802,-0.046786,-0.104541
0.160473,-0.044596,-0.107136
0.161703,-0.048088,-0.108234
0.163560,-0.045733,-0.110114
0.164795,-0.047536,-0.113277
0.167408,-0.045460,-0.113789
0.167868,-0.046703,-0.116841
0.167046,-0.044884,-0.118226
0.170093,-0.045452,-0.122427
0.171782,-0.045090,-0.124439
0.173284,-0.046640,-0.130322
0.174538,-0.045695,-0.135625
0.178556,-0.048442,-0.152172
-0.081630,-0.044946,-0.166877
-0.079447,-0.044534,-0.161918
-0.079114,-0.043638,-0.154818
-0.079544,-0.044754,-0.149940
-0.076978,-0.044240,-0.148615
-0.076534,-0.045216,-0.146939
-0.071883,-0.043973,-0.143464
-0.072790,-0.044342,-0.142459
-0.069011,-0.045277,-0.140646
-0.068640,-0.044913,-0.138536
-0.067064,-0.044539,-0.135265
-0.066225,-0.045247,-0.135466
-0.062967,-0.043244,-0.135989
-0.062147,-0.045034,-0.133711
-0.059263,-0.045537,-0.133366
-0.059496,-0.045331,-0.131473
-0.058305,-0.045388,-0.129503
-0.058022,-0.044998,-0.130256
-0.054144,-0.046231,-0.127269
-0.052885,-0.043742,-0.128081
-0.053820,-0.045414,-0.126795
-0.051588,-0.044981,-0.125116
-0.049701,-0.044755,-0.124494
-0.050132,-0.044260,-0.123920
-0.048928,-0.045030,-0.123279
-0.047771,-0.043980,-0.121727
-0.043461,-0.043412,-0.121224
-0.042195,-0.045823,-0.119476
-0.044433,-0.044258,-0.119740
-0.039970,-0.045328,-0.117261
-0.038803,-0.044449,-0.116009
-0.036659,-0.043198,-0.115142
-0.036066,-0.045441,-0.113385
-0.033380,-0.045726,-0.112502
-0.033880,-0.045022,-0.113676
-0.031565,-0.044954,-0.110962
-0.031628,-0.042290,-0.110763
-0.029999,-0.046335,-0.108083
-0.027232,-0.044973,-0.106664
-0.025869,-0.044565,-0.107026
-0.023101,-0.044982,-0.102332
-0.025243,-0.045808,-0.103075
-0.021421,-0.044138,-0.102590
-0.019096,-0.045035,-0.101926
-0.019761,-0.043644,-0.099028
-0.016821,-0.043782,-0.097927
-0.017642,-0.044235,-0.096612
-0.014658,-0.045203,-0.093844
-0.013256,-0.044525,-0.094926
-0.011540,-0.045607,-0.093668
-0.012246,-0.045723,-0.092710
-0.007571,-0.046009,-0.092097
-0.006328,-0.047704,-0.089345
-0.005733,-0.045748,-0.089649
-0.006199,-0.045195,-0.087426
-0.003994,-0.043885,-0.088046
-0.000768,-0.044550,-0.085499
-0.002120,-0.044504,-0.085719
0.002224,-0.044036,-0.083602
0.001725,-0.044394,-0.086044
0.004912,-0.045837,-0.082765
0.006931,-0.046548,-0.086954
0.006815,-0.043251,-0.083875
0.007480,-0.043540,-0.082575
0.009560,-0.043911,-0.080423
0.009998,-0.043834,-0.084108
0.010371,-0.043528,-0.082052
0.012651,-0.044631,-0.082393
0.013872,-0.045672,-0.080360
0.015001,-0.043140,-0.080107
0.016834,-0.042789,-0.081176
0.016856,-0.043643,-0.082887
0.020206,-0.044677,-0.081521
0.020613,-0.044719,-0.080104
0.022530,-0.045229,-0.080981
0.025896,-0.044413,-0.081187
0.026353,-0.045337,-0.080800
0.027736,-0.045015,-0.076780
0.026661,-0.045603,-0.079925
0.029667,-0.044309,-0.079869
0.032287,-0.045210,-0.078612
0.030798,-0.044083,-0.077969
0.032949,-0.045950,-0.078719
0.036039,-0.044641,-0.077879
0.036603,-0.044569,-0.076806
0.037243,-0.043933,-0.077703
0.040335,-0.044779,-0.076769
0.039058,-0.044017,-0.076604
0.042258,-0.044937,-0.075560
0.041379,-0.044984,-0.075996
0.044851,-0.044305,-0.076815
0.046209,-0.044397,-0.075512
0.045275,-0.044904,-0.075758
0.050243,-0.044511,-0.074402
0.048573,-0.044979,-0.074179
0.051255,-0.042691,-0.073754
0.053648,-0.045863,-0.074857
0.053996,-0.044810,-0.072935
0.057434,-0.044514,-0.071451
0.056472,-0.041587,-0.073626
0.058626,-0.044652,-0.073964
0.059967,-0.044028,-0.075893
0.062288,-0.044115,-0.073515
0.062281,-0.043685,-0.073777
0.064191,-0.044007,-0.072390
0.065086,-0.045258,-0.073771
0.065748,-0.044799,-0.073720
0.068739,-0.045325,-0.075131
0.070207,-0.044017,-0.073946
0.070636,-0.044767,-0.073736
0.071440,-0.045641,-0.074108
0.072962,-0.044667,-0.073528
0.073558,-0.045710,-0.074032
0.076235,-0.045310,-0.075853
0.077198,-0.045243,-0.075170
0.078013,-0.045210,-0.075243
0.080395,-0.046907,-0.074788
0.080505,-0.043245,-0.076657
0.083453,-0.043944,-0.078462
0.084330,-0.044696,-0.076001
0.085525,-0.044753,-0.077588
0.087762,-0.044910,-0.076770
0.088311,-0.043131,-0.078328
0.090321,-0.044805,-0.078065
0.090875,-0.044143,-0.079823
0.091107,-0.044434,-0.079850
0.095140,-0.042921,-0.080281
0.094927,-0.044818,-0.079002
0.097426,-0.045202,-0.080645
0.096544,-0.045406,-0.080039
0.099990,-0.042739,-0.081550
0.099835,-0.045457,-0.082357
0.100018,-0.045694,-0.083543
0.103943,-0.045151,-0.083584
0.104584,-0.043678,-0.082129
0.105180,-0.046275,-0.083670
0.107205,-0.044574,-0.084166
0.108933,-0.046787,-0.084964
0.109026,-0.043547,-0.085542
0.111667,-0.044591,-0.085525
0.112374,-0.044560,-0.086586
0.114864,-0.042633,-0.087188
0.116213,-0.044726,-0.086621
0.117436,-0.042127,-0.088130
0.118418,-0.042664,-0.087681
0.119319,-0.044741,-0.086148
0.120540,-0.044703,-0.088095
0.122859,-0.042609,-0.088460
0.123995,-0.045842,-0.090061
0.125315,-0.043264,-0.088533
0.127432,-0.045061,-0.088765
0.126214,-0.046208,-0.088748
0.129292,-0.046219,-0.089898
0.131632,-0.043827,-0.090170
0.133759,-0.041758,-0.089972
0.131990,-0.043457,-0.092083
0.135291,-0.045734,-0.091548
0.136159,-0.045406,-0.091817
0.137536,-0.042761,-0.092200
0.138519,-0.045597,-0.092909
0.139576,-0.047026,-0.094606
0.141627,-0.043738,-0.093714
0.145226,-0.045267,-0.096796
0.144425,-0.045102,-0.097472
0.146837,-0.043291,-0.095186
0.148584,-0.044491,-0.096521
0.150169,-0.046282,-0.098483
0.151452,-0.045989,-0.101024
0.152725,-0.045559,-0.100047
0.153744,-0.043005,-0.102080
0.154905,-0.045170,-0.100866
0.153797,-0.043139,-0.102784
0.157474,-0.044587,-0.103080
0.157969,-0.044484,-0.106687
0.160099,-0.042850,-0.107018
0.162354,-0.044777,-0.107367
0.162344,-0.044000,-0.110639
0.165677,-0.045574,-0.113886
0.167434,-0.043707,-0.116431
0.167900,-0.045484,-0.116738
0.169165,-0.043749,-0.117620
0.171048,-0.044614,-0.121821
0.171006,-0.044642,-0.126753
0.173309,-0.046650,-0.131011
0.175814,-0.046075,-0.138829
-0.081780,-0.042517,-0.164484
-0.078046,-0.042520,-0.158027
-0.077646,-0.041979,-0.152686
-0.075169,-0.042989,-0.148072
-0.074178,-0.046092,-0.147956
-0.072431,-0.042357,-0.145506
-0.071080,-0.043392,-0.144972
-0.070700,-0.043144,-0.144072
-0.067821,-0.043308,-0.136447
-0.067716,-0.044211,-0.138029
-0.065496,-0.043326,-0.137240
-0.063909,-0.043324,-0.135914
-0.063418,-0.043252,-0.135900
-0.060760,-0.043844,-0.133754
-0.061413,-0.043221,-0.133106
-0.058540,-0.041299,-0.131405
-0.056831,-0.042926,-0.131514
-0.056683,-0.045133,-0.128815
-0.053877,-0.045452,-0.128014
-0.053041,-0.042275,-0.125524
-0.052058,-0.043547,-0.124782
-0.050890,-0.042779,-0.126139
-0.048025,-0.043943,-0.122938
-0.047029,-0.043389,-0.123386
-0.044443,-0.045327,-0.120636
-0.044259,-0.041350,-0.120960
-0.042494,-0.042403,-0.122028
-0.041031,-0.040879,-0.118438
-0.041270,-0.042324,-0.118470
-0.039458,-0.042036,-0.116897
-0.039420,-0.042205,-0.114140
-0.036933,-0.045186,-0.114907
-0.035305,-0.043377,-0.114267
-0.033002,-0.043727,-0.112371
-0.031408,-0.042653,-0.110164
-0.029120,-0.042588,-0.110362
-0.029136,-0.043376,-0.107864
-0.027577,-0.042224,-0.107687
-0.026252,-0.043856,-0.104661
-0.024133,-0.042551,-0.105725
-0.023479,-0.043091,-0.103651
-0.022695,-0.043066,-0.102748
-0.018284,-0.043233,-0.099718
-0.017120,-0.045036,-0.097920
-0.017670,-0.043244,-0.098148
-0.016965,-0.043565,-0.098883
-0.015997,-0.042183,-0.097475
-0.012367,-0.041409,-0.095831
-0.012569,-0.043685,-0.094881
-0.011030,-0.043121,-0.092657
-0.009942,-0.043520,-0.090388
-0.008264,-0.043012,-0.091178
-0.005135,-0.042170,-0.088736
-0.007434,-0.044396,-0.089601
-0.003319,-0.041891,-0.088219
-0.002839,-0.042081,-0.087069
-0.000600,-0.043803,-0.086998
0.000527,-0.043322,-0.085612
0.001586,-0.041754,-0.087765
0.006614,-0.041716,-0.085555
0.004893,-0.044514,-0.083829
0.004257,-0.041407,-0.082240
0.010326,-0.042990,-0.082699
0.008815,-0.042388,-0.083848
0.010637,-0.043987,-0.082054
0.011287,-0.043810,-0.082597
0.012237,-0.042931,-0.082274
0.015140,-0.045121,-0.082462
0.015867,-0.044843,-0.081554
0.017969,-0.044131,-0.081462
0.018064,-0.041703,-0.079567
0.020188,-0.043414,-0.080250
0.020580,-0.044190,-0.080285
0.021707,-0.041741,-0.079280
0.025413,-0.044978,-0.079945
0.026960,-0.044710,-0.079895
0.027948,-0.041146,-0.081428
0.028332,-0.044150,-0.078892
0.029184,-0.043122,-0.079674
0.032763,-0.041334,-0.079987
0.032521,-0.041977,-0.079849
0.033399,-0.042345,-0.078281
0.034355,-0.042736,-0.079158
0.035005,-0.042133,-0.078015
0.039163,-0.042897,-0.077823
0.040346,-0.041264,-0.078757
0.041223,-0.043376,-0.078258
0.042468,-0.043673,-0.075986
0.042390,-0.043200,-0.075135
0.042647,-0.043912,-0.075261
0.046076,-0.042580,-0.074655
0.046500,-0.043023,-0.077011
0.048769,-0.042950,-0.074964
0.049741,-0.044894,-0.074069
0.050604,-0.042162,-0.073844
0.052685,-0.043842,-0.072388
0.055839,-0.043200,-0.074613
0.056337,-0.043918,-0.074099
0.055765,-0.042312,-0.075215
0.059719,-0.043491,-0.072752
0.057925,-0.041372,-0.073533
0.061661,-0.042588,-0.074937
0.062947,-0.043366,-0.072934
0.066403,-0.044379,-0.072424
0.064270,-0.042311,-0.074171
0.066141,-0.043151,-0.073324
0.068486,-0.042300,-0.073810
0.068658,-0.042893,-0.073034
0.070050,-0.043424,-0.073285
0.072836,-0.043353,-0.073377
0.074005,-0.042316,-0.074720
0.075666,-0.041971,-0.073807
0.075997,-0.043564,-0.075400
0.076045,-0.043480,-0.075002
0.078180,-0.041131,-0.077436
0.081120,-0.042047,-0.075531
0.081841,-0.042569,-0.075338
0.083219,-0.043136,-0.076501
0.084362,-0.044172,-0.077329
0.085454,-0.043739,-0.077504
0.088787,-0.043523,-0.077399
0.088490,-0.042728,-0.079175
0.089844,-0.044621,-0.078221
0.091202,-0.041489,-0.079192
0.093484,-0.046080,-0.078877
0.094554,-0.043036,-0.080136
0.096048,-0.042908,-0.081219
0.095289,-0.041809,-0.081525
0.098852,-0.043520,-0.080680
0.099885,-0.044143,-0.081953
0.102763,-0.042617,-0.081284
0.102039,-0.043502,-0.083858
0.105625,-0.041426,-0.083003
0.103567,-0.043152,-0.083553
0.103348,-0.043850,-0.084698
0.109017,-0.041602,-0.085167
0.109664,-0.043867,-0.085809
0.108261,-0.043046,-0.084360
0.112278,-0.043578,-0.085579
0.113269,-0.042947,-0.086149
0.116052,-0.042279,-0.086430
0.116624,-0.044270,-0.088024
0.116550,-0.042886,-0.088315
0.118828,-0.041200,-0.088077
0.119295,-0.043209,-0.087239
0.122169,-0.043072,-0.088535
0.123286,-0.042086,-0.087345
0.123909,-0.043207,-0.089702
0.125294,-0.043769,-0.090833
0.125587,-0.040092,-0.089573
0.127851,-0.044630,-0.090745
0.128850,-0.045428,-0.091253
0.131099,-0.041718,-0.091038
0.132696,-0.042678,-0.091467
0.133631,-0.042632,-0.090676
0.135395,-0.042189,-0.092726
0.136873,-0.042059,-0.092962
0.138390,-0.042826,-0.093606
0.139096,-0.044093,-0.094930
0.140634,-0.042358,-0.094875
0.142603,-0.042641,-0.094475
0.141349,-0.043057,-0.095044
0.147561,-0.042735,-0.096191
0.145278,-0.043763,-0.094510
0.147928,-0.044952,-0.097599
0.148945,-0.043683,-0.097682
0.150011,-0.042941,-0.099325
0.152896,-0.043947,-0.102046
0.154296,-0.043069,-0.101602
0.154017,-0.042257,-0.103961
0.155940,-0.042611,-0.103587
0.158609,-0.042657,-0.103447
0.158690,-0.042710,-0.106526
0.160204,-0.042927,-0.105264
0.162685,-0.042963,-0.109768
0.164770,-0.043101,-0.108340
0.166327,-0.042550,-0.111975
0.166296,-0.042776,-0.115990
0.167771,-0.042805,-0.116442
0.168792,-0.043733,-0.120042
0.171574,-0.043688,-0.123797
0.172520,-0.042561,-0.126014
0.174441,-0.041746,-0.132928
0.176529,-0.042358,-0.140397
-0.080289,-0.042090,-0.167740
-0.077449,-0.041885,-0.160800
-0.078272,-0.041444,-0.155554
-0.076232,-0.042187,-0.150880
-0.074131,-0.042274,-0.148285
-0.074762,-0.042340,-0.146240
-0.070227,-0.040686,-0.145210
-0.070552,-0.041482,-0.140436
-0.068157,-0.042243,-0.140729
-0.066912,-0.042500,-0.138900
-0.065669,-0.043328,-0.136743
-0.063736,-0.042475,-0.137285
-0.063445,-0.040829,-0.135128
-0.063348,-0.042233,-0.133410
-0.059201,-0.041303,-0.133918
-0.060020,-0.041401,-0.131072
-0.057113,-0.041820,-0.131592
-0.056517,-0.042606,-0.129829
-0.053829,-0.041148,-0.126753
-0.052952,-0.041074,-0.127495
-0.050135,-0.041483,-0.125642
-0.050071,-0.042716,-0.126129
-0.048613,-0.042845,-0.123390
-0.046743,-0.040585,-0.123412
-0.044687,-0.042312,-0.120171
-0.044819,-0.040738,-0.121088
-0.043128,-0.040497,-0.119709
-0.041808,-0.042646,-0.118769
-0.040481,-0.041737,-0.118202
-0.039604,-0.041753,-0.117019
-0.038134,-0.040757,-0.115287
-0.035213,-0.041323,-0.113375
-0.033788,-0.040888,-0.114762
-0.033811,-0.042361,-0.112675
-0.032534,-0.041150,-0.110066
-0.032116,-0.039891,-0.109606
-0.028803,-0.042287,-0.107287
-0.027956,-0.041562,-0.106028
-0.027252,-0.040811,-0.104889
-0.024158,-0.042957,-0.103492
-0.021728,-0.043263,-0.104142
-0.021304,-0.042412,-0.100962
-0.018985,-0.040291,-0.101714
-0.018104,-0.041610,-0.099184
-0.018027,-0.042443,-0.099616
-0.014075,-0.040285,-0.096301
-0.013029,-0.041458,-0.096912
-0.014420,-0.041721,-0.094706
-0.012505,-0.041129,-0.091932
-0.010516,-0.040281,-0.093912
-0.009003,-0.043056,-0.091973
-0.006053,-0.041882,-0.089336
-0.008402,-0.042711,-0.089756
-0.005925,-0.040244,-0.087559
-0.001990,-0.041257,-0.088828
-0.002517,-0.040752,-0.088341
-0.001276,-0.042221,-0.087443
0.001945,-0.041750,-0.085862
0.003054,-0.043241,-0.085256
0.003725,-0.041576,-0.083743
0.004878,-0.041396,-0.085983
0.006220,-0.039918,-0.083352
0.006190,-0.040980,-0.084792
0.008496,-0.041706,-0.085054
0.011132,-0.040749,-0.082272
0.011268,-0.042477,-0.082453
0.014323,-0.040253,-0.082047
0.015314,-0.041452,-0.081773
0.015732,-0.043133,-0.081253
0.019500,-0.041906,-0.082719
0.017916,-0.042799,-0.081338
0.020589,-0.042147,-0.079643
0.021174,-0.040455,-0.081185
0.023138,-0.043196,-0.079982
0.023875,-0.040572,-0.079952
0.025738,-0.043882,-0.079101
0.027935,-0.042661,-0.081975
0.028374,-0.041863,-0.080970
0.032416,-0.043273,-0.080624
0.030556,-0.041374,-0.080279
0.032900,-0.041300,-0.080236
0.033878,-0.040071,-0.078786
0.034287,-0.040683,-0.077457
0.036197,-0.041999,-0.076442
0.037697,-0.041235,-0.078237
0.039108,-0.040010,-0.077425
0.040811,-0.042473,-0.077115
0.041811,-0.041030,-0.075664
0.043061,-0.040140,-0.075719
0.045647,-0.039013,-0.074818
0.046640,-0.042519,-0.076271
0.047441,-0.041627,-0.076499
0.048535,-0.040259,-0.076692
0.048416,-0.041824,-0.076177
0.051040,-0.040164,-0.073856
0.053339,-0.041696,-0.075084
0.054568,-0.042388,-0.073985
0.058587,-0.040725,-0.074488
0.056522,-0.041090,-0.072762
0.058294,-0.041254,-0.073651
0.059294,-0.040541,-0.074299
0.060712,-0.040697,-0.073015
0.064257,-0.039337,-0.075159
0.065942,-0.042587,-0.076119
0.066870,-0.042210,-0.072367
0.066759,-0.042894,-0.072537
0.068141,-0.043007,-0.074368
0.070800,-0.042335,-0.074325
0.070420,-0.040573,-0.075298
0.070278,-0.040658,-0.074684
0.073612,-0.040280,-0.074200
0.073801,-0.040862,-0.075407
0.075046,-0.041030,-0.076449
0.077350,-0.039911,-0.076307
0.079636,-0.041260,-0.075912
0.079844,-0.041405,-0.076093
0.082300,-0.040267,-0.076435
0.083660,-0.041067,-0.076994
0.084426,-0.043445,-0.077206
0.085681,-0.043777,-0.076793
0.087773,-0.040710,-0.078181
0.089248,-0.042150,-0.076681
0.089576,-0.042495,-0.080596
0.092496,-0.041867,-0.079544
0.092165,-0.040430,-0.079324
0.093246,-0.040627,-0.078469
0.096975,-0.040784,-0.079990
0.098415,-0.041334,-0.080946
0.098605,-0.042846,-0.082956
0.098539,-0.040297,-0.081182
0.101537,-0.039687,-0.082311
0.102777,-0.040937,-0.083972
0.103329,-0.041334,-0.083092
0.105324,-0.042810,-0.082234
0.105979,-0.040950,-0.084547
0.108302,-0.042200,-0.084231
0.110855,-0.040801,-0.084882
0.111801,-0.042648,-0.087725
0.111784,-0.040462,-0.087466
0.111933,-0.041298,-0.085044
0.113930,-0.041226,-0.087041
0.116550,-0.041885,-0.086739
0.116746,-0.040213,-0.086291
0.118774,-0.042596,-0.088213
0.118495,-0.041332,-0.089886
0.119982,-0.040430,-0.089132
0.123064,-0.041735,-0.088067
0.123844,-0.040500,-0.089511
0.125386,-0.041611,-0.089189
0.126203,-0.040629,-0.088798
0.126494,-0.041097,-0.089704
0.131463,-0.040895,-0.091052
0.131083,-0.040373,-0.090460
0.132017,-0.041530,-0.091231
0.133309,-0.042041,-0.092241
0.134625,-0.039889,-0.093860
0.139812,-0.040678,-0.091730
0.136568,-0.041535,-0.093585
0.140585,-0.040942,-0.092777
0.140308,-0.040626,-0.094663
0.142916,-0.041210,-0.093797
0.140274,-0.041959,-0.095301
0.145427,-0.041749,-0.096043
0.146842,-0.041994,-0.096245
0.149700,-0.040756,-0.097028
0.148851,-0.041293,-0.099107
0.150761,-0.041705,-0.099786
0.151983,-0.041577,-0.100102
0.152260,-0.041658,-0.103255
0.154771,-0.042907,-0.101389
0.156225,-0.041243,-0.104761
0.157323,-0.043156,-0.104860
0.159358,-0.043775,-0.106889
0.160847,-0.042152,-0.107031
0.160427,-0.041563,-0.110161
0.162163,-0.042092,-0.113712
0.163840,-0.042844,-0.113552
0.166267,-0.042286,-0.115141
0.168529,-0.042539,-0.119313
0.169428,-0.041917,-0.120742
0.171876,-0.041698,-0.124474
0.173398,-0.042540,-0.126932
0.173885,-0.040983,-0.131191
0.175067,-0.040995,-0.145480
-0.080588,-0.039906,-0.168918
-0.078781,-0.041387,-0.162712
-0.077863,-0.041240,-0.157358
-0.075772,-0.039993,-0.151956
-0.072974,-0.040306,-0.149947
-0.073562,-0.040190,-0.147052
-0.071913,-0.038611,-0.144752
-0.070360,-0.040761,-0.144992
-0.067361,-0.040179,-0.141596
-0.066848,-0.041042,-0.140341
-0.066258,-0.039102,-0.139087
-0.066652,-0.040879,-0.136711
-0.063283,-0.039064,-0.135046
-0.060442,-0.040482,-0.133560
-0.058342,-0.039469,-0.132590
-0.059358,-0.038435,-0.132700
-0.057703,-0.040651,-0.130171
-0.055242,-0.040327,-0.129123
-0.054000,-0.040855,-0.128639
-0.051950,-0.039858,-0.126893
-0.051006,-0.039389,-0.126296
-0.049951,-0.037877,-0.126009
-0.047606,-0.040822,-0.124118
-0.047782,-0.041459,-0.121886
-0.045964,-0.040292,-0.123089
-0.043746,-0.039934,-0.121756
-0.042662,-0.039879,-0.120020
-0.041409,-0.042058,-0.118984
-0.039189,-0.041259,-0.117348
-0.037981,-0.039899,-0.116285
-0.037108,-0.038256,-0.117229
-0.034658,-0.039292,-0.115922
-0.034938,-0.039447,-0.112954
-0.033277,-0.039246,-0.112577
-0.029910,-0.038717,-0.109843
-0.029472,-0.039865,-0.109420
-0.026593,-0.039266,-0.109204
-0.026279,-0.039401,-0.106562
-0.026592,-0.039957,-0.106851
-0.026784,-0.039580,-0.105494
-0.023784,-0.039144,-0.105087
-0.019352,-0.041054,-0.104614
-0.021294,-0.038904,-0.101276
-0.017682,-0.039275,-0.100149
-0.015297,-0.039029,-0.096627
-0.014478,-0.040665,-0.096583
-0.014337,-0.040016,-0.097059
-0.016327,-0.039767,-0.092173
-0.011193,-0.039310,-0.093080
-0.010377,-0.039476,-0.092551
-0.006897,-0.038259,-0.091803
-0.007872,-0.038470,-0.089976
-0.006259,-0.037872,-0.089504
-0.005696,-0.038373,-0.088149
-0.002566,-0.039473,-0.087776
-0.001821,-0.040273,-0.089317
-0.000419,-0.039589,-0.087522
0.000497,-0.041345,-0.088591
0.001352,-0.039470,-0.085953
0.005186,-0.037989,-0.085764
0.004405,-0.039815,-0.085569
0.008293,-0.041268,-0.085307
0.008582,-0.039185,-0.084711
0.008207,-0.041089,-0.082408
0.009405,-0.037998,-0.084438
0.012374,-0.039470,-0.082771
0.012192,-0.039170,-0.083073
0.014876,-0.039638,-0.080492
0.014798,-0.038558,-0.082287
0.018087,-0.039387,-0.083891
0.018642,-0.038799,-0.083373
0.020673,-0.040535,-0.080019
0.023314,-0.038208,-0.082106
0.023488,-0.040387,-0.081272
0.023877,-0.038867,-0.080215
0.024125,-0.038208,-0.079151
0.026256,-0.039802,-0.080673
0.028576,-0.042042,-0.082536
0.028690,-0.038483,-0.079672
0.029932,-0.041701,-0.078976
0.032434,-0.041382,-0.081174
0.035709,-0.040545,-0.080158
0.036026,-0.041994,-0.079542
0.036974,-0.039299,-0.078172
0.037394,-0.038671,-0.078070
0.038570,-0.039948,-0.079219
0.040436,-0.038625,-0.077063
0.041006,-0.040921,-0.076887
0.042913,-0.039936,-0.075776
0.043438,-0.038925,-0.077563
0.047123,-0.039387,-0.076660
0.048415,-0.040942,-0.074484
0.048547,-0.038795,-0.073195
0.050557,-0.039934,-0.074500
0.050270,-0.041793,-0.076005
0.052436,-0.039496,-0.075837
0.055396,-0.040480,-0.075699
0.055342,-0.039930,-0.073394
0.056993,-0.039478,-0.075761
0.056737,-0.039883,-0.073719
0.060165,-0.038322,-0.072985
0.061841,-0.039074,-0.074431
0.062784,-0.040422,-0.073013
0.063337,-0.038574,-0.074692
0.065572,-0.041167,-0.075000
0.066918,-0.041306,-0.073880
0.068831,-0.040197,-0.075938
0.070933,-0.038186,-0.076313
0.069879,-0.038112,-0.075537
0.072488,-0.041320,-0.075835
0.072340,-0.039477,-0.073441
0.074741,-0.039877,-0.077252
0.075583,-0.039422,-0.076038
0.077567,-0.040152,-0.075382
0.079580,-0.039689,-0.075753
0.080820,-0.039213,-0.075826
0.081918,-0.039240,-0.078307
0.081468,-0.039850,-0.078058
0.084817,-0.040213,-0.078611
0.084820,-0.039688,-0.078235
0.087823,-0.040055,-0.078983
0.089868,-0.038935,-0.077571
0.087553,-0.039070,-0.078974
0.090488,-0.038098,-0.081338
0.093342,-0.039007,-0.079977
0.094673,-0.039580,-0.080769
0.094069,-0.040772,-0.083269
0.096258,-0.039366,-0.082307
0.097894,-0.039347,-0.083536
0.100218,-0.040146,-0.082784
0.099790,-0.039566,-0.082572
0.102925,-0.038592,-0.083951
0.101490,-0.038955,-0.083528
0.104484,-0.040300,-0.084821
0.106984,-0.040908,-0.085859
0.108040,-0.041628,-0.085228
0.109188,-0.038814,-0.085362
0.111299,-0.041096,-0.085639
0.111250,-0.040482,-0.087623
0.112414,-0.037974,-0.085774
0.114812,-0.041320,-0.086109
0.115699,-0.038915,-0.087382
0.117591,-0.039352,-0.087004
0.118930,-0.040691,-0.087828
0.118688,-0.039455,-0.087683
0.122298,-0.041076,-0.088762
0.120716,-0.038834,-0.088394
0.122993,-0.040192,-0.089692
0.127029,-0.040199,-0.089404
0.127214,-0.038208,-0.089358
0.128488,-0.040448,-0.090527
0.129593,-0.041015,-0.090879
0.129762,-0.038649,-0.091146
0.133652,-0.040800,-0.093113
0.133735,-0.039901,-0.091276
0.134816,-0.038038,-0.093154
0.136296,-0.040082,-0.092838
0.138682,-0.039154,-0.094795
0.137800,-0.040828,-0.093369
0.140544,-0.040807,-0.095638
0.142864,-0.040174,-0.097506
0.144025,-0.039941,-0.097934
0.144547,-0.039913,-0.098302
0.145296,-0.038512,-0.096275
0.148444,-0.040263,-0.099245
0.150059,-0.039107,-0.100633
0.151762,-0.040124,-0.100806
0.152549,-0.038826,-0.101395
0.153158,-0.039159,-0.101967
0.154069,-0.041015,-0.102777
0.155224,-0.041609,-0.104594
0.156566,-0.039494,-0.105245
0.159741,-0.041316,-0.105739
0.160942,-0.039701,-0.108499
0.161247,-0.040085,-0.110165
0.163348,-0.040917,-0.111568
0.165283,-0.038714,-0.116053
0.166034,-0.040127,-0.117880
0.169512,-0.039941,-0.119068
0.168569,-0.040603,-0.119447
0.170054,-0.039643,-0.124295
0.171753,-0.040451,-0.132782
0.173685,-0.040789,-0.135355
0.178118,-0.040810,-0.151431
-0.078560,-0.038228,-0.168660
-0.076147,-0.039209,-0.159227
-0.076900,-0.038778,-0.153865
-0.076139,-0.039384,-0.150154
-0.073148,-0.038679,-0.148456
-0.072096,-0.037966,-0.148132
-0.070172,-0.038169,-0.144244
-0.069825,-0.037807,-0.142820
-0.066000,-0.038001,-0.142092
-0.066011,-0.039008,-0.138343
-0.063788,-0.037738,-0.137265
-0.061757,-0.035763,-0.134488
-0.061242,-0.038461,-0.134846
-0.060140,-0.037618,-0.133704
-0.057856,-0.038980,-0.130414
-0.056508,-0.039499,-0.131490
-0.056353,-0.039068,-0.129709
-0.053958,-0.038798,-0.129549
-0.051535,-0.039120,-0.126669
-0.052477,-0.037939,-0.126430
-0.049582,-0.038738,-0.127533
-0.048433,-0.038799,-0.126630
-0.046197,-0.037321,-0.122614
-0.045856,-0.038422,-0.123302
-0.043962,-0.039316,-0.121695
-0.042636,-0.038685,-0.122957
-0.041675,-0.038628,-0.120252
-0.039481,-0.038031,-0.120656
-0.038740,-0.037855,-0.117645
-0.038361,-0.037177,-0.118271
-0.036335,-0.037938,-0.116814
-0.035935,-0.039615,-0.116762
-0.032868,-0.039168,-0.116434
-0.031467,-0.037412,-0.113001
-0.029781,-0.037189,-0.110520
-0.029823,-0.038704,-0.107998
-0.028413,-0.036987,-0.108434
-0.025873,-0.039500,-0.108258
-0.025567,-0.038991,-0.106770
-0.021429,-0.038590,-0.105250
-0.020361,-0.039259,-0.102333
-0.020760,-0.037696,-0.101401
-0.018622,-0.038229,-0.100728
-0.017919,-0.039195,-0.100017
-0.015516,-0.037680,-0.099177
-0.014904,-0.035984,-0.098030
-0.013188,-0.038689,-0.096014
-0.010963,-0.040407,-0.094488
-0.011589,-0.039106,-0.093299
-0.009671,-0.038954,-0.093564
-0.008168,-0.037975,-0.090382
-0.005882,-0.040169,-0.091460
-0.004130,-0.038983,-0.091756
-0.004493,-0.037917,-0.089465
-0.001258,-0.040823,-0.089460
-0.002113,-0.037968,-0.088203
-0.000987,-0.038758,-0.087103
0.001222,-0.038186,-0.086551
0.003484,-0.038935,-0.084933
0.006051,-0.039039,-0.086486
0.006281,-0.039802,-0.084932
0.008392,-0.038696,-0.085507
0.010798,-0.036736,-0.084081
0.010607,-0.037910,-0.082655
0.011903,-0.039087,-0.083589
0.012433,-0.038675,-0.084120
0.015527,-0.038556,-0.084950
0.016510,-0.039602,-0.084431
0.019051,-0.038416,-0.083103
0.020010,-0.039694,-0.082100
0.020275,-0.038660,-0.080247
0.020548,-0.038573,-0.081822
0.021918,-0.036802,-0.080243
0.026504,-0.036990,-0.082298
0.026027,-0.039181,-0.079825
0.027151,-0.037841,-0.081114
0.026010,-0.039527,-0.080582
0.029962,-0.037485,-0.080115
0.029473,-0.040248,-0.079097
0.032127,-0.039508,-0.081955
0.033286,-0.038361,-0.081284
0.034975,-0.038681,-0.078382
0.037417,-0.038672,-0.078099
0.036480,-0.036812,-0.079688
0.039323,-0.037910,-0.080619
0.041763,-0.038608,-0.077892
0.042236,-0.038130,-0.078396
0.043053,-0.038543,-0.078561
0.044826,-0.038364,-0.076181
0.046221,-0.037441,-0.077330
0.048252,-0.037593,-0.076360
0.049545,-0.037129,-0.078936
0.050154,-0.038072,-0.076889
0.050715,-0.037879,-0.075356
0.051912,-0.038817,-0.075729
0.055098,-0.039221,-0.076195
0.056353,-0.039616,-0.075094
0.057518,-0.038550,-0.074997
0.058431,-0.037807,-0.074581
0.059651,-0.040125,-0.074886
0.059854,-0.039761,-0.073514
0.061257,-0.037309,-0.073677
0.063450,-0.037332,-0.074798
0.065136,-0.038378,-0.075736
0.066807,-0.037844,-0.075282
0.068077,-0.036007,-0.076695
0.069565,-0.039551,-0.074025
0.070947,-0.037910,-0.073702
0.070404,-0.037371,-0.074738
0.072732,-0.039678,-0.074269
0.076446,-0.039231,-0.074113
0.077464,-0.037754,-0.074883
0.076979,-0.036596,-0.077787
0.078909,-0.039678,-0.076647
0.082307,-0.037605,-0.076144
0.081694,-0.039696,-0.077325
0.081779,-0.039967,-0.076061
0.084885,-0.040796,-0.077680
0.085416,-0.039586,-0.076528
0.089231,-0.037499,-0.078546
0.088229,-0.038945,-0.078045
0.088231,-0.039410,-0.079709
0.089427,-0.039015,-0.076954
0.093664,-0.039888,-0.077896
0.091977,-0.036955,-0.080940
0.095551,-0.036739,-0.080763
0.096487,-0.038530,-0.082365
0.097704,-0.038666,-0.083716
0.099572,-0.037102,-0.083458
0.099920,-0.039577,-0.084078
0.101412,-0.038291,-0.086114
0.102173,-0.036590,-0.083518
0.105126,-0.039863,-0.085727
0.106221,-0.039165,-0.084813
0.109765,-0.039709,-0.084707
0.109630,-0.037892,-0.085814
0.107512,-0.038601,-0.086919
0.109146,-0.037335,-0.087614
0.114464,-0.037486,-0.087127
0.113147,-0.039451,-0.088046
0.113875,-0.038400,-0.088497
0.116011,-0.039137,-0.087296
0.118783,-0.037559,-0.088850
0.119118,-0.038794,-0.088601
0.120610,-0.040103,-0.089258
0.123895,-0.037277,-0.090417
0.124829,-0.037780,-0.087517
0.124360,-0.039933,-0.090474
0.128288,-0.038343,-0.091552
0.127599,-0.038807,-0.089556
0.128359,-0.039730,-0.090987
0.131132,-0.038232,-0.092985
0.133957,-0.037762,-0.092563
0.134503,-0.039196,-0.092473
0.133822,-0.038739,-0.093674
0.136710,-0.037199,-0.094421
0.137510,-0.039389,-0.094159
0.140264,-0.036883,-0.095523
0.139930,-0.038184,-0.094661
0.143326,-0.039712,-0.094317
0.142139,-0.038355,-0.096589
0.146630,-0.037838,-0.095977
0.144974,-0.038859,-0.098528
0.149332,-0.039653,-0.097355
0.149678,-0.037815,-0.099522
0.151288,-0.038218,-0.098909
0.153085,-0.038182,-0.101334
0.153255,-0.038977,-0.104537
0.155611,-0.038281,-0.104741
0.155918,-0.037045,-0.103237
0.158200,-0.036878,-0.105012
0.157841,-0.039934,-0.107240
0.160857,-0.037181,-0.110460
0.162235,-0.038466,-0.111654
0.165882,-0.037496,-0.112485
0.163573,-0.038692,-0.116190
0.165813,-0.037462,-0.117097
0.169634,-0.037643,-0.119785
0.169013,-0.037656,-0.123442
0.172262,-0.038106,-0.127900
0.171776,-0.039233,-0.132332
0.173063,-0.038005,-0.137467
-0.081117,-0.035418,-0.167999
-0.079599,-0.036514,-0.161303
-0.076958,-0.035880,-0.157830
-0.074661,-0.036586,-0.152806
-0.074137,-0.036333,-0.150223
-0.072158,-0.037338,-0.148002
-0.070175,-0.037791,-0.145509
-0.067794,-0.037018,-0.143070
-0.066474,-0.037632,-0.141194
-0.065131,-0.034819,-0.139064
-0.063857,-0.036157,-0.140275
-0.062098,-0.036206,-0.137790
-0.060644,-0.035530,-0.137978
-0.060154,-0.035278,-0.135769
-0.058780,-0.037539,-0.133005
-0.056404,-0.038670,-0.131250
-0.056409,-0.036668,-0.131037
-0.053959,-0.037812,-0.128571
-0.053637,-0.037052,-0.127749
-0.051701,-0.036393,-0.128595
-0.049886,-0.036922,-0.125476
-0.047404,-0.037321,-0.127889
-0.046355,-0.037343,-0.125726
-0.045205,-0.038343,-0.122125
-0.044866,-0.037367,-0.123473
-0.041469,-0.038136,-0.120494
-0.042328,-0.035517,-0.119621
-0.040039,-0.037875,-0.119078
-0.037388,-0.035784,-0.116856
-0.037713,-0.037741,-0.114352
-0.034622,-0.037201,-0.114833
-0.035042,-0.037669,-0.115865
-0.032487,-0.036406,-0.113550
-0.031044,-0.036171,-0.111113
-0.030611,-0.037011,-0.111405
-0.028475,-0.038117,-0.112678
-0.027185,-0.037660,-0.109266
-0.025970,-0.038821,-0.107865
-0.025213,-0.036450,-0.107286
-0.021861,-0.037975,-0.105610
-0.023196,-0.036272,-0.104499
-0.020174,-0.035769,-0.102305
-0.018986,-0.034478,-0.099859
-0.017213,-0.037715,-0.099087
-0.016670,-0.035818,-0.099098
-0.014311,-0.036298,-0.097082
-0.012919,-0.036459,-0.096227
-0.011963,-0.037121,-0.094663
-0.009192,-0.035521,-0.093569
-0.008965,-0.038028,-0.094045
-0.006556,-0.037924,-0.092210
-0.006422,-0.035531,-0.090312
-0.004574,-0.035998,-0.089496
-0.002655,-0.036697,-0.089277
-0.003199,-0.037877,-0.089997
-0.000636,-0.038628,-0.087982
-0.000291,-0.036861,-0.087342
0.001183,-0.036764,-0.086912
0.005005,-0.036990,-0.086411
0.004309,-0.037702,-0.087082
0.009073,-0.036648,-0.082920
0.007383,-0.036166,-0.083231
0.008752,-0.038086,-0.085071
0.008712,-0.034839,-0.085233
0.012495,-0.036762,-0.083751
0.012700,-0.037435,-0.083985
0.014543,-0.036936,-0.082792
0.015065,-0.035334,-0.083969
0.017027,-0.037199,-0.083244
0.018502,-0.035793,-0.082586
0.021730,-0.036928,-0.081633
0.022617,-0.038092,-0.082173
0.022666,-0.038080,-0.080477
0.025207,-0.038114,-0.082602
0.026323,-0.035185,-0.081260
0.026081,-0.036440,-0.082907
0.027298,-0.034991,-0.080787
0.029570,-0.036781,-0.081115
0.030596,-0.036936,-0.083659
0.032003,-0.038094,-0.081137
0.033745,-0.037745,-0.081782
0.034895,-0.036957,-0.079893
0.037321,-0.037622,-0.080481
0.039189,-0.035913,-0.079456
0.039657,-0.036536,-0.080390
0.039524,-0.036225,-0.078796
0.041298,-0.036864,-0.078349
0.041958,-0.036315,-0.076416
0.044928,-0.035926,-0.077718
0.045160,-0.035331,-0.076009
0.046968,-0.037805,-0.077513
0.048613,-0.037072,-0.073918
0.049575,-0.036809,-0.076747
0.050877,-0.035592,-0.075657
0.051916,-0.036656,-0.074589
0.054852,-0.036344,-0.074457
0.054978,-0.037667,-0.077078
0.058111,-0.037330,-0.075939
0.057650,-0.035565,-0.078106
0.059466,-0.036892,-0.074533
0.061412,-0.036761,-0.073784
0.062974,-0.037543,-0.073624
0.063972,-0.037519,-0.075250
0.064305,-0.037308,-0.074635
0.065738,-0.036274,-0.074671
0.068952,-0.036167,-0.075346
0.068333,-0.037480,-0.074492
0.071370,-0.036495,-0.075065
0.072698,-0.037301,-0.075237
0.073993,-0.036202,-0.074382
0.074626,-0.035370,-0.076606
0.076719,-0.034922,-0.076559
0.078231,-0.036268,-0.075161
0.079252,-0.037415,-0.077601
0.080925,-0.038516,-0.076735
0.081202,-0.034803,-0.076023
0.082688,-0.036397,-0.076078
0.082316,-0.037792,-0.079695
0.085342,-0.034759,-0.078511
0.086460,-0.035721,-0.080191
0.088307,-0.038319,-0.076749
0.088692,-0.037509,-0.080544
0.089448,-0.036536,-0.078956
0.091212,-0.037121,-0.079983
0.094784,-0.036295,-0.079990
0.095181,-0.036956,-0.080131
0.096105,-0.036457,-0.082468
0.098619,-0.038656,-0.081322
0.097966,-0.036642,-0.083285
0.100883,-0.037802,-0.084261
0.101185,-0.037756,-0.085764
0.104515,-0.035855,-0.084157
0.103266,-0.036449,-0.084914
0.105515,-0.035771,-0.087587
0.107300,-0.034676,-0.085414
0.108632,-0.036027,-0.087322
0.110204,-0.036291,-0.088250
0.113131,-0.037797,-0.088102
0.113151,-0.037032,-0.085917
0.115361,-0.036153,-0.087557
0.114888,-0.038269,-0.086690
0.116335,-0.037750,-0.088845
0.116552,-0.036177,-0.089461
0.120268,-0.035584,-0.090219
0.121990,-0.034878,-0.090234
0.123683,-0.036997,-0.088915
0.125357,-0.037635,-0.090086
0.125488,-0.035798,-0.091166
0.126946,-0.034816,-0.090543
0.129389,-0.037238,-0.092431
0.127521,-0.036999,-0.091927
0.131301,-0.035931,-0.092860
0.132551,-0.037269,-0.092906
0.132671,-0.036466,-0.093445
0.133210,-0.036431,-0.094245
0.136260,-0.036943,-0.094154
0.137377,-0.037244,-0.094198
0.140628,-0.035900,-0.094922
0.141470,-0.038525,-0.095928
0.142063,-0.038915,-0.096215
0.141973,-0.037969,-0.097176
0.145258,-0.037006,-0.097057
0.146428,-0.037077,-0.099084
0.147124,-0.035542,-0.100693
0.149852,-0.036670,-0.099706
0.150469,-0.036161,-0.101562
0.149089,-0.035891,-0.102617
0.152806,-0.035897,-0.103874
0.152931,-0.038532,-0.103398
0.156137,-0.037804,-0.106279
0.157917,-0.035901,-0.104667
0.158513,-0.035622,-0.109073
0.160375,-0.037172,-0.111654
0.161669,-0.037920,-0.113617
0.162392,-0.037336,-0.112757
0.164675,-0.037903,-0.116942
0.164966,-0.036037,-0.118153
0.168249,-0.037680,-0.119999
0.168040,-0.038003,-0.120512
0.171499,-0.035889,-0.128392
0.173000,-0.037172,-0.134584
0.175898,-0.037418,-0.140467
-0.077974,-0.035228,-0.165409
-0.077678,-0.035895,-0.159699
-0.074639,-0.035870,-0.154177
-0.072953,-0.035755,-0.150715
-0.069770,-0.035736,-0.147117
-0.069930,-0.034601,-0.147544
-0.068686,-0.035901,-0.145978
-0.068887,-0.034832,-0.142074
-0.064531,-0.034865,-0.140375
-0.065613,-0.036213,-0.139799
-0.063300,-0.035172,-0.137312
-0.059726,-0.034528,-0.135925
-0.061114,-0.035425,-0.135424
-0.061029,-0.035259,-0.133223
-0.058128,-0.036892,-0.132523
-0.055868,-0.034542,-0.129209
-0.055797,-0.035505,-0.129471
-0.052705,-0.036330,-0.129070
-0.051184,-0.033700,-0.128643
-0.051237,-0.035982,-0.128794
-0.047895,-0.035864,-0.127030
-0.048872,-0.036804,-0.125189
-0.046592,-0.035736,-0.123160
-0.045711,-0.034246,-0.124080
-0.043855,-0.036394,-0.121213
-0.041764,-0.035843,-0.122088
-0.041595,-0.034250,-0.121192
-0.039590,-0.036874,-0.119183
-0.038653,-0.036447,-0.116154
-0.033835,-0.033133,-0.117650
-0.033516,-0.035888,-0.116339
-0.031369,-0.034444,-0.115972
-0.032467,-0.035049,-0.113194
-0.031825,-0.036336,-0.111611
-0.028080,-0.036094,-0.110335
-0.028061,-0.035053,-0.108709
-0.023799,-0.035908,-0.108270
-0.024547,-0.035168,-0.108075
-0.022615,-0.034546,-0.105754
-0.022093,-0.033467,-0.103640
-0.019148,-0.034890,-0.102318
-0.019968,-0.036666,-0.101815
-0.016045,-0.035670,-0.102207
-0.016386,-0.036450,-0.096749
-0.016354,-0.035500,-0.097770
-0.011466,-0.033437,-0.095106
-0.010597,-0.034844,-0.095763
-0.010618,-0.034220,-0.096852
-0.008898,-0.035900,-0.093483
-0.007971,-0.037082,-0.092502
-0.007140,-0.034318,-0.091791
-0.003140,-0.035458,-0.089377
-0.004846,-0.034385,-0.089653
-0.002774,-0.034469,-0.091569
-0.001514,-0.036488,-0.088072
0.001385,-0.035889,-0.087797
0.000591,-0.035946,-0.087500
0.003311,-0.035111,-0.087337
0.005710,-0.034224,-0.086599
0.005447,-0.035518,-0.085309
0.008655,-0.035233,-0.083508
0.010061,-0.034390,-0.085795
0.011776,-0.032836,-0.084994
0.012739,-0.035720,-0.082635
0.014270,-0.034273,-0.081666
0.013227,-0.036775,-0.085244
0.017669,-0.034862,-0.083173
0.017271,-0.034719,-0.083597
0.020288,-0.035879,-0.082242
0.020540,-0.034123,-0.081473
0.022942,-0.035961,-0.083103
0.022783,-0.036931,-0.082263
0.024171,-0.034543,-0.083088
0.024747,-0.035597,-0.082681
0.025874,-0.034779,-0.084212
0.028097,-0.037399,-0.081255
0.029482,-0.034656,-0.083720
0.030263,-0.033965,-0.082366
0.032069,-0.034405,-0.081160
0.034210,-0.035854,-0.082382
0.036124,-0.034459,-0.080391
0.036314,-0.035244,-0.080990
0.036254,-0.034682,-0.080257
0.038528,-0.032776,-0.079626
0.040060,-0.034350,-0.078790
0.042463,-0.034823,-0.079636
0.042659,-0.036796,-0.079832
0.043595,-0.034933,-0.076988
0.045870,-0.035888,-0.077420
0.047048,-0.034362,-0.076740
0.050264,-0.036332,-0.075945
0.050897,-0.034721,-0.075524
0.051300,-0.033607,-0.076388
0.053500,-0.033955,-0.074553
0.054560,-0.035342,-0.074809
0.056144,-0.036163,-0.074731
0.058365,-0.034594,-0.075194
0.055688,-0.035315,-0.074924
0.059763,-0.033526,-0.074383
0.059406,-0.034356,-0.074347
0.062712,-0.034032,-0.076294
0.061370,-0.032996,-0.075315
0.065435,-0.033203,-0.074513
0.065347,-0.035842,-0.074818
0.069470,-0.037011,-0.075306
0.069073,-0.035932,-0.074699
0.069392,-0.035208,-0.074015
0.073211,-0.035054,-0.076014
0.072376,-0.036018,-0.076105
0.075136,-0.035252,-0.075143
0.076019,-0.036589,-0.075136
0.075280,-0.035036,-0.074104
0.078618,-0.035234,-0.074291
0.080856,-0.034704,-0.075842
0.080757,-0.035527,-0.078108
0.081986,-0.035177,-0.077211
0.085003,-0.034323,-0.078487
0.084745,-0.035188,-0.075682
0.086779,-0.034845,-0.078472
0.088947,-0.035711,-0.078452
0.089418,-0.035943,-0.078834
0.089120,-0.032745,-0.078495
0.091440,-0.033654,-0.079438
0.093643,-0.035679,-0.081189
0.095070,-0.034380,-0.081954
0.097013,-0.034418,-0.080122
0.096740,-0.036535,-0.082619
0.099888,-0.036016,-0.083313
0.102603,-0.032571,-0.084545
0.101053,-0.034846,-0.084358
0.105568,-0.034600,-0.085692
0.105484,-0.035791,-0.084377
0.104696,-0.034025,-0.086151
0.107890,-0.036186,-0.087057
0.109763,-0.034455,-0.086205
0.110151,-0.036685,-0.085494
0.111712,-0.035356,-0.087488
0.113240,-0.034543,-0.086667
0.115237,-0.034720,-0.087461
0.115399,-0.036375,-0.087346
0.117234,-0.033807,-0.089512
0.117511,-0.032276,-0.089742
0.120596,-0.034886,-0.087320
0.120854,-0.034373,-0.090763
0.123518,-0.036626,-0.090783
0.123095,-0.035045,-0.091099
0.125317,-0.034807,-0.091082
0.127882,-0.033629,-0.091984
0.127658,-0.036972,-0.092788
0.128268,-0.036107,-0.093500
0.130262,-0.033427,-0.092131
0.133270,-0.034003,-0.093503
0.134949,-0.035370,-0.092895
0.132565,-0.036757,-0.094503
0.136933,-0.035363,-0.094162
0.136616,-0.034972,-0.095016
0.138840,-0.035963,-0.095468
0.139346,-0.036311,-0.095338
0.141596,-0.035131,-0.096647
0.142405,-0.034576,-0.096885
0.146283,-0.034507,-0.098377
0.147123,-0.035062,-0.099319
0.147082,-0.035060,-0.099890
0.147125,-0.035154,-0.100568
0.152875,-0.034170,-0.100323
0.153289,-0.036897,-0.104009
0.152622,-0.035167,-0.103831
0.153631,-0.035441,-0.106610
0.157521,-0.035066,-0.106592
0.159049,-0.034774,-0.108769
0.157848,-0.035729,-0.110099
0.161816,-0.036727,-0.112593
0.161307,-0.035993,-0.112543
0.163273,-0.035705,-0.114640
0.163432,-0.036020,-0.117639
0.167226,-0.035204,-0.118193
0.168242,-0.034753,-0.121773
0.171544,-0.036559,-0.124549
0.171606,-0.035041,-0.129013
0.173510,-0.034584,-0.135387
0.174361,-0.037161,-0.144391
-0.079291,-0.033316,-0.169333
-0.076721,-0.034615,-0.161597
-0.074156,-0.033164,-0.157160
-0.075747,-0.031996,-0.153973
-0.071275,-0.034492,-0.149405
-0.071744,-0.034704,-0.146866
-0.068357,-0.033016,-0.146793
-0.069157,-0.032076,-0.144201
-0.066501,-0.032693,-0.142652
-0.065567,-0.034829,-0.137892
-0.063786,-0.032780,-0.139258
-0.061575,-0.031482,-0.136873
-0.062380,-0.036482,-0.134417
-0.059434,-0.032954,-0.133721
-0.057048,-0.033287,-0.133988
-0.054616,-0.033277,-0.130562
-0.053315,-0.034092,-0.131286
-0.053814,-0.034240,-0.130097
-0.052442,-0.032366,-0.127490
-0.051169,-0.033491,-0.128880
-0.048807,-0.033319,-0.127525
-0.047714,-0.033414,-0.123172
-0.044760,-0.032978,-0.124168
-0.042924,-0.033131,-0.122631
-0.041366,-0.033784,-0.122587
-0.041640,-0.035031,-0.123444
-0.039193,-0.033319,-0.121586
-0.039794,-0.033926,-0.118784
-0.037194,-0.034807,-0.117677
-0.035715,-0.033795,-0.118010
-0.034194,-0.033778,-0.113609
-0.033176,-0.032992,-0.113554
-0.030949,-0.034239,-0.114445
-0.029380,-0.034856,-0.113044
-0.029473,-0.034183,-0.111691
-0.028720,-0.032389,-0.111385
-0.026941,-0.033416,-0.108806
-0.026632,-0.032871,-0.107172
-0.023948,-0.034518,-0.105282
-0.021700,-0.032868,-0.104428
-0.020933,-0.033676,-0.104132
-0.019623,-0.033122,-0.102935
-0.018301,-0.033041,-0.101598
-0.014863,-0.035183,-0.098915
-0.015013,-0.033385,-0.097511
-0.013323,-0.032094,-0.099030
-0.011528,-0.031915,-0.097146
-0.010178,-0.031518,-0.095414
-0.009250,-0.033235,-0.094462
-0.008173,-0.032363,-0.092206
-0.006624,-0.033937,-0.092868
-0.004228,-0.031766,-0.091806
-0.002956,-0.034828,-0.089033
-0.002531,-0.035197,-0.090379
-0.001035,-0.032331,-0.089340
0.001280,-0.033036,-0.087402
0.000563,-0.033937,-0.088818
0.004083,-0.032857,-0.088122
0.005582,-0.034356,-0.086424
0.005025,-0.032374,-0.086963
0.008957,-0.032895,-0.085966
0.008993,-0.032297,-0.083779
0.010485,-0.032099,-0.084385
0.011440,-0.031996,-0.083968
0.013640,-0.033054,-0.083254
0.014413,-0.033039,-0.082956
0.015990,-0.033581,-0.082899
0.017770,-0.033373,-0.082429
0.018847,-0.033168,-0.081190
0.020620,-0.033076,-0.082482
0.021907,-0.033439,-0.083767
0.020993,-0.032208,-0.082826
0.026003,-0.031938,-0.082045
0.025405,-0.034460,-0.083248
0.026144,-0.032418,-0.082552
0.029097,-0.035213,-0.082697
0.028414,-0.034306,-0.081975
0.031207,-0.032027,-0.082856
0.032339,-0.032140,-0.080875
0.033204,-0.032765,-0.082839
0.033462,-0.032527,-0.081526
0.035192,-0.031643,-0.079732
0.038734,-0.033706,-0.080129
0.038513,-0.033896,-0.080068
0.039609,-0.034649,-0.078773
0.042211,-0.032671,-0.078223
0.043235,-0.033683,-0.077398
0.045226,-0.032831,-0.076908
0.045603,-0.035983,-0.078772
0.047283,-0.032834,-0.076761
0.049673,-0.034690,-0.076387
0.047875,-0.033259,-0.077788
0.051314,-0.033073,-0.077544
0.052090,-0.032566,-0.075991
0.053676,-0.032139,-0.077187
0.054168,-0.034017,-0.075297
0.055796,-0.033956,-0.075813
0.057120,-0.033466,-0.073927
0.057601,-0.034315,-0.074445
0.060962,-0.032221,-0.076132
0.063089,-0.032561,-0.075054
0.062989,-0.032686,-0.074849
0.065814,-0.035888,-0.073979
0.066476,-0.033419,-0.075354
0.067864,-0.033772,-0.074495
0.069081,-0.033965,-0.077976
0.069426,-0.031905,-0.075265
0.071349,-0.033723,-0.075740
0.072517,-0.033530,-0.076225
0.073098,-0.033056,-0.076102
0.075613,-0.032227,-0.075624
0.077434,-0.034149,-0.077620
0.078337,-0.032463,-0.076441
0.079801,-0.033946,-0.076692
0.080860,-0.033300,-0.076384
0.082460,-0.031546,-0.076712
0.083814,-0.033692,-0.078181
0.085428,-0.033380,-0.078408
0.086837,-0.033770,-0.079559
0.089342,-0.032986,-0.078487
0.090181,-0.032086,-0.079203
0.090896,-0.032301,-0.080191
0.093061,-0.033643,-0.080891
0.093508,-0.032986,-0.082229
0.095094,-0.033509,-0.083207
0.098976,-0.033734,-0.082277
0.098937,-0.033944,-0.084405
0.099395,-0.035229,-0.083051
0.100771,-0.033840,-0.084635
0.100701,-0.033801,-0.084742
0.104326,-0.033161,-0.084759
0.103707,-0.036161,-0.086184
0.103490,-0.032259,-0.085329
0.107194,-0.033664,-0.087366
0.107858,-0.034912,-0.086239
0.110743,-0.035837,-0.087094
0.111270,-0.032026,-0.087465
0.112877,-0.033195,-0.087818
0.114068,-0.033986,-0.087966
0.116037,-0.033770,-0.087872
0.117749,-0.033976,-0.090233
0.117458,-0.031791,-0.090392
0.120163,-0.033892,-0.090425
0.121618,-0.033016,-0.090094
0.121727,-0.032530,-0.089744
0.125330,-0.033942,-0.090726
0.125754,-0.035227,-0.091214
0.128143,-0.034291,-0.093086
0.127573,-0.034773,-0.091146
0.130474,-0.034430,-0.091154
0.132186,-0.032069,-0.092403
0.133102,-0.034054,-0.093167
0.134075,-0.034563,-0.094458
0.134713,-0.035435,-0.093896
0.135938,-0.033310,-0.095179
0.137454,-0.033903,-0.094582
0.139396,-0.033129,-0.096038
0.142566,-0.036381,-0.097118
0.142463,-0.032608,-0.094817
0.142086,-0.032070,-0.099485
0.144296,-0.034035,-0.098935
0.146099,-0.033532,-0.099721
0.147133,-0.032493,-0.102002
0.150687,-0.033153,-0.100428
0.149220,-0.033654,-0.102754
0.151963,-0.031931,-0.104710
0.154530,-0.032339,-0.105099
0.154379,-0.032567,-0.105046
0.154527,-0.033404,-0.106067
0.156489,-0.032862,-0.108146
0.158705,-0.031605,-0.109457
0.161616,-0.033920,-0.112053
0.162244,-0.033722,-0.112677
0.163004,-0.032949,-0.116535
0.166197,-0.034844,-0.117201
0.165759,-0.033933,-0.118598
0.168823,-0.032764,-0.122304
0.168921,-0.032817,-0.126973
0.171252,-0.034361,-0.130146
0.172073,-0.032070,-0.135778
0.173865,-0.034430,-0.149787
-0.079941,-0.033121,-0.169609
-0.077870,-0.032490,-0.165491
-0.074708,-0.032669,-0.158017
-0.071611,-0.031340,-0.154062
-0.072243,-0.032777,-0.152288
-0.070597,-0.031330,-0.148958
-0.068319,-0.031488,-0.145727
-0.068244,-0.033405,-0.143352
-0.066821,-0.032584,-0.143131
-0.065307,-0.032801,-0.141421
-0.064187,-0.031470,-0.139009
-0.061069,-0.031224,-0.137410
-0.059301,-0.031805,-0.137512
-0.060508,-0.032872,-0.135305
-0.057525,-0.031416,-0.134135
-0.054364,-0.031757,-0.133888
-0.054137,-0.031712,-0.129258
-0.053794,-0.031645,-0.129464
-0.051993,-0.033149,-0.128848
-0.050050,-0.032418,-0.127344
-0.049580,-0.033099,-0.129641
-0.046041,-0.033332,-0.125887
-0.045054,-0.031652,-0.124924
-0.045078,-0.033517,-0.122623
-0.042163,-0.031634,-0.122005
-0.042567,-0.032878,-0.121757
-0.040341,-0.030987,-0.121187
-0.037545,-0.032833,-0.119059
-0.038421,-0.029950,-0.118569
-0.035911,-0.032854,-0.116158
-0.032953,-0.031222,-0.115828
-0.033714,-0.031849,-0.115589
-0.031248,-0.032242,-0.112245
-0.030899,-0.031622,-0.114196
-0.027664,-0.034261,-0.110041
-0.026569,-0.033833,-0.109871
-0.025117,-0.031682,-0.110139
-0.023439,-0.031777,-0.106806
-0.022257,-0.031400,-0.107131
-0.019746,-0.031647,-0.103379
-0.021818,-0.034018,-0.103361
-0.020268,-0.030745,-0.102481
-0.017205,-0.030658,-0.102082
-0.015526,-0.032055,-0.098341
-0.015154,-0.032361,-0.098975
-0.010958,-0.031185,-0.098033
-0.012536,-0.030456,-0.097406
-0.009904,-0.032272,-0.097226
-0.008526,-0.031456,-0.094691
-0.008005,-0.031744,-0.093175
-0.005716,-0.029768,-0.092625
-0.005212,-0.032948,-0.090286
-0.002504,-0.032008,-0.090838
-0.002434,-0.033141,-0.089906
-0.000579,-0.033243,-0.089446
0.002537,-0.032950,-0.089140
0.003295,-0.032442,-0.087918
0.003880,-0.033257,-0.087439
0.005941,-0.029873,-0.085827
0.007091,-0.032408,-0.086049
0.009533,-0.032225,-0.086578
0.008523,-0.031860,-0.084535
0.011928,-0.030379,-0.086353
0.010568,-0.032878,-0.085512
0.013541,-0.030278,-0.085554
0.014798,-0.031786,-0.083294
0.013714,-0.031166,-0.084637
0.017572,-0.030257,-0.084206
0.018550,-0.034112,-0.083641
0.018249,-0.030981,-0.082944
0.022377,-0.031780,-0.082862
0.020985,-0.030975,-0.083886
0.024007,-0.033026,-0.084466
0.023978,-0.032197,-0.082375
0.028958,-0.032535,-0.082202
0.029651,-0.030372,-0.081542
0.030938,-0.031324,-0.082882
0.030648,-0.031959,-0.081514
0.031663,-0.032642,-0.082180
0.032492,-0.032778,-0.081976
0.034422,-0.032039,-0.081906
0.035630,-0.031612,-0.082366
0.037364,-0.031302,-0.081326
0.038747,-0.032130,-0.080772
0.039458,-0.032528,-0.079284
0.041339,-0.031134,-0.077680
0.042916,-0.031555,-0.079464
0.044405,-0.034036,-0.078070
0.046190,-0.032097,-0.078082
0.045596,-0.032187,-0.077713
0.048302,-0.033054,-0.076759
0.049076,-0.032333,-0.076043
0.051997,-0.031955,-0.077885
0.052710,-0.033260,-0.074971
0.054310,-0.032898,-0.076300
0.056212,-0.032104,-0.075627
0.058240,-0.031602,-0.076387
0.057958,-0.030361,-0.075763
0.059496,-0.032783,-0.075786
0.060364,-0.033476,-0.075111
0.063517,-0.031985,-0.075342
0.065186,-0.032115,-0.075696
0.065031,-0.032141,-0.076363
0.064768,-0.032175,-0.075314
0.068074,-0.033046,-0.075114
0.069933,-0.033355,-0.076179
0.069766,-0.029420,-0.074744
0.073271,-0.031028,-0.074706
0.073041,-0.033529,-0.076619
0.074549,-0.032183,-0.076596
0.075966,-0.034182,-0.077332
0.077412,-0.032793,-0.075147
0.078613,-0.033322,-0.076793
0.078762,-0.031831,-0.077953
0.081928,-0.032284,-0.076428
0.081312,-0.032303,-0.078358
0.086538,-0.031492,-0.079439
0.086116,-0.031727,-0.076406
0.086233,-0.031501,-0.078094
0.089197,-0.032822,-0.078975
0.089846,-0.030683,-0.078913
0.090011,-0.033653,-0.079754
0.093473,-0.033272,-0.083602
0.094063,-0.032968,-0.081667
0.096376,-0.031565,-0.083145
0.096751,-0.030242,-0.081674
0.096794,-0.031080,-0.084838
0.100833,-0.033064,-0.083644
0.100284,-0.031363,-0.084820
0.102713,-0.032662,-0.084476
0.100793,-0.032582,-0.085491
0.104287,-0.033452,-0.086864
0.107445,-0.030273,-0.087083
0.107590,-0.031859,-0.086251
0.108707,-0.031952,-0.087073
0.108632,-0.032117,-0.089243
0.112196,-0.032309,-0.089006
0.112781,-0.031333,-0.088905
0.115385,-0.031686,-0.088885
0.114422,-0.031224,-0.088796
0.116543,-0.032823,-0.090694
0.118863,-0.032648,-0.090250
0.121868,-0.030395,-0.089981
0.122062,-0.032219,-0.092123
0.124965,-0.032694,-0.091296
0.126277,-0.032021,-0.091215
0.123531,-0.031755,-0.090719
0.127217,-0.033099,-0.091646
0.127700,-0.032743,-0.092968
0.130303,-0.030062,-0.092141
0.131112,-0.031563,-0.094598
0.131440,-0.032935,-0.091918
0.133777,-0.031809,-0.096012
0.135656,-0.032636,-0.095669
0.136766,-0.033529,-0.096503
0.138810,-0.030557,-0.096329
0.138212,-0.030341,-0.097423
0.140257,-0.031688,-0.098021
0.140587,-0.032680,-0.097879
0.145549,-0.033323,-0.097667
0.145556,-0.031836,-0.097825
0.146208,-0.032151,-0.099824
0.149026,-0.031369,-0.101255
0.149512,-0.031002,-0.102144
0.151232,-0.034392,-0.102427
0.152617,-0.032127,-0.103094
0.153189,-0.032359,-0.106182
0.153908,-0.033347,-0.105761
0.155642,-0.030279,-0.108087
0.156943,-0.032401,-0.108908
0.158916,-0.031629,-0.110878
0.161416,-0.033403,-0.112089
0.159235,-0.030783,-0.115804
0.164285,-0.031473,-0.117798
0.164791,-0.031691,-0.118007
0.166762,-0.032712,-0.120139
0.168781,-0.032266,-0.121908
0.169428,-0.033748,-0.126879
0.170420,-0.032508,-0.133143
0.173139,-0.032075,-0.139696
-0.076936,-0.029337,-0.168098
-0.075528,-0.029243,-0.160543
-0.074944,-0.030455,-0.156070
-0.073057,-0.031857,-0.152984
-0.070907,-0.030731,-0.149626
-0.066553,-0.029625,-0.148006
-0.067385,-0.031323,-0.144732
-0.066675,-0.031965,-0.143477
-0.065462,-0.031653,-0.142283
-0.063967,-0.029262,-0.138733
-0.060590,-0.030689,-0.137160
-0.059027,-0.031565,-0.137209
-0.059631,-0.031247,-0.134314
-0.056743,-0.031933,-0.133159
-0.056073,-0.029154,-0.133096
-0.056675,-0.030477,-0.132447
-0.053273,-0.031761,-0.129698
-0.051003,-0.031921,-0.129992
-0.049712,-0.030500,-0.127609
-0.048873,-0.030153,-0.127602
-0.046862,-0.030317,-0.126096
-0.046523,-0.029587,-0.125357
-0.043643,-0.030287,-0.124379
-0.044459,-0.030290,-0.124797
-0.040349,-0.029583,-0.122862
-0.041053,-0.029885,-0.120362
-0.037547,-0.031348,-0.117917
-0.037518,-0.031721,-0.118073
-0.035280,-0.030361,-0.117983
-0.033099,-0.030276,-0.114925
-0.034041,-0.031950,-0.115631
-0.033759,-0.029514,-0.114040
-0.028416,-0.029140,-0.112152
-0.029434,-0.029682,-0.112412
-0.027610,-0.030936,-0.111364
-0.026647,-0.030747,-0.110890
-0.024644,-0.028958,-0.109854
-0.021516,-0.029386,-0.105970
-0.021926,-0.029376,-0.105843
-0.020356,-0.030135,-0.102404
-0.017970,-0.030193,-0.104155
-0.018540,-0.031516,-0.102701
-0.015807,-0.030034,-0.098670
-0.014385,-0.030232,-0.101296
-0.013080,-0.030681,-0.096617
-0.011880,-0.030066,-0.096624
-0.010482,-0.030893,-0.096282
-0.007821,-0.031820,-0.096018
-0.006626,-0.029907,-0.091910
-0.007900,-0.029475,-0.094401
-0.005371,-0.028804,-0.090655
-0.003167,-0.030873,-0.090672
-0.002439,-0.030896,-0.091179
-0.000461,-0.030518,-0.089983
-0.000737,-0.030257,-0.088427
0.000663,-0.030403,-0.088508
0.002894,-0.029164,-0.085692
0.004601,-0.030315,-0.087787
0.008026,-0.028093,-0.085344
0.010356,-0.029673,-0.085235
0.008702,-0.030513,-0.085263
0.009872,-0.031036,-0.085356
0.009920,-0.031713,-0.085527
0.013131,-0.030265,-0.084675
0.013452,-0.030242,-0.084762
0.015608,-0.029760,-0.085621
0.015330,-0.029377,-0.082151
0.019217,-0.029584,-0.083422
0.019824,-0.031224,-0.083897
0.022606,-0.030945,-0.082669
0.023019,-0.032120,-0.081173
0.024603,-0.029485,-0.083580
0.024209,-0.029214,-0.081558
0.027181,-0.028841,-0.085025
0.028548,-0.030530,-0.082952
0.028089,-0.030963,-0.084041
0.032205,-0.029530,-0.082503
0.033593,-0.028277,-0.084699
0.032673,-0.029609,-0.082130
0.035948,-0.031958,-0.081986
0.036562,-0.030364,-0.081288
0.037471,-0.029881,-0.082342
0.038377,-0.031426,-0.081844
0.041611,-0.031045,-0.081099
0.041814,-0.028332,-0.080468
0.044758,-0.029725,-0.078890
0.045037,-0.027929,-0.077241
0.045856,-0.029120,-0.076947
0.048485,-0.030876,-0.079629
0.049656,-0.030201,-0.077278
0.050897,-0.031196,-0.077569
0.048574,-0.031370,-0.076543
0.052036,-0.030887,-0.076367
0.054132,-0.030825,-0.077017
0.055825,-0.031846,-0.076329
0.057566,-0.030821,-0.076840
0.058857,-0.030559,-0.075651
0.057933,-0.029284,-0.075627
0.061457,-0.030314,-0.075612
0.063126,-0.030592,-0.076588
0.064705,-0.031514,-0.075783
0.064776,-0.030396,-0.075123
0.066353,-0.030765,-0.075935
0.067697,-0.030538,-0.075936
0.068065,-0.029251,-0.076666
0.071881,-0.030994,-0.077431
0.071737,-0.031033,-0.076276
0.073251,-0.030009,-0.073742
0.075186,-0.031785,-0.074913
0.075580,-0.029886,-0.077939
0.076348,-0.030364,-0.076703
0.079642,-0.029332,-0.076972
0.080261,-0.029428,-0.076592
0.080093,-0.028180,-0.076486
0.082505,-0.030870,-0.077047
0.084071,-0.030255,-0.079602
0.084969,-0.030422,-0.078281
0.088254,-0.031953,-0.078338
0.088932,-0.032173,-0.080424
0.088736,-0.030411,-0.081303
0.090557,-0.031274,-0.079222
0.091902,-0.032446,-0.081511
0.093853,-0.030131,-0.082480
0.092962,-0.029237,-0.082018
0.096863,-0.031212,-0.082934
0.098699,-0.030817,-0.082253
0.099918,-0.029730,-0.082790
0.101717,-0.031817,-0.083986
0.101970,-0.028313,-0.084268
0.101577,-0.030697,-0.087220
0.104917,-0.030314,-0.087406
0.105687,-0.030963,-0.086842
0.107638,-0.030579,-0.087411
0.109833,-0.031458,-0.088033
0.107708,-0.029137,-0.085819
0.112192,-0.030557,-0.088343
0.112261,-0.029292,-0.087664
0.116216,-0.029858,-0.088070
0.116621,-0.030941,-0.090140
0.116292,-0.031276,-0.089143
0.118206,-0.028567,-0.090846
0.120414,-0.029681,-0.091429
0.118689,-0.029791,-0.091925
0.121415,-0.029997,-0.090218
0.123687,-0.031302,-0.092515
0.125832,-0.030773,-0.093069
0.126251,-0.031258,-0.093037
0.127124,-0.031388,-0.095373
0.127835,-0.029342,-0.093658
0.130778,-0.031707,-0.094175
0.132461,-0.030375,-0.093130
0.133724,-0.029966,-0.096525
0.135932,-0.029034,-0.094782
0.136927,-0.029802,-0.096029
0.139003,-0.030344,-0.096889
0.139024,-0.030962,-0.095318
0.141764,-0.029821,-0.097332
0.142758,-0.028929,-0.098333
0.144009,-0.031316,-0.099851
0.145960,-0.032097,-0.099575
0.145559,-0.030162,-0.100972
0.150554,-0.032453,-0.102498
0.149625,-0.029624,-0.103749
0.150002,-0.030287,-0.102801
0.151654,-0.029339,-0.105584
0.152016,-0.031948,-0.106052
0.155127,-0.029376,-0.106223
0.156390,-0.030333,-0.107830
0.158318,-0.029221,-0.108535
0.158193,-0.031112,-0.110916
0.160636,-0.030023,-0.115046
0.162253,-0.031041,-0.114764
0.163106,-0.029117,-0.116023
0.162825,-0.030207,-0.120833
0.165993,-0.030066,-0.122112
0.166936,-0.032246,-0.125057
0.169834,-0.031637,-0.128319
0.171410,-0.028960,-0.135039
0.173735,-0.031766,-0.139467
-0.077390,-0.030016,-0.173320
-0.076007,-0.028051,-0.164402
-0.072651,-0.028339,-0.158177
-0.072089,-0.029612,-0.154609
-0.069657,-0.028186,-0.151114
-0.068259,-0.030651,-0.149120
-0.067344,-0.030041,-0.147596
-0.066158,-0.027964,-0.145460
-0.065450,-0.028998,-0.140885
-0.062380,-0.028589,-0.141017
-0.062415,-0.028518,-0.138007
-0.061278,-0.028949,-0.138187
-0.061600,-0.030573,-0.137844
-0.056244,-0.026046,-0.137030
-0.055993,-0.030544,-0.134164
-0.053787,-0.028301,-0.131877
-0.052873,-0.030862,-0.131191
-0.051273,-0.027385,-0.129229
-0.050927,-0.028041,-0.130283
-0.049181,-0.028434,-0.128170
-0.048397,-0.029167,-0.127831
-0.045960,-0.029519,-0.124336
-0.043247,-0.030331,-0.122852
-0.041763,-0.029100,-0.124402
-0.040452,-0.030542,-0.122383
-0.039898,-0.028935,-0.122498
-0.038224,-0.030854,-0.119955
-0.036908,-0.028270,-0.119333
-0.036325,-0.027215,-0.118519
-0.034560,-0.027215,-0.117752
-0.033383,-0.029485,-0.113818
-0.031402,-0.030570,-0.114343
-0.030464,-0.028894,-0.114981
-0.030021,-0.028862,-0.112542
-0.027252,-0.028986,-0.110117
-0.027273,-0.029657,-0.109666
-0.024652,-0.027687,-0.109400
-0.024176,-0.027902,-0.106689
-0.021637,-0.027524,-0.104372
-0.020769,-0.027612,-0.104604
-0.020390,-0.028738,-0.104587
-0.018025,-0.028892,-0.100946
-0.015004,-0.028081,-0.099714
-0.014980,-0.029119,-0.099472
-0.014809,-0.028648,-0.097305
-0.010986,-0.029277,-0.096533
-0.011683,-0.028517,-0.095582
-0.009743,-0.028599,-0.096736
-0.008697,-0.029054,-0.092915
-0.006325,-0.027715,-0.094519
-0.004721,-0.028043,-0.091831
-0.005356,-0.026753,-0.090688
-0.002552,-0.028472,-0.090037
-0.000303,-0.028704,-0.089769
0.000928,-0.030292,-0.089510
0.003213,-0.029228,-0.089393
0.003527,-0.028918,-0.087837
0.004564,-0.028070,-0.088980
0.006790,-0.029157,-0.089048
0.009470,-0.029842,-0.086439
0.010351,-0.029980,-0.086012
0.010153,-0.029443,-0.084921
0.011736,-0.028720,-0.086813
0.013534,-0.029863,-0.085976
0.014246,-0.028565,-0.086321
0.017966,-0.028389,-0.084703
0.018568,-0.028271,-0.084460
0.020137,-0.027333,-0.084129
0.018914,-0.030850,-0.083878
0.020744,-0.027424,-0.083961
0.022384,-0.029603,-0.083821
0.024358,-0.029352,-0.083531
0.025435,-0.030076,-0.083146
0.025802,-0.028728,-0.081346
0.027964,-0.028470,-0.083717
0.028673,-0.028792,-0.082719
0.030455,-0.029286,-0.081301
0.033281,-0.028500,-0.081442
0.033354,-0.027753,-0.083111
0.035323,-0.028884,-0.084213
0.034779,-0.029957,-0.084100
0.037371,-0.028934,-0.082229
0.037960,-0.028005,-0.081394
0.040853,-0.029924,-0.082707
0.042785,-0.030857,-0.080546
0.044375,-0.029681,-0.080309
0.045710,-0.029217,-0.080758
0.044866,-0.028788,-0.078226
0.045220,-0.028254,-0.077610
0.049078,-0.029207,-0.078735
0.049698,-0.028282,-0.079204
0.050785,-0.027540,-0.079216
0.050908,-0.029731,-0.076177
0.052871,-0.029758,-0.075617
0.054886,-0.029702,-0.076459
0.058288,-0.029890,-0.076686
0.059695,-0.028010,-0.073542
0.060072,-0.030431,-0.075886
0.062931,-0.030168,-0.074067
0.061047,-0.028541,-0.074888
0.062923,-0.028609,-0.075681
0.065189,-0.027815,-0.074943
0.066146,-0.030076,-0.078202
0.067461,-0.027730,-0.076641
0.067999,-0.027537,-0.076609
0.069803,-0.028041,-0.077209
0.071670,-0.028933,-0.075736
0.072152,-0.028999,-0.075817
0.074211,-0.028500,-0.076365
0.074164,-0.028459,-0.075899
0.078218,-0.028243,-0.077827
0.079031,-0.029222,-0.077095
0.078856,-0.027469,-0.077896
0.081544,-0.028367,-0.077187
0.084192,-0.029023,-0.078703
0.084134,-0.028411,-0.077906
0.086965,-0.028638,-0.079798
0.085432,-0.029424,-0.079864
0.090167,-0.029182,-0.078407
0.087913,-0.029553,-0.081618
0.094045,-0.029834,-0.080471
0.092592,-0.028922,-0.081977
0.091373,-0.029139,-0.082869
0.095592,-0.028616,-0.082529
0.095284,-0.029065,-0.082782
0.097193,-0.028785,-0.083327
0.097794,-0.028773,-0.083671
0.100360,-0.028916,-0.085278
0.103851,-0.028540,-0.084227
0.101861,-0.030033,-0.086219
0.104713,-0.027407,-0.087960
0.105027,-0.027126,-0.085527
0.107002,-0.028853,-0.087965
0.109539,-0.029669,-0.086834
0.109099,-0.026332,-0.089155
0.111068,-0.028763,-0.086834
0.111884,-0.027816,-0.088714
0.112182,-0.028508,-0.089239
0.113860,-0.028506,-0.089227
0.117345,-0.029990,-0.091506
0.117399,-0.027654,-0.090779
0.120469,-0.030738,-0.090759
0.120742,-0.028626,-0.091216
0.123232,-0.030512,-0.092626
0.123888,-0.027829,-0.093076
0.124101,-0.028387,-0.092066
0.126416,-0.030520,-0.091582
0.127446,-0.029572,-0.094086
0.128962,-0.030292,-0.094099
0.131747,-0.027185,-0.093380
0.133616,-0.029483,-0.094119
0.135247,-0.030170,-0.095472
0.134675,-0.028363,-0.096360
0.138206,-0.028301,-0.096063
0.137942,-0.027968,-0.097191
0.139930,-0.028517,-0.096944
0.140704,-0.027735,-0.098883
0.143685,-0.030243,-0.099542
0.143849,-0.029748,-0.101490
0.145568,-0.028789,-0.099920
0.146731,-0.029083,-0.101060
0.147948,-0.029312,-0.103430
0.148437,-0.026664,-0.103259
0.151553,-0.027487,-0.104878
0.152849,-0.028574,-0.105133
0.150940,-0.028636,-0.106695
0.153521,-0.027752,-0.108253
0.154421,-0.027708,-0.109286
0.158427,-0.029358,-0.111337
0.160714,-0.028158,-0.110742
0.161810,-0.027569,-0.112344
0.161639,-0.031482,-0.115754
0.165367,-0.029050,-0.118560
0.164949,-0.029231,-0.121466
0.165551,-0.029987,-0.122747
0.168955,-0.027581,-0.125510
0.171214,-0.028488,-0.130685
0.171935,-0.028764,-0.135552
0.173007,-0.028572,-0.144702
-0.075771,-0.027393,-0.168842
-0.073877,-0.025674,-0.161144
-0.072469,-0.028432,-0.156378
-0.069803,-0.027918,-0.153997
-0.069268,-0.026817,-0.149125
-0.065454,-0.027905,-0.148291
-0.065474,-0.026392,-0.144997
-0.064699,-0.025512,-0.143357
-0.063028,-0.027843,-0.141578
-0.060417,-0.026381,-0.140716
-0.061244,-0.026984,-0.138101
-0.056817,-0.026828,-0.137310
-0.057847,-0.025513,-0.135726
-0.054889,-0.026906,-0.133467
-0.055309,-0.026590,-0.133996
-0.053042,-0.026616,-0.132786
-0.051302,-0.026832,-0.131432
-0.048651,-0.026630,-0.128791
-0.048857,-0.029070,-0.128118
-0.048100,-0.028156,-0.126735
-0.045602,-0.029368,-0.124112
-0.043751,-0.027388,-0.126155
-0.042969,-0.028409,-0.124033
-0.042660,-0.027856,-0.124782
-0.040085,-0.027641,-0.120098
-0.037412,-0.025459,-0.121527
-0.037236,-0.025730,-0.121142
-0.038127,-0.027296,-0.120485
-0.036367,-0.027398,-0.118269
-0.031479,-0.028355,-0.115451
-0.030715,-0.028145,-0.115212
-0.029764,-0.027714,-0.115280
-0.028908,-0.027460,-0.112694
-0.026759,-0.025351,-0.112071
-0.027596,-0.025656,-0.110673
-0.025016,-0.027827,-0.108964
-0.023114,-0.028479,-0.107506
-0.023216,-0.026980,-0.104658
-0.020650,-0.027917,-0.104960
-0.017699,-0.025764,-0.101981
-0.018817,-0.027148,-0.102355
-0.017424,-0.026754,-0.098773
-0.015644,-0.025475,-0.099928
-0.013031,-0.029139,-0.099167
-0.011356,-0.027987,-0.095971
-0.011683,-0.028552,-0.096875
-0.009073,-0.026187,-0.096178
-0.006979,-0.026942,-0.095240
-0.006462,-0.028566,-0.095223
-0.004061,-0.026313,-0.093415
-0.003020,-0.025954,-0.090364
-0.004037,-0.028473,-0.090860
-0.000863,-0.026996,-0.090286
0.000234,-0.026331,-0.091274
0.003147,-0.027497,-0.089065
0.003155,-0.026105,-0.087779
0.002792,-0.027432,-0.086925
0.007503,-0.027894,-0.085336
0.007422,-0.028377,-0.085967
0.010531,-0.027274,-0.086847
0.009756,-0.027058,-0.085074
0.011791,-0.027925,-0.086008
0.014020,-0.026502,-0.085136
0.013640,-0.027778,-0.085386
0.018297,-0.027086,-0.084299
0.018834,-0.027443,-0.085766
0.018666,-0.027495,-0.085276
0.020483,-0.027648,-0.084930
0.021099,-0.027827,-0.082932
0.021619,-0.026233,-0.083444
0.023553,-0.027478,-0.084606
0.024330,-0.027745,-0.084247
0.025968,-0.025498,-0.083491
0.028503,-0.028080,-0.083260
0.030040,-0.027781,-0.084540
0.033264,-0.027403,-0.083682
0.031477,-0.027481,-0.084466
0.034136,-0.026320,-0.082779
0.035845,-0.028807,-0.084014
0.035989,-0.026949,-0.083490
0.035948,-0.027841,-0.082962
0.040361,-0.026634,-0.083267
0.040459,-0.026932,-0.081593
0.040311,-0.028407,-0.079680
0.042209,-0.026568,-0.080333
0.043215,-0.027897,-0.080218
0.047642,-0.024662,-0.080191
0.047591,-0.029491,-0.077813
0.049532,-0.025404,-0.078977
0.049684,-0.026603,-0.077823
0.048671,-0.029167,-0.077792
0.052353,-0.027289,-0.078610
0.053771,-0.027298,-0.078604
0.056746,-0.026478,-0.076338
0.055884,-0.028198,-0.077829
0.056952,-0.027436,-0.078570
0.059473,-0.026317,-0.074868
0.060735,-0.026901,-0.075377
0.063389,-0.026766,-0.075258
0.063782,-0.028400,-0.077206
0.066104,-0.027479,-0.075991
0.066182,-0.028603,-0.075853
0.069646,-0.026582,-0.075836
0.069710,-0.025398,-0.075651
0.069778,-0.027495,-0.078729
0.070419,-0.026536,-0.075561
0.070148,-0.027177,-0.075127
0.073928,-0.027345,-0.075799
0.075011,-0.027046,-0.078406
0.077925,-0.027001,-0.076851
0.078065,-0.026931,-0.076031
0.080965,-0.024226,-0.076392
0.081970,-0.025909,-0.079578
0.084560,-0.027898,-0.078037
0.084304,-0.026598,-0.079595
0.084864,-0.028246,-0.079565
0.086291,-0.026967,-0.078577
0.088250,-0.026924,-0.081225
0.089014,-0.025949,-0.080852
0.091951,-0.026936,-0.080123
0.093006,-0.027267,-0.082359
0.094578,-0.029239,-0.081778
0.097312,-0.024530,-0.082676
0.094730,-0.028032,-0.082794
0.096266,-0.027871,-0.083535
0.099602,-0.025316,-0.084429
0.101170,-0.028591,-0.084926
0.103507,-0.027055,-0.085083
0.103518,-0.027081,-0.085388
0.105939,-0.027237,-0.087918
0.105035,-0.027731,-0.087250
0.107898,-0.027091,-0.086894
0.107138,-0.025909,-0.087837
0.110058,-0.027465,-0.088052
0.111770,-0.027743,-0.088365
0.114219,-0.026566,-0.090023
0.114390,-0.028588,-0.088793
0.116492,-0.025365,-0.090515
0.116321,-0.027644,-0.089974
0.117171,-0.026289,-0.090828
0.119464,-0.028311,-0.092628
0.121248,-0.027185,-0.091479
0.122946,-0.028937,-0.092363
0.123958,-0.027092,-0.092665
0.126753,-0.027409,-0.092402
0.126749,-0.025728,-0.091604
0.129437,-0.025496,-0.094338
0.128954,-0.025551,-0.094284
0.130694,-0.028584,-0.094721
0.133840,-0.027102,-0.094451
0.133594,-0.027919,-0.094830
0.135658,-0.027477,-0.095923
0.137488,-0.028433,-0.096809
0.137458,-0.027313,-0.097826
0.137531,-0.027641,-0.098065
0.139485,-0.028000,-0.098145
0.142640,-0.027175,-0.101670
0.145575,-0.026072,-0.100533
0.147472,-0.027081,-0.099057
0.146373,-0.028054,-0.099240
0.147180,-0.030145,-0.103321
0.148151,-0.026201,-0.104033
0.151044,-0.026294,-0.106356
0.152707,-0.027993,-0.105847
0.153240,-0.026297,-0.109590
0.154079,-0.026271,-0.108028
0.156332,-0.027437,-0.109317
0.158334,-0.028136,-0.111010
0.159004,-0.027034,-0.113558
0.160188,-0.027352,-0.114850
0.163271,-0.027812,-0.115634
0.163014,-0.026646,-0.120136
0.165758,-0.028399,-0.121109
0.165208,-0.027788,-0.123170
0.168517,-0.027303,-0.125549
0.171543,-0.029124,-0.131593
0.169698,-0.026874,-0.135651
0.172928,-0.027082,-0.147611
-0.074875,-0.024493,-0.173103
-0.074127,-0.025967,-0.165565
-0.072032,-0.026616,-0.158146
-0.072346,-0.024583,-0.154344
-0.067543,-0.028369,-0.152242
-0.070073,-0.025146,-0.150576
-0.065760,-0.026147,-0.146103
-0.064588,-0.025507,-0.146070
-0.061570,-0.026102,-0.142746
-0.061147,-0.024501,-0.139875
-0.058952,-0.025857,-0.138974
-0.059647,-0.024852,-0.136904
-0.058293,-0.026130,-0.137079
-0.055405,-0.023871,-0.136128
-0.056191,-0.024685,-0.134223
-0.053830,-0.025116,-0.133040
-0.053490,-0.024893,-0.130994
-0.050168,-0.025944,-0.130894
-0.048788,-0.026314,-0.130026
-0.046088,-0.026483,-0.127184
-0.044767,-0.025629,-0.125146
-0.043371,-0.025440,-0.125423
-0.041727,-0.025560,-0.125745
-0.042314,-0.024621,-0.123685
-0.039613,-0.025567,-0.123206
-0.038405,-0.025256,-0.121922
-0.036084,-0.025918,-0.120999
-0.037163,-0.025592,-0.120819
-0.035210,-0.026672,-0.118628
-0.034691,-0.026444,-0.116567
-0.032548,-0.026879,-0.115130
-0.028078,-0.023257,-0.113899
-0.028611,-0.024846,-0.114459
-0.026244,-0.026092,-0.110634
-0.025307,-0.024506,-0.112219
-0.023439,-0.026556,-0.110047
-0.021745,-0.026688,-0.108798
-0.021306,-0.025871,-0.106251
-0.018376,-0.025858,-0.107517
-0.020451,-0.025320,-0.103271
-0.017649,-0.024839,-0.103468
-0.015735,-0.025914,-0.101254
-0.013681,-0.025372,-0.100577
-0.013069,-0.027148,-0.096376
-0.012138,-0.026527,-0.098888
-0.011852,-0.024861,-0.098908
-0.009244,-0.026295,-0.095824
-0.006982,-0.025574,-0.094161
-0.005733,-0.026138,-0.093902
-0.003758,-0.027008,-0.091560
-0.003743,-0.024945,-0.090848
-0.002154,-0.026983,-0.092945
-0.000858,-0.026911,-0.090795
-0.000349,-0.025259,-0.090300
0.001431,-0.024559,-0.089701
0.003280,-0.024899,-0.087915
0.003597,-0.024382,-0.088303
0.005967,-0.025093,-0.089291
0.007303,-0.025974,-0.087758
0.009399,-0.025726,-0.086147
0.008721,-0.025252,-0.083847
0.010747,-0.026634,-0.085420
0.013360,-0.027603,-0.085872
0.013361,-0.026678,-0.088393
0.016404,-0.025014,-0.084883
0.015074,-0.026297,-0.084971
0.017470,-0.025161,-0.085411
0.020548,-0.026350,-0.083421
0.021035,-0.024911,-0.082699
0.022607,-0.024415,-0.085628
0.023104,-0.025803,-0.083877
0.026324,-0.025209,-0.084986
0.027353,-0.025988,-0.084271
0.028998,-0.026191,-0.085213
0.030845,-0.024533,-0.084006
0.028992,-0.027061,-0.083133
0.031867,-0.025414,-0.085784
0.033758,-0.026504,-0.084501
0.035002,-0.026327,-0.083866
0.035645,-0.024973,-0.084078
0.037311,-0.024971,-0.083268
0.039688,-0.025261,-0.081617
0.040343,-0.025685,-0.080874
0.043625,-0.026051,-0.082311
0.042383,-0.025886,-0.081797
0.044987,-0.025174,-0.081528
0.047100,-0.024804,-0.079604
0.048918,-0.026483,-0.080029
0.046822,-0.025082,-0.078291
0.049070,-0.026430,-0.077802
0.052403,-0.026126,-0.079652
0.052599,-0.025951,-0.078276
0.055148,-0.026931,-0.076835
0.055429,-0.027030,-0.076402
0.057093,-0.026354,-0.077295
0.058023,-0.025319,-0.076991
0.060255,-0.026264,-0.076674
0.061852,-0.024072,-0.075420
0.063035,-0.025540,-0.076438
0.063090,-0.025482,-0.075100
0.067902,-0.026096,-0.077544
0.067114,-0.023722,-0.077047
0.066898,-0.025247,-0.076219
0.070517,-0.026082,-0.076435
0.071626,-0.026387,-0.076928
0.072017,-0.024183,-0.074322
0.074270,-0.025211,-0.078019
0.074472,-0.024602,-0.076361
0.075905,-0.024475,-0.078029
0.079226,-0.023952,-0.074621
0.077392,-0.026731,-0.079041
0.079479,-0.026193,-0.079369
0.080998,-0.024657,-0.079573
0.082770,-0.027087,-0.078635
0.084392,-0.025929,-0.080155
0.086097,-0.025250,-0.082085
0.087370,-0.027326,-0.079668
0.089494,-0.027224,-0.079120
0.089446,-0.024624,-0.078778
0.090558,-0.023092,-0.081323
0.091939,-0.026113,-0.083274
0.093585,-0.024085,-0.081637
0.095568,-0.027156,-0.082872
0.094866,-0.026201,-0.084385
0.098508,-0.026052,-0.082148
0.098712,-0.025897,-0.084558
0.099767,-0.024743,-0.083508
0.101168,-0.026131,-0.086593
0.103483,-0.025293,-0.086415
0.105122,-0.027774,-0.086082
0.107500,-0.026592,-0.086178
0.107728,-0.026906,-0.088624
0.106658,-0.026104,-0.088075
0.111714,-0.025615,-0.088387
0.112102,-0.027503,-0.088972
0.111621,-0.027547,-0.089908
0.113975,-0.025908,-0.089958
0.116844,-0.025641,-0.089900
0.116765,-0.025428,-0.090376
0.119184,-0.026428,-0.091902
0.118704,-0.026420,-0.091509
0.121818,-0.027175,-0.092673
0.124010,-0.026240,-0.090667
0.123842,-0.027386,-0.092289
0.125517,-0.026037,-0.092266
0.128208,-0.024143,-0.091777
0.129214,-0.025118,-0.095879
0.128877,-0.023722,-0.093220
0.132719,-0.024208,-0.094408
0.131078,-0.026950,-0.095897
0.135315,-0.026735,-0.095754
0.135043,-0.024071,-0.096694
0.138523,-0.026065,-0.095092
0.136756,-0.025491,-0.098126
0.140436,-0.025062,-0.099633
0.144197,-0.026480,-0.098887
0.142609,-0.026034,-0.099870
0.141778,-0.028022,-0.101453
0.144520,-0.025586,-0.102076
0.147355,-0.025595,-0.100694
0.146686,-0.025104,-0.102725
0.150435,-0.026215,-0.104293
0.151925,-0.026491,-0.105203
0.152523,-0.026036,-0.106156
0.153038,-0.026326,-0.108122
0.153707,-0.023337,-0.110046
0.156916,-0.025611,-0.111403
0.157760,-0.026518,-0.112696
0.159514,-0.025249,-0.113433
0.161346,-0.025432,-0.115360
0.161957,-0.024576,-0.118724
0.162588,-0.025844,-0.120219
0.165552,-0.023813,-0.121941
0.168241,-0.025560,-0.123405
0.167261,-0.023889,-0.127545
0.168892,-0.027800,-0.134771
0.170564,-0.024316,-0.139893
-0.074117,-0.022351,-0.168376
-0.073079,-0.022886,-0.163006
-0.071828,-0.022996,-0.157510
-0.068702,-0.024720,-0.153215
-0.068747,-0.023904,-0.153330
-0.066289,-0.024421,-0.148754
-0.063346,-0.023504,-0.146771
-0.063002,-0.024623,-0.145808
-0.062471,-0.024380,-0.144759
-0.062184,-0.022164,-0.141122
-0.057990,-0.024216,-0.138191
-0.057520,-0.024429,-0.137472
-0.057201,-0.022974,-0.135532
-0.054810,-0.025493,-0.135455
-0.053481,-0.025561,-0.133457
-0.051494,-0.023700,-0.130428
-0.049910,-0.025802,-0.130979
-0.050203,-0.024866,-0.130123
-0.048388,-0.023406,-0.130003
-0.044978,-0.023982,-0.129430
-0.044834,-0.024214,-0.126769
-0.042526,-0.023099,-0.123959
-0.041601,-0.024675,-0.125365
-0.041224,-0.025344,-0.123760
-0.037738,-0.024158,-0.122503
-0.037166,-0.024722,-0.121205
-0.035528,-0.024944,-0.120246
-0.032770,-0.025054,-0.118912
-0.034742,-0.023838,-0.116965
-0.031248,-0.022882,-0.117369
-0.029170,-0.024216,-0.116258
-0.026778,-0.024761,-0.113971
-0.026616,-0.023647,-0.111523
-0.024835,-0.023717,-0.110735
-0.027228,-0.024444,-0.112979
-0.022554,-0.024121,-0.109609
-0.023099,-0.025251,-0.108418
-0.020400,-0.024902,-0.106899
-0.017416,-0.027366,-0.104116
-0.016235,-0.023733,-0.103015
-0.015810,-0.022185,-0.099578
-0.013781,-0.024343,-0.100997
-0.013736,-0.024135,-0.099091
-0.010570,-0.023743,-0.097908
-0.010323,-0.023600,-0.095626
-0.008630,-0.023184,-0.095096
-0.006656,-0.022635,-0.093907
-0.007565,-0.024307,-0.095264
-0.005855,-0.021209,-0.092157
-0.002616,-0.024092,-0.092770
0.000739,-0.022506,-0.091445
-0.001400,-0.024333,-0.089312
0.000714,-0.024837,-0.092024
0.001002,-0.025828,-0.089097
0.004129,-0.023714,-0.088945
0.003527,-0.023755,-0.087879
0.007075,-0.025726,-0.088025
0.007133,-0.023876,-0.087387
0.008008,-0.024134,-0.086974
0.010291,-0.023130,-0.088029
0.011023,-0.023781,-0.087360
0.012767,-0.024799,-0.086419
0.014949,-0.024501,-0.086829
0.017261,-0.025050,-0.084880
0.017142,-0.023704,-0.087332
0.016973,-0.024950,-0.084686
0.020070,-0.023714,-0.082882
0.023036,-0.023994,-0.082938
0.023418,-0.024187,-0.085863
0.023979,-0.022996,-0.084508
0.024762,-0.023654,-0.085181
0.027862,-0.024245,-0.086384
0.027825,-0.023236,-0.085388
0.030153,-0.025352,-0.085301
0.031613,-0.023348,-0.085175
0.032399,-0.024335,-0.084712
0.033810,-0.023169,-0.084811
0.036095,-0.022461,-0.084432
0.035642,-0.024821,-0.083468
0.037322,-0.023151,-0.084185
0.039428,-0.023917,-0.084753
0.039860,-0.024543,-0.083483
0.040784,-0.023767,-0.082757
0.041462,-0.023300,-0.082581
0.043986,-0.023543,-0.082418
0.045499,-0.025811,-0.078100
0.047375,-0.023357,-0.081051
0.049426,-0.024121,-0.080119
0.049779,-0.025939,-0.078482
0.050613,-0.023709,-0.077968
0.052224,-0.023242,-0.078456
0.054956,-0.023807,-0.077125
0.056305,-0.022450,-0.077823
0.056370,-0.024303,-0.078542
0.057645,-0.023484,-0.077616
0.058602,-0.025455,-0.077466
0.061512,-0.022810,-0.077172
0.060627,-0.024614,-0.076133
0.062987,-0.024233,-0.077178
0.063737,-0.024738,-0.076934
0.068528,-0.022910,-0.077208
0.069450,-0.022284,-0.076673
0.069531,-0.023462,-0.075756
0.069208,-0.024919,-0.075969
0.071575,-0.024667,-0.077525
0.072549,-0.022786,-0.077283
0.074427,-0.024147,-0.074652
0.074889,-0.023262,-0.077662
0.077297,-0.023934,-0.077816
0.078230,-0.025124,-0.077989
0.080628,-0.023167,-0.077785
0.082632,-0.023703,-0.078179
0.081962,-0.023985,-0.079680
0.083146,-0.025555,-0.080820
0.084793,-0.024013,-0.079879
0.087234,-0.023677,-0.079449
0.086681,-0.023136,-0.080274
0.090521,-0.023767,-0.080968
0.090656,-0.026060,-0.080517
0.091669,-0.023916,-0.081051
0.094301,-0.023077,-0.082433
0.094496,-0.024667,-0.081352
0.097227,-0.024613,-0.083946
0.097631,-0.020774,-0.084225
0.097997,-0.024419,-0.084620
0.101837,-0.024269,-0.086418
0.102036,-0.021585,-0.086203
0.102798,-0.024963,-0.086851
0.104002,-0.024672,-0.085324
0.107188,-0.022746,-0.086765
0.106028,-0.024511,-0.088354
0.108880,-0.024532,-0.087425
0.111968,-0.023446,-0.089293
0.112040,-0.023701,-0.087682
0.113329,-0.023787,-0.090212
0.114094,-0.024107,-0.091019
0.116219,-0.024099,-0.090948
0.116549,-0.023204,-0.091734
0.117546,-0.024584,-0.091147
0.118908,-0.022663,-0.090709
0.121058,-0.022930,-0.092870
0.121591,-0.024369,-0.094846
0.124112,-0.025325,-0.091952
0.125133,-0.022083,-0.094571
0.126745,-0.025410,-0.095220
0.127462,-0.024332,-0.095012
0.128440,-0.023767,-0.094345
0.132141,-0.024204,-0.095610
0.132904,-0.025364,-0.095793
0.134839,-0.024699,-0.094883
0.135574,-0.024543,-0.095796
0.136399,-0.023069,-0.096759
0.138600,-0.025408,-0.097137
0.141816,-0.025111,-0.099373
0.141260,-0.021518,-0.099881
0.142489,-0.023529,-0.101554
0.144156,-0.024181,-0.100272
0.145456,-0.024583,-0.101145
0.145789,-0.023687,-0.102881
0.147832,-0.024560,-0.102640
0.149213,-0.024868,-0.105697
0.149824,-0.023435,-0.106310
0.152670,-0.023355,-0.106637
0.153600,-0.023170,-0.109968
0.154248,-0.024548,-0.111139
0.158092,-0.025054,-0.109839
0.158808,-0.022495,-0.111132
0.160732,-0.023076,-0.113468
0.160357,-0.024517,-0.116598
0.163598,-0.024087,-0.119057
0.163405,-0.025119,-0.119627
0.163832,-0.024580,-0.121046
0.165772,-0.024447,-0.125101
0.167923,-0.022306,-0.127568
0.169716,-0.025522,-0.135799
0.174456,-0.023193,-0.140004
-0.076514,-0.023294,-0.172753
-0.071575,-0.021091,-0.165952
-0.072926,-0.021533,-0.158402
-0.069905,-0.022567,-0.153092
-0.068234,-0.022320,-0.151829
-0.066985,-0.022217,-0.150906
-0.062629,-0.021808,-0.147409
-0.063311,-0.022387,-0.145683
-0.061765,-0.023257,-0.142029
-0.060288,-0.025166,-0.142794
-0.058104,-0.022404,-0.139269
-0.058838,-0.022086,-0.138095
-0.057162,-0.023163,-0.136611
-0.054685,-0.021748,-0.135396
-0.052172,-0.023311,-0.133640
-0.051005,-0.022206,-0.132663
-0.050448,-0.024713,-0.132834
-0.049331,-0.022045,-0.130909
-0.047493,-0.022109,-0.128782
-0.047352,-0.022454,-0.127604
-0.045442,-0.022188,-0.125707
-0.042298,-0.022031,-0.126424
-0.039908,-0.023379,-0.125117
-0.039100,-0.023568,-0.124849
-0.038730,-0.023046,-0.123562
-0.037711,-0.023233,-0.121947
-0.036821,-0.023759,-0.119950
-0.035036,-0.023011,-0.119697
-0.032568,-0.022709,-0.119154
-0.030421,-0.023681,-0.116380
-0.031300,-0.023636,-0.116919
-0.029629,-0.020944,-0.115537
-0.027395,-0.022100,-0.113507
-0.025983,-0.023299,-0.112016
-0.025817,-0.022331,-0.110929
-0.022683,-0.023264,-0.108558
-0.021327,-0.023676,-0.108829
-0.019714,-0.022278,-0.107730
-0.018890,-0.021087,-0.105254
-0.015150,-0.022438,-0.104003
-0.015673,-0.022460,-0.100599
-0.014841,-0.022332,-0.099475
-0.012859,-0.023568,-0.099723
-0.011599,-0.020656,-0.099796
-0.010382,-0.021644,-0.099181
-0.009149,-0.022924,-0.096814
-0.008461,-0.023425,-0.096533
-0.006728,-0.023330,-0.095142
-0.003799,-0.023596,-0.094399
-0.002573,-0.022433,-0.093202
-0.003988,-0.022043,-0.091536
-0.001418,-0.022887,-0.092323
0.000493,-0.023116,-0.090159
0.002890,-0.023724,-0.089325
0.002642,-0.022567,-0.090471
0.005662,-0.022790,-0.090232
0.005333,-0.022268,-0.088193
0.007399,-0.022004,-0.089203
0.010225,-0.023247,-0.086424
0.011118,-0.024441,-0.087613
0.009488,-0.022551,-0.088286
0.012915,-0.021525,-0.086328
0.015590,-0.023236,-0.085568
0.015004,-0.022950,-0.086546
0.017754,-0.023221,-0.086791
0.017807,-0.023999,-0.085853
0.019288,-0.025004,-0.085537
0.021543,-0.024431,-0.086462
0.022655,-0.021260,-0.083991
0.022778,-0.023705,-0.084211
0.026158,-0.023050,-0.084900
0.025470,-0.022532,-0.085032
0.028025,-0.021845,-0.085562
0.028641,-0.021718,-0.084028
0.029186,-0.023017,-0.086694
0.033379,-0.024240,-0.082569
0.034172,-0.022457,-0.085309
0.034982,-0.022514,-0.084258
0.036844,-0.023047,-0.084530
0.039248,-0.021320,-0.083749
0.041004,-0.022846,-0.081818
0.040731,-0.021909,-0.082683
0.041063,-0.021865,-0.083947
0.041884,-0.023650,-0.080911
0.044813,-0.022421,-0.080849
0.045177,-0.022336,-0.080340
0.047264,-0.022314,-0.080381
0.047566,-0.023747,-0.079394
0.050904,-0.022370,-0.079435
0.051974,-0.020926,-0.078689
0.054762,-0.023114,-0.078661
0.053093,-0.022035,-0.080008
0.054308,-0.023653,-0.078864
0.057252,-0.023173,-0.077033
0.058088,-0.022047,-0.077577
0.057747,-0.022834,-0.079662
0.059897,-0.022199,-0.076476
0.062958,-0.023848,-0.075007
0.063787,-0.021977,-0.076310
0.064099,-0.021785,-0.076674
0.066593,-0.021598,-0.077147
0.069115,-0.023517,-0.076397
0.069257,-0.023049,-0.076261
0.070350,-0.022136,-0.076761
0.070634,-0.021763,-0.077082
0.073251,-0.022147,-0.079085
0.073889,-0.024174,-0.078356
0.075321,-0.021824,-0.077924
0.078908,-0.022008,-0.076777
0.079892,-0.023133,-0.078583
0.080781,-0.021430,-0.079010
0.081154,-0.021962,-0.079706
0.082951,-0.021756,-0.078870
0.084567,-0.024411,-0.079648
0.085197,-0.022931,-0.080658
0.086673,-0.022834,-0.080553
0.088924,-0.022268,-0.080327
0.089031,-0.022561,-0.080634
0.092801,-0.023993,-0.080233
0.091336,-0.021786,-0.082818
0.095236,-0.022321,-0.080573
0.096759,-0.022752,-0.081136
0.095840,-0.023474,-0.083920
0.096844,-0.021818,-0.084295
0.099403,-0.022652,-0.083923
0.101267,-0.021867,-0.086400
0.100726,-0.023502,-0.084129
0.103570,-0.022755,-0.086413
0.104214,-0.021841,-0.087036
0.106074,-0.021431,-0.088375
0.107105,-0.022421,-0.087359
0.109054,-0.022388,-0.088853
0.109378,-0.022557,-0.089278
0.111187,-0.022567,-0.088902
0.113441,-0.023657,-0.090931
0.113532,-0.022291,-0.091280
0.114946,-0.023122,-0.090595
0.117091,-0.020673,-0.092468
0.118969,-0.021615,-0.092909
0.121033,-0.023395,-0.091992
0.123015,-0.022114,-0.093925
0.121159,-0.022782,-0.094827
0.124081,-0.022634,-0.094680
0.125629,-0.023564,-0.095026
0.128525,-0.022541,-0.091319
0.128276,-0.022844,-0.093959
0.128631,-0.022378,-0.096473
0.131557,-0.022463,-0.095216
0.132698,-0.024249,-0.095879
0.132574,-0.022583,-0.096192
0.135949,-0.023081,-0.097348
0.135282,-0.022769,-0.098959
0.138151,-0.021675,-0.098514
0.139331,-0.023026,-0.100684
0.141521,-0.021822,-0.099321
0.140671,-0.021974,-0.102091
0.144413,-0.022054,-0.103033
0.145536,-0.022191,-0.102018
0.146627,-0.021807,-0.103646
0.148258,-0.023052,-0.103638
0.148624,-0.023368,-0.105535
0.153539,-0.021689,-0.108987
0.150639,-0.021850,-0.108748
0.152216,-0.023111,-0.106480
0.155753,-0.022954,-0.113441
0.156133,-0.022600,-0.112625
0.157407,-0.022195,-0.115013
0.160236,-0.021260,-0.113623
0.160858,-0.024017,-0.116067
0.162089,-0.022643,-0.120540
0.164534,-0.024106,-0.124282
0.167118,-0.021345,-0.123972
0.166709,-0.021825,-0.124998
0.167898,-0.022027,-0.131559
0.171559,-0.022052,-0.136624
0.172289,-0.022392,-0.142291
-0.072297,-0.020339,-0.171328
-0.070763,-0.021578,-0.162651
-0.070182,-0.020251,-0.155632
-0.066472,-0.020594,-0.154389
-0.067165,-0.021202,-0.150340
-0.065129,-0.023346,-0.149127
-0.062897,-0.021112,-0.147876
-0.059918,-0.022908,-0.145846
-0.060301,-0.021681,-0.144041
-0.058239,-0.019973,-0.141753
-0.055108,-0.020413,-0.139555
-0.056421,-0.021249,-0.137765
-0.054498,-0.021950,-0.137461
-0.054017,-0.022313,-0.134949
-0.051871,-0.022778,-0.134568
-0.052716,-0.020208,-0.134540
-0.048661,-0.019764,-0.131406
-0.046608,-0.020804,-0.130179
-0.047930,-0.019966,-0.129827
-0.045102,-0.020373,-0.126967
-0.043642,-0.022228,-0.126392
-0.042128,-0.020119,-0.125245
-0.037706,-0.019973,-0.126479
-0.039373,-0.020570,-0.125149
-0.038547,-0.021723,-0.121549
-0.034560,-0.020912,-0.123254
-0.034640,-0.021516,-0.119767
-0.033131,-0.021048,-0.117420
-0.031370,-0.020454,-0.117563
-0.030077,-0.021789,-0.115862
-0.030967,-0.020836,-0.115299
-0.028088,-0.020523,-0.113835
-0.028211,-0.020537,-0.114517
-0.023052,-0.020842,-0.110454
-0.022853,-0.020993,-0.109470
-0.022304,-0.020296,-0.111576
-0.020251,-0.020965,-0.105750
-0.019631,-0.019105,-0.105509
-0.018705,-0.022747,-0.104808
-0.014024,-0.020125,-0.103762
-0.014257,-0.020874,-0.100719
-0.014589,-0.020598,-0.101215
-0.012791,-0.020065,-0.099050
-0.010153,-0.022559,-0.096199
-0.008859,-0.021341,-0.096725
-0.006948,-0.020870,-0.097740
-0.005059,-0.021888,-0.097319
-0.005257,-0.020490,-0.092913
-0.003256,-0.019562,-0.091704
-0.002211,-0.022005,-0.093428
-0.002117,-0.021148,-0.091380
0.001126,-0.021357,-0.092388
0.002240,-0.019865,-0.089533
0.001726,-0.020098,-0.090114
0.004866,-0.020369,-0.089131
0.007026,-0.020264,-0.089468
0.006166,-0.022494,-0.089431
0.008102,-0.020478,-0.086764
0.010635,-0.022016,-0.088244
0.011048,-0.020160,-0.087859
0.011297,-0.022039,-0.087090
0.015039,-0.021880,-0.087286
0.014552,-0.021101,-0.087739
0.017490,-0.020429,-0.085718
0.019236,-0.021226,-0.084282
0.021327,-0.019734,-0.087372
0.021350,-0.023426,-0.086366
0.022183,-0.022200,-0.086179
0.024225,-0.020166,-0.085483
0.025134,-0.020874,-0.086238
0.026729,-0.022230,-0.085702
0.027846,-0.019596,-0.085601
0.028699,-0.021218,-0.085509
0.032150,-0.020732,-0.086033
0.032838,-0.022836,-0.084867
0.032420,-0.022660,-0.085033
0.032396,-0.021261,-0.085112
0.036747,-0.020285,-0.085667
0.039158,-0.021462,-0.084747
0.040264,-0.020710,-0.085239
0.042173,-0.020064,-0.082954
0.040665,-0.020537,-0.084735
0.043142,-0.022540,-0.083374
0.044363,-0.021782,-0.080178
0.046015,-0.020968,-0.079642
0.046306,-0.020078,-0.079080
0.049439,-0.020110,-0.078611
0.049845,-0.021601,-0.080032
0.051298,-0.019766,-0.077597
0.052246,-0.020614,-0.079292
0.055815,-0.020845,-0.077103
0.055022,-0.020866,-0.078616
0.057029,-0.021111,-0.079463
0.059455,-0.019547,-0.078819
0.060497,-0.020254,-0.079040
0.061503,-0.021286,-0.079139
0.063424,-0.020447,-0.078718
0.061189,-0.020480,-0.076627
0.065836,-0.020437,-0.076332
0.066787,-0.023314,-0.077224
0.066547,-0.022631,-0.078248
0.070187,-0.020956,-0.076330
0.070603,-0.021728,-0.075438
0.071765,-0.021348,-0.076048
0.073731,-0.020658,-0.077324
0.075444,-0.020443,-0.076582
0.075108,-0.020280,-0.077282
0.077015,-0.020925,-0.078241
0.078613,-0.021629,-0.079382
0.080399,-0.021184,-0.078555
0.082891,-0.020623,-0.080167
0.083424,-0.021568,-0.080063
0.086044,-0.020725,-0.080386
0.084795,-0.020067,-0.079811
0.087295,-0.021922,-0.078816
0.089167,-0.020915,-0.081538
0.089623,-0.021301,-0.082442
0.093238,-0.021183,-0.082902
0.092139,-0.019959,-0.082197
0.095390,-0.022103,-0.081884
0.094611,-0.021309,-0.083672
0.096916,-0.022572,-0.085033
0.096768,-0.018633,-0.084727
0.100650,-0.019544,-0.086165
0.101385,-0.020724,-0.085351
0.101882,-0.023310,-0.086728
0.104032,-0.020008,-0.085802
0.105494,-0.021641,-0.088428
0.105835,-0.021863,-0.087502
0.105985,-0.022307,-0.087510
0.111342,-0.022672,-0.087908
0.110509,-0.021210,-0.089562
0.112765,-0.021215,-0.089243
0.113073,-0.019554,-0.091088
0.116171,-0.021467,-0.092622
0.113737,-0.020538,-0.092062
0.116877,-0.019750,-0.090560
0.118741,-0.021374,-0.091546
0.119919,-0.022115,-0.092718
0.121241,-0.023340,-0.091836
0.123501,-0.019951,-0.092963
0.125306,-0.021260,-0.092723
0.124471,-0.020803,-0.093340
0.125868,-0.020524,-0.094612
0.128223,-0.021444,-0.093166
0.129570,-0.020275,-0.096714
0.130327,-0.020874,-0.094935
0.130251,-0.021687,-0.096368
0.133693,-0.022542,-0.097234
0.134904,-0.020155,-0.098261
0.137138,-0.020520,-0.097667
0.137611,-0.020916,-0.099042
0.138277,-0.020773,-0.100277
0.140273,-0.021290,-0.100062
0.140209,-0.020040,-0.102410
0.143398,-0.020195,-0.102504
0.145710,-0.021844,-0.102765
0.145579,-0.020886,-0.104826
0.147168,-0.019563,-0.105513
0.147038,-0.020889,-0.106105
0.150877,-0.018379,-0.108148
0.151846,-0.018885,-0.107337
0.154459,-0.021863,-0.110228
0.155427,-0.019807,-0.111208
0.155470,-0.018783,-0.113051
0.158403,-0.019979,-0.112911
0.160039,-0.021974,-0.114886
0.161547,-0.019792,-0.117873
0.162157,-0.020312,-0.119506
0.162773,-0.020975,-0.123322
0.164248,-0.022277,-0.125787
0.165803,-0.021941,-0.127205
0.168133,-0.021121,-0.133016
0.170189,-0.020910,-0.137304
0.171425,-0.020908,-0.143056
-0.070601,-0.018247,-0.167588
-0.068009,-0.019886,-0.158765
-0.068340,-0.019112,-0.157674
-0.065447,-0.019949,-0.153259
-0.066952,-0.019886,-0.150936
-0.063112,-0.019032,-0.148037
-0.061816,-0.020954,-0.146243
-0.061649,-0.020006,-0.144811
-0.059453,-0.019346,-0.142463
-0.058862,-0.020556,-0.140693
-0.055658,-0.018822,-0.139769
-0.056118,-0.019002,-0.137766
-0.052773,-0.020171,-0.136613
-0.051990,-0.019795,-0.134521
-0.049572,-0.018419,-0.134564
-0.047799,-0.019015,-0.131382
-0.046879,-0.017898,-0.131446
-0.045487,-0.019420,-0.130406
-0.044186,-0.020906,-0.128527
-0.042451,-0.018017,-0.127353
-0.042603,-0.019455,-0.125499
-0.039903,-0.019872,-0.124956
-0.037305,-0.017983,-0.123894
-0.036742,-0.018283,-0.123565
-0.036036,-0.018234,-0.121541
-0.035421,-0.018938,-0.121228
-0.032820,-0.020646,-0.120682
-0.031692,-0.019450,-0.118199
-0.032189,-0.018961,-0.116301
-0.028788,-0.020052,-0.115715
-0.028387,-0.019041,-0.115152
-0.026851,-0.019333,-0.114106
-0.024322,-0.019739,-0.112933
-0.023318,-0.019926,-0.110139
-0.022218,-0.019188,-0.107594
-0.020548,-0.019272,-0.107609
-0.019810,-0.019396,-0.105664
-0.018794,-0.019726,-0.104573
-0.015077,-0.018846,-0.103357
-0.016637,-0.019690,-0.102940
-0.012202,-0.018856,-0.099558
-0.010918,-0.020397,-0.100253
-0.010564,-0.019976,-0.097397
-0.009197,-0.020058,-0.097150
-0.007444,-0.019394,-0.098893
-0.005544,-0.020616,-0.094828
-0.006751,-0.018863,-0.092042
-0.003611,-0.018810,-0.094915
-0.001720,-0.017692,-0.092212
-0.001896,-0.018829,-0.091875
0.001357,-0.018012,-0.092994
0.002361,-0.019142,-0.093179
0.004044,-0.017916,-0.089761
0.004317,-0.019192,-0.089248
0.005139,-0.018015,-0.089454
0.005644,-0.019302,-0.089030
0.008928,-0.019934,-0.089109
0.011564,-0.022260,-0.088333
0.010676,-0.018096,-0.087064
0.015229,-0.019170,-0.086966
0.012697,-0.017750,-0.086048
0.016599,-0.018988,-0.085035
0.018580,-0.019496,-0.086632
0.018703,-0.020453,-0.087283
0.021159,-0.019024,-0.088588
0.021807,-0.018805,-0.085506
0.023510,-0.020059,-0.086500
0.022287,-0.018478,-0.084217
0.026254,-0.019536,-0.085305
0.024892,-0.019838,-0.087530
0.027566,-0.020197,-0.086091
0.028036,-0.018040,-0.085534
0.030650,-0.019317,-0.087241
0.032209,-0.017612,-0.084562
0.034295,-0.018559,-0.083513
0.033430,-0.020005,-0.085521
0.037527,-0.019658,-0.085943
0.038488,-0.019304,-0.083831
0.039150,-0.018177,-0.082795
0.041046,-0.019448,-0.083998
0.041612,-0.018808,-0.081730
0.044618,-0.019623,-0.081205
0.042573,-0.018884,-0.079875
0.046052,-0.018738,-0.081342
0.047025,-0.019833,-0.080409
0.050471,-0.020115,-0.080413
0.048111,-0.019309,-0.079125
0.050601,-0.021056,-0.079028
0.053206,-0.019010,-0.078764
0.054748,-0.018653,-0.078738
0.056092,-0.018715,-0.079406
0.054349,-0.019183,-0.078289
0.057797,-0.020343,-0.078509
0.058061,-0.019626,-0.076471
0.061113,-0.020128,-0.077348
0.063845,-0.019367,-0.077384
0.061553,-0.020278,-0.076985
0.064058,-0.019172,-0.075333
0.064907,-0.019415,-0.079452
0.069176,-0.018615,-0.077323
0.069867,-0.019749,-0.078104
0.070158,-0.017566,-0.078824
0.073069,-0.019637,-0.078559
0.073059,-0.019915,-0.074823
0.074347,-0.021049,-0.077309
0.078750,-0.018792,-0.075861
0.074610,-0.019468,-0.076002
0.078565,-0.020517,-0.078196
0.080772,-0.018975,-0.079086
0.082369,-0.020692,-0.079297
0.082423,-0.019940,-0.079968
0.083710,-0.019179,-0.080211
0.086136,-0.018556,-0.081399
0.086334,-0.018981,-0.080824
0.089428,-0.018464,-0.079632
0.089644,-0.019605,-0.081003
0.091240,-0.018945,-0.082254
0.092932,-0.019947,-0.082219
0.093789,-0.017853,-0.081390
0.094505,-0.020981,-0.083609
0.096202,-0.020782,-0.084559
0.098250,-0.019264,-0.083994
0.100440,-0.018967,-0.086069
0.100982,-0.019359,-0.086046
0.102313,-0.020121,-0.086480
0.100243,-0.020365,-0.085595
0.106467,-0.020873,-0.087917
0.105917,-0.018954,-0.087123
0.107207,-0.019254,-0.085720
0.109021,-0.019205,-0.089833
0.110996,-0.018345,-0.087887
0.110592,-0.020411,-0.087655
0.112888,-0.019092,-0.089450
0.113106,-0.018475,-0.091312
0.114976,-0.019345,-0.092951
0.117809,-0.021044,-0.091430
0.120713,-0.018138,-0.093284
0.120837,-0.018639,-0.093554
0.120680,-0.020799,-0.094012
0.120408,-0.018671,-0.095036
0.124068,-0.019299,-0.095570
0.124891,-0.019563,-0.094941
0.126853,-0.018719,-0.095614
0.129562,-0.017896,-0.095798
0.130786,-0.020614,-0.093448
0.129503,-0.020769,-0.098016
0.132698,-0.017855,-0.096729
0.133359,-0.019035,-0.094888
0.134807,-0.019522,-0.097290
0.137855,-0.020331,-0.098844
0.138684,-0.020669,-0.098606
0.140241,-0.019435,-0.101241
0.141401,-0.020113,-0.101315
0.143432,-0.019902,-0.100789
0.144307,-0.019436,-0.100787
0.143614,-0.019471,-0.103992
0.147028,-0.021047,-0.104582
0.148912,-0.020179,-0.105488
0.148763,-0.019217,-0.106447
0.150650,-0.018612,-0.107050
0.151889,-0.019214,-0.109699
0.153135,-0.017933,-0.110286
0.153816,-0.019335,-0.111952
0.156146,-0.018932,-0.110966
0.157578,-0.019788,-0.114286
0.158349,-0.020103,-0.114621
0.162819,-0.018680,-0.119568
0.163404,-0.021395,-0.120372
0.162134,-0.018957,-0.124013
0.164086,-0.019265,-0.125253
0.168779,-0.020169,-0.128319
0.167705,-0.019038,-0.134225
0.172124,-0.019405,-0.138896
-0.069188,-0.017037,-0.171323
-0.071048,-0.018149,-0.165125
-0.066898,-0.018053,-0.158755
-0.064992,-0.019005,-0.154751
-0.065197,-0.018965,-0.153179
-0.064030,-0.017580,-0.149666
-0.061922,-0.017204,-0.147072
-0.059318,-0.017994,-0.147079
-0.059638,-0.017239,-0.143121
-0.055798,-0.018134,-0.141938
-0.056412,-0.017790,-0.141102
-0.056104,-0.017985,-0.137818
-0.054149,-0.016679,-0.136137
-0.053047,-0.019059,-0.135184
-0.050514,-0.017166,-0.134022
-0.049078,-0.016321,-0.133644
-0.048292,-0.017659,-0.129730
-0.045061,-0.017386,-0.130057
-0.044859,-0.019842,-0.128293
-0.042346,-0.017971,-0.127078
-0.041762,-0.017839,-0.126316
-0.040556,-0.018175,-0.126211
-0.039084,-0.018510,-0.126462
-0.038848,-0.017067,-0.125022
-0.037330,-0.018749,-0.122183
-0.034675,-0.017485,-0.119601
-0.032402,-0.017534,-0.119846
-0.032443,-0.017353,-0.118319
-0.031211,-0.018455,-0.116651
-0.028345,-0.016568,-0.116937
-0.027876,-0.017349,-0.114762
-0.025835,-0.019170,-0.114906
-0.023661,-0.017275,-0.112500
-0.023385,-0.018371,-0.112779
-0.023891,-0.018698,-0.107696
-0.020387,-0.019170,-0.108377
-0.018454,-0.018072,-0.105681
-0.016685,-0.017245,-0.106850
-0.015577,-0.018759,-0.104998
-0.014209,-0.018748,-0.101169
-0.014258,-0.017924,-0.101502
-0.012235,-0.017760,-0.099447
-0.011551,-0.017869,-0.101970
-0.009130,-0.017308,-0.100775
-0.008801,-0.017479,-0.097030
-0.004381,-0.017107,-0.095390
-0.004603,-0.017179,-0.096079
-0.002849,-0.018608,-0.095911
-0.000856,-0.017393,-0.092733
-0.001147,-0.019322,-0.093613
0.000355,-0.017280,-0.090860
0.002483,-0.017516,-0.091935
0.002356,-0.018672,-0.090465
0.003836,-0.019079,-0.089567
0.005002,-0.016493,-0.088765
0.008807,-0.019063,-0.090104
0.007537,-0.017067,-0.087627
0.010598,-0.018129,-0.087031
0.012166,-0.017895,-0.088402
0.012987,-0.018417,-0.086052
0.013918,-0.017790,-0.087729
0.014022,-0.018192,-0.086970
0.017614,-0.018724,-0.086316
0.019051,-0.018179,-0.088044
0.019933,-0.017270,-0.085686
0.020443,-0.018534,-0.084925
0.023539,-0.018199,-0.085708
0.024502,-0.017640,-0.084214
0.024806,-0.017658,-0.085665
0.025412,-0.016502,-0.086375
0.026791,-0.018500,-0.085465
0.027767,-0.019253,-0.085469
0.031812,-0.017944,-0.085807
0.030964,-0.018817,-0.086719
0.033278,-0.015971,-0.085420
0.036408,-0.017892,-0.087707
0.037644,-0.017213,-0.086223
0.036039,-0.017726,-0.085539
0.039455,-0.018931,-0.084388
0.042105,-0.017931,-0.084424
0.040475,-0.017942,-0.083647
0.042366,-0.019444,-0.082891
0.044304,-0.016261,-0.081533
0.045851,-0.017898,-0.080937
0.047836,-0.016332,-0.080070
0.049264,-0.018326,-0.080920
0.050298,-0.017664,-0.080678
0.050766,-0.017956,-0.080723
0.053668,-0.018520,-0.079725
0.054150,-0.017835,-0.079675
0.055158,-0.019569,-0.079286
0.056504,-0.016924,-0.076845
0.059089,-0.015997,-0.077523
0.060918,-0.015567,-0.079245
0.063825,-0.018312,-0.077978
0.061892,-0.019111,-0.076065
0.063256,-0.019721,-0.080308
0.067313,-0.017211,-0.076268
0.066238,-0.018010,-0.078919
0.069051,-0.017361,-0.079827
0.070002,-0.018103,-0.077389
0.068933,-0.017757,-0.078316
0.072368,-0.018025,-0.078738
0.072294,-0.016906,-0.077614
0.074992,-0.017860,-0.079607
0.076599,-0.018166,-0.079033
0.076109,-0.017032,-0.078946
0.078788,-0.017757,-0.078949
0.079300,-0.018557,-0.078059
0.082794,-0.016167,-0.077887
0.083669,-0.019427,-0.077964
0.084046,-0.018443,-0.078896
0.086234,-0.018621,-0.081263
0.086667,-0.018397,-0.081248
0.088945,-0.017842,-0.082754
0.090152,-0.018830,-0.080179
0.089971,-0.017815,-0.081728
0.092904,-0.016903,-0.083157
0.094227,-0.018152,-0.083345
0.094582,-0.020868,-0.084395
0.096314,-0.017935,-0.086411
0.097941,-0.016267,-0.085351
0.099147,-0.018473,-0.084591
0.101326,-0.017667,-0.085724
0.101858,-0.018956,-0.085581
0.102743,-0.017145,-0.087237
0.103985,-0.017381,-0.087113
0.104898,-0.017950,-0.085921
0.108320,-0.017283,-0.089761
0.108292,-0.018763,-0.088288
0.109737,-0.017114,-0.090824
0.110960,-0.016738,-0.089932
0.112118,-0.017262,-0.090243
0.113999,-0.017262,-0.092022
0.115459,-0.018439,-0.092450
0.116178,-0.018304,-0.091800
0.118587,-0.017959,-0.093104
0.118625,-0.016841,-0.093471
0.122400,-0.017778,-0.091757
0.122891,-0.017391,-0.093254
0.124409,-0.017509,-0.094508
0.126605,-0.017151,-0.095868
0.126815,-0.019630,-0.095516
0.126128,-0.016806,-0.095469
0.128924,-0.017508,-0.095746
0.130920,-0.017307,-0.094294
0.131065,-0.017031,-0.097754
0.133604,-0.017625,-0.096636
0.134109,-0.018241,-0.099489
0.135798,-0.018476,-0.099332
0.139674,-0.017565,-0.099975
0.139665,-0.017863,-0.102020
0.139696,-0.017138,-0.102091
0.142736,-0.017314,-0.101583
0.142127,-0.017513,-0.103910
0.144117,-0.018551,-0.105151
0.147423,-0.018171,-0.106090
0.146869,-0.016529,-0.105068
0.150518,-0.015010,-0.106501
0.151392,-0.019142,-0.108774
0.151425,-0.017645,-0.107741
0.153071,-0.016869,-0.111446
0.156232,-0.018113,-0.113283
0.157493,-0.018252,-0.113418
0.158496,-0.016989,-0.114163
0.157734,-0.018152,-0.118361
0.160733,-0.017537,-0.118926
0.161963,-0.018366,-0.123170
0.161857,-0.017188,-0.124719
0.165197,-0.020338,-0.124575
0.166836,-0.017758,-0.130657
0.166897,-0.018170,-0.134002
0.171359,-0.018164,-0.142060
-0.071562,-0.017542,-0.167770
-0.068927,-0.016455,-0.161630
-0.067429,-0.017386,-0.155031
-0.067020,-0.016353,-0.151882
-0.063524,-0.016405,-0.151586
-0.063003,-0.017355,-0.149840
-0.061048,-0.015469,-0.147532
-0.058043,-0.016434,-0.144091
-0.057733,-0.014459,-0.144556
-0.056902,-0.013314,-0.141132
-0.054157,-0.016541,-0.141449
-0.053504,-0.015683,-0.139204
-0.051499,-0.017625,-0.137208
-0.050657,-0.015192,-0.133280
-0.048106,-0.013665,-0.134091
-0.046263,-0.015074,-0.131044
-0.047491,-0.015919,-0.129927
-0.045002,-0.017126,-0.131037
-0.043581,-0.015097,-0.129321
-0.039674,-0.016190,-0.126776
-0.040308,-0.016107,-0.126822
-0.040253,-0.014821,-0.126150
-0.036155,-0.015017,-0.121717
-0.038199,-0.017099,-0.123192
-0.035934,-0.015645,-0.122518
-0.034992,-0.015420,-0.121171
-0.031422,-0.014199,-0.119433
-0.031426,-0.016752,-0.118965
-0.027605,-0.017216,-0.117624
-0.029201,-0.017200,-0.115564
-0.024763,-0.016491,-0.113122
-0.025450,-0.017901,-0.112965
-0.024034,-0.012849,-0.112654
-0.021200,-0.016048,-0.109920
-0.020478,-0.016734,-0.108644
-0.018452,-0.015425,-0.106165
-0.017642,-0.016298,-0.106556
-0.017350,-0.017764,-0.105431
-0.013180,-0.016475,-0.102844
-0.012708,-0.016706,-0.100720
-0.011842,-0.017648,-0.100058
-0.012022,-0.017446,-0.099116
-0.010559,-0.016324,-0.099717
-0.008001,-0.016436,-0.098072
-0.003874,-0.017288,-0.095839
-0.004525,-0.014547,-0.096053
-0.001075,-0.015686,-0.094668
-0.002692,-0.015975,-0.093532
-0.000767,-0.015268,-0.094829
0.002227,-0.016520,-0.091241
0.002834,-0.015296,-0.091498
0.002018,-0.015437,-0.089439
0.005410,-0.016936,-0.089717
0.006344,-0.017808,-0.090134
0.007470,-0.015988,-0.089744
0.008925,-0.017649,-0.087893
0.012362,-0.016492,-0.086760
0.014141,-0.016198,-0.088351
0.012012,-0.016399,-0.087050
0.015043,-0.016703,-0.088153
0.016304,-0.015787,-0.087001
0.017186,-0.018624,-0.086116
0.019277,-0.015858,-0.086513
0.018387,-0.015740,-0.086538
0.021720,-0.016936,-0.085915
0.024464,-0.016319,-0.084668
0.021741,-0.015904,-0.086397
0.027146,-0.018467,-0.086499
0.025845,-0.016911,-0.085534
0.026452,-0.016387,-0.086089
0.028299,-0.018346,-0.086033
0.030821,-0.017058,-0.085653
0.031998,-0.016343,-0.085795
0.033255,-0.015557,-0.085112
0.034661,-0.016513,-0.086449
0.036568,-0.016374,-0.084025
0.038507,-0.017536,-0.085999
0.039421,-0.015861,-0.085469
0.040462,-0.014855,-0.083105
0.044245,-0.016294,-0.085242
0.044341,-0.016580,-0.081927
0.045990,-0.014833,-0.081630
0.045995,-0.017071,-0.082048
0.048360,-0.015812,-0.079165
0.049745,-0.016657,-0.079209
0.050792,-0.016820,-0.080171
0.051721,-0.016117,-0.078913
0.052679,-0.016735,-0.080515
0.054292,-0.015977,-0.077647
0.055763,-0.016738,-0.079159
0.058045,-0.017346,-0.079558
0.059160,-0.017461,-0.079170
0.060714,-0.016943,-0.077325
0.061254,-0.015451,-0.078893
0.060876,-0.016233,-0.077140
0.064546,-0.016570,-0.078030
0.065351,-0.017545,-0.076567
0.066855,-0.016809,-0.078127
0.067174,-0.016919,-0.077606
0.070761,-0.016626,-0.076275
0.071402,-0.015749,-0.078010
0.072998,-0.016008,-0.079039
0.071051,-0.016134,-0.078634
0.074758,-0.017407,-0.076423
0.074470,-0.016885,-0.079053
0.077310,-0.015949,-0.077922
0.076434,-0.014535,-0.076778
0.081074,-0.016887,-0.079466
0.080492,-0.016532,-0.080467
0.081218,-0.017219,-0.079813
0.083841,-0.016668,-0.080350
0.087431,-0.016165,-0.081431
0.087251,-0.016001,-0.081433
0.088660,-0.016777,-0.082221
0.089782,-0.016237,-0.081317
0.091612,-0.016765,-0.081670
0.092736,-0.015929,-0.083785
0.093450,-0.016552,-0.082962
0.094445,-0.017439,-0.084502
0.096317,-0.017186,-0.085187
0.097759,-0.017104,-0.085811
0.099644,-0.017307,-0.088278
0.100001,-0.015158,-0.085058
0.102554,-0.018061,-0.085900
0.103232,-0.015923,-0.085894
0.105789,-0.015298,-0.086994
0.106603,-0.017986,-0.087458
0.107241,-0.017222,-0.089291
0.106112,-0.016215,-0.088752
0.109643,-0.014642,-0.091049
0.110375,-0.015269,-0.090590
0.112900,-0.015045,-0.091679
0.115185,-0.018071,-0.089863
0.115676,-0.016628,-0.092446
0.117288,-0.015668,-0.093027
0.118275,-0.014639,-0.095108
0.120610,-0.016580,-0.094760
0.122754,-0.016613,-0.094095
0.123602,-0.016633,-0.093047
0.125222,-0.017246,-0.093671
0.126982,-0.016917,-0.094631
0.127275,-0.015746,-0.096449
0.128284,-0.014964,-0.095339
0.128619,-0.017077,-0.096727
0.131833,-0.016979,-0.098326
0.131255,-0.016563,-0.096902
0.133937,-0.015324,-0.097394
0.135255,-0.018487,-0.098249
0.135595,-0.016769,-0.098085
0.138837,-0.015017,-0.100252
0.138265,-0.017745,-0.101043
0.141053,-0.016215,-0.101562
0.142979,-0.015314,-0.102077
0.143634,-0.017146,-0.103777
0.145765,-0.015618,-0.105351
0.145327,-0.017273,-0.106283
0.149000,-0.018382,-0.106261
0.148547,-0.016583,-0.107630
0.151293,-0.015370,-0.110640
0.153037,-0.017217,-0.111615
0.153351,-0.016681,-0.110431
0.155279,-0.018203,-0.112677
0.154925,-0.017045,-0.114710
0.158493,-0.016225,-0.116513
0.159667,-0.015013,-0.118038
0.161419,-0.014986,-0.119161
0.163689,-0.016409,-0.121818
0.161946,-0.016866,-0.125673
0.164500,-0.016991,-0.128321
0.164203,-0.015757,-0.131854
0.166427,-0.017095,-0.135022
0.169801,-0.016851,-0.142288
-0.070862,-0.014921,-0.173965
-0.068632,-0.015298,-0.165398
-0.066937,-0.016457,-0.157644
-0.065325,-0.014475,-0.157188
-0.063462,-0.015245,-0.153856
-0.062677,-0.014359,-0.149060
-0.061018,-0.016061,-0.149075
-0.059468,-0.015880,-0.146049
-0.057269,-0.014398,-0.144040
-0.055520,-0.013766,-0.141628
-0.054595,-0.015415,-0.140613
-0.052823,-0.015194,-0.139274
-0.051528,-0.011251,-0.136181
-0.049721,-0.016080,-0.133136
-0.049343,-0.014049,-0.135313
-0.048164,-0.014760,-0.133029
-0.043817,-0.013688,-0.131085
-0.046115,-0.013940,-0.130159
-0.044061,-0.015663,-0.129930
-0.040586,-0.015822,-0.127291
-0.039170,-0.015156,-0.126767
-0.039731,-0.014821,-0.125336
-0.039007,-0.015743,-0.123766
-0.035919,-0.016211,-0.123587
-0.033429,-0.013878,-0.122823
-0.033294,-0.014977,-0.120593
-0.032580,-0.013908,-0.118596
-0.029972,-0.016647,-0.119228
-0.029622,-0.014250,-0.118262
-0.026836,-0.014639,-0.114591
-0.026241,-0.014385,-0.115506
-0.025451,-0.014276,-0.113308
-0.020558,-0.015045,-0.113200
-0.022116,-0.014243,-0.111109
-0.022265,-0.014131,-0.109924
-0.018356,-0.015680,-0.108162
-0.017124,-0.013434,-0.106343
-0.017180,-0.015169,-0.102637
-0.013929,-0.015418,-0.104063
-0.014813,-0.014873,-0.103016
-0.012746,-0.014332,-0.101488
-0.010064,-0.015125,-0.100879
-0.008977,-0.016115,-0.100535
-0.007039,-0.014263,-0.098187
-0.007252,-0.016453,-0.097343
-0.004346,-0.018472,-0.096396
-0.004976,-0.014549,-0.095393
-0.003079,-0.015015,-0.094915
-0.000629,-0.014320,-0.093728
0.001243,-0.016884,-0.091363
-0.001117,-0.013618,-0.092372
0.002580,-0.013401,-0.090441
0.003077,-0.015385,-0.090474
0.004557,-0.014298,-0.090148
0.007983,-0.015790,-0.088001
0.009328,-0.014443,-0.086715
0.009590,-0.016030,-0.087443
0.010570,-0.014287,-0.086838
0.012737,-0.015014,-0.088331
0.014189,-0.015262,-0.090024
0.016880,-0.016282,-0.087753
0.019229,-0.016514,-0.087454
0.019882,-0.013192,-0.087586
0.020073,-0.015876,-0.087826
0.021939,-0.014838,-0.085971
0.023544,-0.013408,-0.085763
0.023885,-0.015298,-0.085117
0.024013,-0.016116,-0.086298
0.026814,-0.014549,-0.086791
0.026782,-0.014880,-0.084716
0.028034,-0.015603,-0.085885
0.029283,-0.014550,-0.087722
0.029607,-0.015323,-0.085357
0.031803,-0.015793,-0.084762
0.036013,-0.015385,-0.084945
0.036676,-0.014981,-0.084876
0.037763,-0.015364,-0.084027
0.038690,-0.015824,-0.084397
0.041422,-0.013923,-0.085444
0.042860,-0.014507,-0.083379
0.044821,-0.013191,-0.081943
0.045607,-0.016039,-0.081551
0.044889,-0.015508,-0.080859
0.046721,-0.015138,-0.080681
0.047541,-0.013769,-0.082123
0.050130,-0.014287,-0.082549
0.049184,-0.013991,-0.079911
0.051600,-0.014895,-0.080902
0.052104,-0.016652,-0.079013
0.055935,-0.015450,-0.077910
0.057586,-0.014908,-0.077823
0.059178,-0.016621,-0.078887
0.061496,-0.014281,-0.080254
0.062618,-0.015070,-0.077423
0.063041,-0.014351,-0.077986
0.064691,-0.013042,-0.078254
0.064988,-0.014695,-0.077142
0.068314,-0.015729,-0.079964
0.067882,-0.015590,-0.078529
0.070988,-0.015388,-0.077995
0.069491,-0.016437,-0.078156
0.072933,-0.015078,-0.077926
0.071872,-0.015319,-0.080723
0.076164,-0.014517,-0.079232
0.074456,-0.014641,-0.077697
0.077194,-0.013228,-0.078190
0.079197,-0.014711,-0.077201
0.079854,-0.014629,-0.079043
0.081623,-0.015148,-0.080934
0.082836,-0.015440,-0.079492
0.084542,-0.015623,-0.077662
0.084608,-0.013730,-0.081772
0.085907,-0.014670,-0.081517
0.088942,-0.014178,-0.082471
0.089522,-0.014427,-0.079835
0.091271,-0.014061,-0.083226
0.092398,-0.015790,-0.083341
0.093413,-0.014446,-0.086155
0.096412,-0.015885,-0.083611
0.099282,-0.015356,-0.085373
0.098478,-0.013727,-0.085106
0.096724,-0.015500,-0.086444
0.098482,-0.016817,-0.086627
0.101388,-0.013627,-0.086449
0.104960,-0.015007,-0.086928
0.104913,-0.012949,-0.088535
0.106873,-0.015778,-0.088188
0.106245,-0.015829,-0.090790
0.109515,-0.015860,-0.089020
0.111866,-0.013777,-0.090002
0.112616,-0.015098,-0.090564
0.112531,-0.015343,-0.090179
0.114160,-0.015726,-0.091310
0.116962,-0.015914,-0.094309
0.116765,-0.015936,-0.093669
0.118385,-0.016082,-0.092146
0.120090,-0.014766,-0.092854
0.122400,-0.014577,-0.094025
0.124017,-0.012904,-0.095031
0.123768,-0.014678,-0.094493
0.125714,-0.013988,-0.095573
0.129066,-0.014884,-0.097269
0.127362,-0.014572,-0.096252
0.128873,-0.013818,-0.097647
0.131649,-0.014347,-0.097136
0.131449,-0.015525,-0.099317
0.132565,-0.015439,-0.098858
0.136954,-0.013605,-0.098449
0.138056,-0.014802,-0.101660
0.136464,-0.015389,-0.100376
0.138201,-0.014946,-0.101475
0.140587,-0.015089,-0.102385
0.140865,-0.014265,-0.102457
0.144363,-0.015645,-0.104432
0.142656,-0.013839,-0.104148
0.146264,-0.015716,-0.104606
0.148563,-0.017277,-0.106586
0.148044,-0.015837,-0.110539
0.151899,-0.016243,-0.109051
0.152165,-0.015578,-0.112151
0.153038,-0.013885,-0.111818
0.155756,-0.015547,-0.113247
0.155165,-0.014308,-0.116125
0.158230,-0.014040,-0.117216
0.158501,-0.013439,-0.117912
0.159901,-0.015739,-0.120814
0.163361,-0.015669,-0.123600
0.165069,-0.013826,-0.127872
0.166212,-0.012883,-0.128177
0.166418,-0.014557,-0.132307
0.167380,-0.016067,-0.135497
0.169388,-0.016626,-0.142055
-0.067507,-0.012891,-0.168631
-0.066808,-0.012153,-0.162456
-0.064600,-0.012826,-0.156337
-0.063940,-0.012726,-0.154405
-0.061231,-0.012504,-0.151281
-0.060861,-0.012545,-0.148353
-0.058931,-0.011818,-0.148501
-0.056816,-0.014640,-0.146032
-0.054703,-0.013450,-0.142801
-0.055091,-0.012760,-0.142901
-0.054640,-0.013237,-0.140329
-0.052208,-0.013671,-0.137420
-0.049418,-0.011680,-0.137299
-0.047824,-0.013413,-0.135529
-0.047892,-0.013060,-0.134705
-0.044956,-0.013340,-0.130850
-0.047339,-0.011363,-0.130850
-0.044588,-0.012889,-0.129210
-0.042561,-0.013340,-0.127626
-0.041958,-0.013737,-0.125926
-0.039947,-0.013554,-0.126484
-0.038037,-0.013230,-0.124933
-0.037177,-0.012886,-0.123440
-0.033988,-0.013113,-0.125162
-0.033244,-0.012824,-0.122044
-0.031139,-0.013443,-0.120426
-0.031944,-0.013097,-0.118458
-0.029394,-0.013357,-0.118114
-0.027204,-0.013609,-0.115005
-0.027455,-0.014253,-0.115328
-0.023763,-0.015395,-0.114452
-0.023388,-0.013821,-0.113066
-0.021712,-0.013493,-0.110757
-0.021440,-0.011859,-0.110182
-0.017940,-0.012384,-0.109590
-0.017247,-0.013235,-0.105509
-0.018046,-0.012465,-0.104364
-0.015228,-0.014440,-0.105037
-0.014016,-0.013618,-0.101068
-0.012360,-0.014338,-0.100862
-0.010984,-0.012485,-0.102341
-0.007975,-0.013007,-0.098205
-0.007556,-0.013343,-0.100249
-0.008622,-0.014534,-0.096178
-0.004027,-0.012952,-0.094557
-0.003165,-0.014527,-0.094915
-0.003164,-0.014326,-0.095746
0.000451,-0.013432,-0.093299
-0.000328,-0.014165,-0.093859
0.002726,-0.013205,-0.092569
0.003010,-0.013608,-0.092531
0.004186,-0.012275,-0.092210
0.007760,-0.012820,-0.090897
0.007490,-0.011837,-0.088498
0.009792,-0.010767,-0.088390
0.010494,-0.013323,-0.087573
0.009797,-0.014174,-0.090774
0.013072,-0.013212,-0.086419
0.015396,-0.011199,-0.089506
0.016408,-0.013367,-0.087208
0.015731,-0.014735,-0.088116
0.018632,-0.013043,-0.087273
0.019339,-0.013105,-0.086888
0.020675,-0.013308,-0.087304
0.022493,-0.013632,-0.087538
0.024993,-0.012628,-0.085150
0.023745,-0.013039,-0.085720
0.026676,-0.013008,-0.087185
0.027675,-0.013507,-0.086068
0.030111,-0.012862,-0.088017
0.030549,-0.014444,-0.086230
0.032534,-0.013681,-0.086726
0.032743,-0.011810,-0.087200
0.035701,-0.012719,-0.086178
0.035851,-0.014125,-0.086016
0.038167,-0.013726,-0.084825
0.038918,-0.013824,-0.084125
0.042081,-0.012638,-0.084412
0.041376,-0.014384,-0.083725
0.043165,-0.014551,-0.085346
0.044722,-0.013882,-0.082867
0.045057,-0.013989,-0.083784
0.048498,-0.014084,-0.080842
0.047534,-0.012901,-0.080095
0.050588,-0.014430,-0.080823
0.049908,-0.013731,-0.080022
0.053506,-0.013097,-0.080466
0.053921,-0.012688,-0.079846
0.056678,-0.011038,-0.078451
0.057200,-0.013282,-0.077579
0.057808,-0.011707,-0.079581
0.060854,-0.013096,-0.079490
0.061199,-0.013187,-0.079027
0.063106,-0.012883,-0.076967
0.062252,-0.012980,-0.077533
0.064844,-0.014317,-0.076937
0.065376,-0.013140,-0.077897
0.067052,-0.012525,-0.078041
0.068705,-0.012886,-0.078692
0.069968,-0.012101,-0.078195
0.070538,-0.013184,-0.079133
0.073009,-0.013069,-0.079765
0.075237,-0.013166,-0.078567
0.075508,-0.015073,-0.078744
0.075892,-0.011688,-0.079309
0.079481,-0.012765,-0.079001
0.080549,-0.013158,-0.081918
0.082411,-0.015440,-0.079117
0.084107,-0.013853,-0.079651
0.084997,-0.013872,-0.080788
0.086870,-0.013417,-0.081182
0.087239,-0.013515,-0.083041
0.088641,-0.012566,-0.083230
0.089715,-0.015342,-0.082142
0.091635,-0.013147,-0.082770
0.091072,-0.011237,-0.083553
0.094556,-0.011872,-0.083540
0.095208,-0.012944,-0.085362
0.097144,-0.014136,-0.084724
0.099587,-0.013980,-0.085254
0.098523,-0.014350,-0.085767
0.099965,-0.013194,-0.087450
0.100828,-0.013165,-0.087571
0.104792,-0.011798,-0.087463
0.105973,-0.012370,-0.089299
0.106556,-0.014098,-0.089267
0.109630,-0.013823,-0.087355
0.108129,-0.014974,-0.090616
0.111809,-0.011669,-0.089927
0.111519,-0.013655,-0.089752
0.112169,-0.012187,-0.090877
0.114397,-0.011577,-0.090507
0.116352,-0.012235,-0.091215
0.115633,-0.014849,-0.093330
0.120604,-0.014017,-0.092247
0.120114,-0.013442,-0.093279
0.121047,-0.012037,-0.094162
0.123151,-0.011934,-0.094525
0.123530,-0.012280,-0.095253
0.126005,-0.013732,-0.094975
0.125879,-0.012030,-0.097429
0.129084,-0.013197,-0.098073
0.130036,-0.014784,-0.095932
0.131263,-0.012539,-0.095854
0.133309,-0.013149,-0.100141
0.135024,-0.013567,-0.099248
0.135472,-0.012803,-0.099504
0.137566,-0.012170,-0.100309
0.138618,-0.012497,-0.100276
0.139450,-0.014561,-0.103447
0.140810,-0.011239,-0.103603
0.142045,-0.013015,-0.103510
0.143792,-0.013786,-0.103510
0.144795,-0.013326,-0.104466
0.146614,-0.013903,-0.105903
0.147877,-0.015199,-0.107605
0.150090,-0.011360,-0.109085
0.152341,-0.013470,-0.110835
0.152575,-0.013846,-0.110741
0.155197,-0.013847,-0.113239
0.153599,-0.012406,-0.112599
0.155995,-0.012748,-0.115656
0.157104,-0.013629,-0.117209
0.157493,-0.013802,-0.118317
0.159766,-0.012035,-0.121859
0.161685,-0.012404,-0.122878
0.163849,-0.014556,-0.127024
0.166237,-0.015160,-0.128329
0.168484,-0.013187,-0.131797
0.168850,-0.014493,-0.139657
0.168780,-0.012901,-0.144968
-0.069986,-0.009908,-0.176262
-0.065924,-0.010762,-0.166437
-0.065669,-0.011133,-0.158051
-0.062599,-0.011077,-0.156556
-0.060875,-0.011552,-0.154676
-0.061739,-0.011387,-0.151085
-0.057970,-0.012170,-0.148793
-0.060117,-0.010474,-0.145213
-0.056659,-0.009150,-0.145827
-0.054088,-0.011564,-0.142900
-0.052810,-0.011650,-0.140861
-0.052338,-0.009504,-0.139058
-0.050322,-0.010332,-0.136872
-0.049475,-0.011621,-0.133982
-0.047722,-0.010668,-0.135323
-0.046984,-0.011187,-0.133234
-0.046975,-0.010972,-0.133026
-0.043130,-0.010541,-0.130784
-0.042031,-0.011427,-0.129877
-0.039245,-0.011524,-0.128084
-0.038522,-0.010826,-0.127755
-0.036223,-0.010661,-0.126193
-0.035423,-0.010503,-0.124369
-0.033912,-0.010955,-0.124229
-0.033446,-0.011361,-0.123071
-0.032369,-0.011122,-0.121019
-0.029530,-0.011711,-0.118027
-0.028449,-0.011915,-0.118306
-0.029836,-0.012918,-0.117824
-0.024820,-0.010971,-0.116334
-0.024547,-0.011987,-0.113876
-0.023399,-0.012621,-0.112681
-0.021887,-0.010160,-0.111812
-0.019951,-0.011687,-0.111000
-0.020162,-0.013845,-0.109172
-0.018032,-0.012165,-0.106306
-0.016798,-0.011721,-0.103727
-0.016159,-0.011677,-0.104856
-0.013123,-0.011998,-0.103691
-0.010046,-0.011786,-0.102805
-0.010050,-0.011510,-0.100330
-0.009154,-0.011871,-0.101611
-0.007932,-0.010778,-0.100246
-0.007111,-0.011233,-0.096478
-0.005022,-0.010820,-0.097769
-0.003669,-0.012779,-0.095311
-0.003304,-0.011552,-0.095791
-0.000987,-0.012777,-0.094391
-0.000825,-0.012121,-0.094293
0.000744,-0.011874,-0.093029
0.002817,-0.009507,-0.091953
0.005483,-0.012428,-0.091598
0.005484,-0.011474,-0.091007
0.007795,-0.011506,-0.091161
0.008290,-0.011052,-0.089590
0.011519,-0.011874,-0.088223
0.011259,-0.014577,-0.090114
0.011452,-0.011669,-0.089901
0.014997,-0.010610,-0.086080
0.015102,-0.012804,-0.089367
0.016852,-0.009673,-0.086761
0.018443,-0.011830,-0.087553
0.019489,-0.010543,-0.087844
0.020075,-0.011489,-0.088434
0.023693,-0.011364,-0.087447
0.022877,-0.011192,-0.085822
0.026424,-0.011555,-0.087636
0.027033,-0.011294,-0.087254
0.027861,-0.011631,-0.086852
0.027180,-0.010977,-0.087217
0.031101,-0.010582,-0.085864
0.033973,-0.011209,-0.084654
0.033498,-0.011227,-0.086144
0.034015,-0.011814,-0.085825
0.033988,-0.013100,-0.083751
0.036864,-0.011043,-0.086884
0.039812,-0.011264,-0.085520
0.039462,-0.011572,-0.084913
0.041464,-0.012748,-0.085635
0.041423,-0.011018,-0.083343
0.044663,-0.014012,-0.082093
0.045905,-0.010315,-0.080533
0.046038,-0.012898,-0.081787
0.047649,-0.013967,-0.082799
0.049870,-0.010241,-0.081717
0.050438,-0.013818,-0.080739
0.050801,-0.012322,-0.078840
0.054203,-0.011517,-0.078794
0.056101,-0.010374,-0.079709
0.056440,-0.010648,-0.077277
0.058460,-0.011896,-0.078126
0.059383,-0.011825,-0.078587
0.061214,-0.010969,-0.079004
0.061879,-0.011079,-0.076980
0.062341,-0.012345,-0.078438
0.063356,-0.011573,-0.076083
0.067236,-0.011538,-0.076750
0.067687,-0.011311,-0.079520
0.067221,-0.010969,-0.081115
0.071192,-0.011457,-0.078102
0.071805,-0.011741,-0.076056
0.072843,-0.011610,-0.077963
0.073340,-0.009961,-0.081161
0.074276,-0.011622,-0.078699
0.077185,-0.012023,-0.079057
0.080700,-0.010878,-0.080256
0.080713,-0.012271,-0.081555
0.081771,-0.010951,-0.081500
0.082744,-0.013558,-0.081287
0.083011,-0.010729,-0.082270
0.086258,-0.013269,-0.082294
0.087526,-0.013596,-0.081661
0.089304,-0.011963,-0.081682
0.090957,-0.012562,-0.083554
0.092322,-0.012503,-0.082406
0.094169,-0.012198,-0.083475
0.094457,-0.011753,-0.084653
0.094237,-0.012537,-0.082488
0.097531,-0.011464,-0.085485
0.097555,-0.012225,-0.087493
0.097477,-0.011171,-0.087419
0.099187,-0.009516,-0.086014
0.103077,-0.010077,-0.086957
0.103888,-0.010682,-0.088057
0.105488,-0.011826,-0.091143
0.107096,-0.010609,-0.089099
0.107955,-0.010543,-0.090634
0.108045,-0.011575,-0.091048
0.109401,-0.013085,-0.090235
0.111262,-0.014225,-0.092393
0.113060,-0.013005,-0.091011
0.113142,-0.009076,-0.092879
0.114505,-0.009954,-0.094413
0.117760,-0.012504,-0.092905
0.118230,-0.011866,-0.093334
0.120404,-0.012493,-0.093658
0.123312,-0.011843,-0.096708
0.123418,-0.009537,-0.095287
0.123517,-0.012675,-0.097175
0.126946,-0.012713,-0.093683
0.126026,-0.010964,-0.097002
0.127793,-0.011608,-0.097007
0.129885,-0.010497,-0.098842
0.133137,-0.011909,-0.098702
0.133468,-0.010971,-0.097452
0.133575,-0.011263,-0.100094
0.135427,-0.012361,-0.098537
0.136817,-0.008762,-0.099386
0.138001,-0.011442,-0.101680
0.140225,-0.012778,-0.102579
0.139375,-0.009365,-0.102350
0.141584,-0.010581,-0.106554
0.144132,-0.012277,-0.104358
0.145872,-0.012417,-0.104556
0.145936,-0.010503,-0.106057
0.145967,-0.012271,-0.106564
0.148887,-0.013336,-0.108611
0.151076,-0.011077,-0.112428
0.151674,-0.011250,-0.111129
0.154274,-0.009503,-0.113005
0.154836,-0.010649,-0.115060
0.156911,-0.012470,-0.116253
0.156697,-0.010959,-0.118067
0.159098,-0.011702,-0.119116
0.161727,-0.011656,-0.122888
0.163158,-0.013099,-0.124533
0.162726,-0.011651,-0.127540
0.165366,-0.010749,-0.129797
0.169214,-0.010996,-0.135451
0.167946,-0.010493,-0.137203
0.169825,-0.011815,-0.144233
-0.068203,-0.009610,-0.171983
-0.065932,-0.009167,-0.164160
-0.066108,-0.009847,-0.159524
-0.062422,-0.009346,-0.155793
-0.060542,-0.009020,-0.153112
-0.058902,-0.010652,-0.150392
-0.057189,-0.008684,-0.148950
-0.056544,-0.011108,-0.144213
-0.054677,-0.009458,-0.144220
-0.051710,-0.009578,-0.142420
-0.050190,-0.009915,-0.139610
-0.050186,-0.011564,-0.138143
-0.048784,-0.008630,-0.136609
-0.048056,-0.011175,-0.135077
-0.047425,-0.009881,-0.134185
-0.043710,-0.010208,-0.132041
-0.043732,-0.011994,-0.132660
-0.041735,-0.010539,-0.131097
-0.040823,-0.010437,-0.130664
-0.038341,-0.008890,-0.130317
-0.036819,-0.010201,-0.126000
-0.036452,-0.011214,-0.125977
-0.034611,-0.009336,-0.125686
-0.034333,-0.010706,-0.123688
-0.030906,-0.008650,-0.122807
-0.031630,-0.009435,-0.119921
-0.029970,-0.009122,-0.117101
-0.028143,-0.011773,-0.116985
-0.024387,-0.008819,-0.114949
-0.026415,-0.008669,-0.113549
-0.023859,-0.010738,-0.113790
-0.022767,-0.009560,-0.112931
-0.021272,-0.007746,-0.109447
-0.019264,-0.009733,-0.110999
-0.016740,-0.011127,-0.108303
-0.017393,-0.009036,-0.107325
-0.014111,-0.010134,-0.105110
-0.013103,-0.009980,-0.104038
-0.012504,-0.011208,-0.101748
-0.012057,-0.011558,-0.101119
-0.007383,-0.009429,-0.100990
-0.009183,-0.008998,-0.099337
-0.007689,-0.008249,-0.097373
-0.003822,-0.010994,-0.097005
-0.004539,-0.010438,-0.096699
-0.003983,-0.009222,-0.095821
-0.000783,-0.010409,-0.094629
0.001317,-0.009879,-0.093380
0.001926,-0.010748,-0.094077
0.005279,-0.010003,-0.091316
0.005234,-0.010645,-0.092014
0.005712,-0.009543,-0.092860
0.009699,-0.011374,-0.088261
0.008145,-0.012060,-0.090773
0.011113,-0.010867,-0.088817
0.012909,-0.010515,-0.089732
0.013614,-0.010769,-0.090389
0.015107,-0.011975,-0.088619
0.015123,-0.010618,-0.088560
0.017297,-0.010776,-0.088774
0.019596,-0.010637,-0.087975
0.019461,-0.010731,-0.088928
0.020403,-0.009491,-0.089511
0.023131,-0.010029,-0.088629
0.024735,-0.009075,-0.086419
0.024605,-0.010804,-0.087879
0.027014,-0.009525,-0.087628
0.029179,-0.009506,-0.087202
0.029449,-0.011588,-0.086037
0.033649,-0.010117,-0.085619
0.032393,-0.010242,-0.084935
0.033051,-0.009002,-0.086883
0.034361,-0.009658,-0.085824
0.036215,-0.010511,-0.086338
0.040206,-0.010879,-0.087883
0.040180,-0.008004,-0.085576
0.040909,-0.007804,-0.085123
0.041690,-0.011497,-0.084558
0.042667,-0.011503,-0.083811
0.044791,-0.010901,-0.084121
0.046421,-0.010280,-0.083424
0.048184,-0.011308,-0.082199
0.049442,-0.009779,-0.082511
0.049751,-0.011661,-0.080287
0.051579,-0.011033,-0.083647
0.052233,-0.011203,-0.082588
0.054139,-0.010258,-0.081453
0.054345,-0.010780,-0.081764
0.056231,-0.010169,-0.079286
0.058780,-0.009953,-0.080026
0.061716,-0.010053,-0.079956
0.059243,-0.011117,-0.078083
0.062111,-0.009256,-0.081043
0.062806,-0.010965,-0.079168
0.064154,-0.010869,-0.076454
0.065267,-0.010470,-0.078862
0.066779,-0.008972,-0.077367
0.068069,-0.010949,-0.079262
0.070203,-0.009865,-0.078032
0.071370,-0.010512,-0.079810
0.072768,-0.011323,-0.079896
0.075561,-0.010749,-0.077755
0.077998,-0.009965,-0.080322
0.076970,-0.010417,-0.079380
0.078755,-0.011243,-0.080363
0.077717,-0.009200,-0.079968
0.082511,-0.009731,-0.079901
0.083606,-0.010275,-0.079504
0.082755,-0.009863,-0.080468
0.085595,-0.010140,-0.081848
0.086780,-0.009331,-0.082392
0.087331,-0.011149,-0.083560
0.087528,-0.010942,-0.084318
0.090994,-0.010132,-0.082631
0.091838,-0.010121,-0.082551
0.094310,-0.010647,-0.083563
0.094990,-0.010720,-0.085829
0.094786,-0.009939,-0.086276
0.094814,-0.009459,-0.086651
0.098635,-0.009512,-0.087826
0.099932,-0.009905,-0.086572
0.103847,-0.010516,-0.088093
0.101981,-0.010211,-0.088686
0.105674,-0.010492,-0.089436
0.106119,-0.009469,-0.089892
0.106974,-0.009133,-0.090707
0.110699,-0.011133,-0.090433
0.110067,-0.010399,-0.091117
0.112035,-0.008677,-0.091861
0.114798,-0.008938,-0.091493
0.114262,-0.012435,-0.090490
0.117594,-0.008937,-0.091866
0.120227,-0.010409,-0.093684
0.119498,-0.010788,-0.092198
0.120891,-0.010424,-0.095069
0.122041,-0.010175,-0.095063
0.123136,-0.009213,-0.095607
0.126601,-0.009920,-0.097199
0.126251,-0.008609,-0.093294
0.126614,-0.009871,-0.097371
0.128952,-0.010107,-0.099611
0.131233,-0.010855,-0.098465
0.130011,-0.008413,-0.096011
0.132968,-0.012022,-0.098760
0.133545,-0.011861,-0.100394
0.134692,-0.011345,-0.099747
0.137557,-0.010135,-0.101027
0.137540,-0.009093,-0.102251
0.139136,-0.011623,-0.103308
0.142166,-0.009377,-0.103344
0.142044,-0.010231,-0.104749
0.144198,-0.008855,-0.105379
0.146070,-0.010213,-0.105893
0.145929,-0.011274,-0.106945
0.147706,-0.010777,-0.107766
0.148037,-0.011264,-0.108876
0.152909,-0.011204,-0.111852
0.152113,-0.009696,-0.113870
0.154505,-0.011474,-0.113548
0.154977,-0.008995,-0.114420
0.155283,-0.009678,-0.117576
0.157829,-0.010083,-0.117903
0.159293,-0.009677,-0.120781
0.161348,-0.010538,-0.124159
0.162794,-0.010385,-0.124120
0.163828,-0.011225,-0.129221
0.164978,-0.009677,-0.131431
0.166421,-0.009152,-0.133956
0.167729,-0.010918,-0.138963
0.169865,-0.010191,-0.149041
-0.065319,-0.008364,-0.167502
-0.062915,-0.008300,-0.162155
-0.063918,-0.008037,-0.157069
-0.060278,-0.006733,-0.154302
-0.060913,-0.008793,-0.153402
-0.058354,-0.008948,-0.148500
-0.052848,-0.008112,-0.147673
-0.054876,-0.007339,-0.143360
-0.054780,-0.008605,-0.142153
-0.052453,-0.008482,-0.141678
-0.050226,-0.008461,-0.138193
-0.049541,-0.010399,-0.138562
-0.048080,-0.008199,-0.136600
-0.045135,-0.008385,-0.134923
-0.046536,-0.008442,-0.133637
-0.042612,-0.007927,-0.133960
-0.043084,-0.009853,-0.130021
-0.040289,-0.008142,-0.129559
-0.039946,-0.008175,-0.130093
-0.035680,-0.007548,-0.125741
-0.036527,-0.008736,-0.125869
-0.034961,-0.008010,-0.124301
-0.032787,-0.007711,-0.125434
-0.031498,-0.009004,-0.124284
-0.031707,-0.007179,-0.121111
-0.029366,-0.008395,-0.120758
-0.026408,-0.008957,-0.118761
-0.026450,-0.007308,-0.116967
-0.023323,-0.007357,-0.115190
-0.023732,-0.007156,-0.114555
-0.023229,-0.005878,-0.111901
-0.018787,-0.008458,-0.111771
-0.020958,-0.007344,-0.109619
-0.018051,-0.009575,-0.107803
-0.016556,-0.010186,-0.107399
-0.015386,-0.009201,-0.104816
-0.013033,-0.007733,-0.104397
-0.012179,-0.006015,-0.102384
-0.008063,-0.008648,-0.103240
-0.010785,-0.009744,-0.102453
-0.007580,-0.010472,-0.099588
-0.006716,-0.007032,-0.097979
-0.002938,-0.011151,-0.096709
-0.004882,-0.006375,-0.094541
-0.002138,-0.007261,-0.095390
0.000837,-0.007549,-0.095705
0.001425,-0.009089,-0.093401
0.001599,-0.008399,-0.093877
0.005393,-0.009805,-0.092759
0.004458,-0.009538,-0.092448
0.007880,-0.008890,-0.092084
0.007406,-0.008622,-0.090727
0.009175,-0.008765,-0.091492
0.011502,-0.007940,-0.090017
0.009881,-0.009545,-0.089270
0.013502,-0.009600,-0.087805
0.015290,-0.008487,-0.089106
0.015863,-0.009407,-0.089924
0.017783,-0.008874,-0.088048
0.019273,-0.009423,-0.087847
0.020488,-0.007381,-0.086468
0.021068,-0.009187,-0.088891
0.022696,-0.007642,-0.088449
0.024236,-0.010389,-0.087723
0.025759,-0.008375,-0.086580
0.027083,-0.009572,-0.085646
0.028693,-0.009011,-0.087244
0.029087,-0.008443,-0.087329
0.029674,-0.008152,-0.086576
0.032307,-0.008669,-0.086539
0.033778,-0.009762,-0.085922
0.036417,-0.006793,-0.085828
0.034931,-0.008146,-0.087466
0.037390,-0.009128,-0.086274
0.038724,-0.008945,-0.085022
0.039231,-0.008022,-0.086182
0.040228,-0.009233,-0.085199
0.041912,-0.008501,-0.084172
0.044986,-0.008308,-0.082863
0.045880,-0.009094,-0.082780
0.048858,-0.007052,-0.081594
0.049296,-0.010023,-0.082657
0.051551,-0.010510,-0.080939
0.050571,-0.008964,-0.081048
0.053733,-0.008924,-0.080945
0.053892,-0.008113,-0.081208
0.055107,-0.006989,-0.081947
0.056821,-0.008706,-0.078356
0.058365,-0.008813,-0.078227
0.061186,-0.009306,-0.079829
0.060040,-0.007070,-0.077972
0.062048,-0.010150,-0.081003
0.062976,-0.008299,-0.078540
0.065677,-0.008951,-0.079784
0.064869,-0.009781,-0.079638
0.066867,-0.009914,-0.078322
0.069834,-0.008706,-0.081863
0.069299,-0.008755,-0.079669
0.073091,-0.008423,-0.079524
0.072744,-0.009425,-0.077804
0.073992,-0.008243,-0.079041
0.075811,-0.008734,-0.078911
0.077013,-0.008093,-0.081167
0.080112,-0.008378,-0.079601
0.081151,-0.009084,-0.078804
0.081950,-0.009578,-0.080524
0.082114,-0.009951,-0.082437
0.084220,-0.006081,-0.081923
0.084441,-0.008983,-0.082836
0.085926,-0.009338,-0.081765
0.086263,-0.007834,-0.083236
0.089856,-0.009489,-0.083405
0.089737,-0.008086,-0.084979
0.092922,-0.009957,-0.082212
0.094653,-0.006844,-0.085219
0.095614,-0.006964,-0.085743
0.096655,-0.008497,-0.085280
0.098720,-0.008188,-0.085352
0.099837,-0.009423,-0.086293
0.101617,-0.010549,-0.089075
0.101718,-0.009445,-0.087677
0.103538,-0.009001,-0.091037
0.105458,-0.008278,-0.088308
0.106203,-0.010389,-0.089014
0.107798,-0.009216,-0.089985
0.109516,-0.008050,-0.089179
0.112654,-0.009556,-0.089428
0.112489,-0.010553,-0.091375
0.112852,-0.010727,-0.092459
0.114488,-0.007303,-0.091791
0.114527,-0.008501,-0.092638
0.117416,-0.009741,-0.093613
0.118339,-0.007520,-0.094546
0.120329,-0.006084,-0.094311
0.120511,-0.009238,-0.094877
0.123801,-0.007022,-0.096768
0.124345,-0.008157,-0.095457
0.126668,-0.007586,-0.098502
0.127826,-0.007975,-0.096854
0.128439,-0.010135,-0.098265
0.128854,-0.008111,-0.098160
0.131293,-0.009021,-0.097387
0.131910,-0.009222,-0.100057
0.134067,-0.007976,-0.099932
0.134934,-0.007683,-0.101077
0.137880,-0.008182,-0.101711
0.137345,-0.008025,-0.102803
0.139150,-0.009424,-0.102562
0.139907,-0.008424,-0.104539
0.140978,-0.009382,-0.104980
0.142313,-0.010071,-0.106801
0.145769,-0.009650,-0.106657
0.147286,-0.007982,-0.108287
0.146425,-0.010103,-0.109183
0.149640,-0.010604,-0.109405
0.149622,-0.008318,-0.109871
0.152173,-0.008624,-0.111895
0.152845,-0.008235,-0.113364
0.154466,-0.007314,-0.114588
0.155380,-0.006513,-0.117689
0.158706,-0.009449,-0.118251
0.158532,-0.008044,-0.121461
0.160199,-0.008142,-0.122588
0.161485,-0.010208,-0.125147
0.164931,-0.008686,-0.127474
0.166183,-0.008635,-0.130286
0.166306,-0.008196,-0.134532
0.168021,-0.007933,-0.138672
-0.067910,-0.008556,-0.173304
-0.064021,-0.005442,-0.167160
-0.061620,-0.006391,-0.158714
-0.060286,-0.007362,-0.156652
-0.060369,-0.007141,-0.153397
-0.056904,-0.007931,-0.152164
-0.056909,-0.007457,-0.149553
-0.055986,-0.007692,-0.146119
-0.052681,-0.007157,-0.145134
-0.052264,-0.006815,-0.141450
-0.049401,-0.007596,-0.139998
-0.047974,-0.006085,-0.138326
-0.047977,-0.004697,-0.136668
-0.045360,-0.006426,-0.135321
-0.044543,-0.006618,-0.134664
-0.042852,-0.004821,-0.133218
-0.040523,-0.007419,-0.132319
-0.041612,-0.006164,-0.127557
-0.037849,-0.007013,-0.130145
-0.036730,-0.006316,-0.126738
-0.034562,-0.006413,-0.127320
-0.035564,-0.005991,-0.127357
-0.034397,-0.006643,-0.124819
-0.032506,-0.005869,-0.124098
-0.031333,-0.005920,-0.123327
-0.028834,-0.006160,-0.120288
-0.027832,-0.006163,-0.118383
-0.024185,-0.007556,-0.118323
-0.025226,-0.007260,-0.117139
-0.023369,-0.006355,-0.114053
-0.021738,-0.006551,-0.112811
-0.021886,-0.006745,-0.113686
-0.018229,-0.007630,-0.109614
-0.018062,-0.006701,-0.108777
-0.016534,-0.007464,-0.107724
-0.014409,-0.007165,-0.106535
-0.013156,-0.007442,-0.103608
-0.012710,-0.007175,-0.104398
-0.010351,-0.006044,-0.101790
-0.007163,-0.006136,-0.101079
-0.009260,-0.004914,-0.100405
-0.006772,-0.005553,-0.098960
-0.004486,-0.006172,-0.097868
-0.004454,-0.006687,-0.099328
-0.001562,-0.007955,-0.094557
-0.000713,-0.006287,-0.096332
0.000094,-0.006618,-0.095678
0.002289,-0.007315,-0.094793
0.003282,-0.008276,-0.093872
0.004422,-0.006703,-0.092613
0.004341,-0.005317,-0.093288
0.007901,-0.005899,-0.091775
0.009800,-0.005318,-0.092468
0.009697,-0.008864,-0.091882
0.012199,-0.007302,-0.090974
0.010670,-0.007489,-0.088596
0.012345,-0.007680,-0.087985
0.015316,-0.007383,-0.090092
0.016484,-0.007352,-0.090555
0.016999,-0.005947,-0.090238
0.019620,-0.006673,-0.087497
0.020586,-0.007125,-0.087491
0.023493,-0.007425,-0.088525
0.022813,-0.006052,-0.088070
0.024275,-0.007811,-0.089316
0.027320,-0.008341,-0.085855
0.027938,-0.008977,-0.089926
0.030116,-0.007672,-0.088120
0.031053,-0.008252,-0.087128
0.034207,-0.006710,-0.088285
0.033552,-0.006451,-0.087267
0.034008,-0.006722,-0.084938
0.036537,-0.006346,-0.086064
0.037981,-0.008245,-0.085127
0.040492,-0.007777,-0.085653
0.041746,-0.006858,-0.085629
0.042512,-0.007586,-0.084060
0.043513,-0.005435,-0.084108
0.043695,-0.007710,-0.084154
0.045339,-0.006408,-0.082085
0.045920,-0.007586,-0.083732
0.048079,-0.006364,-0.082215
0.051693,-0.004941,-0.082121
0.050719,-0.009962,-0.081939
0.053185,-0.007261,-0.081356
0.054758,-0.007145,-0.079532
0.054478,-0.007254,-0.079954
0.056386,-0.006336,-0.080025
0.058770,-0.007274,-0.081983
0.058558,-0.008505,-0.080965
0.060703,-0.008104,-0.079959
0.061630,-0.007691,-0.077809
0.063461,-0.007709,-0.079052
0.064435,-0.007507,-0.079426
0.065695,-0.007512,-0.079655
0.067807,-0.007718,-0.081132
0.069101,-0.006898,-0.077992
0.068628,-0.007446,-0.078966
0.071878,-0.005673,-0.080647
0.073105,-0.006999,-0.080037
0.075792,-0.008427,-0.080161
0.077207,-0.006160,-0.080194
0.076016,-0.005475,-0.081282
0.080152,-0.005719,-0.082193
0.079526,-0.008643,-0.080485
0.081037,-0.005288,-0.082129
0.082918,-0.008124,-0.081901
0.085586,-0.007373,-0.080792
0.085235,-0.007365,-0.083243
0.086588,-0.005159,-0.082793
0.087126,-0.007930,-0.081914
0.088883,-0.006072,-0.084078
0.090670,-0.006133,-0.083878
0.091954,-0.007558,-0.085735
0.093643,-0.007266,-0.085945
0.094686,-0.007584,-0.086437
0.096409,-0.008138,-0.086854
0.097713,-0.004251,-0.085632
0.100027,-0.006972,-0.086651
0.100887,-0.007048,-0.089108
0.102802,-0.006999,-0.087361
0.104489,-0.007034,-0.089883
0.106178,-0.006529,-0.089374
0.105027,-0.007224,-0.090426
0.107529,-0.008644,-0.090855
0.111073,-0.007746,-0.090484
0.109357,-0.007974,-0.091942
0.113365,-0.008647,-0.090909
0.113490,-0.006904,-0.090907
0.114196,-0.005268,-0.093453
0.115538,-0.005846,-0.093045
0.116049,-0.008231,-0.092291
0.117116,-0.007724,-0.094350
0.120423,-0.006321,-0.097427
0.123397,-0.006448,-0.095097
0.122389,-0.006490,-0.095652
0.124947,-0.007645,-0.096529
0.126024,-0.006784,-0.096603
0.126230,-0.007397,-0.096811
0.128119,-0.008301,-0.098559
0.129621,-0.007817,-0.098193
0.130162,-0.006762,-0.099092
0.131536,-0.007385,-0.097034
0.134485,-0.007488,-0.099894
0.136803,-0.007417,-0.099808
0.137893,-0.008035,-0.102100
0.138597,-0.005766,-0.100304
0.140952,-0.006834,-0.105785
0.140309,-0.007090,-0.103754
0.143136,-0.005523,-0.104873
0.143751,-0.008728,-0.106390
0.145873,-0.007261,-0.106533
0.146495,-0.006319,-0.107472
0.150255,-0.008019,-0.109264
0.150974,-0.007327,-0.109641
0.150741,-0.005374,-0.111358
0.150701,-0.007749,-0.113911
0.153798,-0.007016,-0.113888
0.154683,-0.007976,-0.115875
0.156984,-0.006577,-0.117230
0.159552,-0.006235,-0.117670
0.160292,-0.006710,-0.120115
0.159577,-0.008975,-0.123371
0.161887,-0.006730,-0.126432
0.161796,-0.006563,-0.128397
0.165815,-0.005290,-0.131019
0.168243,-0.007383,-0.134590
0.170596,-0.004696,-0.140648
-0.064643,-0.003512,-0.171074
-0.063220,-0.004132,-0.162850
-0.062286,-0.003992,-0.157499
-0.059728,-0.004219,-0.155456
-0.057647,-0.004016,-0.153925
-0.056917,-0.004448,-0.149575
-0.055222,-0.004749,-0.147301
-0.055613,-0.004362,-0.144514
-0.052733,-0.004870,-0.145050
-0.051863,-0.004237,-0.142911
-0.048406,-0.006125,-0.141140
-0.049542,-0.006078,-0.139277
-0.045860,-0.005623,-0.136779
-0.043879,-0.005933,-0.135497
-0.042369,-0.006594,-0.133185
-0.042576,-0.004789,-0.132536
-0.040426,-0.004186,-0.134052
-0.038789,-0.005009,-0.129591
-0.036422,-0.006218,-0.128254
-0.036610,-0.004988,-0.125769
-0.034437,-0.004851,-0.127547
-0.034262,-0.007250,-0.124016
-0.033703,-0.005709,-0.123622
-0.032652,-0.005116,-0.122595
-0.029549,-0.004465,-0.120717
-0.029375,-0.004199,-0.120501
-0.026660,-0.004928,-0.117948
-0.023982,-0.003548,-0.117644
-0.022643,-0.005332,-0.116598
-0.023123,-0.006589,-0.114692
-0.020458,-0.003646,-0.114614
-0.020089,-0.004381,-0.110885
-0.018297,-0.004587,-0.110393
-0.014914,-0.006301,-0.108944
-0.014505,-0.003844,-0.106301
-0.012165,-0.007350,-0.105740
-0.011661,-0.006049,-0.106237
-0.011088,-0.004267,-0.104892
-0.009945,-0.007197,-0.102787
-0.008999,-0.007003,-0.100646
-0.006906,-0.004165,-0.100427
-0.006096,-0.005119,-0.100225
-0.004485,-0.004189,-0.098733
-0.004230,-0.005410,-0.097833
-0.000909,-0.004389,-0.095690
0.001283,-0.006023,-0.096351
0.002845,-0.007804,-0.096307
0.004596,-0.004923,-0.092608
0.004679,-0.005057,-0.094147
0.006499,-0.006060,-0.091578
0.005968,-0.005742,-0.093058
0.008625,-0.005175,-0.091010
0.010366,-0.005390,-0.091318
0.010743,-0.006942,-0.088399
0.010710,-0.005735,-0.089333
0.014044,-0.007348,-0.089841
0.016797,-0.005619,-0.088163
0.019028,-0.005134,-0.088296
0.021286,-0.005887,-0.089346
0.021465,-0.005943,-0.088940
0.021713,-0.005064,-0.088773
0.024254,-0.008007,-0.088035
0.023585,-0.005163,-0.088778
0.025227,-0.006242,-0.086542
0.026514,-0.003897,-0.086631
0.029146,-0.004973,-0.085907
0.028674,-0.005470,-0.088049
0.032114,-0.005921,-0.087653
0.032905,-0.005568,-0.086203
0.033393,-0.004366,-0.086673
0.035140,-0.004585,-0.088064
0.036980,-0.005902,-0.086116
0.037769,-0.004993,-0.084287
0.039507,-0.006749,-0.085136
0.039556,-0.005275,-0.085917
0.040943,-0.005691,-0.085570
0.044073,-0.005129,-0.084847
0.044940,-0.004510,-0.083660
0.045109,-0.006424,-0.084334
0.048166,-0.003927,-0.082489
0.048356,-0.006998,-0.080707
0.051568,-0.006431,-0.081803
0.051110,-0.006361,-0.080933
0.051704,-0.005781,-0.082712
0.054608,-0.006140,-0.081654
0.056583,-0.006755,-0.079813
0.057392,-0.004789,-0.081363
0.058901,-0.005628,-0.081371
0.058800,-0.004213,-0.080630
0.061562,-0.005308,-0.079765
0.061829,-0.004509,-0.079525
0.062887,-0.005800,-0.078856
0.063590,-0.007655,-0.081052
0.068900,-0.005523,-0.081064
0.068313,-0.006321,-0.079372
0.068428,-0.005353,-0.079348
0.069658,-0.006429,-0.079897
0.072498,-0.006956,-0.078988
0.074584,-0.004372,-0.081039
0.073790,-0.006427,-0.080797
0.075612,-0.005260,-0.080156
0.077928,-0.004931,-0.080991
0.077718,-0.005784,-0.079478
0.079579,-0.005741,-0.081282
0.081233,-0.005821,-0.080761
0.081870,-0.007285,-0.084340
0.084224,-0.006738,-0.082238
0.084926,-0.005451,-0.082564
0.088331,-0.006770,-0.083336
0.090236,-0.004267,-0.081390
0.089037,-0.005961,-0.084948
0.088589,-0.006505,-0.083660
0.091339,-0.005372,-0.085337
0.093880,-0.006942,-0.086533
0.095448,-0.005104,-0.085104
0.094943,-0.006168,-0.086226
0.098008,-0.005207,-0.086233
0.098327,-0.005030,-0.088252
0.101552,-0.006757,-0.087827
0.102800,-0.005645,-0.088762
0.103894,-0.002857,-0.089747
0.104541,-0.004114,-0.089872
0.106677,-0.005577,-0.092861
0.105991,-0.005725,-0.090064
0.107600,-0.006131,-0.091355
0.109798,-0.004852,-0.091946
0.111154,-0.006339,-0.091918
0.114318,-0.004061,-0.093697
0.113684,-0.007048,-0.092501
0.114665,-0.004627,-0.094561
0.117135,-0.004681,-0.093756
0.118560,-0.007121,-0.095084
0.120415,-0.004644,-0.093647
0.121755,-0.003997,-0.095227
0.122380,-0.004776,-0.095977
0.123364,-0.005508,-0.095050
0.126268,-0.006306,-0.097237
0.126629,-0.005064,-0.096604
0.128616,-0.005796,-0.098959
0.130490,-0.006299,-0.097777
0.131866,-0.003582,-0.100332
0.133050,-0.005370,-0.100053
0.135785,-0.005447,-0.100308
0.135571,-0.006122,-0.101084
0.135232,-0.003797,-0.101552
0.138544,-0.006271,-0.100925
0.139078,-0.005604,-0.102390
0.142180,-0.003788,-0.106759
0.143110,-0.006059,-0.107084
0.141780,-0.005527,-0.105746
0.143616,-0.006396,-0.109818
0.147356,-0.004818,-0.106814
0.147780,-0.005443,-0.108327
0.149663,-0.005876,-0.111017
0.150970,-0.005712,-0.112991
0.152002,-0.005888,-0.113833
0.152496,-0.005890,-0.115355
0.155865,-0.003882,-0.118980
0.156932,-0.004776,-0.119105
0.156958,-0.006603,-0.119255
0.158962,-0.006712,-0.123241
0.161448,-0.005735,-0.123665
0.162110,-0.005644,-0.126965
0.163157,-0.004262,-0.130013
0.165082,-0.005207,-0.130525
0.166219,-0.005846,-0.138138
0.169001,-0.004937,-0.142287
-0.062574,-0.005002,-0.165756
-0.061017,-0.003004,-0.159848
-0.058411,-0.003841,-0.157804
-0.060130,-0.004042,-0.154822
-0.057216,-0.003409,-0.151087
-0.056361,-0.005053,-0.150268
-0.053150,-0.003179,-0.148371
-0.052734,-0.005017,-0.145918
-0.050604,-0.004197,-0.142428
-0.046983,-0.002726,-0.141399
-0.049671,-0.002128,-0.139291
-0.046973,-0.002582,-0.138183
-0.045596,-0.003161,-0.136021
-0.042296,-0.002815,-0.136091
-0.042852,-0.003305,-0.133178
-0.042161,-0.004935,-0.132124
-0.038243,-0.004887,-0.130678
-0.038478,-0.001985,-0.129242
-0.037301,-0.002932,-0.126432
-0.033853,-0.002341,-0.127283
-0.033467,-0.004703,-0.126310
-0.032478,-0.003107,-0.125956
-0.030740,-0.002497,-0.122906
-0.027076,-0.004152,-0.122677
-0.026545,-0.002751,-0.121659
-0.025711,-0.004228,-0.119823
-0.024001,-0.003078,-0.118118
-0.024888,-0.002057,-0.115206
-0.020064,-0.003203,-0.116617
-0.021127,-0.003326,-0.114179
-0.019368,-0.004264,-0.112109
-0.018619,-0.004196,-0.109621
-0.017901,-0.002835,-0.110191
-0.014942,-0.004160,-0.108206
-0.013975,-0.003134,-0.105153
-0.011281,-0.003259,-0.105600
-0.011347,-0.003740,-0.103672
-0.009157,-0.002988,-0.101575
-0.007978,-0.004018,-0.101820
-0.007291,-0.002108,-0.100502
-0.005933,-0.004038,-0.099234
-0.002160,-0.004591,-0.098705
-0.000716,-0.004918,-0.098378
-0.002704,-0.001670,-0.095986
0.000306,-0.004348,-0.095649
0.003263,-0.001789,-0.094756
0.002400,-0.003310,-0.095674
0.005656,-0.005844,-0.094506
0.007836,-0.003404,-0.092246
0.008964,-0.002934,-0.093110
0.008332,-0.005947,-0.093326
0.009324,-0.004703,-0.090918
0.012287,-0.003538,-0.090427
0.015346,-0.002737,-0.091694
0.013171,-0.004180,-0.089730
0.016809,-0.002504,-0.090446
0.015886,-0.003640,-0.090601
0.016613,-0.005648,-0.089223
0.019334,-0.006150,-0.090077
0.023014,-0.002854,-0.089074
0.022795,-0.003237,-0.089310
0.024884,-0.003285,-0.088483
0.025295,-0.003242,-0.090370
0.027591,-0.003750,-0.089272
0.029114,-0.004126,-0.088521
0.030725,-0.003144,-0.088148
0.031713,-0.005410,-0.085328
0.029676,-0.007306,-0.086162
0.033871,-0.003532,-0.086264
0.034552,-0.002955,-0.086631
0.036561,-0.004346,-0.087539
0.037117,-0.004456,-0.085401
0.038623,-0.004017,-0.084700
0.039226,-0.004282,-0.084581
0.042435,-0.002972,-0.084023
0.043881,-0.003925,-0.084198
0.045128,-0.004133,-0.085007
0.047188,-0.004987,-0.083027
0.047348,-0.004685,-0.084211
0.048265,-0.001814,-0.084813
0.050409,-0.002659,-0.082015
0.051956,-0.003758,-0.081993
0.052729,-0.002881,-0.081444
0.052625,-0.003594,-0.080212
0.055515,-0.002526,-0.080488
0.056553,-0.002346,-0.080143
0.057919,-0.004569,-0.080820
0.058455,-0.002564,-0.082623
0.060403,-0.003703,-0.080389
0.062344,-0.003317,-0.080990
0.062867,-0.003411,-0.078767
0.065922,-0.004166,-0.078760
0.065622,-0.003214,-0.080901
0.068836,-0.002769,-0.079927
0.070156,-0.003642,-0.078468
0.069405,-0.003441,-0.080682
0.071607,-0.002751,-0.080067
0.072353,-0.002915,-0.082531
0.073179,-0.004534,-0.081496
0.076248,-0.002999,-0.081340
0.075727,-0.003694,-0.083516
0.080996,-0.003942,-0.080602
0.079740,-0.004471,-0.080459
0.081416,-0.003170,-0.080901
0.083099,-0.003252,-0.083122
0.085675,-0.003433,-0.083992
0.084550,-0.004383,-0.080907
0.086735,-0.003711,-0.082930
0.088057,-0.004263,-0.083401
0.090520,-0.005643,-0.084712
0.090892,-0.004055,-0.083939
0.092239,-0.002271,-0.086090
0.094596,-0.001724,-0.085710
0.095451,-0.003263,-0.086798
0.098082,-0.002745,-0.084691
0.098904,-0.004885,-0.087066
0.099439,-0.003784,-0.086563
0.099734,-0.003575,-0.088332
0.101479,-0.002319,-0.089182
0.104121,-0.004847,-0.089177
0.105443,-0.004062,-0.088544
0.106129,-0.003782,-0.088684
0.107222,-0.004499,-0.090055
0.109312,-0.003931,-0.091935
0.109656,-0.003495,-0.092363
0.111124,-0.004966,-0.093482
0.112142,-0.005257,-0.091070
0.115089,-0.003160,-0.092949
0.116176,-0.002812,-0.094426
0.116001,-0.004081,-0.091929
0.118988,-0.002715,-0.094758
0.119789,-0.001955,-0.094784
0.121483,-0.002994,-0.097337
0.123094,-0.003285,-0.096620
0.123444,-0.002578,-0.096938
0.125688,-0.004913,-0.098053
0.128003,-0.003005,-0.099709
0.127423,-0.004932,-0.097319
0.127798,-0.003450,-0.098541
0.131832,-0.003598,-0.099512
0.133582,-0.004111,-0.100024
0.134415,-0.002957,-0.100627
0.135633,-0.005566,-0.099501
0.137547,-0.003674,-0.101315
0.138956,-0.002503,-0.101657
0.139914,-0.004587,-0.104057
0.140503,-0.003855,-0.104461
0.142596,-0.005526,-0.104637
0.144737,-0.006208,-0.104988
0.145418,-0.005457,-0.106335
0.144755,-0.003924,-0.109405
0.148089,-0.003435,-0.110327
0.150305,-0.003844,-0.106920
0.150120,-0.005323,-0.111796
0.151634,-0.003051,-0.113066
0.153371,-0.001456,-0.115010
0.154641,-0.003204,-0.116432
0.157282,-0.005559,-0.115979
0.156651,-0.003400,-0.118827
0.159348,-0.004032,-0.120465
0.159794,-0.004511,-0.125697
0.162972,-0.004820,-0.124627
0.164659,-0.002552,-0.128418
0.165990,-0.004233,-0.131765
0.167809,-0.003173,-0.138906
0.167850,-0.003014,-0.143468
-0.062567,-0.000771,-0.174352
-0.061493,-0.001170,-0.166064
-0.060082,-0.003974,-0.160905
-0.058563,-0.001960,-0.156463
-0.058378,-0.002263,-0.153195
-0.055073,-0.001009,-0.151185
-0.053398,-0.003221,-0.146130
-0.051140,-0.000851,-0.146883
-0.049965,0.000094,-0.145902
-0.050735,-0.001748,-0.142218
-0.048003,-0.002431,-0.139595
-0.046189,-0.003153,-0.139141
-0.044318,-0.000572,-0.138499
-0.042187,-0.001303,-0.134923
-0.042066,-0.001071,-0.133344
-0.041425,-0.001001,-0.132387
-0.039057,-0.001968,-0.131249
-0.036668,-0.003046,-0.130152
-0.037471,-0.003316,-0.129640
-0.034445,-0.003162,-0.128488
-0.033019,-0.002498,-0.127384
-0.031332,-0.002333,-0.125347
-0.031231,-0.001244,-0.124912
-0.029595,-0.002645,-0.122096
-0.027515,-0.001919,-0.120337
-0.026506,-0.002620,-0.120768
-0.024940,-0.002317,-0.119145
-0.022960,-0.001641,-0.116368
-0.022189,-0.001161,-0.117011
-0.022590,-0.004925,-0.113612
-0.019086,-0.003585,-0.112084
-0.018366,-0.003413,-0.109673
-0.017764,-0.002071,-0.110151
-0.014330,-0.001744,-0.107615
-0.014544,-0.002241,-0.106762
-0.011156,-0.003224,-0.106840
-0.009906,-0.002664,-0.104630
-0.007121,-0.001537,-0.103742
-0.007037,-0.001201,-0.104115
-0.006937,-0.001897,-0.100499
-0.005320,-0.002177,-0.099265
-0.004449,-0.002014,-0.099541
-0.002129,-0.003529,-0.096767
-0.002223,-0.000009,-0.095852
0.002079,-0.002953,-0.096103
0.002066,-0.002838,-0.094369
0.002648,-0.003834,-0.094588
0.005174,-0.001750,-0.094668
0.005634,-0.001796,-0.092914
0.007724,-0.002990,-0.093376
0.009380,-0.001437,-0.092016
0.009766,-0.002123,-0.091800
0.012651,-0.003229,-0.092181
0.014039,-0.002349,-0.090228
0.013572,-0.002486,-0.090321
0.015782,-0.003441,-0.088762
0.017337,-0.000498,-0.088640
0.019408,-0.001371,-0.088880
0.020822,-0.003200,-0.088428
0.022408,-0.001425,-0.089232
0.022943,-0.001904,-0.089734
0.023972,-0.001624,-0.087737
0.023915,-0.003305,-0.088120
0.027490,-0.003483,-0.087889
0.028281,-0.001095,-0.087998
0.028846,-0.001226,-0.086824
0.032815,-0.001262,-0.088346
0.033442,-0.003257,-0.088806
0.033008,-0.004983,-0.088078
0.033955,-0.002789,-0.085098
0.036621,-0.002073,-0.084263
0.035755,-0.002574,-0.086771
0.038989,-0.002318,-0.084001
0.041318,-0.001988,-0.084403
0.040917,-0.001759,-0.085942
0.042479,-0.001195,-0.086042
0.043947,-0.002434,-0.086146
0.046303,-0.003585,-0.084023
0.050104,-0.002697,-0.082951
0.049699,-0.001518,-0.083683
0.049784,-0.004688,-0.082485
0.052852,-0.002338,-0.082033
0.052110,-0.002215,-0.081441
0.055805,-0.001741,-0.081079
0.056020,-0.002930,-0.081192
0.056775,-0.000520,-0.081825
0.058114,-0.003601,-0.081246
0.058899,-0.001404,-0.080871
0.060247,-0.000452,-0.080424
0.062215,-0.003858,-0.081475
0.062041,-0.002781,-0.080805
0.065345,-0.000706,-0.078258
0.067171,-0.002231,-0.079980
0.069089,-0.002392,-0.080468
0.069679,-0.001677,-0.081255
0.070595,-0.001225,-0.079503
0.071357,-0.002792,-0.081037
0.072869,-0.001254,-0.081650
0.074459,-0.001852,-0.079955
0.075838,-0.000090,-0.079292
0.077862,-0.001843,-0.080273
0.078107,-0.002248,-0.080800
0.078073,-0.003009,-0.080754
0.082642,-0.001792,-0.081808
0.081813,-0.002895,-0.082245
0.084032,-0.003006,-0.082456
0.086703,-0.001590,-0.082197
0.086975,-0.002947,-0.085284
0.087672,-0.003005,-0.083985
0.090362,-0.001810,-0.087237
0.090498,-0.004014,-0.084410
0.092702,-0.002098,-0.085111
0.093903,-0.002518,-0.085349
0.096580,-0.002912,-0.086641
0.098584,-0.001769,-0.088502
0.098176,-0.002907,-0.086999
0.099103,-0.001150,-0.086693
0.101678,-0.000715,-0.087964
0.101598,-0.001879,-0.090705
0.103256,-0.001873,-0.088203
0.106505,-0.001089,-0.089624
0.105724,-0.002831,-0.091913
0.105945,-0.000511,-0.089975
0.108304,-0.000727,-0.090695
0.110393,-0.001113,-0.090506
0.113726,-0.001965,-0.093439
0.112374,-0.001086,-0.093393
0.113603,-0.002543,-0.095649
0.113978,-0.001603,-0.095020
0.118884,-0.001039,-0.095311
0.118529,-0.002512,-0.093545
0.119583,-0.003949,-0.093546
0.122241,-0.004741,-0.094698
0.123801,-0.000457,-0.096433
0.124069,-0.003024,-0.096620
0.124688,-0.002762,-0.097758
0.126136,0.000040,-0.096476
0.128047,0.000334,-0.099254
0.128575,-0.002337,-0.098188
0.127601,-0.003882,-0.099258
0.131901,-0.002677,-0.099771
0.135350,-0.002255,-0.100421
0.136034,-0.001171,-0.099363
0.135250,-0.002888,-0.101856
0.138100,-0.002550,-0.102393
0.139502,-0.002063,-0.102925
0.140689,-0.003581,-0.104165
0.141548,-0.002810,-0.107341
0.143334,-0.000844,-0.106090
0.145738,-0.002266,-0.107334
0.145684,-0.002538,-0.108387
0.148022,-0.002207,-0.108263
0.149344,-0.001589,-0.110420
0.150467,-0.000998,-0.112828
0.150510,-0.004451,-0.112135
0.152948,-0.002594,-0.115892
0.155952,-0.002471,-0.116904
0.156295,-0.002521,-0.119267
0.158049,-0.003337,-0.119826
0.160797,-0.002036,-0.122373
0.160142,-0.002538,-0.124540
0.161772,-0.001950,-0.125396
0.162195,-0.001752,-0.128596
0.167283,0.000152,-0.132426
0.167081,-0.002734,-0.138806
0.168628,-0.002809,-0.143328
-0.061627,-0.001265,-0.170928
-0.058884,0.000109,-0.162456
-0.059343,-0.002126,-0.159114
-0.057259,0.000486,-0.155686
-0.055752,-0.000284,-0.153759
-0.054498,-0.000855,-0.150077
-0.051751,0.001337,-0.149087
-0.048968,-0.001024,-0.145749
-0.049723,-0.000799,-0.143601
-0.047511,0.000241,-0.143244
-0.045991,0.000978,-0.139266
-0.045086,-0.002198,-0.137994
-0.043299,-0.002746,-0.136295
-0.042775,0.000270,-0.135867
-0.040886,-0.000174,-0.133080
-0.039948,-0.000485,-0.132514
-0.037072,-0.000481,-0.132544
-0.038187,-0.000179,-0.129772
-0.034865,0.000105,-0.126286
-0.033480,-0.001540,-0.128960
-0.029910,-0.001826,-0.126390
-0.030349,-0.001954,-0.124442
-0.028557,-0.002906,-0.123933
-0.027352,-0.000825,-0.121416
-0.026772,-0.001159,-0.121323
-0.024339,0.000330,-0.118818
-0.023546,-0.001128,-0.117864
-0.021876,-0.001162,-0.115369
-0.019819,-0.001026,-0.116096
-0.019351,-0.000006,-0.112991
-0.017963,0.000634,-0.111349
-0.017259,-0.000350,-0.111098
-0.013758,-0.001092,-0.110473
-0.013183,0.000305,-0.106637
-0.013108,-0.000861,-0.106589
-0.009812,-0.000055,-0.106246
-0.010001,-0.001851,-0.102555
-0.006490,-0.002020,-0.102767
-0.006082,-0.001395,-0.101605
-0.006388,0.000136,-0.102620
-0.003506,-0.001787,-0.099428
-0.002005,-0.000595,-0.099834
-0.001122,-0.000615,-0.097372
0.001436,-0.001883,-0.098086
0.002723,-0.001156,-0.095833
0.004462,-0.000956,-0.095110
0.003915,-0.002840,-0.093938
0.006648,0.000486,-0.093835
0.005647,-0.000752,-0.091803
0.011104,0.000392,-0.089557
0.010002,-0.000642,-0.091990
0.011663,-0.002739,-0.090964
0.015385,-0.000363,-0.090499
0.014914,-0.001965,-0.091076
0.013430,-0.001039,-0.090430
0.018059,-0.000466,-0.090358
0.016729,-0.000843,-0.091289
0.020054,0.000282,-0.089340
0.021903,0.000251,-0.087658
0.021679,-0.002534,-0.088302
0.023606,-0.002134,-0.088318
0.026006,-0.003233,-0.087651
0.027911,-0.001676,-0.089019
0.028936,-0.000501,-0.088290
0.028711,0.000131,-0.086884
0.028416,-0.000947,-0.086525
0.031508,-0.002492,-0.086994
0.034010,-0.001182,-0.085654
0.035258,-0.001900,-0.084863
0.036452,-0.000894,-0.086604
0.038104,0.000593,-0.087443
0.036556,0.000507,-0.086958
0.043203,-0.001379,-0.085276
0.044195,-0.001114,-0.088373
0.042851,0.001715,-0.084907
0.043345,-0.000470,-0.084802
0.046079,-0.002326,-0.084280
0.046541,-0.000177,-0.083345
0.048334,0.000243,-0.084324
0.050002,-0.000171,-0.083355
0.051137,0.000775,-0.081660
0.052019,0.000151,-0.082682
0.054586,0.000536,-0.082632
0.054238,-0.000292,-0.080610
0.056897,-0.001773,-0.079321
0.057161,-0.001929,-0.081468
0.059329,-0.002174,-0.079630
0.060299,-0.000604,-0.081475
0.062304,-0.000079,-0.080233
0.062742,-0.001437,-0.079218
0.066122,-0.000822,-0.078850
0.067618,0.000240,-0.080394
0.067713,-0.001155,-0.081261
0.071247,0.000640,-0.079942
0.070070,-0.001648,-0.081749
0.072645,0.000417,-0.081926
0.074287,-0.000137,-0.081169
0.075220,0.001751,-0.080425
0.074256,-0.000810,-0.081886
0.077462,-0.001946,-0.079626
0.078759,-0.001119,-0.082519
0.078620,0.000460,-0.080709
0.082638,-0.000954,-0.082684
0.082001,-0.000818,-0.083231
0.084879,-0.002237,-0.083296
0.084506,-0.000460,-0.082269
0.087026,-0.000753,-0.083652
0.088130,-0.000832,-0.083503
0.088337,0.000543,-0.084998
0.090223,-0.002201,-0.084972
0.091349,-0.003437,-0.084751
0.093584,0.000585,-0.088022
0.095334,0.000587,-0.087158
0.095191,-0.000072,-0.088524
0.097178,0.000348,-0.085404
0.100131,0.000029,-0.089818
0.101961,-0.001089,-0.088467
0.103270,-0.001761,-0.088531
0.103185,-0.000506,-0.090454
0.105527,-0.000878,-0.087941
0.104144,-0.001129,-0.090730
0.107437,-0.001785,-0.091698
0.110657,-0.002577,-0.092290
0.111071,0.000597,-0.090612
0.112731,-0.000657,-0.091147
0.114144,-0.001698,-0.093384
0.115507,0.000003,-0.093419
0.115915,-0.000890,-0.093559
0.116706,-0.000663,-0.095430
0.118563,-0.001083,-0.093091
0.120043,0.000036,-0.096046
0.121196,-0.000267,-0.096602
0.122596,-0.001314,-0.095354
0.124565,-0.000967,-0.097800
0.127131,-0.001092,-0.097461
0.127678,0.000191,-0.097862
0.128596,-0.001062,-0.098389
0.129009,-0.000725,-0.100453
0.131403,-0.002687,-0.101322
0.132835,-0.000778,-0.100433
0.133396,-0.000378,-0.100075
0.135010,-0.002116,-0.101183
0.135155,-0.000107,-0.099999
0.137638,-0.001601,-0.101798
0.140056,0.000769,-0.104853
0.140735,-0.000753,-0.105418
0.141529,0.000077,-0.105623
0.144065,0.000114,-0.107042
0.144854,0.000659,-0.108218
0.146364,-0.000976,-0.107993
0.148856,0.000466,-0.109163
0.148464,-0.001516,-0.111600
0.150011,0.000327,-0.111505
0.153346,-0.000446,-0.113792
0.153335,0.000924,-0.114609
0.155812,-0.001689,-0.116252
0.157126,0.001045,-0.118302
0.159942,-0.000663,-0.119920
0.158524,-0.000618,-0.123172
0.160101,0.000383,-0.125417
0.162938,-0.001105,-0.128065
0.164282,-0.001033,-0.130689
0.164964,-0.000234,-0.133387
0.167779,-0.001362,-0.139480
0.169058,0.001565,-0.144823
-0.060660,0.001849,-0.175920
-0.057897,0.002407,-0.167383
-0.059343,0.002315,-0.160620
-0.057412,0.002797,-0.158470
-0.056343,0.002985,-0.156462
-0.055052,0.000609,-0.152862
-0.053768,0.001467,-0.146933
-0.051992,0.002868,-0.147410
-0.049046,0.000748,-0.145095
-0.048294,0.001931,-0.142851
-0.047583,-0.000280,-0.142987
-0.042456,0.001162,-0.140241
-0.043364,-0.000986,-0.137347
-0.041759,0.001440,-0.134617
-0.041813,0.000367,-0.134480
-0.038987,0.000743,-0.133660
-0.036574,0.001987,-0.132319
-0.037225,0.000549,-0.130069
-0.035335,0.002923,-0.130135
-0.032217,0.001294,-0.128726
-0.032919,0.002131,-0.126478
-0.030740,0.001028,-0.125207
-0.030806,0.001430,-0.123560
-0.027361,0.001401,-0.121536
-0.025092,0.000121,-0.119856
-0.025995,0.001852,-0.120931
-0.024302,0.000636,-0.118842
-0.023196,0.001840,-0.115788
-0.023065,0.001033,-0.118447
-0.018682,0.002234,-0.115163
-0.019427,0.001895,-0.112603
-0.016198,0.002662,-0.111965
-0.015520,0.000585,-0.110174
-0.014848,0.000844,-0.109199
-0.010498,0.000652,-0.105696
-0.009422,0.002967,-0.105399
-0.010593,0.000691,-0.106193
-0.008017,0.000382,-0.102060
-0.004726,0.000509,-0.100712
-0.004096,0.000763,-0.102246
-0.003639,0.001000,-0.100725
-0.002090,0.001598,-0.098458
-0.002682,0.000637,-0.097826
-0.000933,-0.000079,-0.097238
0.002153,0.000307,-0.095953
0.004481,0.001601,-0.094650
0.005340,-0.000191,-0.095890
0.005985,0.002325,-0.095043
0.006082,-0.001329,-0.092422
0.008417,-0.000114,-0.092891
0.010666,0.000207,-0.092723
0.010106,0.001215,-0.091454
0.012587,0.001744,-0.090466
0.013492,0.002304,-0.091170
0.015317,-0.000339,-0.089247
0.017535,0.000784,-0.087593
0.019708,-0.000742,-0.089677
0.019711,0.000316,-0.089244
0.021119,0.001170,-0.089514
0.021360,0.001560,-0.087428
0.024497,0.000093,-0.088911
0.024832,0.001051,-0.087398
0.025729,0.002127,-0.087943
0.028197,-0.000810,-0.086341
0.031548,0.000902,-0.086818
0.031709,0.000932,-0.086818
0.030697,0.002038,-0.087240
0.033692,0.000193,-0.087394
0.034653,0.000952,-0.085684
0.034907,0.000108,-0.085920
0.037252,0.002369,-0.085844
0.039746,0.000063,-0.084831
0.041551,0.000081,-0.084839
0.041198,-0.001396,-0.086136
0.044357,0.001744,-0.085103
0.044389,0.001334,-0.085402
0.047556,0.000844,-0.085066
0.046664,0.000828,-0.082248
0.048522,0.000409,-0.082040
0.049547,-0.000984,-0.084197
0.051680,0.000471,-0.083520
0.052464,-0.001292,-0.082221
0.054538,0.001406,-0.081431
0.054205,0.001280,-0.080500
0.053933,0.000085,-0.080947
0.059946,0.001649,-0.082299
0.058742,0.001399,-0.080744
0.060476,-0.000174,-0.080564
0.062824,0.001075,-0.080344
0.063452,0.001845,-0.079380
0.065716,0.000513,-0.080658
0.067907,0.003196,-0.079143
0.067445,0.000508,-0.080040
0.070401,0.001752,-0.079502
0.069833,0.001582,-0.080758
0.072315,-0.000661,-0.081194
0.073556,-0.000345,-0.079202
0.075050,-0.000501,-0.082613
0.075047,0.000300,-0.080380
0.077121,0.000306,-0.080866
0.079760,0.000459,-0.081709
0.079624,-0.000363,-0.082647
0.081415,0.000746,-0.083411
0.083720,-0.000780,-0.083230
0.083503,0.000354,-0.083638
0.084842,0.001051,-0.084648
0.086424,0.001292,-0.084370
0.087631,-0.000172,-0.086635
0.088848,0.002050,-0.083516
0.090079,0.001731,-0.086688
0.091946,0.000208,-0.083911
0.094432,0.000165,-0.086544
0.096477,0.000561,-0.087649
0.096133,0.000123,-0.087441
0.098175,0.000322,-0.087172
0.098910,0.001108,-0.087855
0.100239,0.000134,-0.089067
0.101661,0.000046,-0.090487
0.105313,-0.000027,-0.090236
0.106868,0.003268,-0.088868
0.106279,-0.000690,-0.089728
0.106149,0.000325,-0.091619
0.109615,0.001692,-0.090177
0.109934,0.001407,-0.091169
0.111958,0.001422,-0.092085
0.114307,0.002511,-0.091372
0.113997,0.000271,-0.094269
0.116774,0.002132,-0.093915
0.117193,0.000228,-0.093288
0.117687,-0.000085,-0.096084
0.120457,0.000082,-0.096159
0.123132,0.000929,-0.097908
0.121788,-0.000325,-0.097817
0.123919,0.000736,-0.098007
0.125131,0.001316,-0.098778
0.128183,0.001288,-0.099555
0.128580,0.002470,-0.098988
0.128829,0.001510,-0.099908
0.130316,-0.000209,-0.099852
0.132221,0.000349,-0.100215
0.134086,0.002993,-0.102427
0.135125,-0.000154,-0.103416
0.136426,0.000040,-0.102506
0.137529,0.001988,-0.103579
0.140763,0.000451,-0.103820
0.139919,-0.000508,-0.105675
0.140714,0.000688,-0.105803
0.143027,0.000375,-0.106385
0.142808,0.000872,-0.106983
0.145572,0.001589,-0.110465
0.148558,0.000370,-0.109142
0.150973,0.001759,-0.111776
0.150516,0.000177,-0.112380
0.152355,0.001385,-0.115863
0.153811,0.002439,-0.116967
0.153474,0.001379,-0.116578
0.154788,-0.000766,-0.119699
0.156524,0.001742,-0.120953
0.157608,0.002433,-0.124157
0.161547,0.004062,-0.124664
0.162264,0.001725,-0.128626
0.163297,-0.000734,-0.132165
0.165206,0.002084,-0.136044
0.167367,0.000610,-0.140600
0.169317,-0.000047,-0.145093
-0.059673,0.003001,-0.174450
-0.058759,0.004616,-0.164588
-0.055025,0.005251,-0.160008
-0.054482,0.002445,-0.156763
-0.053080,0.001519,-0.153094
-0.050672,0.003748,-0.150579
-0.048734,0.002104,-0.146134
-0.051156,0.002429,-0.145706
-0.049151,0.002337,-0.142974
-0.047927,0.002806,-0.143133
-0.045785,0.002631,-0.138832
-0.044435,0.004582,-0.137400
-0.041631,0.002848,-0.137192
-0.039236,0.003873,-0.135345
-0.037853,0.002189,-0.135056
-0.037756,0.003079,-0.132948
-0.034254,0.003194,-0.130449
-0.035361,0.001277,-0.130660
-0.033191,0.002387,-0.130136
-0.031795,0.002107,-0.126800
-0.031343,0.004821,-0.126808
-0.029133,0.001885,-0.124054
-0.027691,0.003330,-0.123129
-0.027133,0.002896,-0.121778
-0.024018,0.002866,-0.120331
-0.024337,0.002879,-0.119432
-0.021426,0.002693,-0.117782
-0.021544,0.003507,-0.116572
-0.019322,0.002590,-0.114216
-0.017525,0.003228,-0.112394
-0.016957,0.003051,-0.112513
-0.014558,0.003838,-0.110592
-0.013648,0.004327,-0.108775
-0.012524,0.002343,-0.107844
-0.011993,0.001912,-0.106038
-0.010105,0.003293,-0.106093
-0.007493,0.001264,-0.103447
-0.006957,0.004104,-0.104148
-0.003224,0.003296,-0.102277
-0.005087,0.001567,-0.101128
-0.001913,0.003841,-0.098763
0.000013,0.002887,-0.099512
-0.001493,0.002476,-0.098965
0.002823,0.003230,-0.097786
0.003154,0.001293,-0.095210
0.004743,0.002328,-0.097041
0.005859,0.003427,-0.094878
0.008389,0.001816,-0.093193
0.008138,0.001776,-0.094178
0.007704,0.003686,-0.093147
0.011265,0.004112,-0.091788
0.014096,0.003563,-0.092285
0.015193,0.002404,-0.090964
0.015351,0.002820,-0.090869
0.017506,0.001669,-0.091415
0.019160,0.002977,-0.090518
0.020900,0.003665,-0.090792
0.020680,0.002327,-0.089985
0.024013,0.001844,-0.088225
0.023593,0.002648,-0.088177
0.024588,0.002848,-0.088643
0.026585,0.000679,-0.087969
0.027263,0.002250,-0.087414
0.030214,0.001574,-0.088387
0.030654,0.001697,-0.087006
0.031891,0.002433,-0.087681
0.033705,0.001890,-0.086016
0.037408,0.003340,-0.087991
0.036756,0.003847,-0.087263
0.037541,0.003169,-0.086941
0.038294,0.002138,-0.088130
0.039947,0.004158,-0.087046
0.041809,0.003478,-0.087032
0.042601,0.002422,-0.084775
0.045196,0.001668,-0.084759
0.047382,0.001365,-0.086584
0.047569,0.001869,-0.084095
0.048580,0.000816,-0.084012
0.050220,0.002050,-0.082940
0.050579,0.001935,-0.082396
0.052467,0.002206,-0.083028
0.053259,0.002830,-0.083346
0.056716,0.002983,-0.083075
0.057754,0.001556,-0.082122
0.059089,0.002194,-0.081620
0.059662,0.002099,-0.080574
0.061299,0.002665,-0.080945
0.062117,0.003285,-0.081049
0.063237,0.003809,-0.078592
0.065685,0.001980,-0.078844
0.066074,0.004830,-0.080777
0.069568,0.002568,-0.080404
0.069850,0.001286,-0.080119
0.072071,0.001471,-0.082922
0.070957,0.002530,-0.081619
0.074115,0.001903,-0.080394
0.074208,0.001634,-0.082576
0.074689,0.002028,-0.080800
0.077156,0.003707,-0.081397
0.077596,0.002899,-0.082961
0.082541,0.003090,-0.082533
0.081518,0.000324,-0.083026
0.081829,0.001041,-0.082913
0.084132,0.001355,-0.083504
0.084936,0.001585,-0.082824
0.087118,0.002498,-0.084476
0.089104,0.001415,-0.084598
0.089559,0.002695,-0.084823
0.090930,0.004444,-0.086097
0.091640,0.003826,-0.085858
0.092977,0.002041,-0.084747
0.095384,0.001332,-0.088222
0.095713,0.003556,-0.087650
0.098230,0.002355,-0.087665
0.098966,0.000600,-0.088505
0.100924,0.002044,-0.087083
0.101594,0.002589,-0.087692
0.102385,0.002616,-0.088288
0.106365,0.004506,-0.091004
0.105913,0.005263,-0.092725
0.107441,0.003380,-0.091918
0.110529,0.002773,-0.091725
0.111248,0.001841,-0.091196
0.110910,0.002645,-0.091400
0.113399,0.002107,-0.093061
0.114202,0.002729,-0.092816
0.114283,0.002722,-0.094974
0.116710,0.002763,-0.095263
0.120055,0.002870,-0.094968
0.119997,0.003311,-0.094177
0.122644,0.003935,-0.095793
0.122173,0.001692,-0.098157
0.125934,0.002280,-0.095921
0.126681,0.003989,-0.098543
0.126030,0.003518,-0.099116
0.129379,0.001814,-0.098111
0.129322,0.002911,-0.099199
0.130188,0.004470,-0.098859
0.132876,0.004125,-0.099447
0.134097,0.001480,-0.102617
0.135651,0.001125,-0.099737
0.137921,0.003020,-0.101819
0.137295,0.002608,-0.103199
0.137701,0.002481,-0.103017
0.139323,0.003731,-0.104917
0.140775,0.002523,-0.106382
0.144530,0.002529,-0.106306
0.145154,0.002470,-0.108797
0.146901,0.003634,-0.109625
0.147314,0.002549,-0.109613
0.150332,0.001816,-0.111621
0.151384,0.001503,-0.113172
0.154576,0.002971,-0.113282
0.154173,0.001673,-0.116400
0.155942,0.001092,-0.120400
0.155952,0.003037,-0.120219
0.158203,0.002621,-0.119562
0.159796,0.001605,-0.124803
0.160216,0.000237,-0.124997
0.163167,0.004109,-0.128439
0.164808,0.003538,-0.130853
0.166233,0.003109,-0.135539
0.166017,0.003230,-0.139731
0.169071,0.003947,-0.144722
-0.059091,0.004130,-0.169360
-0.054007,0.005044,-0.162530
-0.055484,0.004026,-0.160492
-0.054920,0.005231,-0.155285
-0.051609,0.005633,-0.153656
-0.051279,0.005893,-0.150830
-0.048888,0.003810,-0.147108
-0.046755,0.003444,-0.143355
-0.046635,0.004525,-0.142405
-0.046780,0.002663,-0.141184
-0.043600,0.003971,-0.139241
-0.041281,0.003596,-0.137546
-0.040034,0.004719,-0.136276
-0.039893,0.004542,-0.135266
-0.037303,0.004819,-0.133475
-0.034634,0.004483,-0.132944
-0.036660,0.003461,-0.130135
-0.034722,0.003753,-0.128849
-0.030588,0.005432,-0.127131
-0.029367,0.002962,-0.128837
-0.027972,0.006177,-0.124727
-0.027900,0.003017,-0.123740
-0.027045,0.002933,-0.121982
-0.026033,0.004009,-0.120942
-0.023408,0.005290,-0.119143
-0.022971,0.003342,-0.116718
-0.020508,0.003509,-0.115974
-0.019729,0.004545,-0.114977
-0.018886,0.004234,-0.115608
-0.016489,0.003653,-0.112444
-0.013063,0.003699,-0.111658
-0.013596,0.004312,-0.109380
-0.012689,0.003583,-0.109661
-0.011519,0.004887,-0.106825
-0.007783,0.005061,-0.106809
-0.007554,0.006399,-0.103531
-0.006580,0.002560,-0.102749
-0.003991,0.003762,-0.103809
-0.003628,0.005132,-0.101062
-0.001946,0.004683,-0.099190
-0.001653,0.004878,-0.098613
0.001208,0.003435,-0.098082
0.002738,0.004091,-0.097485
0.004482,0.005843,-0.096628
0.006007,0.004322,-0.095550
0.007204,0.002837,-0.096304
0.006054,0.003586,-0.094855
0.008311,0.002312,-0.094014
0.009375,0.004800,-0.093359
0.012850,0.004003,-0.091243
0.013989,0.002167,-0.093055
0.015208,0.004786,-0.091000
0.015228,0.003919,-0.090373
0.017918,0.002813,-0.090148
0.018909,0.001538,-0.090193
0.020281,0.003772,-0.089841
0.020619,0.004089,-0.091220
0.020948,0.005898,-0.088392
0.025285,0.004524,-0.088511
0.025488,0.002975,-0.089023
0.028487,0.005745,-0.086070
0.027935,0.003076,-0.087304
0.030678,0.002965,-0.086613
0.031644,0.001963,-0.087070
0.033132,0.004931,-0.087327
0.035326,0.002057,-0.088189
0.033477,0.002680,-0.086702
0.035138,0.004285,-0.088055
0.037512,0.004276,-0.084942
0.039062,0.004277,-0.086549
0.038703,0.004846,-0.088546
0.042475,0.003222,-0.084704
0.042696,0.003385,-0.083796
0.044783,0.003908,-0.084107
0.044908,0.005226,-0.084649
0.048033,0.004902,-0.083755
0.048858,0.004682,-0.084772
0.049221,0.003714,-0.083825
0.052372,0.003969,-0.083397
0.053776,0.005562,-0.083919
0.053589,0.002171,-0.082277
0.055781,0.004657,-0.080811
0.057730,0.002895,-0.082833
0.059183,0.003019,-0.081062
0.060223,0.004028,-0.082824
0.061160,0.003193,-0.081969
0.061941,0.002369,-0.081206
0.064390,0.003893,-0.080642
0.064893,0.005936,-0.083016
0.066227,0.004152,-0.082593
0.066785,0.003679,-0.080928
0.068745,0.004762,-0.081163
0.070398,0.002585,-0.080353
0.071993,0.002913,-0.080712
0.073262,0.003910,-0.080260
0.074627,0.003465,-0.083264
0.075925,0.005170,-0.082717
0.079455,0.002457,-0.082601
0.079260,0.003059,-0.080652
0.078973,0.004560,-0.083866
0.081343,0.003211,-0.080973
0.082892,0.004739,-0.083744
0.084743,0.003893,-0.085682
0.085495,0.003120,-0.083420
0.085373,0.001371,-0.084910
0.087420,0.004227,-0.086607
0.090227,0.003878,-0.086124
0.092872,0.005382,-0.086129
0.091080,0.003713,-0.086333
0.094489,0.005219,-0.086223
0.096161,0.005486,-0.087290
0.094975,0.002490,-0.086172
0.098885,0.004430,-0.088512
0.099563,0.004628,-0.087226
0.100952,0.004835,-0.089348
0.104084,0.002819,-0.088130
0.103631,0.004646,-0.089205
0.103075,0.004463,-0.090645
0.107085,0.004741,-0.091148
0.107055,0.004754,-0.091253
0.108138,0.004174,-0.091420
0.110420,0.005069,-0.090141
0.110690,0.002236,-0.092276
0.111583,0.004521,-0.094317
0.115140,0.002799,-0.092471
0.114251,0.004841,-0.093793
0.119110,0.004479,-0.095111
0.118151,0.004864,-0.095346
0.119551,0.002543,-0.096548
0.120798,0.004248,-0.096345
0.123301,0.004771,-0.098122
0.122206,0.005336,-0.096855
0.124859,0.002354,-0.099096
0.126766,0.002948,-0.099089
0.129741,0.004217,-0.099905
0.130074,0.003826,-0.100326
0.130534,0.005804,-0.099621
0.131904,0.003307,-0.102613
0.133090,0.005827,-0.103014
0.134943,0.004932,-0.101359
0.137435,0.004512,-0.103102
0.136600,0.003184,-0.103286
0.139606,0.005922,-0.104686
0.142461,0.004656,-0.106983
0.142143,0.003369,-0.105716
0.143672,0.004574,-0.107684
0.144985,0.003385,-0.109229
0.148002,0.004362,-0.109242
0.146894,0.004837,-0.110298
0.149019,0.003405,-0.111566
0.151425,0.004796,-0.112813
0.151358,0.003847,-0.116126
0.154233,0.004174,-0.117177
0.157131,0.005459,-0.118346
0.158543,0.005384,-0.121872
0.157014,0.003223,-0.121155
0.159427,0.003061,-0.123011
0.162099,0.003811,-0.126818
0.163212,0.004213,-0.128875
0.163498,0.003569,-0.130616
0.164304,0.004747,-0.133795
0.167158,0.005142,-0.138263
0.168751,0.002756,-0.145052
-0.059560,0.005070,-0.175597
-0.058094,0.006916,-0.164663
-0.055992,0.006236,-0.162058
-0.054389,0.005275,-0.156588
-0.053916,0.005751,-0.154985
-0.050478,0.006479,-0.151594
-0.048391,0.005069,-0.148310
-0.046007,0.004200,-0.145440
-0.046746,0.006068,-0.145807
-0.044086,0.005864,-0.142217
-0.041837,0.006311,-0.140167
-0.043163,0.007767,-0.138352
-0.038851,0.003786,-0.136411
-0.040628,0.007119,-0.135309
-0.037082,0.005386,-0.134830
-0.035578,0.006464,-0.132235
-0.033781,0.004939,-0.131130
-0.032251,0.006516,-0.131013
-0.030922,0.006318,-0.130898
-0.031340,0.006776,-0.127544
-0.029788,0.004977,-0.127011
-0.026104,0.007909,-0.124592
-0.026438,0.007126,-0.124327
-0.023634,0.006698,-0.121102
-0.023694,0.006502,-0.120533
-0.021257,0.006161,-0.119394
-0.021456,0.006501,-0.117412
-0.019068,0.005754,-0.116346
-0.016717,0.006483,-0.113236
-0.017752,0.004910,-0.112843
-0.014413,0.006290,-0.112171
-0.012296,0.004504,-0.109500
-0.011202,0.005782,-0.111786
-0.011510,0.005709,-0.106704
-0.006986,0.006328,-0.105804
-0.007599,0.005969,-0.105401
-0.005672,0.007589,-0.104738
-0.005680,0.006073,-0.103576
-0.003766,0.006266,-0.101920
-0.000451,0.004344,-0.101893
-0.000794,0.005253,-0.099456
0.000982,0.006869,-0.098813
0.003748,0.005082,-0.097966
0.001876,0.005980,-0.097864
0.002100,0.004399,-0.095433
0.005989,0.005268,-0.096085
0.008832,0.006618,-0.094750
0.007630,0.005493,-0.094818
0.011312,0.004678,-0.093807
0.011791,0.006499,-0.094049
0.012656,0.005158,-0.090423
0.012049,0.005598,-0.092547
0.016006,0.006696,-0.090191
0.016275,0.005815,-0.091580
0.018053,0.004186,-0.088643
0.021756,0.004373,-0.092469
0.021279,0.005252,-0.091254
0.022977,0.007030,-0.088913
0.024727,0.004429,-0.088728
0.026500,0.005417,-0.088946
0.025528,0.005684,-0.089644
0.027164,0.006463,-0.090041
0.028836,0.004753,-0.086546
0.031437,0.005726,-0.088042
0.033286,0.004388,-0.088967
0.033103,0.005277,-0.089136
0.033430,0.004403,-0.085872
0.037022,0.003928,-0.088094
0.039652,0.005678,-0.086604
0.039852,0.004714,-0.088087
0.039821,0.005034,-0.085628
0.041787,0.004524,-0.087208
0.043114,0.004874,-0.084595
0.043956,0.007012,-0.084952
0.047225,0.005475,-0.084565
0.047597,0.005155,-0.084553
0.048823,0.006157,-0.085376
0.050361,0.005401,-0.084843
0.049018,0.004204,-0.085114
0.053821,0.005805,-0.083193
0.054474,0.005986,-0.081494
0.055771,0.006408,-0.083985
0.057454,0.005517,-0.080694
0.059413,0.005988,-0.080876
0.060515,0.006799,-0.081702
0.060958,0.005170,-0.083336
0.064284,0.006347,-0.082522
0.064768,0.004851,-0.080508
0.066139,0.005336,-0.080249
0.067422,0.004799,-0.082688
0.066283,0.003965,-0.081877
0.067524,0.006057,-0.081006
0.072164,0.005090,-0.082447
0.071501,0.007231,-0.080929
0.073128,0.005959,-0.082440
0.074691,0.004059,-0.082253
0.075924,0.005134,-0.082455
0.075766,0.006470,-0.083007
0.077039,0.007195,-0.082050
0.081007,0.005905,-0.082291
0.081648,0.004755,-0.085245
0.082866,0.005959,-0.083150
0.084101,0.004825,-0.085363
0.086317,0.004047,-0.083973
0.084451,0.005225,-0.083188
0.089237,0.004799,-0.084934
0.089855,0.004400,-0.085824
0.090709,0.004807,-0.083631
0.092057,0.004102,-0.086508
0.094308,0.007222,-0.084426
0.095745,0.006919,-0.086088
0.096586,0.004542,-0.088262
0.099997,0.005592,-0.087005
0.098301,0.005257,-0.088725
0.099405,0.003300,-0.089253
0.101907,0.008428,-0.090555
0.102360,0.004985,-0.089248
0.104691,0.004949,-0.090374
0.108398,0.008739,-0.090884
0.108189,0.004877,-0.092199
0.110344,0.005655,-0.091935
0.110424,0.005902,-0.092479
0.109993,0.005765,-0.091961
0.115541,0.006763,-0.094150
0.113654,0.005872,-0.094312
0.116873,0.006528,-0.094589
0.116992,0.004818,-0.094768
0.117973,0.005897,-0.095147
0.120761,0.004943,-0.097190
0.119611,0.006431,-0.097098
0.122646,0.006744,-0.097260
0.124554,0.005208,-0.098831
0.125385,0.005073,-0.100120
0.128268,0.005926,-0.098351
0.126364,0.004855,-0.099448
0.129025,0.006244,-0.102644
0.130275,0.006168,-0.099674
0.134255,0.005870,-0.101050
0.136140,0.004935,-0.102627
0.136600,0.005560,-0.101338
0.137961,0.005567,-0.102362
0.137075,0.004446,-0.104335
0.138127,0.005913,-0.106886
0.140382,0.007654,-0.107114
0.143248,0.006951,-0.106003
0.145153,0.003458,-0.106729
0.144183,0.004849,-0.109091
0.148479,0.006115,-0.109453
0.148184,0.008178,-0.111356
0.149976,0.005849,-0.110321
0.151341,0.005666,-0.114338
0.152406,0.006094,-0.113703
0.152649,0.005578,-0.117273
0.154289,0.008172,-0.118187
0.156537,0.004146,-0.119486
0.157116,0.005786,-0.120025
0.158410,0.005340,-0.124628
0.160656,0.007539,-0.127090
0.162115,0.006664,-0.129756
0.164982,0.006489,-0.131228
0.166562,0.005586,-0.134405
0.166925,0.003730,-0.138911
0.168082,0.005416,-0.144399
-0.057370,0.007903,-0.171572
-0.056055,0.006163,-0.162993
-0.055799,0.007419,-0.160126
-0.053804,0.008750,-0.156375
-0.051751,0.006799,-0.153138
-0.050524,0.008589,-0.151574
-0.047282,0.007534,-0.147462
-0.045889,0.007830,-0.143080
-0.042911,0.008589,-0.142467
-0.042201,0.010489,-0.141917
-0.041265,0.006564,-0.141673
-0.042205,0.007385,-0.136521
-0.038866,0.008237,-0.136188
-0.038227,0.008246,-0.134278
-0.035558,0.008339,-0.131276
-0.035130,0.008023,-0.131158
-0.034284,0.008429,-0.129879
-0.033095,0.008860,-0.132036
-0.029464,0.007065,-0.127853
-0.026627,0.008639,-0.126631
-0.029248,0.008728,-0.125083
-0.025758,0.005302,-0.125106
-0.023841,0.007269,-0.120528
-0.023403,0.008061,-0.120798
-0.023630,0.007183,-0.118238
-0.020389,0.005666,-0.116201
-0.019394,0.008815,-0.115135
-0.018850,0.007489,-0.114534
-0.014649,0.010085,-0.113897
-0.015720,0.006963,-0.111877
-0.013413,0.006972,-0.113267
-0.011177,0.009083,-0.109721
-0.009857,0.007865,-0.107890
-0.009261,0.006823,-0.107547
-0.009536,0.008371,-0.105984
-0.006932,0.008539,-0.102992
-0.005521,0.006608,-0.103526
-0.004677,0.006508,-0.101084
-0.002316,0.008391,-0.101610
-0.001271,0.007602,-0.100271
0.001020,0.005614,-0.099088
0.001550,0.007043,-0.099373
0.005073,0.006197,-0.096276
0.004752,0.006713,-0.096531
0.005399,0.007175,-0.095620
0.009338,0.007884,-0.097454
0.009412,0.007334,-0.094901
0.009285,0.005824,-0.092368
0.011742,0.009128,-0.092027
0.013687,0.006906,-0.091968
0.014804,0.007058,-0.092412
0.015695,0.007834,-0.090974
0.015331,0.006497,-0.091230
0.018161,0.008509,-0.090671
0.018331,0.007739,-0.090514
0.020693,0.007643,-0.090839
0.021749,0.006447,-0.088911
0.024713,0.007026,-0.089887
0.025233,0.005968,-0.088490
0.028373,0.007501,-0.089950
0.027358,0.006082,-0.087674
0.029339,0.007566,-0.089128
0.030361,0.007372,-0.089469
0.032195,0.008960,-0.086652
0.033736,0.006861,-0.087235
0.036930,0.007536,-0.086531
0.036283,0.007722,-0.087330
0.036961,0.005534,-0.085699
0.040277,0.005846,-0.086972
0.038473,0.006644,-0.086890
0.042896,0.006747,-0.086169
0.042952,0.006231,-0.085688
0.045323,0.006712,-0.086055
0.045709,0.006973,-0.087072
0.046557,0.006846,-0.084666
0.049444,0.006756,-0.086674
0.050031,0.006983,-0.084948
0.052502,0.006415,-0.083985
0.053129,0.007082,-0.083584
0.053966,0.008048,-0.082712
0.056461,0.007986,-0.083231
0.057179,0.006695,-0.082335
0.058488,0.005555,-0.081912
0.060114,0.006605,-0.083474
0.060414,0.007132,-0.082881
0.061439,0.006767,-0.081678
0.063280,0.006805,-0.081790
0.063730,0.007348,-0.081210
0.066315,0.006189,-0.081428
0.067085,0.007344,-0.081079
0.070097,0.008019,-0.083086
0.071503,0.007912,-0.082944
0.071580,0.008144,-0.082975
0.073134,0.007446,-0.081776
0.075367,0.006471,-0.082436
0.075458,0.006209,-0.082840
0.076913,0.005389,-0.083115
0.079304,0.006365,-0.083434
0.079020,0.008197,-0.083108
0.082679,0.006333,-0.083095
0.081643,0.006897,-0.084388
0.083173,0.007383,-0.083459
0.084139,0.007968,-0.084073
0.086975,0.008442,-0.085290
0.087117,0.007601,-0.083893
0.092188,0.007525,-0.088969
0.091502,0.006052,-0.085376
0.094068,0.007059,-0.085929
0.094039,0.007460,-0.086656
0.093929,0.007275,-0.088223
0.095624,0.006933,-0.089899
0.097113,0.006905,-0.087067
0.098695,0.006969,-0.089540
0.102085,0.006369,-0.090054
0.102387,0.006353,-0.089577
0.102973,0.008292,-0.089535
0.104333,0.007476,-0.092141
0.105629,0.007468,-0.090556
0.106364,0.007612,-0.090558
0.108565,0.007029,-0.092350
0.108936,0.006272,-0.091977
0.111474,0.007756,-0.094769
0.114393,0.006757,-0.092437
0.113589,0.007116,-0.095128
0.116900,0.007658,-0.094843
0.117440,0.008297,-0.095289
0.119709,0.005766,-0.095493
0.120482,0.009106,-0.095640
0.121285,0.007716,-0.097289
0.123200,0.005534,-0.097039
0.123394,0.005534,-0.096499
0.125304,0.007263,-0.100255
0.127076,0.007500,-0.099312
0.128957,0.007220,-0.098855
0.128436,0.008906,-0.101553
0.130023,0.007931,-0.101284
0.132272,0.008771,-0.102939
0.133143,0.009044,-0.102611
0.135857,0.009256,-0.103869
0.136988,0.005914,-0.102491
0.137599,0.007307,-0.101991
0.139795,0.006913,-0.104664
0.142639,0.008438,-0.107234
0.142132,0.008503,-0.108149
0.143407,0.007471,-0.106997
0.145010,0.007089,-0.106854
0.146554,0.007235,-0.111897
0.147405,0.007240,-0.110509
0.149859,0.008584,-0.112372
0.153576,0.006787,-0.113848
0.155522,0.006703,-0.114469
0.150949,0.005987,-0.115491
0.154061,0.005783,-0.119551
0.155957,0.007791,-0.120320
0.158093,0.007403,-0.122999
0.159918,0.008148,-0.126215
0.160630,0.008200,-0.125737
0.162518,0.008758,-0.129643
0.163390,0.007725,-0.131135
0.167269,0.006675,-0.133298
0.167173,0.007542,-0.139120
0.169424,0.008086,-0.146746
-0.057498,0.009929,-0.178374
-0.057141,0.010737,-0.165057
-0.053671,0.009134,-0.160802
-0.053032,0.009107,-0.158142
-0.049686,0.009466,-0.153774
-0.047926,0.010010,-0.151675
-0.049028,0.010058,-0.150519
-0.045569,0.010908,-0.147253
-0.044031,0.009010,-0.145361
-0.043492,0.009066,-0.142396
-0.042573,0.009804,-0.141446
-0.038791,0.009231,-0.137555
-0.039784,0.009964,-0.137076
-0.036821,0.010296,-0.137765
-0.037235,0.008254,-0.133673
-0.035229,0.008096,-0.132708
-0.033574,0.007941,-0.130818
-0.033391,0.009610,-0.132558
-0.030589,0.008377,-0.128319
-0.029463,0.008236,-0.127110
-0.028616,0.007208,-0.125177
-0.027354,0.010698,-0.125112
-0.025789,0.009969,-0.121890
-0.023630,0.008683,-0.121276
-0.023332,0.008508,-0.119007
-0.022105,0.010364,-0.117419
-0.019353,0.008280,-0.117527
-0.016712,0.008299,-0.118246
-0.016736,0.009894,-0.116083
-0.015268,0.009736,-0.112963
-0.013475,0.008274,-0.110834
-0.011598,0.008319,-0.111196
-0.010608,0.008455,-0.105857
-0.009440,0.009406,-0.108100
-0.007537,0.009005,-0.106852
-0.006575,0.009744,-0.105878
-0.004748,0.009344,-0.104676
-0.005241,0.010222,-0.103707
-0.002222,0.008469,-0.101741
-0.001205,0.007304,-0.100563
-0.001469,0.008466,-0.099125
0.000333,0.008958,-0.097419
0.003556,0.009308,-0.098932
0.003990,0.009487,-0.097529
0.005571,0.007645,-0.097250
0.007673,0.008879,-0.095646
0.008946,0.007952,-0.095704
0.009792,0.009246,-0.094839
0.012754,0.008223,-0.095951
0.011111,0.009315,-0.092228
0.016206,0.007334,-0.092326
0.016516,0.008430,-0.090988
0.017034,0.008056,-0.092331
0.016677,0.007517,-0.090302
0.019885,0.009779,-0.090175
0.021175,0.007869,-0.090339
0.023292,0.008561,-0.092225
0.022655,0.010057,-0.089907
0.024048,0.009409,-0.089796
0.027693,0.007699,-0.086877
0.028846,0.009157,-0.088263
0.029760,0.008700,-0.090961
0.030030,0.008988,-0.088023
0.032738,0.009811,-0.090799
0.033966,0.007950,-0.087859
0.036361,0.009080,-0.088795
0.036556,0.008225,-0.087297
0.038347,0.008343,-0.086513
0.038518,0.009211,-0.087377
0.041044,0.008761,-0.086627
0.042788,0.008597,-0.087542
0.043664,0.009782,-0.086992
0.043750,0.006919,-0.085449
0.044622,0.010344,-0.086408
0.048316,0.008260,-0.085621
0.049579,0.008913,-0.084604
0.049869,0.007559,-0.083421
0.050618,0.007560,-0.084103
0.055019,0.008965,-0.083514
0.054582,0.009136,-0.082528
0.056670,0.008110,-0.082542
0.056359,0.007222,-0.082216
0.059655,0.008714,-0.083738
0.059936,0.008711,-0.082652
0.059911,0.006033,-0.083541
0.061984,0.008175,-0.081392
0.063681,0.009655,-0.080717
0.066528,0.007970,-0.083076
0.066805,0.010806,-0.082834
0.066689,0.010015,-0.082633
0.067927,0.007414,-0.081871
0.070078,0.008193,-0.082629
0.072585,0.008710,-0.083024
0.073965,0.009003,-0.083557
0.075214,0.009691,-0.081012
0.077471,0.007822,-0.081903
0.078507,0.009220,-0.081542
0.078638,0.009957,-0.084084
0.080554,0.008594,-0.083508
0.081680,0.008645,-0.084296
0.082788,0.009107,-0.083847
0.083226,0.009629,-0.083244
0.085422,0.009349,-0.083778
0.088035,0.007707,-0.086586
0.087666,0.008163,-0.083510
0.089890,0.008382,-0.085210
0.092224,0.008370,-0.087009
0.094181,0.007880,-0.086323
0.093059,0.007014,-0.086678
0.093756,0.009619,-0.087223
0.095951,0.008320,-0.088793
0.098780,0.009162,-0.088358
0.098869,0.008424,-0.088652
0.101472,0.008072,-0.090764
0.103902,0.009014,-0.091104
0.102226,0.008761,-0.089214
0.105667,0.008523,-0.091214
0.105542,0.008934,-0.091507
0.106763,0.007361,-0.092842
0.110234,0.010401,-0.092361
0.109375,0.009867,-0.092318
0.108834,0.007490,-0.092298
0.112542,0.007696,-0.094303
0.113910,0.008404,-0.094379
0.114923,0.007143,-0.094138
0.117471,0.008494,-0.095215
0.120751,0.007217,-0.097540
0.120112,0.009543,-0.095298
0.122014,0.010812,-0.096839
0.123357,0.007730,-0.098186
0.126420,0.009175,-0.096497
0.126009,0.007500,-0.098527
0.126289,0.007192,-0.100809
0.128761,0.010802,-0.100108
0.131036,0.010196,-0.099884
0.130793,0.008640,-0.100244
0.131921,0.009419,-0.100538
0.136570,0.009102,-0.101722
0.135266,0.008972,-0.103227
0.136378,0.009701,-0.103874
0.137242,0.008592,-0.104986
0.140412,0.009883,-0.105253
0.140699,0.006788,-0.105252
0.141549,0.009450,-0.107172
0.143529,0.007889,-0.107142
0.144881,0.009702,-0.107846
0.146808,0.008762,-0.110100
0.147138,0.009136,-0.111890
0.148293,0.005907,-0.111397
0.150741,0.008621,-0.112979
0.151196,0.007110,-0.113747
0.153370,0.008905,-0.117216
0.154684,0.008165,-0.119732
0.156529,0.011154,-0.119911
0.156915,0.010080,-0.121591
0.159737,0.010669,-0.124214
0.160878,0.008519,-0.127631
0.161482,0.008816,-0.128233
0.163396,0.008840,-0.131126
0.165272,0.007088,-0.135894
0.165292,0.009155,-0.141288
0.168436,0.008376,-0.143116
-0.058414,0.010482,-0.172385
-0.051921,0.010963,-0.162453
-0.052251,0.012314,-0.159315
-0.052382,0.011538,-0.156227
-0.049610,0.012541,-0.153910
-0.047769,0.011084,-0.150858
-0.044974,0.010497,-0.150357
-0.045695,0.009201,-0.146771
-0.045191,0.010166,-0.144675
-0.041388,0.011778,-0.140276
-0.040311,0.011623,-0.139629
-0.039328,0.011167,-0.138334
-0.037091,0.012078,-0.134943
-0.035013,0.010840,-0.134283
-0.034122,0.011152,-0.133658
-0.033311,0.009463,-0.132075
-0.029731,0.009317,-0.129604
-0.031434,0.010335,-0.129994
-0.029173,0.011289,-0.127860
-0.026482,0.012177,-0.127497
-0.027903,0.010492,-0.124929
-0.026168,0.010910,-0.123858
-0.023835,0.012510,-0.120968
-0.020899,0.010689,-0.120877
-0.020219,0.009613,-0.118334
-0.019930,0.011539,-0.117200
-0.017790,0.011091,-0.115172
-0.017794,0.010761,-0.113431
-0.015085,0.011235,-0.114955
-0.015802,0.009949,-0.111389
-0.013454,0.010136,-0.111144
-0.010750,0.011597,-0.109935
-0.008889,0.012065,-0.107267
-0.008208,0.010765,-0.106995
-0.004466,0.008799,-0.105156
-0.003501,0.010626,-0.103202
-0.005255,0.009718,-0.105491
-0.002341,0.011514,-0.102525
-0.001926,0.009493,-0.102271
0.000840,0.010365,-0.098180
0.001273,0.012186,-0.099899
0.004456,0.010162,-0.098244
0.003322,0.009736,-0.099487
0.005199,0.011052,-0.098409
0.006849,0.010993,-0.095610
0.009799,0.012000,-0.095528
0.011021,0.010536,-0.095852
0.012070,0.009632,-0.094208
0.013826,0.010589,-0.092860
0.015403,0.009282,-0.092475
0.015026,0.010342,-0.092446
0.017612,0.010595,-0.089348
0.017822,0.010539,-0.092272
0.021744,0.010520,-0.091237
0.020754,0.012006,-0.089488
0.022747,0.009592,-0.090818
0.024900,0.010678,-0.090655
0.025103,0.011179,-0.088098
0.026675,0.011301,-0.090747
0.029045,0.009684,-0.089751
0.028752,0.011364,-0.087946
0.030851,0.009744,-0.087434
0.031974,0.010573,-0.088206
0.032127,0.011451,-0.085307
0.034715,0.011156,-0.087655
0.036937,0.009374,-0.087613
0.038942,0.008460,-0.086536
0.039873,0.010481,-0.087736
0.040849,0.009489,-0.085863
0.041335,0.010891,-0.086796
0.043719,0.011108,-0.085534
0.044377,0.010039,-0.086969
0.046969,0.010631,-0.086785
0.047524,0.010215,-0.086164
0.049934,0.011231,-0.085527
0.051451,0.010200,-0.083169
0.054029,0.010427,-0.083395
0.054206,0.008906,-0.083257
0.054054,0.011511,-0.084037
0.055346,0.009923,-0.084797
0.057930,0.008892,-0.084013
0.058415,0.009001,-0.084667
0.060308,0.010022,-0.083267
0.061764,0.010362,-0.081892
0.063997,0.008216,-0.082711
0.063665,0.010600,-0.082312
0.064546,0.008711,-0.082536
0.065749,0.009272,-0.082915
0.069178,0.009473,-0.083554
0.070279,0.011638,-0.082285
0.071286,0.009825,-0.081298
0.071879,0.009179,-0.082826
0.073862,0.009786,-0.084550
0.073996,0.009978,-0.082718
0.075967,0.008740,-0.083410
0.077844,0.009365,-0.083954
0.077971,0.010415,-0.081685
0.081016,0.010867,-0.083979
0.082925,0.011240,-0.085642
0.084652,0.010095,-0.086042
0.082604,0.009008,-0.084736
0.087580,0.010297,-0.084838
0.087813,0.009365,-0.085450
0.088944,0.011981,-0.085876
0.090529,0.009456,-0.085047
0.092987,0.010153,-0.085983
0.092641,0.010792,-0.087895
0.094449,0.009791,-0.087909
0.096024,0.011324,-0.087917
0.096868,0.011925,-0.087368
0.097835,0.010227,-0.088138
0.100161,0.010214,-0.089577
0.100608,0.010641,-0.088803
0.103255,0.008412,-0.090673
0.104774,0.008828,-0.089858
0.106524,0.009889,-0.090621
0.108282,0.012640,-0.090165
0.108706,0.008546,-0.091201
0.107898,0.007675,-0.091739
0.111757,0.011452,-0.093141
0.108764,0.009795,-0.094022
0.110037,0.008571,-0.092733
0.114682,0.009204,-0.094136
0.115124,0.010821,-0.095426
0.116680,0.010073,-0.094806
0.117812,0.010641,-0.095645
0.121347,0.011544,-0.095527
0.122466,0.011201,-0.097517
0.122657,0.010357,-0.098097
0.124288,0.008980,-0.099501
0.124991,0.011274,-0.100247
0.125754,0.010785,-0.097622
0.129570,0.011686,-0.100395
0.130488,0.009993,-0.099962
0.131064,0.007585,-0.101546
0.133805,0.011918,-0.101022
0.133121,0.010474,-0.101433
0.133752,0.010586,-0.103287
0.138029,0.012363,-0.103793
0.138604,0.008761,-0.102933
0.141079,0.011925,-0.107897
0.140724,0.009649,-0.107645
0.142064,0.011291,-0.107811
0.143438,0.009873,-0.107342
0.147126,0.011614,-0.109486
0.146813,0.009672,-0.111724
0.147122,0.010813,-0.110496
0.148066,0.010864,-0.112773
0.150646,0.011372,-0.113563
0.152588,0.009402,-0.114866
0.155353,0.011029,-0.117454
0.154222,0.009807,-0.118573
0.158348,0.011289,-0.121551
0.156895,0.010891,-0.124485
0.160291,0.011081,-0.125484
0.161894,0.009361,-0.127054
0.162190,0.009126,-0.129923
0.163239,0.011568,-0.132597
0.165385,0.009402,-0.133986
0.166911,0.011487,-0.141349
0.169327,0.010357,-0.145792
-0.056681,0.011530,-0.166045
-0.052300,0.013412,-0.163314
-0.051028,0.011253,-0.157273
-0.050276,0.013424,-0.156409
-0.047753,0.011057,-0.152644
-0.046554,0.012339,-0.148411
-0.045251,0.013778,-0.146864
-0.043889,0.012119,-0.145047
-0.041271,0.013510,-0.143194
-0.040356,0.012698,-0.141242
-0.039672,0.010165,-0.138838
-0.037375,0.011383,-0.136722
-0.034246,0.012794,-0.136422
-0.035190,0.012381,-0.134787
-0.034192,0.012803,-0.133357
-0.031225,0.010422,-0.131746
-0.030684,0.011899,-0.131066
-0.028675,0.013316,-0.127656
-0.026752,0.012528,-0.127332
-0.025304,0.012180,-0.127164
-0.024905,0.013082,-0.124894
-0.023289,0.010331,-0.122869
-0.023411,0.011926,-0.119518
-0.020206,0.011466,-0.119991
-0.017233,0.012382,-0.119480
-0.017369,0.013417,-0.118154
-0.014865,0.013482,-0.114243
-0.015455,0.012629,-0.113615
-0.015853,0.011607,-0.112515
-0.012566,0.013924,-0.112624
-0.011927,0.009252,-0.110943
-0.010134,0.010724,-0.107322
-0.006581,0.011905,-0.107931
-0.004758,0.013072,-0.106662
-0.004401,0.011905,-0.105888
-0.003050,0.010968,-0.103044
-0.004392,0.012534,-0.103321
-0.001389,0.010580,-0.101992
0.000962,0.012173,-0.100507
0.003498,0.012136,-0.101708
0.001857,0.012027,-0.099979
0.006829,0.011840,-0.098777
0.006371,0.012245,-0.097699
0.007734,0.011614,-0.096775
0.009181,0.012817,-0.096268
0.009856,0.012326,-0.095594
0.010624,0.011175,-0.094597
0.013749,0.013026,-0.094844
0.013238,0.011216,-0.094639
0.012759,0.013697,-0.091186
0.017768,0.009954,-0.092362
0.019554,0.011332,-0.091820
0.018864,0.013181,-0.091226
0.021371,0.012271,-0.090400
0.022396,0.010942,-0.090873
0.023036,0.010765,-0.091608
0.024629,0.012102,-0.090204
0.026277,0.012759,-0.088453
0.028842,0.011626,-0.088528
0.030765,0.013151,-0.087936
0.030689,0.013559,-0.089338
0.031522,0.012753,-0.090720
0.033770,0.011635,-0.088431
0.034806,0.012637,-0.087041
0.035456,0.012089,-0.086510
0.037509,0.011371,-0.089401
0.039660,0.012347,-0.087145
0.040436,0.012651,-0.087072
0.041335,0.010732,-0.086530
0.045118,0.012115,-0.086205
0.043490,0.011940,-0.086853
0.046161,0.010777,-0.085816
0.047497,0.011805,-0.087304
0.048657,0.012809,-0.083700
0.048679,0.012890,-0.084391
0.050195,0.010857,-0.084157
0.052933,0.011722,-0.085933
0.053297,0.011722,-0.082827
0.056271,0.011033,-0.084877
0.057511,0.013068,-0.083994
0.058026,0.011868,-0.083965
0.060409,0.013218,-0.082949
0.061516,0.011775,-0.083344
0.062145,0.013298,-0.083177
0.065228,0.012126,-0.083155
0.065369,0.011037,-0.082931
0.065747,0.012424,-0.082664
0.066081,0.010803,-0.081940
0.067435,0.012659,-0.083036
0.069407,0.011501,-0.080000
0.072243,0.011694,-0.084046
0.073070,0.011152,-0.082608
0.075395,0.009965,-0.083138
0.075932,0.011437,-0.083552
0.078352,0.010989,-0.083191
0.079075,0.012187,-0.083427
0.080325,0.011520,-0.084470
0.081973,0.013154,-0.085767
0.082855,0.013060,-0.083350
0.084486,0.010382,-0.083868
0.086063,0.010988,-0.085018
0.087575,0.010613,-0.085350
0.087177,0.011529,-0.085427
0.089774,0.011715,-0.085006
0.092172,0.011781,-0.086461
0.093572,0.013844,-0.086858
0.093673,0.011212,-0.084255
0.094690,0.010064,-0.087612
0.096114,0.012438,-0.088537
0.099650,0.012096,-0.088387
0.099222,0.010842,-0.089623
0.101883,0.012229,-0.088827
0.101321,0.013084,-0.088373
0.104057,0.010677,-0.091135
0.105368,0.012763,-0.089959
0.105796,0.010606,-0.090255
0.107710,0.009121,-0.091978
0.107789,0.011689,-0.092056
0.111951,0.010912,-0.093836
0.111463,0.011895,-0.093544
0.113352,0.012459,-0.093437
0.115760,0.011208,-0.094723
0.116482,0.008765,-0.096907
0.117033,0.011045,-0.095814
0.119160,0.011169,-0.096893
0.119248,0.013359,-0.097187
0.120765,0.013171,-0.096908
0.123579,0.009975,-0.097102
0.124268,0.011748,-0.100350
0.125324,0.011528,-0.099515
0.126303,0.012457,-0.100181
0.129188,0.012944,-0.100492
0.129718,0.011031,-0.101371
0.130315,0.012341,-0.102096
0.132908,0.012513,-0.103097
0.133224,0.012588,-0.102582
0.133527,0.010662,-0.101766
0.135610,0.014788,-0.103357
0.138032,0.010847,-0.104887
0.139451,0.012809,-0.104894
0.140887,0.013336,-0.107695
0.142850,0.010456,-0.105969
0.142660,0.010993,-0.109211
0.145654,0.010756,-0.107434
0.147012,0.012547,-0.111337
0.148813,0.012337,-0.111782
0.148743,0.012636,-0.112275
0.151703,0.011184,-0.114601
0.152572,0.012356,-0.113331
0.155255,0.012461,-0.117145
0.155396,0.012167,-0.119328
0.156453,0.012993,-0.121866
0.157078,0.013249,-0.121539
0.160644,0.011939,-0.123558
0.161066,0.013109,-0.125984
0.162066,0.011528,-0.129836
0.166017,0.011771,-0.133735
0.165486,0.013580,-0.136295
0.168365,0.013996,-0.139955
0.168243,0.011824,-0.145788
-0.054822,0.011868,-0.176802
-0.050777,0.015023,-0.164555
-0.051584,0.014248,-0.162138
-0.047947,0.013650,-0.155872
-0.049714,0.013389,-0.154594
-0.046454,0.014493,-0.151464
-0.044683,0.014449,-0.149079
-0.042468,0.015300,-0.146328
-0.042100,0.013872,-0.143153
-0.040967,0.012958,-0.141585
-0.038190,0.012483,-0.140175
-0.038042,0.014455,-0.137072
-0.035734,0.014168,-0.136333
-0.033933,0.011328,-0.134071
-0.031971,0.015045,-0.133138
-0.032501,0.012912,-0.131138
-0.030198,0.013665,-0.131524
-0.030261,0.014959,-0.129148
-0.027910,0.014847,-0.126705
-0.027187,0.014284,-0.126939
-0.024546,0.013967,-0.125024
-0.024728,0.011940,-0.122817
-0.020956,0.013928,-0.122234
-0.019326,0.015237,-0.120797
-0.019434,0.012727,-0.119764
-0.016559,0.014572,-0.118261
-0.014886,0.013163,-0.116192
-0.015492,0.013442,-0.111957
-0.011474,0.012261,-0.112373
-0.014191,0.014011,-0.112832
-0.011582,0.013350,-0.109985
-0.010759,0.013144,-0.107348
-0.008065,0.013909,-0.107340
-0.006020,0.012030,-0.108700
-0.005441,0.014511,-0.105228
-0.003652,0.013812,-0.105448
-0.002915,0.012733,-0.104522
-0.001324,0.013585,-0.100839
-0.000459,0.014936,-0.101077
0.001038,0.014057,-0.101300
0.001656,0.013959,-0.099094
0.004321,0.013196,-0.097802
0.006622,0.015390,-0.097236
0.008342,0.012266,-0.095720
0.009115,0.014118,-0.097333
0.009961,0.012921,-0.096558
0.011047,0.014619,-0.094999
0.013104,0.013347,-0.094675
0.015368,0.011688,-0.094148
0.015759,0.014392,-0.093040
0.017418,0.014103,-0.092701
0.017536,0.014293,-0.090206
0.019953,0.014797,-0.090768
0.022653,0.012520,-0.092283
0.021500,0.013693,-0.091461
0.024164,0.012873,-0.089782
0.025939,0.013560,-0.090064
0.027349,0.013787,-0.089408
0.028954,0.012195,-0.090234
0.030180,0.013982,-0.088751
0.030145,0.014697,-0.091315
0.032272,0.012498,-0.088215
0.032762,0.012781,-0.087547
0.034269,0.013902,-0.087142
0.037045,0.013601,-0.087071
0.037968,0.012993,-0.088104
0.038521,0.013826,-0.085578
0.041245,0.013253,-0.088048
0.042273,0.012718,-0.086338
0.044212,0.014516,-0.086773
0.045247,0.012904,-0.085855
0.046666,0.012407,-0.086326
0.047326,0.013467,-0.087473
0.049265,0.014131,-0.084584
0.051202,0.013338,-0.086233
0.051323,0.014108,-0.083828
0.051588,0.013861,-0.083448
0.054756,0.012263,-0.081151
0.055573,0.013260,-0.084794
0.057497,0.012638,-0.084346
0.058795,0.012994,-0.084455
0.059140,0.014017,-0.083449
0.063312,0.014379,-0.081072
0.062164,0.013383,-0.083338
0.064343,0.012108,-0.084272
0.065011,0.013409,-0.083057
0.068104,0.014258,-0.081550
0.068979,0.014195,-0.083262
0.070222,0.012965,-0.082268
0.072145,0.014343,-0.084630
0.071339,0.013439,-0.084063
0.074456,0.013505,-0.084112
0.072926,0.013838,-0.083457
0.077029,0.011657,-0.081787
0.078867,0.014830,-0.083000
0.080147,0.013478,-0.083839
0.079596,0.012454,-0.087330
0.081597,0.013732,-0.084132
0.082866,0.015360,-0.084489
0.083375,0.014648,-0.084849
0.084310,0.014041,-0.085221
0.087571,0.013960,-0.085412
0.088161,0.013567,-0.087241
0.089360,0.012888,-0.087030
0.090677,0.014754,-0.087357
0.094018,0.013127,-0.086521
0.093527,0.012150,-0.087285
0.096674,0.013542,-0.086678
0.098462,0.013354,-0.087292
0.099703,0.013630,-0.087497
0.100516,0.012743,-0.090109
0.100655,0.012113,-0.087576
0.103591,0.014054,-0.090227
0.103649,0.013133,-0.089999
0.104961,0.013207,-0.090630
0.105677,0.014062,-0.091813
0.107543,0.014237,-0.094043
0.111911,0.014648,-0.093111
0.110156,0.013904,-0.094681
0.112369,0.013404,-0.092611
0.112219,0.012458,-0.093493
0.115545,0.015769,-0.093918
0.115699,0.015278,-0.093662
0.115081,0.013517,-0.095959
0.118998,0.011915,-0.096754
0.121741,0.013878,-0.098156
0.123000,0.011475,-0.095578
0.123797,0.014693,-0.096616
0.123954,0.013855,-0.099275
0.125447,0.013186,-0.098653
0.127116,0.013780,-0.099728
0.128402,0.013446,-0.101243
0.128210,0.014516,-0.099202
0.131762,0.013161,-0.102122
0.132422,0.012910,-0.103875
0.136583,0.014476,-0.103988
0.136692,0.012855,-0.102757
0.136782,0.012841,-0.104005
0.137865,0.012730,-0.105974
0.139904,0.012829,-0.106194
0.139606,0.011306,-0.106041
0.141382,0.011953,-0.106581
0.144968,0.013640,-0.109026
0.144807,0.012657,-0.109762
0.147356,0.012825,-0.109812
0.146285,0.014599,-0.111352
0.149926,0.014954,-0.112320
0.151100,0.012094,-0.113899
0.154246,0.014615,-0.115227
0.154790,0.013335,-0.117130
0.154362,0.013512,-0.118217
0.156525,0.012331,-0.120848
0.158062,0.012402,-0.121270
0.158269,0.013802,-0.122865
0.161466,0.012166,-0.125199
0.162992,0.014027,-0.130097
0.165869,0.014744,-0.132319
0.164910,0.012968,-0.134764
0.168012,0.016835,-0.140877
0.170479,0.013757,-0.146128
-0.052845,0.015987,-0.168136
-0.050087,0.015514,-0.161908
-0.048405,0.015798,-0.159251
-0.049290,0.015759,-0.154337
-0.046710,0.015999,-0.152223
-0.044850,0.016952,-0.148862
-0.044013,0.015632,-0.148609
-0.041139,0.016920,-0.146050
-0.039803,0.016560,-0.142329
-0.039008,0.015762,-0.140443
-0.036852,0.016970,-0.138917
-0.038224,0.016312,-0.138146
-0.034347,0.015832,-0.135204
-0.032024,0.015071,-0.133353
-0.031753,0.015886,-0.132639
-0.031342,0.014940,-0.131749
-0.029369,0.013609,-0.129724
-0.028844,0.013839,-0.128592
-0.026599,0.016918,-0.124831
-0.025079,0.017364,-0.125909
-0.024211,0.014175,-0.124500
-0.022083,0.015642,-0.121747
-0.021961,0.015592,-0.121636
-0.020411,0.014978,-0.119798
-0.016669,0.015447,-0.118939
-0.013690,0.014740,-0.117168
-0.014233,0.014629,-0.114060
-0.013808,0.014431,-0.114290
-0.012451,0.015132,-0.113238
-0.009893,0.015215,-0.113045
-0.010031,0.015533,-0.108586
-0.007133,0.016468,-0.108604
-0.006171,0.015904,-0.106537
-0.005243,0.013410,-0.107605
-0.003074,0.014261,-0.105027
-0.002516,0.013716,-0.104019
-0.000568,0.015351,-0.102654
0.000934,0.014282,-0.103839
0.002369,0.014932,-0.101608
0.003655,0.016888,-0.100044
0.005320,0.014497,-0.097999
0.006444,0.016273,-0.098820
0.006906,0.014895,-0.098140
0.009761,0.014250,-0.098314
0.009092,0.015506,-0.094749
0.012328,0.014079,-0.096030
0.012988,0.014107,-0.094666
0.014733,0.014892,-0.093029
0.016687,0.015568,-0.094429
0.015711,0.016459,-0.093382
0.018198,0.015667,-0.092324
0.018010,0.014700,-0.092552
0.021894,0.013407,-0.093417
0.021846,0.014188,-0.092777
0.024181,0.014943,-0.091876
0.026832,0.014201,-0.089605
0.026857,0.015261,-0.089803
0.028137,0.016403,-0.091164
0.029145,0.015096,-0.091509
0.030591,0.016849,-0.090245
0.032231,0.012740,-0.090755
0.035810,0.017152,-0.091017
0.034897,0.014130,-0.088951
0.036208,0.014517,-0.089636
0.037738,0.015153,-0.090840
0.038800,0.013432,-0.088547
0.040234,0.015036,-0.088136
0.040963,0.016078,-0.087562
0.044522,0.016077,-0.085619
0.043280,0.015194,-0.087099
0.045249,0.014914,-0.086529
0.047871,0.014219,-0.086660
0.048623,0.015616,-0.083441
0.049194,0.015107,-0.087665
0.049619,0.014023,-0.085876
0.052989,0.016376,-0.086222
0.054193,0.016312,-0.085673
0.054911,0.014818,-0.084324
0.057240,0.015675,-0.084072
0.058011,0.014869,-0.082432
0.059079,0.015589,-0.083918
0.060859,0.015696,-0.084653
0.063566,0.015540,-0.084690
0.063134,0.014713,-0.082922
0.064809,0.015058,-0.084443
0.068630,0.013971,-0.083669
0.069155,0.015573,-0.082908
0.070291,0.014921,-0.081735
0.070605,0.016270,-0.082794
0.072382,0.014175,-0.082821
0.072774,0.013510,-0.083566
0.075322,0.016053,-0.083714
0.076931,0.014150,-0.084800
0.078327,0.014810,-0.085181
0.077141,0.015000,-0.083603
0.080545,0.014900,-0.085199
0.080368,0.014976,-0.086115
0.084479,0.015426,-0.085227
0.082112,0.014729,-0.085980
0.084991,0.015501,-0.083787
0.086442,0.014514,-0.085398
0.089047,0.012684,-0.085403
0.088171,0.014841,-0.087361
0.090603,0.014035,-0.087990
0.091867,0.014317,-0.088964
0.094366,0.014903,-0.087613
0.097466,0.015869,-0.089002
0.097220,0.015123,-0.088235
0.098664,0.014098,-0.090459
0.099460,0.015319,-0.089744
0.100046,0.015949,-0.088966
0.102850,0.014654,-0.089636
0.103613,0.014101,-0.091127
0.105319,0.014980,-0.091714
0.106088,0.013624,-0.092374
0.107288,0.015723,-0.091498
0.107580,0.015053,-0.092579
0.108982,0.015089,-0.092064
0.110579,0.016895,-0.094876
0.111463,0.016457,-0.095909
0.114872,0.014847,-0.095220
0.116159,0.015436,-0.095412
0.118044,0.018265,-0.095848
0.118017,0.013588,-0.097556
0.121711,0.016258,-0.097341
0.122382,0.015026,-0.097755
0.122874,0.015436,-0.098117
0.124895,0.015298,-0.097905
0.125002,0.015223,-0.098047
0.127809,0.015097,-0.101226
0.128576,0.014458,-0.100243
0.131794,0.017277,-0.102778
0.132592,0.015847,-0.103054
0.132306,0.014272,-0.102135
0.133592,0.015479,-0.102838
0.135528,0.015609,-0.103175
0.136604,0.015670,-0.102790
0.138239,0.016213,-0.105109
0.139986,0.015923,-0.103942
0.140781,0.015588,-0.106890
0.143613,0.015897,-0.107306
0.144081,0.013625,-0.107891
0.144320,0.014936,-0.109560
0.147832,0.015034,-0.111664
0.145967,0.016004,-0.111679
0.150410,0.012904,-0.112650
0.148202,0.014933,-0.114175
0.151684,0.016308,-0.114934
0.154864,0.014976,-0.117986
0.153591,0.015882,-0.120503
0.157617,0.015633,-0.121665
0.157934,0.014895,-0.122771
0.160622,0.015123,-0.124540
0.161942,0.017393,-0.126836
0.161986,0.014634,-0.128348
0.164044,0.016443,-0.132756
0.165405,0.016482,-0.135462
0.168464,0.017190,-0.140135
0.170770,0.016712,-0.146212
0.169441,0.016842,-0.160194
-0.052002,0.018403,-0.174633
-0.050962,0.018357,-0.162722
-0.049413,0.017895,-0.161828
-0.048793,0.016270,-0.156276
-0.047510,0.017139,-0.152561
-0.046878,0.016220,-0.149773
-0.043611,0.018048,-0.146764
-0.043167,0.018670,-0.143654
-0.039955,0.017604,-0.143648
-0.039239,0.016021,-0.141467
-0.037896,0.017511,-0.138623
-0.036684,0.016391,-0.137723
-0.034384,0.018249,-0.132639
-0.033430,0.016292,-0.133565
-0.032435,0.017820,-0.133644
-0.030714,0.017408,-0.131379
-0.029311,0.018993,-0.130905
-0.028202,0.017235,-0.130603
-0.028361,0.017076,-0.126236
-0.024841,0.016844,-0.125509
-0.024045,0.017619,-0.124220
-0.023182,0.019256,-0.123052
-0.022424,0.016301,-0.120395
-0.019523,0.016343,-0.120168
-0.016385,0.018693,-0.116829
-0.016729,0.015491,-0.118675
-0.014623,0.019297,-0.115335
-0.012531,0.017672,-0.113233
-0.012149,0.015846,-0.113711
-0.011521,0.016229,-0.111525
-0.008731,0.017776,-0.111132
-0.007746,0.018631,-0.109684
-0.006626,0.017099,-0.108036
-0.006649,0.016429,-0.108499
-0.003797,0.017686,-0.103969
-0.003153,0.017072,-0.103933
-0.000912,0.015065,-0.102524
-0.000490,0.017456,-0.101349
0.000576,0.018165,-0.101082
0.004048,0.016976,-0.101473
0.005246,0.015956,-0.100029
0.005625,0.016971,-0.098530
0.007870,0.016824,-0.098715
0.008624,0.016504,-0.098097
0.009603,0.015823,-0.095902
0.010137,0.015477,-0.097072
0.013369,0.015219,-0.095787
0.014748,0.017309,-0.092966
0.015514,0.015292,-0.093862
0.017490,0.016966,-0.092159
0.019227,0.015160,-0.093576
0.020856,0.015821,-0.093060
0.019809,0.016167,-0.091022
0.021792,0.019080,-0.092134
0.024065,0.015471,-0.091252
0.024468,0.017302,-0.090877
0.027449,0.014718,-0.091012
0.029106,0.018421,-0.092203
0.029278,0.016401,-0.088659
0.032438,0.017977,-0.088599
0.031598,0.016891,-0.089389
0.034286,0.016127,-0.089035
0.036210,0.016601,-0.085328
0.037765,0.014253,-0.090231
0.039231,0.016073,-0.088169
0.039674,0.017173,-0.086352
0.042602,0.014801,-0.086672
0.042616,0.015666,-0.086471
0.042001,0.016525,-0.085143
0.044273,0.016259,-0.086805
0.044781,0.015286,-0.085488
0.045513,0.016444,-0.086885
0.049814,0.017506,-0.084859
0.051207,0.014329,-0.086088
0.051720,0.017140,-0.086185
0.052855,0.018268,-0.084400
0.055129,0.017357,-0.083590
0.055680,0.016737,-0.084728
0.054208,0.015944,-0.083389
0.058161,0.017433,-0.083474
0.059566,0.015804,-0.084977
0.061272,0.016975,-0.084039
0.062554,0.016351,-0.081349
0.064839,0.016204,-0.083921
0.065704,0.016429,-0.082605
0.066726,0.018363,-0.082103
0.068046,0.017371,-0.081863
0.069966,0.015761,-0.082655
0.070890,0.015298,-0.084180
0.072126,0.017215,-0.083740
0.071921,0.015107,-0.083373
0.076114,0.016610,-0.084631
0.076877,0.018180,-0.084285
0.077219,0.016921,-0.082741
0.078185,0.016347,-0.084369
0.080903,0.017192,-0.085187
0.081047,0.016850,-0.085550
0.084461,0.014919,-0.085136
0.084650,0.017916,-0.085124
0.085367,0.018036,-0.086276
0.088284,0.015569,-0.085953
0.088550,0.016838,-0.085315
0.089489,0.016667,-0.087208
0.091173,0.016419,-0.087334
0.094119,0.017361,-0.086251
0.094107,0.016145,-0.087151
0.094805,0.018078,-0.087147
0.095563,0.016604,-0.087758
0.097593,0.014689,-0.088324
0.097776,0.016157,-0.090437
0.100127,0.018439,-0.088096
0.102216,0.016481,-0.090207
0.102720,0.015010,-0.088516
0.103235,0.016609,-0.090799
0.107968,0.013686,-0.092610
0.107837,0.017338,-0.092705
0.107807,0.016097,-0.091220
0.110420,0.018264,-0.092797
0.111344,0.016883,-0.093961
0.111373,0.017152,-0.092959
0.115303,0.017372,-0.096564
0.115369,0.017101,-0.094965
0.117441,0.014778,-0.094933
0.119901,0.017646,-0.096947
0.119331,0.017385,-0.096808
0.121304,0.016065,-0.099362
0.120881,0.014939,-0.098113
0.123903,0.017141,-0.098680
0.124241,0.016141,-0.098110
0.127015,0.017320,-0.098429
0.129171,0.016488,-0.102009
0.130535,0.017193,-0.101926
0.129957,0.017595,-0.102317
0.131881,0.017588,-0.104052
0.134775,0.015625,-0.104372
0.133528,0.017319,-0.105965
0.137302,0.015846,-0.104901
0.137325,0.017763,-0.106990
0.141331,0.016590,-0.106399
0.139591,0.015330,-0.107982
0.141436,0.016117,-0.107450
0.144612,0.017067,-0.109335
0.144459,0.016759,-0.108385
0.147296,0.017776,-0.111996
0.147497,0.015177,-0.110983
0.149862,0.017075,-0.112245
0.150190,0.020532,-0.114175
0.152018,0.016059,-0.115116
0.155061,0.016872,-0.118565
0.156344,0.016675,-0.118834
0.155814,0.017440,-0.120456
0.158988,0.016318,-0.123926
0.159222,0.016529,-0.124723
0.160791,0.017600,-0.126650
0.162735,0.018230,-0.130464
0.165910,0.016491,-0.131526
0.163625,0.017408,-0.135703
0.167920,0.019423,-0.139546
0.166611,0.015642,-0.144550
0.171462,0.019219,-0.152650
-0.051094,0.020576,-0.166167
-0.049866,0.018944,-0.162655
-0.049625,0.017284,-0.155932
-0.046633,0.018467,-0.153182
-0.046692,0.022557,-0.151033
-0.041866,0.018658,-0.147129
-0.043427,0.021759,-0.145895
-0.039260,0.018377,-0.142394
-0.039961,0.018964,-0.140556
-0.037309,0.018397,-0.138953
-0.035371,0.018885,-0.137896
-0.034710,0.019274,-0.135921
-0.033363,0.017709,-0.136398
-0.032716,0.019069,-0.132112
-0.031232,0.019690,-0.131618
-0.029541,0.018457,-0.129930
-0.027165,0.019310,-0.129956
-0.026894,0.018632,-0.127025
-0.026392,0.018770,-0.126670
-0.022731,0.018363,-0.124948
-0.023839,0.018745,-0.123643
-0.020990,0.019432,-0.119565
-0.018694,0.019698,-0.120284
-0.018177,0.019595,-0.119281
-0.014049,0.019845,-0.116446
-0.013719,0.018270,-0.115446
-0.011882,0.017312,-0.113646
-0.011422,0.017493,-0.113003
-0.009365,0.018448,-0.111622
-0.008356,0.017724,-0.111897
-0.008926,0.019057,-0.109661
-0.006602,0.017208,-0.107964
-0.002766,0.018064,-0.108437
-0.002182,0.018816,-0.104819
-0.002606,0.016734,-0.105073
0.000398,0.017840,-0.103867
0.000026,0.018278,-0.104403
0.000476,0.018516,-0.102953
0.002041,0.019486,-0.101290
0.003178,0.018991,-0.099152
0.005749,0.017969,-0.099552
0.008130,0.018457,-0.098577
0.007321,0.018747,-0.097284
0.009361,0.018135,-0.096586
0.014362,0.017936,-0.096969
0.012884,0.016743,-0.095056
0.015072,0.019366,-0.096443
0.014444,0.018425,-0.094349
0.017078,0.018178,-0.093806
0.017907,0.020212,-0.093446
0.020057,0.018475,-0.093667
0.021656,0.018082,-0.090505
0.024145,0.018566,-0.093664
0.024678,0.018195,-0.091805
0.027101,0.018068,-0.091832
0.026582,0.018812,-0.090639
0.029546,0.017352,-0.090652
0.028967,0.018333,-0.089189
0.029890,0.017419,-0.089452
0.030274,0.019200,-0.088089
0.034279,0.018594,-0.088531
0.034754,0.017955,-0.088983
0.037455,0.018290,-0.087552
0.037212,0.019182,-0.088867
0.038943,0.016788,-0.089977
0.040615,0.018019,-0.088552
0.041032,0.019192,-0.088446
0.042035,0.019370,-0.087378
0.043206,0.016656,-0.086758
0.044283,0.017600,-0.086010
0.045332,0.017892,-0.085012
0.047949,0.018199,-0.087299
0.050000,0.018062,-0.087057
0.051541,0.016346,-0.085825
0.052504,0.018866,-0.085957
0.053071,0.018278,-0.085660
0.054854,0.019886,-0.085426
0.058715,0.019443,-0.085453
0.059367,0.017615,-0.086174
0.058856,0.019086,-0.084842
0.061696,0.017451,-0.084102
0.063477,0.016720,-0.084443
0.064398,0.016257,-0.083084
0.063528,0.017169,-0.084047
0.065799,0.018926,-0.084978
0.068165,0.017286,-0.084073
0.068280,0.017546,-0.085793
0.071460,0.019654,-0.083976
0.072242,0.017885,-0.084044
0.072886,0.017325,-0.084181
0.072421,0.017282,-0.083497
0.075014,0.018475,-0.085594
0.077527,0.018152,-0.085965
0.078033,0.017575,-0.083930
0.081707,0.018997,-0.085779
0.083108,0.018385,-0.085351
0.081346,0.016722,-0.085432
0.085995,0.018494,-0.085820
0.084732,0.017053,-0.085917
0.087955,0.019169,-0.085626
0.088780,0.018813,-0.086704
0.088808,0.019092,-0.086515
0.091104,0.017444,-0.087976
0.092429,0.019209,-0.088287
0.094233,0.019305,-0.088125
0.095733,0.018213,-0.087993
0.095761,0.018740,-0.088111
0.098390,0.018608,-0.089418
0.100083,0.017728,-0.091127
0.101187,0.018688,-0.090015
0.102934,0.020234,-0.089825
0.103630,0.018596,-0.092335
0.106124,0.017377,-0.091428
0.106930,0.017821,-0.092166
0.108619,0.017509,-0.092158
0.108018,0.018688,-0.092669
0.110426,0.018217,-0.090767
0.110009,0.016854,-0.094937
0.112210,0.019487,-0.091102
0.115085,0.016142,-0.094535
0.116152,0.018620,-0.097114
0.117023,0.018133,-0.095228
0.119816,0.020746,-0.096892
0.120628,0.017797,-0.095773
0.119961,0.018864,-0.097838
0.122899,0.018049,-0.096652
0.125736,0.016869,-0.098472
0.126085,0.019913,-0.099244
0.125801,0.017332,-0.100372
0.128556,0.016363,-0.100613
0.131763,0.018190,-0.100823
0.129373,0.017776,-0.102538
0.134583,0.017957,-0.102228
0.134753,0.018125,-0.105119
0.135424,0.019039,-0.104163
0.137266,0.020201,-0.103625
0.137251,0.017491,-0.104884
0.139287,0.018482,-0.104725
0.141600,0.017139,-0.106947
0.144538,0.015866,-0.107197
0.143164,0.016893,-0.108256
0.145356,0.018776,-0.110655
0.147187,0.018441,-0.110484
0.149580,0.020229,-0.110736
0.151433,0.020577,-0.113944
0.151876,0.018884,-0.113450
0.153692,0.019129,-0.117078
0.153359,0.017303,-0.117636
0.155539,0.018545,-0.118183
0.157317,0.020781,-0.121446
0.155532,0.018351,-0.121771
0.159045,0.017639,-0.124443
0.160749,0.018970,-0.125693
0.162350,0.018256,-0.131333
0.165543,0.019820,-0.131582
0.165486,0.017406,-0.135074
0.166145,0.018476,-0.139681
0.167878,0.019630,-0.143433
0.168660,0.018275,-0.148849
-0.051368,0.021878,-0.169807
-0.048333,0.020556,-0.161264
-0.049321,0.020117,-0.157548
-0.047647,0.020615,-0.155382
-0.044502,0.020731,-0.151019
-0.043006,0.021131,-0.148504
-0.042150,0.022231,-0.145133
-0.041689,0.021790,-0.144634
-0.038043,0.020936,-0.140336
-0.038039,0.021131,-0.138547
-0.035712,0.020544,-0.139308
-0.034948,0.019714,-0.137528
-0.034706,0.021173,-0.133694
-0.033434,0.019022,-0.134197
-0.031202,0.019737,-0.133458
-0.029546,0.020945,-0.130522
-0.026786,0.019964,-0.129651
-0.025315,0.020087,-0.127984
-0.025605,0.020162,-0.124949
-0.022307,0.021397,-0.124302
-0.021917,0.021439,-0.124751
-0.021291,0.020983,-0.121453
-0.019538,0.019738,-0.121106
-0.020779,0.021785,-0.118363
-0.015234,0.021329,-0.118588
-0.015605,0.021316,-0.116171
-0.012010,0.020760,-0.117146
-0.012071,0.019963,-0.113953
-0.011011,0.020243,-0.113766
-0.009596,0.021257,-0.110405
-0.008248,0.020183,-0.107674
-0.006450,0.019522,-0.109286
-0.005339,0.019780,-0.106854
-0.002702,0.021048,-0.103991
-0.003094,0.019892,-0.105882
-0.001339,0.020064,-0.106201
0.001549,0.019517,-0.104559
0.003066,0.019399,-0.100856
0.002786,0.020562,-0.103129
0.004539,0.019920,-0.100963
0.005720,0.020420,-0.100104
0.006746,0.021103,-0.098040
0.008674,0.019506,-0.097894
0.011047,0.019022,-0.099487
0.011846,0.019943,-0.096713
0.013041,0.020744,-0.095921
0.014044,0.019181,-0.094559
0.015699,0.020222,-0.094944
0.015339,0.021013,-0.093108
0.018465,0.018952,-0.092892
0.022737,0.019871,-0.095034
0.023184,0.019087,-0.094441
0.023510,0.020044,-0.093159
0.023562,0.018610,-0.093778
0.027408,0.019571,-0.092111
0.026812,0.018955,-0.091518
0.028162,0.018898,-0.088467
0.030323,0.019330,-0.091884
0.030457,0.019459,-0.090010
0.031970,0.018947,-0.088729
0.031465,0.019443,-0.089597
0.034701,0.022004,-0.088267
0.038260,0.021016,-0.089458
0.039048,0.020097,-0.087950
0.039949,0.018417,-0.088170
0.041580,0.020357,-0.088839
0.042619,0.020431,-0.087635
0.042832,0.018178,-0.088977
0.043881,0.019463,-0.087730
0.046876,0.020059,-0.085875
0.046329,0.019206,-0.086240
0.049805,0.019526,-0.087627
0.049288,0.018443,-0.086673
0.050372,0.019902,-0.085127
0.053094,0.018846,-0.085763
0.053038,0.022200,-0.085852
0.056304,0.018496,-0.084838
0.055306,0.019126,-0.085106
0.057019,0.019297,-0.085772
0.061339,0.020191,-0.084583
0.061814,0.019319,-0.083438
0.061785,0.020057,-0.083378
0.063535,0.019242,-0.083201
0.064501,0.018064,-0.083791
0.067586,0.019300,-0.083193
0.067991,0.021711,-0.083721
0.068312,0.019598,-0.083673
0.071101,0.020590,-0.085679
0.070172,0.018169,-0.082508
0.074263,0.019537,-0.084257
0.075820,0.019918,-0.083500
0.076737,0.020124,-0.084122
0.077711,0.020006,-0.085054
0.080025,0.020481,-0.085947
0.079943,0.017821,-0.084831
0.082487,0.018192,-0.085375
0.082269,0.020210,-0.086764
0.083706,0.019717,-0.085535
0.084253,0.019091,-0.087961
0.086836,0.019368,-0.087427
0.087920,0.018437,-0.087093
0.088493,0.020200,-0.086588
0.090960,0.019904,-0.089317
0.092409,0.021094,-0.087779
0.094927,0.018798,-0.087187
0.094828,0.018837,-0.086716
0.096103,0.018978,-0.090199
0.097451,0.019991,-0.088657
0.099810,0.018265,-0.090884
0.102637,0.020585,-0.089616
0.102822,0.019855,-0.090375
0.102899,0.019129,-0.092357
0.106024,0.018685,-0.089927
0.105089,0.017857,-0.092687
0.108138,0.019877,-0.091547
0.109679,0.021101,-0.091732
0.110046,0.021302,-0.092162
0.112095,0.019408,-0.091779
0.112016,0.019770,-0.095447
0.113621,0.018305,-0.094539
0.115598,0.020386,-0.096252
0.117985,0.017655,-0.096120
0.118861,0.020010,-0.096008
0.119606,0.019196,-0.095040
0.121374,0.019927,-0.099258
0.124267,0.019129,-0.098579
0.124221,0.020549,-0.097107
0.126109,0.020833,-0.099118
0.127405,0.021489,-0.099201
0.126401,0.020300,-0.098925
0.129566,0.019416,-0.100343
0.132154,0.019375,-0.101382
0.131909,0.019339,-0.100249
0.136026,0.017951,-0.105847
0.136216,0.019490,-0.104219
0.137062,0.020238,-0.104777
0.138648,0.019936,-0.104411
0.140126,0.020215,-0.106698
0.140671,0.021040,-0.106989
0.140431,0.020323,-0.107562
0.143357,0.018543,-0.109160
0.145511,0.019880,-0.109436
0.145633,0.020032,-0.111301
0.147048,0.021048,-0.111500
0.148151,0.019873,-0.112420
0.150584,0.019528,-0.114001
0.152200,0.018841,-0.114939
0.153839,0.020366,-0.116533
0.154952,0.018559,-0.119544
0.157057,0.020188,-0.121297
0.158357,0.020401,-0.123919
0.159190,0.019483,-0.123825
0.162184,0.022188,-0.126635
0.161224,0.019707,-0.129933
0.164414,0.021602,-0.133463
0.165482,0.018910,-0.135286
0.167944,0.020941,-0.140115
0.168853,0.019590,-0.142904
0.169497,0.021519,-0.147976
-0.052679,0.020722,-0.181335
-0.051170,0.022272,-0.165096
-0.048870,0.022165,-0.159635
-0.045920,0.022780,-0.156403
-0.045793,0.022948,-0.154204
-0.043019,0.021840,-0.149411
-0.042929,0.022162,-0.146741
-0.042828,0.022228,-0.144931
-0.040540,0.021042,-0.143803
-0.039947,0.023921,-0.140296
-0.036804,0.020004,-0.140960
-0.035418,0.022418,-0.138336
-0.034255,0.022643,-0.136564
-0.031221,0.020513,-0.135568
-0.031397,0.022849,-0.133433
-0.028723,0.021740,-0.130384
-0.027054,0.020057,-0.131726
-0.026691,0.023846,-0.128608
-0.024763,0.022996,-0.126380
-0.023312,0.022143,-0.125487
-0.021247,0.022711,-0.122200
-0.019253,0.020982,-0.121530
-0.018316,0.022169,-0.121370
-0.015625,0.022526,-0.120418
-0.018010,0.020743,-0.118350
-0.016175,0.019939,-0.116583
-0.014419,0.021969,-0.116748
-0.010021,0.021769,-0.114834
-0.010357,0.021873,-0.112837
-0.007817,0.020092,-0.113071
-0.009677,0.022206,-0.109372
-0.007163,0.021906,-0.109730
-0.005518,0.021788,-0.107322
-0.005178,0.021864,-0.108846
-0.003472,0.021632,-0.107924
-0.000521,0.022769,-0.107264
-0.000788,0.021454,-0.102691
0.001388,0.022143,-0.103220
0.003048,0.020500,-0.099700
0.004917,0.020524,-0.103266
0.006047,0.022469,-0.098289
0.007107,0.019676,-0.098137
0.007593,0.021185,-0.098743
0.010844,0.019813,-0.098373
0.012475,0.019571,-0.096565
0.013202,0.022046,-0.096505
0.014937,0.021408,-0.095454
0.016644,0.022526,-0.095528
0.015323,0.021573,-0.094637
0.018229,0.021994,-0.094772
0.017976,0.020628,-0.094171
0.018574,0.020628,-0.092907
0.022974,0.021743,-0.095047
0.025326,0.022655,-0.092202
0.026514,0.020733,-0.091667
0.026524,0.020788,-0.091791
0.028608,0.019813,-0.092008
0.028620,0.021483,-0.089295
0.032311,0.021464,-0.090844
0.032549,0.021043,-0.090630
0.032567,0.021459,-0.090280
0.034805,0.020326,-0.090110
0.035904,0.021325,-0.088370
0.036867,0.022713,-0.088857
0.038013,0.019293,-0.088667
0.041192,0.020278,-0.089072
0.041142,0.021644,-0.089293
0.041908,0.022394,-0.088191
0.044045,0.022796,-0.086441
0.047776,0.021188,-0.086140
0.047514,0.020838,-0.087143
0.046937,0.023250,-0.088991
0.049411,0.019649,-0.086881
0.050820,0.020924,-0.085374
0.053961,0.021681,-0.085206
0.053792,0.021250,-0.086437
0.056161,0.020276,-0.085685
0.057333,0.019646,-0.084324
0.058759,0.022379,-0.084689
0.061249,0.022092,-0.084866
0.061242,0.020970,-0.085575
0.060575,0.021656,-0.085258
0.063702,0.021081,-0.085804
0.064442,0.019640,-0.083966
0.066256,0.021007,-0.083259
0.067108,0.021424,-0.083425
0.070625,0.023287,-0.084093
0.070844,0.021396,-0.084835
0.071621,0.019501,-0.084224
0.071543,0.020255,-0.082402
0.075157,0.020827,-0.083726
0.076944,0.022316,-0.085726
0.077799,0.019625,-0.085505
0.078934,0.022210,-0.083992
0.079034,0.021046,-0.085621
0.082939,0.020378,-0.085076
0.083623,0.020125,-0.085760
0.083773,0.022008,-0.087172
0.085423,0.021448,-0.084792
0.086390,0.021900,-0.087093
0.087974,0.019581,-0.085973
0.089992,0.021564,-0.087062
0.091425,0.022922,-0.086815
0.091879,0.021162,-0.090100
0.093617,0.022358,-0.087435
0.095622,0.019717,-0.088591
0.095523,0.023566,-0.087791
0.096582,0.021665,-0.088238
0.101293,0.022887,-0.089348
0.100705,0.021094,-0.088668
0.103145,0.020525,-0.089423
0.103793,0.021460,-0.091589
0.105864,0.022361,-0.091611
0.107944,0.021645,-0.091120
0.107899,0.020933,-0.091983
0.109208,0.021529,-0.093848
0.111125,0.020438,-0.093169
0.111777,0.019909,-0.092671
0.114496,0.023100,-0.093908
0.113593,0.020630,-0.094862
0.114966,0.019882,-0.094830
0.116471,0.020604,-0.096573
0.119007,0.021267,-0.097015
0.120945,0.022906,-0.097166
0.122619,0.021297,-0.096615
0.121859,0.020454,-0.097823
0.123504,0.020277,-0.097365
0.126142,0.021497,-0.098553
0.127676,0.021757,-0.100911
0.128209,0.021965,-0.098930
0.129596,0.020873,-0.101525
0.131431,0.020713,-0.102877
0.133094,0.020683,-0.101545
0.133803,0.021834,-0.103076
0.135017,0.020685,-0.102726
0.138042,0.021808,-0.104525
0.137440,0.019770,-0.105206
0.138985,0.021217,-0.105627
0.141761,0.021641,-0.106954
0.141964,0.023125,-0.107002
0.144626,0.020614,-0.109572
0.144472,0.020017,-0.110119
0.146215,0.021096,-0.109634
0.148466,0.022122,-0.112930
0.150789,0.020578,-0.114616
0.149202,0.020444,-0.113874
0.155272,0.020699,-0.115893
0.152736,0.021718,-0.117730
0.157486,0.020556,-0.119017
0.156333,0.020579,-0.121464
0.157740,0.022486,-0.121784
0.159704,0.021611,-0.125953
0.160210,0.020755,-0.126108
0.162800,0.019769,-0.129790
0.165474,0.022522,-0.130524
0.164034,0.021944,-0.134911
0.167868,0.022576,-0.138302
0.170969,0.025088,-0.142601
0.171275,0.021938,-0.147034
-0.048913,0.024052,-0.167352
-0.049398,0.024955,-0.162407
-0.046245,0.024271,-0.156975
-0.045029,0.024402,-0.152989
-0.045325,0.023368,-0.150843
-0.041824,0.023583,-0.148627
-0.039861,0.022805,-0.145114
-0.038437,0.022812,-0.143515
-0.036491,0.023987,-0.141512
-0.036311,0.023861,-0.140186
-0.034992,0.025096,-0.138989
-0.033426,0.023625,-0.135506
-0.030590,0.022285,-0.135701
-0.030419,0.023490,-0.132849
-0.028598,0.022010,-0.131824
-0.029862,0.023985,-0.129781
-0.027215,0.024054,-0.127992
-0.024442,0.023327,-0.127002
-0.023630,0.024137,-0.125471
-0.020691,0.023117,-0.124578
-0.021173,0.023000,-0.123769
-0.019786,0.023450,-0.121717
-0.017332,0.022635,-0.119617
-0.016518,0.023727,-0.120046
-0.015038,0.022338,-0.117800
-0.014601,0.025195,-0.115587
-0.012110,0.023232,-0.115619
-0.009940,0.026295,-0.112846
-0.008537,0.023406,-0.110556
-0.006600,0.023072,-0.111244
-0.007277,0.024890,-0.110619
-0.004663,0.024054,-0.109532
-0.003214,0.021986,-0.108856
-0.000063,0.022727,-0.106948
-0.001025,0.024231,-0.105515
0.000001,0.022924,-0.103550
0.003032,0.023789,-0.104388
0.003814,0.024027,-0.102150
0.004239,0.022234,-0.101955
0.005455,0.021817,-0.099889
0.008042,0.022758,-0.101763
0.007704,0.023928,-0.098437
0.010405,0.023103,-0.097011
0.011890,0.020859,-0.096818
0.013670,0.023387,-0.098255
0.013231,0.021681,-0.095564
0.013424,0.023571,-0.094649
0.018254,0.023576,-0.094579
0.017775,0.023620,-0.094526
0.021474,0.022657,-0.094236
0.020302,0.023442,-0.094538
0.022191,0.022612,-0.093512
0.025124,0.023226,-0.094785
0.025422,0.023893,-0.092475
0.025233,0.022950,-0.091959
0.026805,0.022997,-0.091898
0.029188,0.021495,-0.091133
0.029891,0.021944,-0.091280
0.031909,0.024092,-0.090533
0.035212,0.022690,-0.088793
0.034143,0.024057,-0.089923
0.036415,0.022260,-0.090240
0.036497,0.024459,-0.087176
0.038388,0.022230,-0.089293
0.040456,0.022595,-0.088989
0.041673,0.024637,-0.089378
0.041918,0.023327,-0.086562
0.045940,0.023171,-0.088886
0.045229,0.023455,-0.087538
0.047615,0.023598,-0.086939
0.049496,0.023879,-0.084926
0.049554,0.022836,-0.084897
0.051762,0.022617,-0.085247
0.052082,0.023588,-0.086386
0.055389,0.024358,-0.085856
0.056300,0.025697,-0.086441
0.056365,0.025337,-0.084732
0.059179,0.022649,-0.086142
0.059976,0.021600,-0.084087
0.059084,0.022481,-0.085028
0.062396,0.022450,-0.086321
0.063345,0.022156,-0.083757
0.065009,0.022882,-0.085244
0.067238,0.023126,-0.084584
0.066261,0.023010,-0.084936
0.068481,0.023194,-0.084756
0.070714,0.022856,-0.082938
0.070925,0.022146,-0.083448
0.074149,0.022620,-0.083667
0.075722,0.023193,-0.086116
0.075977,0.023310,-0.085074
0.076833,0.022702,-0.084373
0.077712,0.021957,-0.085546
0.081791,0.021758,-0.085031
0.080914,0.023394,-0.086288
0.082817,0.022457,-0.085372
0.082841,0.024676,-0.085084
0.085802,0.022927,-0.087467
0.087513,0.024932,-0.086298
0.089146,0.023505,-0.087129
0.091146,0.023904,-0.086763
0.090719,0.019954,-0.088052
0.091765,0.021441,-0.086188
0.092826,0.022408,-0.088907
0.094802,0.022305,-0.089299
0.096286,0.023413,-0.088477
0.098344,0.020843,-0.088983
0.099061,0.023665,-0.089515
0.101780,0.023234,-0.090884
0.102520,0.022156,-0.088897
0.103062,0.022475,-0.091290
0.104277,0.021726,-0.090958
0.104900,0.022820,-0.094393
0.106231,0.023888,-0.093581
0.109116,0.022299,-0.092426
0.110467,0.024417,-0.092313
0.110158,0.022858,-0.095419
0.115348,0.024114,-0.092972
0.115523,0.023934,-0.095481
0.115190,0.023130,-0.095820
0.117495,0.022410,-0.096794
0.119549,0.023647,-0.097740
0.119220,0.023269,-0.096075
0.120879,0.023617,-0.097982
0.123281,0.022301,-0.097751
0.124715,0.024355,-0.098087
0.128468,0.022912,-0.099824
0.127457,0.023405,-0.101668
0.127882,0.022412,-0.100897
0.130199,0.021967,-0.099534
0.130833,0.023501,-0.101957
0.130751,0.022544,-0.103787
0.134384,0.021844,-0.101566
0.135902,0.022918,-0.104172
0.137711,0.024332,-0.103592
0.137022,0.022742,-0.105126
0.139970,0.022915,-0.106400
0.140123,0.023619,-0.105452
0.142014,0.021303,-0.106524
0.143113,0.022700,-0.109255
0.146749,0.023744,-0.110899
0.146387,0.024371,-0.112398
0.148059,0.023308,-0.112326
0.149469,0.024438,-0.113975
0.151205,0.023679,-0.113949
0.153354,0.023840,-0.117396
0.154654,0.023154,-0.118425
0.154486,0.024788,-0.117061
0.158038,0.022850,-0.118814
0.157386,0.025496,-0.124421
0.158491,0.024011,-0.123727
0.161270,0.022860,-0.126359
0.161934,0.023699,-0.130206
0.163880,0.022597,-0.131538
0.166438,0.023996,-0.135496
0.167480,0.025005,-0.137832
0.169118,0.022559,-0.140439
0.170550,0.020944,-0.148380
0.172108,0.023822,-0.161410
-0.049612,0.023638,-0.175905
-0.049751,0.026847,-0.164365
-0.048354,0.026120,-0.157889
-0.047279,0.026005,-0.155442
-0.043248,0.025764,-0.151346
-0.043136,0.022993,-0.148659
-0.039154,0.025710,-0.146207
-0.039006,0.025402,-0.143266
-0.039047,0.024550,-0.141594
-0.034240,0.025621,-0.139809
-0.033610,0.025790,-0.136357
-0.034470,0.028536,-0.139243
-0.032975,0.024701,-0.135696
-0.030922,0.026342,-0.135244
-0.030119,0.026882,-0.131978
-0.028626,0.024643,-0.131571
-0.027086,0.024865,-0.129960
-0.025313,0.022614,-0.127866
-0.022572,0.024392,-0.126437
-0.022623,0.023504,-0.126409
-0.021973,0.025009,-0.123865
-0.017540,0.024204,-0.122077
-0.017468,0.025333,-0.120945
-0.016280,0.025493,-0.117318
-0.015719,0.024105,-0.117740
-0.013651,0.023766,-0.118159
-0.012828,0.024825,-0.113728
-0.011679,0.026493,-0.113817
-0.009392,0.024630,-0.114115
-0.008977,0.025624,-0.112337
-0.007130,0.024370,-0.108841
-0.004617,0.024410,-0.110936
-0.004844,0.026271,-0.108362
-0.002739,0.027384,-0.107226
-0.001553,0.024779,-0.107807
-0.001070,0.024038,-0.106883
0.001692,0.022503,-0.104046
0.002540,0.024952,-0.102818
0.003210,0.024552,-0.101404
0.007677,0.024648,-0.100874
0.007681,0.024256,-0.101471
0.008267,0.024277,-0.101070
0.011020,0.023551,-0.099096
0.011311,0.023971,-0.097218
0.012832,0.024616,-0.098419
0.014348,0.024978,-0.095910
0.015226,0.024131,-0.094809
0.016105,0.025456,-0.095283
0.017507,0.024429,-0.093827
0.019419,0.024733,-0.094306
0.020415,0.025081,-0.094681
0.023923,0.025663,-0.093770
0.024101,0.025997,-0.093390
0.024625,0.026140,-0.090832
0.027032,0.024351,-0.091299
0.026673,0.024881,-0.091127
0.028823,0.025223,-0.090829
0.029619,0.025081,-0.090191
0.031757,0.022740,-0.091509
0.033508,0.026637,-0.090363
0.035366,0.025471,-0.089183
0.036410,0.024428,-0.090723
0.038202,0.023217,-0.091335
0.040728,0.024607,-0.088396
0.040812,0.024413,-0.088593
0.042732,0.023308,-0.088037
0.040607,0.025159,-0.088239
0.042334,0.022931,-0.088168
0.045077,0.026130,-0.086223
0.045892,0.025233,-0.087558
0.049283,0.025975,-0.085855
0.051132,0.024215,-0.086189
0.050722,0.023412,-0.085491
0.052591,0.024322,-0.086153
0.052552,0.024865,-0.088223
0.054202,0.023487,-0.086729
0.054983,0.025058,-0.086726
0.058516,0.022866,-0.084598
0.059767,0.025566,-0.087170
0.060945,0.023308,-0.084415
0.061656,0.024359,-0.084633
0.065789,0.023123,-0.086308
0.065028,0.024458,-0.086706
0.068813,0.023486,-0.083889
0.067844,0.023204,-0.085498
0.068554,0.024094,-0.082968
0.071124,0.025137,-0.084133
0.070962,0.024215,-0.083565
0.072139,0.022371,-0.085558
0.074393,0.022490,-0.085020
0.075594,0.024836,-0.085437
0.077415,0.021389,-0.085077
0.079541,0.024681,-0.084649
0.079133,0.023942,-0.085838
0.081247,0.024037,-0.086637
0.083963,0.025764,-0.087709
0.084357,0.023900,-0.087637
0.087178,0.024458,-0.086267
0.087035,0.024365,-0.089035
0.087010,0.024334,-0.086111
0.089883,0.025305,-0.088825
0.092601,0.024569,-0.088852
0.092626,0.024831,-0.088571
0.093259,0.023748,-0.088148
0.094124,0.025153,-0.088550
0.097090,0.024113,-0.089735
0.098290,0.024097,-0.089581
0.098329,0.026137,-0.089408
0.100168,0.025432,-0.089266
0.102785,0.022789,-0.090271
0.102647,0.024963,-0.091142
0.105076,0.023741,-0.091596
0.107488,0.022939,-0.094627
0.106778,0.024783,-0.092430
0.109712,0.024442,-0.093346
0.111652,0.025322,-0.093838
0.113182,0.025700,-0.095528
0.113470,0.025714,-0.095654
0.113022,0.025426,-0.095891
0.114901,0.023982,-0.094651
0.117732,0.025742,-0.096442
0.117179,0.027369,-0.096574
0.119677,0.023190,-0.097089
0.121671,0.024093,-0.097459
0.122195,0.023471,-0.097411
0.124633,0.026180,-0.098237
0.127952,0.025333,-0.101926
0.126086,0.024254,-0.099503
0.127861,0.023029,-0.098966
0.129223,0.024992,-0.102572
0.131360,0.023723,-0.102073
0.132019,0.025566,-0.100018
0.132486,0.023234,-0.102583
0.134346,0.023375,-0.103581
0.136518,0.025202,-0.106284
0.138639,0.024428,-0.106144
0.139096,0.022874,-0.105674
0.140751,0.024784,-0.109011
0.142093,0.025707,-0.108571
0.142609,0.023242,-0.109149
0.144068,0.026342,-0.108379
0.148370,0.024844,-0.110980
0.146262,0.023313,-0.111812
0.150233,0.025096,-0.112690
0.151200,0.023787,-0.112709
0.152097,0.024293,-0.115442
0.153882,0.024988,-0.116119
0.156725,0.025536,-0.118812
0.155700,0.025924,-0.120500
0.158346,0.024623,-0.122287
0.159755,0.024185,-0.123655
0.161762,0.025694,-0.124864
0.164142,0.023731,-0.127519
0.163786,0.026869,-0.130687
0.164883,0.025019,-0.134934
0.165433,0.026961,-0.138032
0.167312,0.023755,-0.141627
0.168777,0.026121,-0.146102
0.172835,0.027441,-0.157476
-0.049820,0.028029,-0.167566
-0.047599,0.027049,-0.162410
-0.043734,0.027392,-0.153657
-0.044525,0.026930,-0.153652
-0.041583,0.028792,-0.151242
-0.041266,0.026297,-0.147124
-0.039416,0.025893,-0.144591
-0.039872,0.026995,-0.143145
-0.034469,0.026718,-0.142629
-0.034325,0.027314,-0.139625
-0.033946,0.026506,-0.138413
-0.031853,0.024539,-0.137597
-0.030080,0.027453,-0.136442
-0.029469,0.025719,-0.132226
-0.028813,0.027660,-0.130258
-0.026212,0.028308,-0.130830
-0.027127,0.025985,-0.128774
-0.024187,0.026726,-0.126534
-0.021826,0.027009,-0.127231
-0.021108,0.024807,-0.125485
-0.018739,0.026576,-0.123100
-0.017674,0.027167,-0.122466
-0.018764,0.027505,-0.119799
-0.017035,0.028384,-0.118721
-0.012624,0.025849,-0.116418
-0.012980,0.026103,-0.114535
-0.011238,0.025992,-0.115393
-0.009344,0.025581,-0.113200
-0.009904,0.023944,-0.112572
-0.006482,0.028294,-0.109549
-0.006302,0.024366,-0.108419
-0.002291,0.028413,-0.108598
-0.002150,0.025396,-0.107363
-0.001173,0.025730,-0.107357
0.000287,0.028020,-0.103706
0.001983,0.026993,-0.104914
0.003027,0.026757,-0.103830
0.005413,0.024552,-0.101106
0.007306,0.026248,-0.101985
0.006744,0.027313,-0.100004
0.008704,0.027110,-0.100574
0.009614,0.025784,-0.099006
0.011418,0.025928,-0.096835
0.012136,0.026542,-0.096876
0.013920,0.026208,-0.096082
0.014985,0.025123,-0.094415
0.016323,0.026020,-0.096165
0.020071,0.026854,-0.095876
0.020316,0.024783,-0.092591
0.022258,0.026876,-0.093148
0.023659,0.025560,-0.093734
0.023801,0.025589,-0.093733
0.025145,0.025016,-0.092548
0.025930,0.025607,-0.093625
0.028015,0.026350,-0.092059
0.027997,0.027393,-0.092083
0.031289,0.023983,-0.089740
0.031199,0.024522,-0.090621
0.034401,0.025946,-0.089148
0.035411,0.023798,-0.092188
0.036965,0.027500,-0.089880
0.036863,0.025745,-0.089035
0.038004,0.026406,-0.088395
0.039427,0.024881,-0.088899
0.041120,0.025860,-0.087135
0.044291,0.026315,-0.089353
0.044056,0.025678,-0.086870
0.043567,0.026191,-0.086428
0.048186,0.024100,-0.087265
0.048025,0.025630,-0.085371
0.050365,0.026877,-0.086586
0.050523,0.028226,-0.086601
0.054710,0.025176,-0.084449
0.054193,0.025152,-0.085569
0.056002,0.026249,-0.084894
0.056974,0.026169,-0.085559
0.059502,0.025171,-0.084983
0.060757,0.026372,-0.086151
0.062563,0.026041,-0.084464
0.063653,0.025946,-0.085927
0.065046,0.026771,-0.084825
0.064246,0.025726,-0.086405
0.066879,0.027676,-0.084117
0.069457,0.026567,-0.085795
0.069402,0.024976,-0.084856
0.068911,0.024304,-0.085925
0.073596,0.025975,-0.084904
0.074472,0.025214,-0.084654
0.074188,0.026097,-0.083342
0.075740,0.025683,-0.083052
0.077396,0.024221,-0.086916
0.078288,0.026501,-0.084909
0.078499,0.026176,-0.086186
0.081577,0.025411,-0.085898
0.083879,0.026457,-0.085358
0.085248,0.026013,-0.086404
0.088247,0.024540,-0.083810
0.087669,0.024992,-0.085855
0.087894,0.027269,-0.087150
0.087913,0.024678,-0.089901
0.091950,0.024852,-0.089151
0.094354,0.026198,-0.088161
0.092864,0.026622,-0.089054
0.096834,0.025288,-0.088298
0.096124,0.025187,-0.090843
0.097641,0.027020,-0.092041
0.100373,0.025022,-0.088304
0.100852,0.025568,-0.091333
0.103229,0.025895,-0.089215
0.103979,0.025044,-0.089902
0.105091,0.025610,-0.092090
0.104395,0.026996,-0.092522
0.108109,0.026459,-0.092790
0.109131,0.026099,-0.095476
0.109688,0.024419,-0.092367
0.112528,0.026119,-0.094746
0.114976,0.027173,-0.095188
0.114106,0.026444,-0.095916
0.118773,0.024498,-0.094995
0.117078,0.026881,-0.096252
0.118576,0.025126,-0.095561
0.117514,0.026671,-0.096642
0.123829,0.027457,-0.098925
0.123499,0.024970,-0.097174
0.123403,0.026595,-0.098002
0.125072,0.024782,-0.098577
0.128523,0.026394,-0.099821
0.128570,0.028227,-0.098995
0.129056,0.025352,-0.099328
0.130795,0.025788,-0.100565
0.133745,0.025893,-0.103279
0.134007,0.025580,-0.104311
0.136740,0.026099,-0.105171
0.138315,0.027946,-0.103890
0.138063,0.025618,-0.105172
0.139765,0.026363,-0.105858
0.140669,0.023634,-0.108579
0.142438,0.025592,-0.108473
0.144824,0.025582,-0.107491
0.145436,0.025056,-0.110880
0.146143,0.025040,-0.112326
0.148427,0.026721,-0.111524
0.150220,0.026436,-0.112914
0.151334,0.027722,-0.115965
0.153618,0.024853,-0.114391
0.153410,0.026488,-0.115636
0.154740,0.026299,-0.118158
0.158111,0.025050,-0.120740
0.158402,0.026478,-0.122044
0.159665,0.027397,-0.124059
0.163100,0.025988,-0.126031
0.162503,0.027150,-0.126600
0.161855,0.026015,-0.131863
0.165524,0.026838,-0.133750
0.168687,0.026592,-0.137925
0.169304,0.027369,-0.141748
0.170237,0.027735,-0.146776
0.171865,0.025510,-0.151513
-0.048544,0.029699,-0.170460
-0.047923,0.028359,-0.162421
-0.045346,0.028063,-0.158344
-0.044206,0.028677,-0.152805
-0.042421,0.029390,-0.150503
-0.042121,0.027854,-0.149141
-0.040484,0.029546,-0.145740
-0.035746,0.029005,-0.144365
-0.037974,0.028974,-0.142273
-0.035857,0.029248,-0.139452
-0.035109,0.028496,-0.137435
-0.030714,0.029317,-0.138467
-0.030659,0.029010,-0.137262
-0.030629,0.027288,-0.133289
-0.028466,0.028875,-0.134207
-0.026146,0.027080,-0.131636
-0.025931,0.029384,-0.129717
-0.023014,0.029132,-0.129233
-0.022683,0.028331,-0.126082
-0.020615,0.028360,-0.126678
-0.017992,0.028710,-0.123616
-0.017963,0.029692,-0.122059
-0.017779,0.028540,-0.118802
-0.016929,0.028926,-0.120148
-0.012721,0.026898,-0.118017
-0.013296,0.026794,-0.115690
-0.009422,0.028215,-0.115432
-0.008572,0.026323,-0.114562
-0.007426,0.025947,-0.112370
-0.005623,0.027628,-0.113389
-0.006276,0.027814,-0.112716
-0.003194,0.026105,-0.110730
-0.003265,0.027728,-0.107298
0.000555,0.027562,-0.106924
0.000568,0.027762,-0.105713
0.000923,0.030011,-0.103235
0.000856,0.027535,-0.105169
0.005575,0.028904,-0.102917
0.007449,0.027698,-0.102501
0.007525,0.027298,-0.100997
0.009078,0.028545,-0.100246
0.010122,0.028237,-0.099999
0.013103,0.027029,-0.098282
0.013757,0.027089,-0.098378
0.013499,0.029156,-0.095741
0.016772,0.029055,-0.096933
0.015569,0.028091,-0.094373
0.017985,0.027145,-0.095710
0.020183,0.027217,-0.094999
0.021208,0.026248,-0.095024
0.022387,0.026293,-0.094372
0.026714,0.029238,-0.094134
0.026918,0.028153,-0.094225
0.028402,0.028725,-0.092347
0.028813,0.027348,-0.093656
0.028357,0.027497,-0.093101
0.032004,0.027319,-0.091482
0.031009,0.026887,-0.089979
0.034723,0.026912,-0.089474
0.034303,0.027898,-0.090178
0.036242,0.027527,-0.088867
0.039729,0.028323,-0.088928
0.038193,0.027539,-0.089582
0.040697,0.026563,-0.088153
0.041659,0.027039,-0.090378
0.042202,0.028157,-0.088339
0.045223,0.026955,-0.089536
0.045090,0.029109,-0.088874
0.046884,0.027721,-0.089359
0.048679,0.028707,-0.086514
0.049808,0.026586,-0.086140
0.053292,0.027536,-0.088465
0.053061,0.027638,-0.087270
0.053340,0.028243,-0.086672
0.056444,0.026832,-0.087625
0.055568,0.027677,-0.086678
0.058394,0.025990,-0.088030
0.058870,0.027975,-0.085975
0.060292,0.026761,-0.086792
0.063129,0.025908,-0.086197
0.064757,0.028056,-0.084830
0.065009,0.028117,-0.085470
0.066629,0.025969,-0.086845
0.066394,0.028243,-0.083591
0.068747,0.028731,-0.084304
0.070163,0.027704,-0.085497
0.070034,0.025939,-0.085657
0.072876,0.025172,-0.084716
0.074480,0.026351,-0.086553
0.074588,0.027371,-0.084003
0.077767,0.024432,-0.085106
0.078695,0.028141,-0.086754
0.079400,0.028353,-0.085019
0.080606,0.026910,-0.085238
0.079718,0.028491,-0.087221
0.084939,0.027438,-0.087980
0.087473,0.028762,-0.086310
0.085397,0.026577,-0.087083
0.088078,0.025639,-0.085148
0.091198,0.027835,-0.088865
0.090203,0.028620,-0.086160
0.091340,0.027347,-0.089898
0.095529,0.027382,-0.090278
0.095178,0.027973,-0.089066
0.096055,0.027322,-0.090330
0.096110,0.026706,-0.090215
0.100438,0.027300,-0.089417
0.100708,0.027527,-0.090822
0.103301,0.026631,-0.090140
0.103758,0.026420,-0.089228
0.103869,0.026338,-0.093067
0.106674,0.029318,-0.090753
0.108892,0.027826,-0.094185
0.108415,0.026949,-0.092177
0.110391,0.027328,-0.093677
0.114108,0.027382,-0.093450
0.114026,0.027000,-0.094635
0.114432,0.028041,-0.096783
0.117255,0.027224,-0.095603
0.117551,0.027318,-0.096995
0.119536,0.027047,-0.094437
0.121159,0.027086,-0.099087
0.121236,0.027011,-0.098017
0.121436,0.028174,-0.097416
0.125047,0.026323,-0.098580
0.126145,0.028769,-0.100082
0.126073,0.027759,-0.101750
0.128655,0.027601,-0.100368
0.130296,0.027908,-0.099768
0.131493,0.027449,-0.102597
0.131087,0.028374,-0.101723
0.133296,0.026952,-0.105161
0.135518,0.028570,-0.105573
0.136967,0.028933,-0.104997
0.138603,0.028167,-0.104278
0.140522,0.027372,-0.107411
0.141480,0.027901,-0.106853
0.143901,0.027386,-0.108541
0.143619,0.028124,-0.108571
0.146980,0.028051,-0.108677
0.146498,0.028370,-0.112499
0.148476,0.029599,-0.112670
0.148518,0.027479,-0.112759
0.148032,0.029194,-0.113225
0.151891,0.028454,-0.116213
0.152160,0.026760,-0.116065
0.156063,0.029669,-0.116428
0.156855,0.027848,-0.121110
0.158424,0.027943,-0.121741
0.160222,0.028209,-0.123631
0.160537,0.029104,-0.126343
0.163491,0.026979,-0.128236
0.165749,0.028017,-0.131744
0.164264,0.028124,-0.135853
0.167189,0.028302,-0.139187
0.170102,0.026719,-0.141251
0.170559,0.028326,-0.145518
0.172151,0.028822,-0.148327
-0.048269,0.030974,-0.175033
-0.046493,0.031028,-0.166339
-0.045143,0.029905,-0.158671
-0.042032,0.030435,-0.156086
-0.043270,0.027887,-0.151583
-0.042085,0.029592,-0.150346
-0.040882,0.030904,-0.146104
-0.040670,0.031023,-0.144811
-0.034765,0.028631,-0.142558
-0.034655,0.030773,-0.140851
-0.033270,0.029208,-0.139094
-0.033079,0.028758,-0.136426
-0.029045,0.030522,-0.134978
-0.027542,0.030641,-0.132705
-0.029460,0.029239,-0.132322
-0.028775,0.030540,-0.130417
-0.023743,0.029027,-0.127718
-0.025147,0.031093,-0.128385
-0.023029,0.030403,-0.125840
-0.022245,0.030321,-0.124432
-0.017922,0.029457,-0.123591
-0.018931,0.028857,-0.122656
-0.017656,0.030075,-0.121578
-0.013553,0.029340,-0.120578
-0.012760,0.028915,-0.119179
-0.012033,0.029003,-0.115082
-0.012069,0.030436,-0.115884
-0.009768,0.029128,-0.113641
-0.006552,0.029756,-0.111550
-0.006692,0.030442,-0.111365
-0.004978,0.028937,-0.109890
-0.003601,0.029451,-0.109241
-0.000903,0.029346,-0.108333
-0.001036,0.029769,-0.107311
-0.001647,0.029386,-0.108014
0.003484,0.029188,-0.104469
0.002076,0.030627,-0.102724
0.004180,0.029124,-0.103893
0.007252,0.028590,-0.101383
0.007357,0.028431,-0.100919
0.008155,0.028579,-0.101302
0.010812,0.029055,-0.099673
0.011293,0.028862,-0.099465
0.013121,0.030295,-0.098465
0.015505,0.027507,-0.097854
0.013813,0.029506,-0.097252
0.017603,0.030920,-0.096041
0.017474,0.031220,-0.096472
0.019972,0.028648,-0.095635
0.021697,0.029404,-0.094228
0.023242,0.030203,-0.093169
0.023492,0.028695,-0.094415
0.025814,0.027487,-0.092444
0.026591,0.030577,-0.092215
0.026532,0.027143,-0.091486
0.030351,0.030772,-0.092929
0.031338,0.028567,-0.090821
0.031817,0.027409,-0.092306
0.034184,0.027464,-0.091615
0.035349,0.027940,-0.092163
0.035216,0.029447,-0.090256
0.038813,0.029372,-0.089947
0.039971,0.029030,-0.091933
0.040348,0.029111,-0.088485
0.042208,0.029459,-0.088746
0.043425,0.028391,-0.089377
0.043037,0.028131,-0.087398
0.046357,0.029407,-0.088732
0.048004,0.029882,-0.085744
0.047668,0.028070,-0.088625
0.051612,0.030398,-0.088086
0.050299,0.029844,-0.088920
0.055112,0.028659,-0.087167
0.054771,0.029694,-0.085208
0.055280,0.029072,-0.086585
0.056894,0.028113,-0.085021
0.057035,0.028211,-0.086832
0.059583,0.029690,-0.087204
0.059487,0.030440,-0.085848
0.061397,0.028802,-0.084828
0.063654,0.028383,-0.086666
0.064808,0.028428,-0.083872
0.067909,0.027292,-0.085725
0.068669,0.028818,-0.084762
0.069918,0.030001,-0.084601
0.068712,0.029033,-0.084085
0.072695,0.027356,-0.084853
0.075638,0.027682,-0.085851
0.072690,0.028735,-0.085029
0.077151,0.028737,-0.086220
0.076675,0.027774,-0.083706
0.078489,0.030526,-0.086803
0.080353,0.029853,-0.084716
0.080691,0.028777,-0.086379
0.083363,0.027580,-0.087551
0.082902,0.028852,-0.088684
0.086229,0.029638,-0.087332
0.086892,0.028715,-0.088575
0.085640,0.027285,-0.087982
0.088629,0.028890,-0.090402
0.090613,0.030461,-0.089672
0.092559,0.030904,-0.087802
0.091953,0.030157,-0.088144
0.094886,0.029624,-0.089190
0.094473,0.029604,-0.088300
0.099950,0.029505,-0.090368
0.099506,0.027793,-0.090231
0.101292,0.029120,-0.092412
0.100726,0.027717,-0.090313
0.103650,0.030079,-0.091800
0.105479,0.029033,-0.091851
0.107363,0.030311,-0.090259
0.108910,0.029164,-0.092762
0.109036,0.029139,-0.092907
0.109877,0.028404,-0.093959
0.111821,0.029167,-0.093808
0.111765,0.029749,-0.093892
0.114034,0.029245,-0.095560
0.115734,0.029443,-0.094773
0.116806,0.029829,-0.096299
0.119232,0.029801,-0.096078
0.119028,0.030324,-0.096101
0.121965,0.027665,-0.097630
0.122250,0.029931,-0.099236
0.123858,0.027495,-0.098621
0.126052,0.029325,-0.098532
0.127007,0.030513,-0.099509
0.130646,0.030305,-0.101598
0.129640,0.028861,-0.102287
0.130258,0.031511,-0.102020
0.132896,0.030650,-0.101248
0.133367,0.030219,-0.103271
0.134776,0.029773,-0.105417
0.135382,0.027981,-0.103539
0.137791,0.029201,-0.105016
0.141485,0.029297,-0.106636
0.139861,0.030534,-0.108276
0.143201,0.029457,-0.106604
0.143800,0.029115,-0.108961
0.144540,0.029682,-0.109817
0.145190,0.029272,-0.111190
0.147158,0.029238,-0.111217
0.149464,0.029771,-0.114093
0.152071,0.030583,-0.115632
0.149546,0.029358,-0.115005
0.153812,0.031661,-0.117021
0.154078,0.028344,-0.119047
0.158398,0.029902,-0.119937
0.158146,0.030233,-0.121566
0.158610,0.028379,-0.123150
0.160219,0.029811,-0.124771
0.161135,0.029736,-0.127522
0.162376,0.029059,-0.130931
0.166291,0.028254,-0.133520
0.165211,0.030203,-0.135246
0.169097,0.030356,-0.139701
0.167915,0.030633,-0.143437
0.171030,0.029151,-0.149790
0.174258,0.031357,-0.160161
-0.045141,0.033193,-0.168384
-0.046130,0.031250,-0.162377
-0.043171,0.031970,-0.153540
-0.042513,0.030494,-0.154183
-0.039862,0.032400,-0.151458
-0.038917,0.032324,-0.149445
-0.037751,0.031117,-0.144683
-0.036398,0.033521,-0.143059
-0.035290,0.030115,-0.141095
-0.034072,0.033790,-0.138689
-0.032244,0.033225,-0.138524
-0.031092,0.032672,-0.136293
-0.029227,0.031892,-0.134009
-0.026785,0.029235,-0.133701
-0.025335,0.031674,-0.130404
-0.025059,0.031570,-0.130135
-0.024036,0.031348,-0.129298
-0.020708,0.031823,-0.126865
-0.019895,0.030993,-0.124447
-0.019037,0.032374,-0.123545
-0.017276,0.029649,-0.122897
-0.016103,0.031269,-0.121973
-0.014202,0.031201,-0.122708
-0.014602,0.029390,-0.117517
-0.013059,0.029417,-0.117649
-0.008883,0.030998,-0.114899
-0.007807,0.032571,-0.113869
-0.009078,0.031202,-0.112614
-0.005671,0.032700,-0.110013
-0.006299,0.030980,-0.111480
-0.002014,0.031551,-0.109095
-0.002763,0.029819,-0.109107
-0.001077,0.032847,-0.108443
-0.000266,0.030205,-0.106845
0.000016,0.031407,-0.106546
0.003546,0.031282,-0.104426
0.005912,0.030639,-0.104812
0.006393,0.029681,-0.103709
0.008070,0.030616,-0.101256
0.009281,0.032730,-0.102230
0.010972,0.030626,-0.100210
0.011762,0.031309,-0.099441
0.013865,0.033021,-0.098299
0.015531,0.031940,-0.096453
0.015623,0.030401,-0.097729
0.016021,0.030031,-0.096738
0.018898,0.028855,-0.096352
0.019695,0.029288,-0.096038
0.019423,0.032341,-0.094259
0.020902,0.030626,-0.095879
0.023538,0.031824,-0.094409
0.025168,0.031000,-0.093026
0.027888,0.030231,-0.092161
0.027960,0.032036,-0.092997
0.029510,0.029425,-0.089892
0.030128,0.031195,-0.091550
0.033494,0.029370,-0.092719
0.035463,0.032692,-0.090909
0.035700,0.030707,-0.090608
0.037964,0.030030,-0.090612
0.037562,0.029686,-0.089494
0.039723,0.032440,-0.088658
0.040192,0.030058,-0.088778
0.042501,0.029984,-0.089054
0.042259,0.029503,-0.089526
0.044085,0.031427,-0.088754
0.047195,0.030169,-0.089200
0.047604,0.031562,-0.086584
0.048730,0.030866,-0.086311
0.051560,0.030609,-0.087683
0.053193,0.031403,-0.087285
0.055500,0.029074,-0.086913
0.054367,0.029730,-0.085184
0.054816,0.029301,-0.086135
0.056334,0.029946,-0.085793
0.059174,0.028624,-0.086657
0.057638,0.031374,-0.087231
0.060283,0.031123,-0.085015
0.062797,0.031178,-0.084854
0.064056,0.028998,-0.087906
0.064995,0.029012,-0.088749
0.066951,0.031541,-0.083026
0.068269,0.033469,-0.085101
0.069174,0.031587,-0.084476
0.070185,0.031234,-0.085219
0.071572,0.031437,-0.085352
0.072496,0.029812,-0.085898
0.075879,0.030712,-0.085839
0.074008,0.032121,-0.084935
0.076062,0.031742,-0.083688
0.077765,0.031233,-0.086479
0.080139,0.030899,-0.085259
0.082904,0.029584,-0.086414
0.081371,0.030800,-0.087255
0.082771,0.030912,-0.087379
0.085099,0.031028,-0.087823
0.085796,0.032663,-0.087037
0.088713,0.031824,-0.087859
0.088490,0.028450,-0.086550
0.090879,0.032073,-0.088023
0.093165,0.030758,-0.088751
0.093562,0.030222,-0.088543
0.097067,0.032370,-0.088398
0.095183,0.031381,-0.089027
0.098638,0.029734,-0.090775
0.099802,0.032531,-0.089550
0.101143,0.030567,-0.089769
0.101314,0.030605,-0.090548
0.103765,0.031235,-0.088467
0.104986,0.031023,-0.090853
0.105710,0.031976,-0.090525
0.108857,0.031902,-0.093748
0.107987,0.030998,-0.094105
0.110316,0.030161,-0.092353
0.111915,0.030571,-0.093795
0.113441,0.028537,-0.095096
0.114130,0.028461,-0.095295
0.117985,0.031034,-0.095229
0.116703,0.031134,-0.096363
0.119528,0.032847,-0.095663
0.119102,0.030877,-0.097480
0.119277,0.029331,-0.095006
0.122426,0.030775,-0.097638
0.124935,0.030816,-0.100001
0.126231,0.030694,-0.098741
0.127900,0.028479,-0.101972
0.128211,0.032463,-0.100161
0.128923,0.031276,-0.101141
0.132869,0.029273,-0.100086
0.132833,0.030387,-0.102165
0.133619,0.030629,-0.103044
0.137239,0.032200,-0.104567
0.137320,0.031692,-0.105944
0.137303,0.031651,-0.106361
0.140993,0.029805,-0.107464
0.142317,0.031838,-0.104925
0.141912,0.031519,-0.108802
0.144069,0.030946,-0.109887
0.145607,0.030214,-0.108535
0.148241,0.028534,-0.112065
0.149442,0.030552,-0.111433
0.149305,0.032132,-0.113072
0.150212,0.031640,-0.114885
0.154652,0.031506,-0.114720
0.154529,0.031563,-0.116172
0.155945,0.031629,-0.118864
0.155335,0.031900,-0.118349
0.158018,0.030264,-0.120319
0.157940,0.030760,-0.121560
0.160197,0.032155,-0.124145
0.164816,0.029995,-0.127501
0.164518,0.031099,-0.129844
0.166532,0.030693,-0.133179
0.165864,0.032412,-0.135955
0.167615,0.033244,-0.139919
0.170419,0.029880,-0.143572
0.170612,0.032460,-0.149104
0.173331,0.031218,-0.159910
-0.046662,0.034056,-0.166233
-0.045434,0.033167,-0.163603
-0.044343,0.033634,-0.155899
-0.042425,0.034782,-0.152743
-0.040767,0.033784,-0.151671
-0.040099,0.034820,-0.149316
-0.037565,0.033257,-0.145197
-0.034621,0.034873,-0.144220
-0.036017,0.032603,-0.142243
-0.031621,0.033351,-0.140370
-0.031699,0.034409,-0.139131
-0.032902,0.033699,-0.137310
-0.030065,0.032997,-0.135970
-0.029231,0.034030,-0.131484
-0.026056,0.033680,-0.133042
-0.026076,0.034677,-0.130522
-0.023219,0.032926,-0.129076
-0.022396,0.032528,-0.126013
-0.021467,0.033510,-0.125271
-0.017642,0.033424,-0.124113
-0.019296,0.033021,-0.123529
-0.016943,0.032868,-0.122141
-0.014165,0.031389,-0.121571
-0.013696,0.032854,-0.117164
-0.012063,0.031678,-0.117945
-0.011172,0.034036,-0.116842
-0.011035,0.033355,-0.115573
-0.008240,0.031897,-0.114349
-0.008115,0.031797,-0.111977
-0.005909,0.032510,-0.110674
-0.002903,0.032409,-0.109422
-0.003208,0.031734,-0.112721
-0.000995,0.030991,-0.107465
-0.000675,0.032338,-0.105999
0.001069,0.033727,-0.106343
0.002603,0.032487,-0.104771
0.004668,0.031436,-0.103465
0.005655,0.033653,-0.101576
0.006875,0.031185,-0.102095
0.007117,0.032232,-0.101642
0.010826,0.034041,-0.101354
0.012906,0.031432,-0.100108
0.012305,0.031286,-0.098267
0.013786,0.030907,-0.098310
0.014475,0.035724,-0.098134
0.016852,0.033189,-0.095430
0.017824,0.032830,-0.095330
0.018825,0.032065,-0.095168
0.022155,0.032902,-0.096181
0.023184,0.030830,-0.094012
0.022575,0.032879,-0.097014
0.026488,0.032583,-0.093718
0.025101,0.032987,-0.092792
0.027542,0.033185,-0.093695
0.030765,0.030909,-0.094694
0.029563,0.031518,-0.090871
0.031896,0.032075,-0.090574
0.033734,0.031414,-0.091940
0.035272,0.032364,-0.090245
0.036012,0.033237,-0.091743
0.038310,0.032264,-0.090171
0.038045,0.031945,-0.089722
0.042156,0.032449,-0.091792
0.040511,0.031783,-0.089404
0.042601,0.031528,-0.090289
0.043526,0.031578,-0.088778
0.044237,0.032498,-0.088558
0.047166,0.032674,-0.086587
0.050053,0.031547,-0.088201
0.050138,0.032207,-0.087665
0.051336,0.032393,-0.087375
0.052306,0.031639,-0.086361
0.055133,0.031611,-0.089016
0.056099,0.031376,-0.087010
0.057280,0.032462,-0.087176
0.057431,0.033005,-0.087846
0.057880,0.034755,-0.084698
0.061175,0.032066,-0.086443
0.060386,0.031672,-0.086355
0.064303,0.032337,-0.085820
0.065964,0.032685,-0.085907
0.067709,0.031752,-0.085097
0.066753,0.033277,-0.086075
0.069875,0.034006,-0.085268
0.070992,0.031632,-0.084816
0.071304,0.031643,-0.086013
0.073748,0.031941,-0.085775
0.075232,0.032769,-0.085643
0.076399,0.033976,-0.087122
0.078938,0.033966,-0.085653
0.077996,0.031555,-0.087703
0.080559,0.033760,-0.087056
0.081232,0.031246,-0.087729
0.082235,0.033057,-0.088459
0.083563,0.033080,-0.087786
0.087413,0.033027,-0.087297
0.086517,0.033564,-0.090392
0.086692,0.033496,-0.087529
0.089654,0.031382,-0.086745
0.091148,0.031990,-0.088890
0.091648,0.033243,-0.087951
0.093460,0.034687,-0.089752
0.095810,0.032463,-0.088932
0.096962,0.031547,-0.088295
0.098789,0.032850,-0.090880
0.098947,0.032167,-0.089354
0.100815,0.032728,-0.090325
0.102677,0.032938,-0.092753
0.102268,0.031864,-0.092046
0.105207,0.030095,-0.090000
0.106179,0.031786,-0.092576
0.108279,0.031749,-0.093086
0.109186,0.031337,-0.093278
0.110425,0.031349,-0.093258
0.111405,0.032665,-0.093091
0.113715,0.032280,-0.092396
0.115269,0.032387,-0.094193
0.116191,0.032865,-0.094993
0.116801,0.033228,-0.094335
0.118956,0.033695,-0.096478
0.121692,0.031662,-0.095892
0.121585,0.033778,-0.096479
0.123453,0.031009,-0.099186
0.123752,0.032145,-0.100222
0.126103,0.032150,-0.099582
0.127906,0.032271,-0.099742
0.126323,0.033923,-0.099158
0.129618,0.031840,-0.101557
0.132116,0.033543,-0.101142
0.131687,0.031763,-0.101625
0.134527,0.032641,-0.102397
0.136806,0.033364,-0.103473
0.137053,0.033319,-0.105790
0.138259,0.032094,-0.105458
0.140534,0.030959,-0.106686
0.137991,0.031501,-0.106850
0.141872,0.033176,-0.107944
0.144048,0.033991,-0.107839
0.144022,0.031666,-0.112806
0.143932,0.032704,-0.111637
0.147757,0.035157,-0.110896
0.149425,0.031414,-0.113641
0.149634,0.034093,-0.116016
0.152783,0.033286,-0.115719
0.154048,0.033166,-0.115550
0.155292,0.033257,-0.117811
0.158104,0.033915,-0.118661
0.158309,0.033759,-0.121557
0.159836,0.034068,-0.124064
0.160743,0.032411,-0.125210
0.163101,0.034752,-0.126512
0.164899,0.034055,-0.130412
0.164995,0.033205,-0.133874
0.166620,0.033311,-0.136042
0.167215,0.033910,-0.139376
0.170185,0.033179,-0.142613
0.171926,0.033657,-0.147647
0.175068,0.035112,-0.154603
-0.046783,0.033085,-0.170880
-0.044777,0.035397,-0.163771
-0.042841,0.034489,-0.158218
-0.042326,0.035094,-0.153350
-0.040678,0.034554,-0.151145
-0.039999,0.036074,-0.149147
-0.037913,0.034766,-0.145201
-0.036532,0.035329,-0.143861
-0.034795,0.035773,-0.142190
-0.036856,0.033691,-0.140379
-0.031937,0.034343,-0.139873
-0.032440,0.035810,-0.138078
-0.028533,0.034756,-0.134441
-0.027701,0.034505,-0.135185
-0.026830,0.034162,-0.133168
-0.025577,0.033517,-0.130185
-0.024063,0.034382,-0.126454
-0.023631,0.035447,-0.126835
-0.021523,0.033651,-0.125823
-0.020161,0.034955,-0.126052
-0.018257,0.035483,-0.122405
-0.017396,0.035319,-0.121241
-0.014762,0.033375,-0.120278
-0.013914,0.035052,-0.117403
-0.011919,0.034946,-0.118286
-0.011525,0.034833,-0.116684
-0.011326,0.035739,-0.115406
-0.007878,0.035182,-0.114374
-0.007001,0.035520,-0.112010
-0.005208,0.034046,-0.110564
-0.004195,0.034563,-0.111564
-0.003991,0.033104,-0.110695
0.000010,0.034331,-0.109828
0.001924,0.035269,-0.107953
0.003065,0.035833,-0.107131
0.002786,0.033758,-0.105160
0.003949,0.034923,-0.105573
0.007076,0.034594,-0.103498
0.008098,0.032771,-0.102331
0.008229,0.033966,-0.102713
0.008840,0.034155,-0.102057
0.011212,0.034712,-0.100187
0.014413,0.036584,-0.100867
0.014635,0.033172,-0.101796
0.013810,0.035455,-0.097817
0.018302,0.033691,-0.097756
0.018712,0.033177,-0.097440
0.019903,0.034642,-0.094951
0.019449,0.035058,-0.096089
0.021354,0.034288,-0.095062
0.022616,0.033668,-0.096407
0.025912,0.035215,-0.094209
0.024515,0.034133,-0.093618
0.029089,0.033948,-0.091244
0.030136,0.033907,-0.091674
0.030620,0.033912,-0.090015
0.031533,0.035926,-0.091751
0.032228,0.034259,-0.091084
0.036357,0.033654,-0.090092
0.035874,0.033082,-0.090453
0.039368,0.033061,-0.091570
0.039179,0.034063,-0.091950
0.040780,0.033776,-0.091718
0.042180,0.032584,-0.090370
0.043478,0.033186,-0.087912
0.045035,0.033978,-0.088756
0.046533,0.032560,-0.089676
0.047884,0.034735,-0.088819
0.049463,0.034464,-0.088556
0.049119,0.033122,-0.088855
0.051794,0.036572,-0.087465
0.051391,0.033263,-0.086663
0.053358,0.033078,-0.086592
0.056487,0.033110,-0.087810
0.057725,0.033131,-0.087473
0.059275,0.033051,-0.087043
0.060056,0.032935,-0.085483
0.058375,0.032340,-0.087035
0.063161,0.032593,-0.087430
0.062862,0.033736,-0.086969
0.064072,0.036005,-0.085531
0.066359,0.035379,-0.088034
0.068224,0.034913,-0.087306
0.069270,0.032944,-0.088110
0.070476,0.032540,-0.085435
0.072325,0.033850,-0.085386
0.073853,0.033748,-0.086569
0.075849,0.033081,-0.086604
0.075439,0.034322,-0.085363
0.077738,0.034617,-0.086320
0.077718,0.033745,-0.084386
0.079808,0.035783,-0.083997
0.081841,0.035421,-0.087886
0.084164,0.035998,-0.089014
0.083384,0.033880,-0.088471
0.085197,0.034873,-0.085906
0.085763,0.033808,-0.087288
0.088218,0.033961,-0.086943
0.090248,0.034417,-0.087497
0.092672,0.035065,-0.088765
0.093509,0.034116,-0.089963
0.096530,0.034072,-0.090852
0.096365,0.033321,-0.089571
0.094517,0.034637,-0.089882
0.097230,0.032913,-0.091164
0.097332,0.033310,-0.090546
0.100546,0.034778,-0.091188
0.102396,0.035346,-0.091187
0.102248,0.034769,-0.091944
0.106213,0.033025,-0.091608
0.107934,0.033285,-0.091748
0.108695,0.034654,-0.091325
0.108794,0.034807,-0.093401
0.110641,0.034182,-0.091678
0.111733,0.034842,-0.094765
0.111527,0.035570,-0.097408
0.113597,0.032849,-0.096466
0.114944,0.033992,-0.094882
0.115915,0.033331,-0.095484
0.119439,0.033906,-0.096604
0.119940,0.031612,-0.096970
0.122297,0.034011,-0.100152
0.123280,0.033936,-0.097427
0.123405,0.033965,-0.100762
0.126195,0.032863,-0.099806
0.126305,0.034389,-0.102446
0.127453,0.033329,-0.100452
0.131431,0.036738,-0.102291
0.131237,0.034145,-0.103389
0.132960,0.034136,-0.102399
0.134089,0.035537,-0.105028
0.137318,0.034480,-0.104624
0.138136,0.035188,-0.105287
0.137550,0.034582,-0.104846
0.138699,0.033906,-0.107684
0.140109,0.035494,-0.107919
0.142242,0.032951,-0.108010
0.144029,0.032964,-0.108453
0.143985,0.034263,-0.109377
0.146280,0.031867,-0.111113
0.148498,0.034511,-0.112789
0.150344,0.036680,-0.114164
0.150190,0.034687,-0.114424
0.152333,0.034781,-0.115522
0.152725,0.035256,-0.117254
0.155621,0.033907,-0.118235
0.155620,0.034680,-0.121041
0.156691,0.034679,-0.122182
0.160097,0.034261,-0.121963
0.161133,0.033183,-0.126387
0.163352,0.034697,-0.126275
0.162036,0.034501,-0.129256
0.165385,0.034926,-0.132426
0.168108,0.036137,-0.135674
0.168570,0.033903,-0.138686
0.170316,0.035491,-0.142722
0.172449,0.034769,-0.146750
0.175140,0.034098,-0.155896
-0.049468,0.034919,-0.175456
-0.047206,0.038125,-0.166910
-0.044900,0.037182,-0.160596
-0.041045,0.035796,-0.153915
-0.042266,0.036141,-0.153948
-0.039968,0.035737,-0.150721
-0.038474,0.035642,-0.147932
-0.035486,0.036741,-0.143827
-0.034797,0.034923,-0.142540
-0.031554,0.036646,-0.139659
-0.031121,0.035751,-0.139172
-0.031101,0.038043,-0.139615
-0.030478,0.036451,-0.133909
-0.028418,0.036554,-0.133169
-0.026401,0.038842,-0.131748
-0.023874,0.036375,-0.129963
-0.023451,0.035062,-0.128593
-0.022166,0.036391,-0.126707
-0.020131,0.037919,-0.125468
-0.018950,0.036834,-0.122865
-0.018086,0.037804,-0.123625
-0.017455,0.036579,-0.121600
-0.014093,0.035693,-0.120670
-0.014912,0.036055,-0.120953
-0.011821,0.035929,-0.117796
-0.011977,0.034943,-0.115704
-0.009921,0.034746,-0.114487
-0.006986,0.036455,-0.115253
-0.004891,0.034470,-0.112816
-0.006396,0.037910,-0.113500
-0.005691,0.036044,-0.111894
-0.003287,0.035506,-0.110339
0.000028,0.036684,-0.109632
0.000285,0.034538,-0.108530
0.001434,0.036120,-0.107233
0.003919,0.037385,-0.104267
0.004550,0.036370,-0.105683
0.007416,0.034520,-0.102714
0.006581,0.035106,-0.103046
0.008142,0.037921,-0.101764
0.009775,0.034555,-0.101742
0.012241,0.037421,-0.101410
0.012733,0.035321,-0.100432
0.012206,0.036463,-0.099235
0.013538,0.034627,-0.096200
0.018077,0.036817,-0.096775
0.020587,0.035970,-0.097840
0.020310,0.035581,-0.096373
0.021437,0.035605,-0.096357
0.023482,0.034901,-0.095453
0.024440,0.036405,-0.095347
0.026534,0.035981,-0.094193
0.026099,0.034622,-0.094294
0.028729,0.034301,-0.093104
0.028865,0.036745,-0.093376
0.032040,0.035406,-0.091134
0.031086,0.036153,-0.092237
0.032153,0.035943,-0.093559
0.035257,0.034718,-0.091956
0.036989,0.032404,-0.091265
0.036584,0.037485,-0.092283
0.039564,0.034875,-0.090098
0.039800,0.035347,-0.090041
0.043118,0.036531,-0.089993
0.043372,0.033290,-0.087433
0.043653,0.035689,-0.089991
0.045574,0.035659,-0.089349
0.046587,0.034957,-0.088991
0.048361,0.035147,-0.089920
0.051240,0.035501,-0.090365
0.052040,0.036710,-0.090278
0.051223,0.035990,-0.086827
0.054205,0.035496,-0.086704
0.054716,0.036155,-0.088818
0.055226,0.035424,-0.087136
0.058785,0.035691,-0.086568
0.059349,0.036067,-0.086754
0.061496,0.034461,-0.087102
0.062046,0.035478,-0.083898
0.063036,0.038348,-0.086743
0.064879,0.035554,-0.086423
0.067540,0.035452,-0.085077
0.066526,0.033471,-0.087040
0.067951,0.034486,-0.086072
0.068411,0.035751,-0.087212
0.071594,0.034986,-0.085635
0.074716,0.035485,-0.085524
0.074553,0.033478,-0.086076
0.075104,0.034851,-0.087153
0.076084,0.035156,-0.085838
0.078740,0.036339,-0.087713
0.079520,0.034440,-0.087590
0.082388,0.035343,-0.087373
0.082354,0.036257,-0.086588
0.083604,0.036030,-0.089299
0.085201,0.033680,-0.087661
0.087278,0.034634,-0.088507
0.089196,0.034176,-0.088577
0.090720,0.036312,-0.086673
0.091625,0.035087,-0.089178
0.091111,0.036212,-0.090163
0.093878,0.035376,-0.088524
0.095540,0.035321,-0.089250
0.096160,0.035189,-0.090104
0.097573,0.034355,-0.090870
0.099231,0.035052,-0.090208
0.098571,0.035759,-0.092141
0.100283,0.036836,-0.093351
0.103432,0.035825,-0.092648
0.106097,0.035389,-0.091024
0.106069,0.036215,-0.092284
0.108976,0.033847,-0.091423
0.109002,0.033282,-0.091588
0.109608,0.036860,-0.093299
0.111005,0.035590,-0.093883
0.114172,0.034252,-0.094271
0.115911,0.034995,-0.095504
0.114860,0.036738,-0.094488
0.117205,0.037824,-0.096010
0.120491,0.034562,-0.095995
0.120880,0.036969,-0.096936
0.120364,0.035256,-0.097271
0.122150,0.034842,-0.098311
0.122683,0.036067,-0.098907
0.126425,0.036212,-0.098833
0.127124,0.035133,-0.098805
0.127620,0.035976,-0.101191
0.131138,0.036056,-0.101610
0.130672,0.036026,-0.100599
0.132278,0.034356,-0.101560
0.132899,0.036506,-0.103429
0.135782,0.034501,-0.102886
0.135769,0.034969,-0.104567
0.138818,0.034532,-0.106114
0.140740,0.035513,-0.104803
0.141975,0.036582,-0.107990
0.140959,0.035890,-0.107422
0.144654,0.035519,-0.107106
0.145827,0.035578,-0.109238
0.147274,0.035898,-0.111608
0.147179,0.035280,-0.111231
0.150278,0.036606,-0.114166
0.151650,0.034146,-0.113653
0.152518,0.035785,-0.115929
0.153648,0.036142,-0.116058
0.155753,0.036710,-0.117887
0.157700,0.038466,-0.121131
0.156608,0.036565,-0.117929
0.159562,0.035058,-0.123582
0.161964,0.035916,-0.124892
0.164216,0.037719,-0.128430
0.163353,0.037004,-0.129530
0.165532,0.036055,-0.132605
0.165072,0.035965,-0.133774
0.168889,0.038688,-0.139604
0.170715,0.034858,-0.142398
0.172622,0.036387,-0.145247
0.173284,0.036308,-0.152068
0.174253,0.038136,-0.160347
-0.044697,0.038311,-0.166833
-0.045913,0.037612,-0.160673
-0.043399,0.038775,-0.154112
-0.041164,0.037502,-0.154831
-0.040225,0.038424,-0.150035
-0.038359,0.038877,-0.148285
-0.036235,0.038626,-0.144963
-0.035564,0.037285,-0.142172
-0.033437,0.038258,-0.142515
-0.031957,0.038000,-0.141064
-0.031844,0.039142,-0.139823
-0.029256,0.039844,-0.138070
-0.025604,0.037450,-0.135288
-0.028413,0.036893,-0.133198
-0.025655,0.037941,-0.132035
-0.023643,0.038368,-0.130439
-0.023138,0.039017,-0.127535
-0.021334,0.037151,-0.127183
-0.018672,0.037769,-0.124699
-0.018020,0.038144,-0.123987
-0.016849,0.036976,-0.123357
-0.015099,0.037215,-0.121099
-0.015325,0.036999,-0.121020
-0.012379,0.037755,-0.117587
-0.011853,0.036609,-0.115185
-0.010883,0.037573,-0.116514
-0.007333,0.038055,-0.113422
-0.007769,0.037063,-0.114953
-0.006508,0.037260,-0.113129
-0.003550,0.039142,-0.108870
-0.001513,0.037667,-0.110844
-0.000537,0.038653,-0.109343
0.000109,0.036993,-0.109539
0.001893,0.038303,-0.107144
0.003145,0.036380,-0.107247
0.003534,0.035663,-0.106101
0.005579,0.036608,-0.103746
0.008739,0.037807,-0.104587
0.009966,0.039227,-0.101995
0.010116,0.037693,-0.101215
0.012406,0.037541,-0.100614
0.013562,0.037763,-0.100315
0.015025,0.038272,-0.099457
0.016302,0.038505,-0.099628
0.016922,0.037169,-0.096193
0.018878,0.037723,-0.098296
0.019233,0.037694,-0.097084
0.022506,0.036209,-0.096869
0.021795,0.037532,-0.095448
0.022501,0.036886,-0.096475
0.025553,0.037210,-0.095675
0.027216,0.037196,-0.094982
0.026981,0.036212,-0.096599
0.027733,0.037647,-0.093527
0.030690,0.036546,-0.095086
0.030112,0.037147,-0.091876
0.032606,0.036585,-0.092959
0.033430,0.037480,-0.091475
0.037412,0.034669,-0.090652
0.038598,0.036335,-0.091778
0.038731,0.036389,-0.092249
0.040775,0.038812,-0.090515
0.043105,0.037417,-0.089141
0.044224,0.037086,-0.089909
0.044463,0.037330,-0.088983
0.046172,0.036608,-0.088764
0.048187,0.038304,-0.089683
0.049471,0.038453,-0.090481
0.048859,0.039331,-0.087536
0.050803,0.036068,-0.085588
0.052970,0.037075,-0.087484
0.055288,0.036404,-0.088192
0.055462,0.035406,-0.088831
0.056763,0.036746,-0.086531
0.058462,0.037234,-0.087004
0.059031,0.035655,-0.087599
0.060577,0.035244,-0.088164
0.063553,0.035239,-0.086898
0.062429,0.037010,-0.086681
0.065610,0.036568,-0.086171
0.066549,0.038030,-0.086185
0.066443,0.036853,-0.087962
0.068788,0.038496,-0.087421
0.068548,0.036938,-0.085332
0.072627,0.037109,-0.086392
0.073347,0.034219,-0.085431
0.074772,0.037236,-0.086874
0.076451,0.038261,-0.086252
0.076772,0.037606,-0.088346
0.078383,0.034485,-0.086611
0.081807,0.036686,-0.087538
0.082087,0.037307,-0.087227
0.084470,0.035478,-0.089005
0.086060,0.036591,-0.086973
0.084784,0.036031,-0.088048
0.087001,0.038142,-0.086685
0.087401,0.036738,-0.089372
0.089608,0.035620,-0.087688
0.091338,0.038356,-0.088455
0.090965,0.037397,-0.089415
0.093052,0.037103,-0.089383
0.098275,0.039321,-0.090297
0.095216,0.035834,-0.091905
0.097775,0.037636,-0.091631
0.097221,0.037542,-0.089408
0.102001,0.035403,-0.089644
0.102154,0.037827,-0.091733
0.104393,0.036095,-0.091177
0.104238,0.035945,-0.091800
0.106466,0.035998,-0.092276
0.107710,0.038754,-0.094795
0.108842,0.037614,-0.094102
0.110893,0.038233,-0.092978
0.112556,0.037502,-0.093637
0.113743,0.035383,-0.096927
0.115154,0.036678,-0.094533
0.117097,0.037036,-0.097252
0.116616,0.036992,-0.097114
0.119100,0.036175,-0.095231
0.120451,0.035811,-0.096457
0.121510,0.036007,-0.095576
0.122078,0.036610,-0.099481
0.124794,0.036932,-0.097223
0.125907,0.036310,-0.099339
0.127218,0.038396,-0.101141
0.127258,0.036138,-0.099825
0.128834,0.036612,-0.101695
0.131543,0.035969,-0.102345
0.132039,0.038132,-0.102799
0.132803,0.036214,-0.104161
0.135648,0.036683,-0.103290
0.136683,0.037549,-0.105188
0.138381,0.035803,-0.104427
0.137726,0.038436,-0.105619
0.142605,0.036888,-0.106458
0.144250,0.035858,-0.109133
0.143805,0.036463,-0.109379
0.144829,0.037817,-0.110137
0.147466,0.036826,-0.110161
0.147617,0.035423,-0.113012
0.150630,0.038097,-0.113316
0.150705,0.037118,-0.111699
0.151437,0.037155,-0.115452
0.152845,0.038524,-0.116878
0.155757,0.038175,-0.119633
0.155617,0.037126,-0.119642
0.158865,0.036414,-0.120275
0.158040,0.036285,-0.124115
0.161337,0.038059,-0.123436
0.163029,0.037697,-0.127525
0.164388,0.037412,-0.129445
0.164345,0.036257,-0.131840
0.167665,0.037383,-0.134598
0.167984,0.037799,-0.135233
0.170473,0.038347,-0.139663
0.169312,0.040140,-0.143116
0.170480,0.036422,-0.149756
0.174070,0.038529,-0.157365
-0.045490,0.040245,-0.169751
-0.045331,0.039586,-0.162844
-0.043151,0.039653,-0.154536
-0.042081,0.040421,-0.152559
-0.039181,0.038329,-0.152367
-0.037738,0.041538,-0.150197
-0.036691,0.039407,-0.148252
-0.034861,0.040819,-0.144325
-0.033590,0.040832,-0.141549
-0.032316,0.040800,-0.140691
-0.029024,0.040116,-0.137319
-0.029363,0.039028,-0.137931
-0.026990,0.037129,-0.134740
-0.027008,0.036648,-0.132926
-0.024798,0.038407,-0.131596
-0.024045,0.039897,-0.128552
-0.020917,0.040681,-0.128231
-0.020358,0.039651,-0.126623
-0.019392,0.039529,-0.124451
-0.018751,0.038745,-0.125633
-0.015174,0.039708,-0.122666
-0.014232,0.041248,-0.121219
-0.014219,0.039653,-0.119939
-0.013334,0.039376,-0.118414
-0.010825,0.037416,-0.119222
-0.010262,0.040615,-0.113833
-0.009219,0.038128,-0.116054
-0.007413,0.037253,-0.114727
-0.007536,0.037937,-0.109452
-0.005706,0.039679,-0.112936
-0.003115,0.037946,-0.112744
-0.001607,0.038741,-0.110887
0.000300,0.037568,-0.110095
0.002844,0.039550,-0.107944
0.003334,0.037575,-0.106626
0.006171,0.040594,-0.105370
0.006919,0.039208,-0.107560
0.006817,0.038093,-0.104412
0.010260,0.039143,-0.104708
0.010991,0.036867,-0.104288
0.011845,0.038198,-0.102169
0.012984,0.035992,-0.102012
0.014643,0.037919,-0.099997
0.014021,0.038580,-0.099551
0.015689,0.038787,-0.098903
0.020505,0.038931,-0.099169
0.019215,0.037746,-0.098052
0.022355,0.038865,-0.096076
0.023910,0.040114,-0.095979
0.024445,0.038208,-0.095234
0.025755,0.036547,-0.094046
0.027423,0.038380,-0.094277
0.027218,0.038987,-0.095707
0.029593,0.038285,-0.096612
0.030457,0.038225,-0.093251
0.031224,0.038600,-0.091715
0.034950,0.038963,-0.093152
0.034053,0.039382,-0.091505
0.036157,0.038232,-0.092398
0.037749,0.036715,-0.091393
0.039314,0.039717,-0.093350
0.038584,0.039336,-0.092894
0.042942,0.039820,-0.093050
0.043461,0.038817,-0.091630
0.044337,0.038091,-0.087512
0.047051,0.039947,-0.090892
0.046992,0.038254,-0.089406
0.048759,0.039808,-0.089762
0.049475,0.036868,-0.089264
0.050696,0.037562,-0.089599
0.052379,0.039418,-0.088934
0.053358,0.038292,-0.088044
0.053801,0.040450,-0.087768
0.057384,0.038782,-0.087416
0.057131,0.038496,-0.087621
0.058504,0.037278,-0.085887
0.059349,0.037569,-0.087205
0.059630,0.037278,-0.087790
0.063512,0.037132,-0.086789
0.064837,0.038563,-0.086902
0.065427,0.037243,-0.087744
0.068742,0.037617,-0.087341
0.067706,0.038672,-0.086819
0.071656,0.037753,-0.085267
0.071935,0.037624,-0.086725
0.073423,0.038237,-0.086713
0.072654,0.035903,-0.086568
0.076917,0.035665,-0.087272
0.078105,0.038022,-0.087978
0.080110,0.040126,-0.086446
0.082414,0.038751,-0.087318
0.082605,0.038329,-0.088803
0.084479,0.038940,-0.087894
0.083565,0.038591,-0.088800
0.085734,0.038758,-0.088653
0.086805,0.037998,-0.088073
0.088464,0.039539,-0.087852
0.089302,0.037764,-0.087582
0.090105,0.037813,-0.089715
0.094365,0.039527,-0.090985
0.093294,0.038803,-0.089615
0.095482,0.039556,-0.091182
0.096337,0.036310,-0.090059
0.097323,0.039192,-0.089801
0.100189,0.037506,-0.091476
0.098879,0.039291,-0.090551
0.103690,0.039325,-0.090972
0.103786,0.035965,-0.093170
0.104625,0.040151,-0.090625
0.106340,0.038946,-0.093280
0.108297,0.038558,-0.093070
0.109753,0.039409,-0.092179
0.111790,0.037859,-0.092524
0.112351,0.038423,-0.095193
0.114070,0.039013,-0.094611
0.114142,0.036126,-0.096175
0.115946,0.037596,-0.095928
0.117077,0.037787,-0.095759
0.119182,0.040306,-0.095025
0.119007,0.040186,-0.096988
0.121118,0.040948,-0.095226
0.122136,0.039280,-0.098588
0.123249,0.037172,-0.099827
0.127786,0.038359,-0.099672
0.126790,0.038685,-0.099671
0.128202,0.038328,-0.101141
0.128879,0.038970,-0.103152
0.131266,0.038270,-0.101396
0.132228,0.039754,-0.102817
0.133401,0.038134,-0.103207
0.136946,0.038128,-0.102881
0.136430,0.036904,-0.104711
0.139211,0.039076,-0.104128
0.137825,0.038907,-0.106555
0.141603,0.039052,-0.106737
0.142344,0.038848,-0.107501
0.142736,0.038668,-0.108423
0.144991,0.041061,-0.109237
0.146315,0.038788,-0.111153
0.148249,0.038399,-0.111283
0.149632,0.038786,-0.112910
0.151096,0.039650,-0.114880
0.153370,0.039829,-0.115133
0.153992,0.037832,-0.116005
0.154299,0.041274,-0.117487
0.154856,0.040426,-0.121222
0.157750,0.036448,-0.121156
0.159436,0.040570,-0.121744
0.163032,0.038901,-0.125969
0.160316,0.039522,-0.126939
0.164294,0.038713,-0.129153
0.165750,0.040919,-0.130509
0.167024,0.039173,-0.133152
0.167896,0.040418,-0.137360
0.170034,0.038974,-0.140197
0.170694,0.039909,-0.143649
0.172406,0.040762,-0.148486
0.175081,0.039040,-0.154846
-0.044623,0.042604,-0.171700
-0.043746,0.040918,-0.162589
-0.043284,0.040653,-0.158579
-0.041742,0.042048,-0.154810
-0.039501,0.040849,-0.152683
-0.037923,0.042526,-0.148721
-0.036971,0.042088,-0.147555
-0.035866,0.040274,-0.144770
-0.036302,0.041570,-0.143995
-0.031671,0.039435,-0.141757
-0.031800,0.040729,-0.138768
-0.029281,0.041679,-0.137688
-0.028220,0.038792,-0.135966
-0.026630,0.042612,-0.132930
-0.026198,0.041318,-0.132346
-0.023178,0.040053,-0.132022
-0.022162,0.039277,-0.128787
-0.019661,0.038520,-0.126485
-0.018432,0.040619,-0.124646
-0.018105,0.038590,-0.125801
-0.015750,0.039664,-0.123671
-0.014233,0.042248,-0.122475
-0.013272,0.040965,-0.118255
-0.012718,0.040538,-0.118119
-0.009924,0.042042,-0.117870
-0.009693,0.040537,-0.115383
-0.009177,0.039744,-0.116619
-0.005585,0.038667,-0.113396
-0.004643,0.040174,-0.113200
-0.003652,0.038769,-0.111199
-0.001576,0.039320,-0.111006
-0.000931,0.040593,-0.109667
0.000527,0.040731,-0.109533
0.003084,0.040711,-0.108634
0.002644,0.042558,-0.108240
0.004828,0.039799,-0.107743
0.006273,0.042004,-0.103971
0.009157,0.042614,-0.103877
0.010171,0.039630,-0.102785
0.011201,0.039607,-0.104238
0.013833,0.041042,-0.102385
0.014228,0.042468,-0.102127
0.012691,0.039183,-0.101415
0.016294,0.040253,-0.100682
0.018073,0.041077,-0.099589
0.018860,0.039947,-0.099129
0.019777,0.041431,-0.099581
0.020587,0.039644,-0.098104
0.022078,0.040094,-0.097425
0.024640,0.040768,-0.095724
0.024114,0.040013,-0.095166
0.026958,0.039778,-0.094423
0.028349,0.039991,-0.096152
0.029920,0.039917,-0.095123
0.030535,0.040219,-0.094263
0.032864,0.040659,-0.093537
0.033619,0.038829,-0.094234
0.033065,0.041364,-0.093742
0.037363,0.040236,-0.091496
0.036514,0.037505,-0.092404
0.038133,0.040853,-0.093901
0.041403,0.040670,-0.091753
0.041479,0.039866,-0.090389
0.041384,0.040172,-0.089494
0.042440,0.039964,-0.090348
0.046699,0.039112,-0.089483
0.047510,0.039509,-0.089484
0.048243,0.040924,-0.088236
0.049683,0.039942,-0.091022
0.049722,0.039847,-0.088448
0.053081,0.039206,-0.088712
0.053826,0.040842,-0.087549
0.056032,0.038847,-0.087861
0.057770,0.037595,-0.088210
0.058004,0.038003,-0.087039
0.058127,0.037079,-0.086225
0.060482,0.041036,-0.086735
0.061940,0.037918,-0.089649
0.063169,0.038806,-0.086734
0.064753,0.040780,-0.086786
0.067003,0.039311,-0.088975
0.068320,0.039880,-0.088837
0.069577,0.039654,-0.086941
0.071917,0.040751,-0.088911
0.072006,0.041347,-0.086780
0.071881,0.038725,-0.086724
0.076562,0.039495,-0.087441
0.076834,0.040604,-0.087755
0.077628,0.040611,-0.086274
0.077560,0.040279,-0.087438
0.080451,0.038643,-0.085576
0.081822,0.042201,-0.087819
0.082752,0.039906,-0.088644
0.082963,0.039677,-0.088676
0.085612,0.038216,-0.088003
0.087273,0.039448,-0.087247
0.089211,0.039629,-0.087968
0.089977,0.041358,-0.087932
0.092298,0.040546,-0.088887
0.093542,0.039002,-0.089942
0.095683,0.039562,-0.088277
0.094131,0.038329,-0.089565
0.095041,0.039026,-0.089566
0.097441,0.039078,-0.090750
0.098137,0.039702,-0.089130
0.099452,0.038831,-0.091721
0.103508,0.040528,-0.091002
0.102616,0.039836,-0.090099
0.104851,0.040270,-0.092357
0.105458,0.040384,-0.089827
0.109403,0.038723,-0.093140
0.107530,0.038720,-0.093669
0.111580,0.040953,-0.092683
0.112156,0.038995,-0.093144
0.114180,0.040043,-0.093877
0.115923,0.040023,-0.094765
0.115344,0.041022,-0.097061
0.116856,0.038551,-0.098581
0.120355,0.040187,-0.096619
0.118814,0.040853,-0.096511
0.123025,0.042539,-0.096208
0.121904,0.040675,-0.098781
0.123814,0.041589,-0.098697
0.126616,0.039258,-0.098468
0.128713,0.040220,-0.100524
0.129650,0.042155,-0.099699
0.128738,0.040339,-0.102401
0.130909,0.041753,-0.101688
0.131327,0.039443,-0.102218
0.133149,0.040736,-0.103229
0.134487,0.041358,-0.103782
0.138901,0.042288,-0.103665
0.137595,0.040838,-0.104815
0.138293,0.039955,-0.105529
0.141607,0.039856,-0.106535
0.141286,0.041031,-0.108151
0.144936,0.039134,-0.107198
0.143219,0.041311,-0.111304
0.147164,0.042251,-0.110810
0.148085,0.041739,-0.111231
0.149736,0.041427,-0.112972
0.150063,0.040757,-0.113702
0.153476,0.041908,-0.115791
0.153237,0.041612,-0.116792
0.155636,0.041646,-0.115973
0.157909,0.041682,-0.118575
0.155781,0.040280,-0.123001
0.159661,0.039200,-0.121892
0.162047,0.039141,-0.124498
0.162269,0.040778,-0.124368
0.163280,0.040943,-0.128191
0.165568,0.039446,-0.130591
0.167015,0.041647,-0.132797
0.170395,0.043088,-0.138756
0.171670,0.041791,-0.139023
0.172088,0.042873,-0.142155
0.172275,0.042100,-0.149011
0.173957,0.041142,-0.152376
0.175060,0.042036,-0.161166
-0.044798,0.044840,-0.164227
-0.042577,0.041662,-0.160221
-0.043074,0.043511,-0.155547
-0.040142,0.043288,-0.153064
-0.038330,0.042186,-0.149798
-0.036266,0.044527,-0.146118
-0.034738,0.042038,-0.145444
-0.031830,0.044650,-0.143432
-0.032428,0.043724,-0.141195
-0.030479,0.043305,-0.139795
-0.028975,0.043278,-0.137461
-0.027661,0.042706,-0.135607
-0.026939,0.042454,-0.133311
-0.024649,0.041920,-0.131582
-0.023417,0.041878,-0.129661
-0.023363,0.040348,-0.129669
-0.020224,0.044112,-0.126799
-0.017994,0.042773,-0.124330
-0.018302,0.041719,-0.125685
-0.018080,0.044392,-0.124249
-0.016074,0.041911,-0.122500
-0.012177,0.041438,-0.119348
-0.013727,0.042076,-0.119750
-0.010276,0.042347,-0.118088
-0.007807,0.040851,-0.118332
-0.009628,0.043557,-0.117227
-0.006794,0.044324,-0.114400
-0.005522,0.042570,-0.114977
-0.004626,0.042315,-0.111892
-0.001790,0.042374,-0.110029
-0.000262,0.042663,-0.110252
0.000211,0.042572,-0.111551
0.002192,0.040826,-0.109445
0.003455,0.043715,-0.109931
0.005491,0.040743,-0.105910
0.007621,0.041668,-0.105999
0.005179,0.042017,-0.104042
0.007243,0.040824,-0.103713
0.010833,0.041025,-0.104716
0.011715,0.041466,-0.102213
0.012469,0.042542,-0.101508
0.014028,0.041301,-0.100805
0.016317,0.041607,-0.099545
0.016106,0.040393,-0.100253
0.017506,0.043391,-0.098076
0.021398,0.040417,-0.097098
0.021576,0.042504,-0.097827
0.023156,0.042190,-0.096446
0.025090,0.042914,-0.097470
0.025858,0.043033,-0.096147
0.025469,0.041624,-0.095115
0.029300,0.043044,-0.094533
0.029841,0.042103,-0.094247
0.030661,0.042562,-0.092533
0.031641,0.040800,-0.093259
0.032139,0.043103,-0.093435
0.033709,0.041718,-0.093069
0.036634,0.044588,-0.092050
0.036576,0.040540,-0.091399
0.040359,0.043523,-0.090822
0.040638,0.043417,-0.092698
0.041056,0.040868,-0.090531
0.042028,0.041524,-0.090017
0.043991,0.039802,-0.088299
0.045659,0.042110,-0.088766
0.048218,0.042072,-0.092221
0.049416,0.043145,-0.089251
0.050275,0.041296,-0.089868
0.052180,0.042085,-0.086984
0.051605,0.041726,-0.090337
0.054773,0.043561,-0.087688
0.054721,0.042132,-0.087716
0.055463,0.041851,-0.087746
0.058966,0.043300,-0.086517
0.061066,0.042050,-0.089014
0.060987,0.042578,-0.088200
0.063415,0.043429,-0.089202
0.063106,0.042230,-0.087774
0.064389,0.041124,-0.087178
0.066585,0.042384,-0.086500
0.068373,0.041567,-0.087180
0.070865,0.041034,-0.087817
0.069953,0.040574,-0.087775
0.070656,0.041922,-0.088717
0.073140,0.040221,-0.087120
0.075939,0.041886,-0.087643
0.074263,0.041736,-0.086342
0.077553,0.041264,-0.088272
0.079650,0.040904,-0.087506
0.080464,0.041094,-0.089749
0.081609,0.042772,-0.089196
0.080602,0.041773,-0.087543
0.084240,0.041978,-0.087014
0.084233,0.043621,-0.087738
0.087664,0.041675,-0.086957
0.087482,0.041719,-0.087976
0.088749,0.040868,-0.089952
0.091870,0.040816,-0.087841
0.092114,0.041861,-0.089543
0.093303,0.042849,-0.090487
0.096740,0.040623,-0.088886
0.095709,0.040922,-0.090203
0.099722,0.042434,-0.090019
0.100951,0.041033,-0.092517
0.099799,0.039962,-0.092468
0.102886,0.040406,-0.092048
0.103666,0.042334,-0.092207
0.104261,0.042366,-0.090943
0.107815,0.043657,-0.091964
0.106622,0.043084,-0.093326
0.108316,0.041783,-0.093295
0.109966,0.041254,-0.091043
0.113331,0.043741,-0.094369
0.113857,0.041707,-0.095144
0.113129,0.041602,-0.094528
0.116900,0.041102,-0.095205
0.117074,0.042185,-0.096315
0.119262,0.041654,-0.093871
0.119688,0.043310,-0.098171
0.121861,0.040748,-0.097439
0.122982,0.040366,-0.099308
0.125799,0.043120,-0.100047
0.127318,0.042831,-0.099038
0.126766,0.042493,-0.100181
0.129529,0.040677,-0.100796
0.128868,0.042497,-0.100118
0.132894,0.041554,-0.102321
0.133582,0.041622,-0.102398
0.134557,0.042542,-0.102296
0.135695,0.041494,-0.103358
0.136210,0.041730,-0.105540
0.138080,0.042306,-0.106758
0.140497,0.043017,-0.106433
0.141964,0.040757,-0.106844
0.142900,0.040158,-0.107096
0.144118,0.042755,-0.107916
0.145247,0.041815,-0.110712
0.147457,0.042458,-0.112286
0.147286,0.041001,-0.111051
0.148521,0.043214,-0.113748
0.153377,0.042578,-0.112766
0.152531,0.041456,-0.115526
0.154145,0.041733,-0.116395
0.154934,0.041637,-0.117162
0.156817,0.040984,-0.121213
0.158313,0.041732,-0.120401
0.157435,0.042840,-0.122990
0.160217,0.043587,-0.124451
0.163989,0.042393,-0.126733
0.164607,0.042789,-0.128395
0.165816,0.042296,-0.131499
0.168622,0.044173,-0.133166
0.168716,0.041503,-0.137693
0.168635,0.041676,-0.139474
0.170314,0.043039,-0.142222
0.174127,0.044264,-0.146908
0.174510,0.044003,-0.150598
0.175967,0.043523,-0.158554
-0.043055,0.045639,-0.167592
-0.042701,0.044932,-0.159717
-0.041658,0.046201,-0.155121
-0.041220,0.045052,-0.153856
-0.036864,0.042887,-0.150811
-0.036529,0.044977,-0.148828
-0.034369,0.043867,-0.145652
-0.035318,0.044592,-0.144382
-0.034793,0.045801,-0.142481
-0.033385,0.043814,-0.137676
-0.027271,0.043956,-0.137067
-0.027777,0.044504,-0.136632
-0.027406,0.043863,-0.135172
-0.025154,0.043388,-0.131615
-0.023039,0.043204,-0.130421
-0.021606,0.045577,-0.129636
-0.020228,0.045533,-0.128606
-0.021069,0.044841,-0.127109
-0.018834,0.043480,-0.123962
-0.016678,0.043256,-0.123861
-0.016844,0.044300,-0.123423
-0.014359,0.043887,-0.120145
-0.013311,0.044348,-0.119696
-0.011958,0.046113,-0.120050
-0.010015,0.044874,-0.118537
-0.008679,0.042093,-0.116948
-0.006081,0.043176,-0.115607
-0.005176,0.043070,-0.113219
-0.004872,0.041968,-0.112586
0.000321,0.041821,-0.112683
-0.000920,0.043403,-0.111358
0.000287,0.044256,-0.111625
0.000929,0.043324,-0.109808
0.003067,0.044503,-0.107486
0.004562,0.043817,-0.106153
0.008066,0.044126,-0.106445
0.007606,0.043083,-0.105364
0.008529,0.043843,-0.105041
0.009939,0.043677,-0.103300
0.013292,0.043446,-0.102561
0.013533,0.044008,-0.101513
0.013268,0.043776,-0.102469
0.017065,0.044694,-0.100812
0.015772,0.041992,-0.098904
0.019056,0.043847,-0.100188
0.018740,0.041057,-0.097201
0.021428,0.045760,-0.096452
0.023148,0.042207,-0.096688
0.024889,0.044452,-0.097869
0.025048,0.042325,-0.096982
0.026052,0.042786,-0.097351
0.027276,0.042614,-0.094857
0.029227,0.041406,-0.096461
0.031816,0.044290,-0.091978
0.032269,0.043162,-0.092644
0.032518,0.043598,-0.094197
0.033965,0.042938,-0.091673
0.035988,0.042114,-0.095344
0.037191,0.041830,-0.091278
0.038486,0.044806,-0.093743
0.041732,0.043273,-0.092005
0.043181,0.043739,-0.090843
0.044011,0.042580,-0.089851
0.044891,0.042329,-0.090986
0.046146,0.043603,-0.090570
0.046931,0.043060,-0.090584
0.047538,0.044891,-0.089625
0.050233,0.043248,-0.088936
0.051043,0.044977,-0.088297
0.052114,0.043383,-0.090360
0.055335,0.040303,-0.088712
0.055361,0.042826,-0.088621
0.057345,0.044596,-0.088817
0.058701,0.043084,-0.088556
0.058968,0.043398,-0.086421
0.060944,0.040999,-0.088191
0.064339,0.043128,-0.086449
0.062542,0.044185,-0.086658
0.064619,0.042266,-0.087386
0.065469,0.043308,-0.087087
0.068002,0.042339,-0.087170
0.068609,0.042433,-0.086769
0.071074,0.042341,-0.088350
0.070275,0.043831,-0.087774
0.072956,0.042132,-0.087886
0.074242,0.043752,-0.087679
0.074986,0.042126,-0.086661
0.076400,0.041907,-0.087953
0.079850,0.044349,-0.089399
0.078763,0.042164,-0.084849
0.081984,0.043441,-0.087009
0.084125,0.042541,-0.088012
0.084343,0.043084,-0.088277
0.084208,0.041553,-0.088184
0.087385,0.041565,-0.088304
0.087822,0.044331,-0.089642
0.089707,0.045869,-0.088598
0.091008,0.044032,-0.088415
0.092954,0.043965,-0.089472
0.094833,0.042951,-0.090284
0.093835,0.041454,-0.090621
0.097972,0.044961,-0.087704
0.098893,0.041887,-0.088953
0.098709,0.043292,-0.093010
0.100565,0.041559,-0.090402
0.102941,0.042058,-0.091811
0.104597,0.044053,-0.092916
0.104334,0.043355,-0.090986
0.107527,0.041787,-0.094035
0.106887,0.041885,-0.092215
0.109615,0.043855,-0.090770
0.110507,0.042916,-0.093885
0.111293,0.042485,-0.092730
0.113069,0.044782,-0.095328
0.115289,0.043762,-0.095052
0.117037,0.042659,-0.095601
0.115795,0.043563,-0.096550
0.118805,0.043379,-0.096036
0.120514,0.041908,-0.096701
0.121073,0.044197,-0.097064
0.123126,0.044576,-0.098554
0.124279,0.043616,-0.099908
0.123988,0.041887,-0.099590
0.127479,0.043937,-0.099873
0.128731,0.042841,-0.100643
0.130376,0.045304,-0.101844
0.131977,0.043863,-0.102599
0.133070,0.044373,-0.102233
0.135558,0.043832,-0.103898
0.134542,0.042334,-0.103788
0.137035,0.043069,-0.104631
0.137615,0.042684,-0.106635
0.139852,0.044109,-0.105838
0.143322,0.042587,-0.107013
0.141754,0.044943,-0.108520
0.143268,0.042951,-0.108517
0.146566,0.044599,-0.109414
0.147721,0.043402,-0.111408
0.148759,0.042790,-0.112573
0.149780,0.046345,-0.114511
0.152628,0.043834,-0.113973
0.152890,0.044741,-0.116677
0.153348,0.042787,-0.117606
0.155856,0.043287,-0.118783
0.155875,0.044068,-0.120722
0.158899,0.044946,-0.120493
0.161428,0.045411,-0.122072
0.162374,0.042733,-0.124930
0.164188,0.042982,-0.125286
0.164028,0.044092,-0.126650
0.166259,0.043526,-0.130729
0.166728,0.041831,-0.132130
0.167535,0.044664,-0.135183
0.169082,0.045524,-0.137403
0.171631,0.044356,-0.141844
0.173138,0.045709,-0.146933
0.174211,0.043144,-0.148883
0.177666,0.044546,-0.157001
0.177363,0.044222,-0.165626
-0.045066,0.045113,-0.166421
-0.043233,0.046993,-0.160675
-0.040280,0.046977,-0.155463
-0.040470,0.047266,-0.154834
-0.038559,0.045026,-0.152058
-0.035469,0.046740,-0.149490
-0.036165,0.045544,-0.146583
-0.033994,0.045900,-0.145294
-0.032571,0.046266,-0.142200
-0.030139,0.046666,-0.139094
-0.029379,0.045081,-0.139299
-0.028557,0.042498,-0.135325
-0.026440,0.046348,-0.135055
-0.025333,0.046476,-0.131828
-0.024073,0.045696,-0.131621
-0.023022,0.045638,-0.129797
-0.021760,0.046458,-0.128803
-0.019274,0.046194,-0.127907
-0.016173,0.045468,-0.124985
-0.018152,0.045814,-0.124522
-0.015078,0.045525,-0.123139
-0.014045,0.046109,-0.124548
-0.011385,0.044631,-0.118299
-0.010336,0.046050,-0.118015
-0.008986,0.046480,-0.118366
-0.008019,0.045072,-0.116082
-0.007264,0.047406,-0.116451
-0.004136,0.045032,-0.113828
-0.004316,0.044353,-0.114313
-0.000746,0.044784,-0.112673
-0.001840,0.046012,-0.110967
-0.000804,0.044805,-0.111446
0.002918,0.046106,-0.108482
0.004291,0.045257,-0.107403
0.004938,0.046075,-0.108102
0.005484,0.044927,-0.106038
0.007382,0.045178,-0.105746
0.010638,0.045917,-0.104600
0.010160,0.043934,-0.104825
0.009450,0.045242,-0.102047
0.011708,0.046424,-0.103448
0.013850,0.043713,-0.100714
0.016295,0.044750,-0.101977
0.016490,0.044727,-0.098862
0.016419,0.044298,-0.099168
0.019089,0.044667,-0.100203
0.021625,0.046547,-0.097610
0.023047,0.045166,-0.096606
0.022844,0.044158,-0.097572
0.025868,0.044338,-0.097117
0.026425,0.044166,-0.095090
0.029325,0.045967,-0.094116
0.029756,0.045644,-0.096054
0.030158,0.047209,-0.094295
0.032866,0.045905,-0.093742
0.032608,0.045225,-0.094446
0.034994,0.045015,-0.094510
0.035965,0.044082,-0.092575
0.040142,0.044572,-0.093183
0.038567,0.045611,-0.092906
0.042884,0.045238,-0.092807
0.040961,0.042936,-0.091674
0.043253,0.043555,-0.091226
0.044895,0.044510,-0.088382
0.045665,0.043862,-0.089886
0.048166,0.044211,-0.092224
0.047435,0.044058,-0.090093
0.050798,0.043688,-0.090220
0.051080,0.046013,-0.089701
0.050315,0.044502,-0.089869
0.053942,0.045483,-0.089776
0.056806,0.045837,-0.091832
0.057539,0.045280,-0.088643
0.057325,0.044759,-0.090664
0.059692,0.042619,-0.087222
0.062610,0.045486,-0.089885
0.062524,0.045185,-0.087942
0.063736,0.044878,-0.090282
0.066740,0.044344,-0.086698
0.065316,0.045599,-0.087032
0.067676,0.044853,-0.088835
0.069010,0.044458,-0.087988
0.069797,0.044813,-0.088889
0.070191,0.042931,-0.088271
0.073973,0.042844,-0.087231
0.073789,0.043762,-0.088114
0.076528,0.045535,-0.087360
0.078609,0.045189,-0.087918
0.078593,0.046045,-0.088147
0.080294,0.045022,-0.086562
0.080474,0.045733,-0.088294
0.083029,0.044852,-0.085780
0.083332,0.046281,-0.089452
0.083785,0.043452,-0.087129
0.088202,0.044813,-0.087836
0.088123,0.043179,-0.091090
0.090103,0.043868,-0.087546
0.089051,0.045105,-0.087662
0.093196,0.045258,-0.088532
0.093526,0.045077,-0.089463
0.095186,0.043526,-0.091490
0.096590,0.046641,-0.091097
0.098082,0.044800,-0.091716
0.097386,0.045721,-0.088516
0.100717,0.045072,-0.091990
0.102214,0.046230,-0.090598
0.102939,0.044935,-0.090927
0.105209,0.042928,-0.090396
0.108105,0.043769,-0.092515
0.106641,0.047129,-0.091681
0.106653,0.044116,-0.092362
0.110720,0.046061,-0.093330
0.112112,0.045360,-0.092403
0.111168,0.044580,-0.095297
0.114988,0.044107,-0.095075
0.115272,0.043622,-0.094573
0.116534,0.044560,-0.096205
0.121615,0.044432,-0.094910
0.119809,0.045415,-0.099021
0.121187,0.042877,-0.097674
0.123710,0.044562,-0.097413
0.124356,0.045325,-0.099279
0.124943,0.044248,-0.099564
0.127272,0.046258,-0.101052
0.128834,0.046019,-0.100144
0.129101,0.045138,-0.100510
0.131234,0.045055,-0.101674
0.132771,0.044414,-0.103929
0.134793,0.045117,-0.105661
0.135134,0.044017,-0.104362
0.136063,0.044295,-0.103839
0.137051,0.047094,-0.106485
0.137563,0.043493,-0.105383
0.141740,0.044774,-0.105815
0.141179,0.045519,-0.108969
0.143164,0.044982,-0.108793
0.144710,0.046993,-0.109236
0.146760,0.044187,-0.109989
0.147613,0.045031,-0.110836
0.150214,0.044683,-0.112884
0.151896,0.044169,-0.115139
0.151484,0.046084,-0.116048
0.152682,0.044435,-0.117709
0.154905,0.045837,-0.119922
0.157447,0.045445,-0.119360
0.159392,0.045697,-0.121186
0.161225,0.046345,-0.123917
0.160622,0.044087,-0.123070
0.161540,0.046044,-0.125237
0.163926,0.044874,-0.127010
0.164897,0.045839,-0.129739
0.167242,0.044666,-0.133890
0.168671,0.044906,-0.133915
0.169950,0.046310,-0.138014
0.171001,0.045993,-0.138635
0.172016,0.046078,-0.144244
0.175961,0.046314,-0.148360
0.176521,0.042965,-0.155105
0.178076,0.048105,-0.162184
-0.044846,0.047954,-0.169620
-0.044420,0.048157,-0.162706
-0.041173,0.049113,-0.160238
-0.040828,0.049005,-0.154675
-0.040143,0.047748,-0.152455
-0.038328,0.047812,-0.149563
-0.034062,0.046227,-0.146975
-0.032977,0.048465,-0.144178
-0.033830,0.048663,-0.142278
-0.029787,0.046421,-0.140741
-0.028666,0.046921,-0.140266
-0.027503,0.047074,-0.136219
-0.027595,0.047726,-0.133894
-0.026923,0.048013,-0.134678
-0.025522,0.047705,-0.131238
-0.021739,0.046042,-0.130349
-0.022006,0.046375,-0.128752
-0.019098,0.047872,-0.125755
-0.018615,0.047669,-0.125599
-0.017499,0.045125,-0.123144
-0.015092,0.045661,-0.122471
-0.013358,0.047303,-0.120982
-0.012810,0.046311,-0.121828
-0.010858,0.047345,-0.120242
-0.008956,0.046241,-0.117752
-0.008169,0.046841,-0.115735
-0.006585,0.046560,-0.116650
-0.005078,0.046026,-0.114340
-0.003170,0.048441,-0.113203
-0.001583,0.044854,-0.113855
-0.002034,0.048708,-0.113256
0.002028,0.045288,-0.110042
0.001035,0.047745,-0.110277
0.001724,0.046737,-0.109897
0.004841,0.047623,-0.108256
0.006943,0.047298,-0.107856
0.010462,0.046924,-0.105788
0.006675,0.047669,-0.104251
0.011470,0.046988,-0.103717
0.012740,0.045816,-0.103538
0.012729,0.047206,-0.102579
0.015027,0.046054,-0.102398
0.014263,0.045474,-0.098452
0.018122,0.046836,-0.100924
0.018071,0.046075,-0.101433
0.019983,0.047305,-0.098649
0.021057,0.047634,-0.098938
0.022386,0.046790,-0.098047
0.025173,0.045552,-0.097311
0.025551,0.048376,-0.096833
0.026596,0.047514,-0.096532
0.025537,0.044197,-0.095252
0.029196,0.046767,-0.096895
0.027229,0.045237,-0.095816
0.031848,0.046709,-0.092976
0.033890,0.044616,-0.093555
0.035316,0.046368,-0.094383
0.038009,0.047848,-0.092922
0.038388,0.045662,-0.093725
0.038611,0.045077,-0.093411
0.041092,0.046005,-0.093204
0.042782,0.046070,-0.093336
0.040648,0.046437,-0.092568
0.045128,0.047197,-0.092362
0.045437,0.046860,-0.090612
0.047094,0.046803,-0.090056
0.048656,0.047817,-0.091162
0.050101,0.046350,-0.089424
0.051772,0.045439,-0.090624
0.054214,0.046542,-0.089070
0.053981,0.046964,-0.087673
0.055851,0.045711,-0.088370
0.057166,0.045542,-0.089230
0.058159,0.046364,-0.089683
0.061998,0.047374,-0.088188
0.062191,0.046717,-0.088425
0.061983,0.047290,-0.089324
0.064976,0.046949,-0.088330
0.065962,0.045627,-0.088090
0.067578,0.045516,-0.089343
0.068481,0.049696,-0.090078
0.068660,0.045340,-0.087234
0.070044,0.044865,-0.087462
0.071169,0.046577,-0.089221
0.072736,0.045060,-0.087374
0.072974,0.046376,-0.086969
0.075684,0.045015,-0.088534
0.077698,0.046139,-0.089216
0.078236,0.046008,-0.087811
0.081193,0.047353,-0.089323
0.082029,0.046715,-0.087380
0.082799,0.046149,-0.088155
0.084430,0.043990,-0.087671
0.086899,0.046540,-0.089603
0.087656,0.046634,-0.090538
0.088111,0.045461,-0.086530
0.088224,0.047712,-0.089393
0.090322,0.046209,-0.090003
0.093171,0.044670,-0.089225
0.094652,0.044350,-0.091533
0.096067,0.044792,-0.089313
0.096585,0.045113,-0.090314
0.097710,0.046399,-0.091571
0.097991,0.045967,-0.090186
0.100030,0.045868,-0.091512
0.101815,0.046519,-0.091626
0.103655,0.045829,-0.091215
0.105174,0.046048,-0.091878
0.107000,0.046900,-0.093264
0.107196,0.046535,-0.092648
0.110040,0.046136,-0.095005
0.110999,0.047969,-0.093065
0.111727,0.046053,-0.094430
0.113998,0.043890,-0.093213
0.112395,0.047202,-0.094905
0.115243,0.047004,-0.096354
0.118235,0.047523,-0.096577
0.117142,0.047023,-0.096622
0.119005,0.046331,-0.095037
0.123825,0.046684,-0.097701
0.122623,0.047142,-0.098222
0.123225,0.043910,-0.099063
0.124949,0.045892,-0.098814
0.129078,0.046833,-0.101438
0.127281,0.047491,-0.100638
0.131756,0.045985,-0.100283
0.130227,0.045804,-0.101726
0.132378,0.044947,-0.102289
0.133654,0.045948,-0.102946
0.136014,0.047114,-0.103104
0.136716,0.046873,-0.106570
0.138096,0.045770,-0.105942
0.140333,0.047684,-0.106875
0.140143,0.048100,-0.108715
0.142189,0.046501,-0.108267
0.145230,0.048151,-0.108151
0.144321,0.046881,-0.109549
0.146040,0.047225,-0.111579
0.147275,0.046198,-0.111978
0.148910,0.048900,-0.112403
0.151952,0.045881,-0.113793
0.152978,0.046044,-0.116261
0.153535,0.046653,-0.115602
0.157213,0.045725,-0.118184
0.158182,0.045769,-0.118679
0.156896,0.044166,-0.120854
0.159961,0.047339,-0.122444
0.162224,0.046358,-0.124169
0.163802,0.047559,-0.126763
0.166052,0.047975,-0.127883
0.166888,0.047753,-0.129555
0.165860,0.047701,-0.132636
0.168807,0.047680,-0.135350
0.170729,0.049046,-0.136532
0.170973,0.049531,-0.140310
0.171070,0.047830,-0.142549
0.175268,0.047104,-0.147727
0.174890,0.050305,-0.150677
0.177926,0.048598,-0.159119
-0.045811,0.050295,-0.171454
-0.042132,0.050957,-0.164649
-0.041206,0.050149,-0.156227
-0.040174,0.048801,-0.155526
-0.038071,0.048581,-0.153373
-0.037646,0.050652,-0.151729
-0.035316,0.049026,-0.146907
-0.034745,0.049178,-0.145303
-0.034165,0.049552,-0.142406
-0.030033,0.051236,-0.141536
-0.029574,0.047499,-0.139499
-0.028954,0.050206,-0.137698
-0.026941,0.047673,-0.133950
-0.024823,0.049307,-0.135339
-0.024130,0.051126,-0.132128
-0.022802,0.047787,-0.129526
-0.020851,0.049348,-0.127342
-0.019142,0.050344,-0.126772
-0.018105,0.048263,-0.126123
-0.017438,0.047712,-0.123828
-0.016250,0.048141,-0.123468
-0.013407,0.048362,-0.121899
-0.011277,0.046487,-0.120569
-0.012438,0.048948,-0.120498
-0.008609,0.048451,-0.117741
-0.007876,0.048718,-0.118261
-0.005285,0.047980,-0.118459
-0.005714,0.048309,-0.116522
-0.004148,0.048099,-0.114378
-0.003029,0.049203,-0.112209
-0.000046,0.048976,-0.111830
-0.001064,0.048023,-0.110049
0.002628,0.046774,-0.108256
0.003328,0.048827,-0.108857
0.004848,0.047961,-0.108256
0.006747,0.047892,-0.108040
0.006362,0.048649,-0.105502
0.007228,0.049111,-0.105036
0.010475,0.048447,-0.102639
0.011791,0.047905,-0.102281
0.014867,0.047878,-0.101901
0.013131,0.047677,-0.102680
0.016355,0.048598,-0.103412
0.017374,0.046328,-0.100314
0.018100,0.046925,-0.100452
0.017845,0.047448,-0.099070
0.020467,0.049054,-0.096890
0.022506,0.047746,-0.096255
0.023836,0.048801,-0.097026
0.025315,0.048079,-0.097331
0.027842,0.046696,-0.096503
0.026800,0.047161,-0.095910
0.029406,0.046167,-0.094510
0.029460,0.049314,-0.095535
0.033975,0.050058,-0.097121
0.034304,0.048122,-0.093788
0.037844,0.049461,-0.093994
0.034495,0.048382,-0.094054
0.039425,0.049460,-0.093529
0.039414,0.046379,-0.092581
0.040207,0.051186,-0.092015
0.040434,0.049643,-0.090062
0.042683,0.049889,-0.091585
0.044676,0.048962,-0.091130
0.045172,0.048165,-0.090619
0.046507,0.047554,-0.089366
0.048568,0.048052,-0.090772
0.051256,0.047998,-0.091888
0.051564,0.048216,-0.090617
0.052868,0.047220,-0.089341
0.055091,0.048874,-0.091623
0.056471,0.046169,-0.090000
0.056367,0.048758,-0.087809
0.057201,0.046983,-0.087882
0.061224,0.045558,-0.088387
0.062544,0.048642,-0.088648
0.060939,0.044952,-0.087855
0.063258,0.047373,-0.090185
0.063583,0.046632,-0.089070
0.068280,0.047337,-0.089200
0.066964,0.048060,-0.089143
0.070835,0.047207,-0.087121
0.069895,0.048617,-0.087699
0.071529,0.047761,-0.088528
0.073094,0.047388,-0.088303
0.075374,0.045530,-0.088115
0.075031,0.047236,-0.088667
0.078154,0.047091,-0.086665
0.078205,0.046667,-0.089249
0.079166,0.046983,-0.090135
0.080258,0.049552,-0.088037
0.083143,0.045305,-0.087236
0.083538,0.047875,-0.089203
0.085688,0.046471,-0.088621
0.088010,0.048159,-0.089834
0.087031,0.047327,-0.088341
0.089413,0.048448,-0.089908
0.090858,0.047750,-0.088113
0.092072,0.048571,-0.089452
0.093137,0.046943,-0.090803
0.095555,0.046141,-0.090794
0.096848,0.047222,-0.090569
0.100003,0.047842,-0.092649
0.100050,0.049284,-0.091135
0.099632,0.048634,-0.091723
0.101624,0.048768,-0.090174
0.104810,0.048474,-0.091347
0.107360,0.048061,-0.091203
0.106903,0.046520,-0.091065
0.107243,0.048976,-0.093112
0.109159,0.047833,-0.092750
0.109867,0.046546,-0.095133
0.112958,0.046779,-0.093149
0.111848,0.049563,-0.093562
0.113490,0.048837,-0.095078
0.116030,0.047505,-0.094886
0.115961,0.046516,-0.097129
0.118091,0.048339,-0.096792
0.119118,0.047917,-0.097699
0.122768,0.049361,-0.098311
0.121630,0.048765,-0.097772
0.126135,0.049245,-0.098031
0.127848,0.047725,-0.099532
0.127049,0.048972,-0.098445
0.129311,0.049645,-0.101251
0.130318,0.047754,-0.101761
0.131335,0.047475,-0.103460
0.133637,0.048528,-0.103551
0.132416,0.048136,-0.103654
0.136199,0.048659,-0.104285
0.136371,0.046846,-0.104942
0.139248,0.049128,-0.105371
0.138320,0.047980,-0.107608
0.140494,0.049491,-0.109873
0.143335,0.050411,-0.109641
0.144310,0.048107,-0.109525
0.144996,0.048459,-0.108691
0.147359,0.049005,-0.111247
0.150015,0.047815,-0.112061
0.148582,0.046740,-0.114404
0.150728,0.047736,-0.114772
0.151468,0.048296,-0.113659
0.155604,0.048371,-0.116165
0.156060,0.048671,-0.117390
0.157517,0.048112,-0.119309
0.160291,0.047997,-0.120323
0.158212,0.047867,-0.121340
0.161103,0.046100,-0.124472
0.160913,0.049400,-0.126692
0.164400,0.048851,-0.127164
0.164569,0.048477,-0.128608
0.165491,0.049179,-0.132781
0.169937,0.046826,-0.134373
0.167461,0.048989,-0.136891
0.170916,0.049936,-0.140093
0.173308,0.048635,-0.141531
0.173246,0.047327,-0.146707
0.175774,0.049226,-0.149749
0.177519,0.049624,-0.156114
0.178167,0.050031,-0.164712
-0.044675,0.051807,-0.171772
-0.042563,0.049159,-0.165919
-0.041757,0.052074,-0.159684
-0.040246,0.050615,-0.155784
-0.038391,0.052193,-0.153008
-0.035747,0.052309,-0.150995
-0.034184,0.050907,-0.148382
-0.033670,0.050739,-0.143190
-0.032960,0.050905,-0.141910
-0.030217,0.050901,-0.141360
-0.028793,0.048763,-0.139363
-0.027769,0.050091,-0.137453
-0.026344,0.050782,-0.134989
-0.025042,0.049629,-0.134087
-0.023803,0.050847,-0.133874
-0.023807,0.051388,-0.131549
-0.020725,0.050413,-0.131256
-0.019107,0.050674,-0.126248
-0.020154,0.050711,-0.126808
-0.016807,0.047823,-0.125521
-0.014717,0.050467,-0.121648
-0.013849,0.050551,-0.122113
-0.013167,0.051213,-0.122433
-0.012169,0.051120,-0.121102
-0.009530,0.052050,-0.117395
-0.009595,0.051205,-0.118050
-0.005590,0.049665,-0.117186
-0.005875,0.049717,-0.115391
-0.004045,0.054075,-0.114201
-0.001979,0.050743,-0.113549
-0.002313,0.049628,-0.111557
0.000359,0.048918,-0.110663
0.000828,0.051133,-0.108348
0.002060,0.050215,-0.109189
0.005059,0.049260,-0.108188
0.007245,0.050886,-0.107576
0.006226,0.048718,-0.105933
0.009880,0.050301,-0.106173
0.010519,0.049420,-0.105356
0.010647,0.050751,-0.103900
0.011988,0.049855,-0.101737
0.014636,0.051143,-0.102523
0.015338,0.050634,-0.101534
0.016895,0.050106,-0.100470
0.018897,0.049747,-0.100032
0.019307,0.048294,-0.099604
0.020870,0.050233,-0.099851
0.021421,0.051040,-0.096620
0.023742,0.048112,-0.099241
0.025602,0.050119,-0.097693
0.027491,0.050637,-0.098827
0.029616,0.048470,-0.097395
0.030264,0.048822,-0.095488
0.030891,0.050916,-0.094051
0.032411,0.050032,-0.093742
0.032900,0.049290,-0.095093
0.034973,0.050421,-0.095025
0.035633,0.048443,-0.094320
0.038435,0.049566,-0.092638
0.039313,0.051118,-0.093628
0.041763,0.047885,-0.092241
0.041663,0.049028,-0.092534
0.043494,0.049622,-0.091733
0.045250,0.050229,-0.091529
0.045053,0.050378,-0.092307
0.045644,0.051364,-0.089538
0.049244,0.048579,-0.090672
0.050762,0.049597,-0.088585
0.051665,0.052006,-0.088007
0.053812,0.050009,-0.091680
0.054108,0.048879,-0.088939
0.054301,0.052561,-0.089447
0.056589,0.049143,-0.089518
0.058201,0.049251,-0.088934
0.059419,0.049338,-0.089694
0.061996,0.049447,-0.089495
0.063032,0.047957,-0.089024
0.064206,0.050599,-0.090879
0.066243,0.050564,-0.089841
0.067290,0.050396,-0.089631
0.067040,0.049999,-0.088241
0.068379,0.048367,-0.089438
0.069711,0.049083,-0.087677
0.072138,0.050512,-0.088300
0.073397,0.048990,-0.090219
0.075031,0.051130,-0.089005
0.076820,0.049887,-0.088973
0.077622,0.049820,-0.088896
0.080166,0.048849,-0.087254
0.079464,0.049517,-0.087928
0.082387,0.049184,-0.089564
0.080646,0.050426,-0.088876
0.083941,0.050788,-0.089823
0.087342,0.049434,-0.089846
0.085271,0.047988,-0.089709
0.087940,0.048220,-0.089456
0.089128,0.048806,-0.088345
0.090214,0.047138,-0.090566
0.093614,0.049688,-0.090983
0.094614,0.049230,-0.090585
0.094374,0.050058,-0.089545
0.097132,0.048456,-0.088751
0.098177,0.049262,-0.089454
0.099442,0.050117,-0.089654
0.099878,0.049311,-0.093612
0.104419,0.048824,-0.091192
0.104330,0.049430,-0.093444
0.104001,0.050340,-0.091851
0.106682,0.048962,-0.093636
0.107038,0.050444,-0.092911
0.108511,0.050394,-0.093579
0.111544,0.050991,-0.095395
0.110373,0.049709,-0.093763
0.114207,0.049892,-0.095568
0.112384,0.049420,-0.096355
0.115441,0.049204,-0.093704
0.118071,0.050597,-0.095012
0.118538,0.047460,-0.096054
0.121243,0.051296,-0.095955
0.119913,0.050009,-0.096598
0.121560,0.049909,-0.097690
0.125542,0.048852,-0.097453
0.124982,0.049717,-0.100732
0.127328,0.049277,-0.098354
0.127871,0.050181,-0.100912
0.129448,0.048498,-0.100988
0.131532,0.051260,-0.102172
0.133638,0.050204,-0.102808
0.134473,0.049720,-0.104116
0.134591,0.048906,-0.104068
0.138559,0.049583,-0.107949
0.138772,0.049258,-0.106559
0.138826,0.050386,-0.106659
0.140599,0.049968,-0.107730
0.142853,0.051125,-0.108766
0.141884,0.050786,-0.109690
0.145309,0.049312,-0.110128
0.148772,0.048009,-0.113827
0.149021,0.049404,-0.113308
0.149875,0.049094,-0.112645
0.149723,0.050035,-0.115114
0.151239,0.048249,-0.115404
0.154123,0.051210,-0.117162
0.153812,0.050856,-0.118107
0.158433,0.051094,-0.118433
0.159197,0.050139,-0.119741
0.159231,0.048841,-0.120506
0.161349,0.051476,-0.124023
0.162094,0.050537,-0.125662
0.162578,0.049248,-0.130075
0.165744,0.050685,-0.129124
0.166532,0.049781,-0.131736
0.169019,0.049888,-0.133698
0.169299,0.051896,-0.135536
0.170599,0.050915,-0.140520
0.171672,0.049420,-0.140003
0.173972,0.048128,-0.144829
0.175580,0.051851,-0.148477
0.178024,0.051062,-0.154596
0.180105,0.051544,-0.162300
-0.045593,0.052086,-0.165806
-0.042115,0.052435,-0.159992
-0.038900,0.052592,-0.155948
-0.037182,0.053334,-0.155778
-0.036143,0.051016,-0.151300
-0.037685,0.052746,-0.150679
-0.034191,0.051716,-0.146627
-0.034299,0.052197,-0.142866
-0.032085,0.054276,-0.140167
-0.029239,0.054497,-0.141119
-0.028554,0.052517,-0.139628
-0.028546,0.050586,-0.135229
-0.025680,0.052845,-0.136353
-0.023719,0.052607,-0.131723
-0.021651,0.051377,-0.130889
-0.018722,0.053297,-0.130466
-0.019632,0.051965,-0.128447
-0.018699,0.052931,-0.127970
-0.016120,0.052921,-0.124773
-0.014375,0.052240,-0.123363
-0.014957,0.049715,-0.122016
-0.009739,0.052186,-0.121316
-0.010995,0.050815,-0.120802
-0.010997,0.051996,-0.118723
-0.008788,0.051282,-0.115208
-0.009595,0.052227,-0.115580
-0.005110,0.052417,-0.116961
-0.004335,0.051757,-0.113571
-0.001690,0.052853,-0.112871
-0.001466,0.051701,-0.111063
-0.000037,0.052670,-0.110743
-0.000287,0.051971,-0.109782
0.003161,0.050136,-0.108432
0.005193,0.049693,-0.108823
0.007126,0.050495,-0.108188
0.006935,0.051707,-0.105375
0.009479,0.052802,-0.106349
0.009896,0.050927,-0.106988
0.010658,0.051070,-0.105436
0.013518,0.050568,-0.103863
0.015585,0.051721,-0.103392
0.015140,0.051995,-0.103183
0.018968,0.049943,-0.100278
0.018433,0.051279,-0.101981
0.018382,0.051522,-0.099565
0.023562,0.049646,-0.098790
0.023684,0.051105,-0.099118
0.021997,0.052755,-0.097134
0.024919,0.053205,-0.099208
0.025825,0.050386,-0.096844
0.029185,0.052777,-0.098919
0.028570,0.051964,-0.096018
0.031835,0.050493,-0.096699
0.031671,0.050311,-0.095906
0.033251,0.048547,-0.095875
0.035407,0.051007,-0.094309
0.037144,0.052203,-0.094963
0.037262,0.052539,-0.093503
0.038535,0.051234,-0.094662
0.041357,0.050963,-0.094695
0.041673,0.052247,-0.093388
0.043592,0.051579,-0.094342
0.043394,0.050896,-0.092244
0.044797,0.051518,-0.092854
0.047679,0.051472,-0.090929
0.049397,0.051306,-0.092026
0.049266,0.049848,-0.092414
0.052588,0.051192,-0.092071
0.051674,0.050479,-0.089938
0.052774,0.051532,-0.092119
0.056414,0.049804,-0.091642
0.057565,0.051287,-0.091631
0.058410,0.050520,-0.088485
0.058947,0.049334,-0.090270
0.060872,0.051039,-0.089999
0.062130,0.050465,-0.087965
0.063861,0.051758,-0.090323
0.065702,0.050695,-0.089434
0.067625,0.048984,-0.087381
0.068235,0.049547,-0.089396
0.070089,0.049900,-0.088691
0.071455,0.050431,-0.089391
0.071526,0.050151,-0.087618
0.072902,0.050769,-0.089784
0.074049,0.050607,-0.089572
0.077073,0.051562,-0.087646
0.078289,0.050704,-0.087632
0.079131,0.051236,-0.087455
0.079420,0.050536,-0.089344
0.080157,0.049418,-0.088445
0.082782,0.049550,-0.089902
0.083629,0.051684,-0.089176
0.085251,0.050635,-0.089868
0.087981,0.051703,-0.087525
0.089878,0.051244,-0.090765
0.088512,0.051096,-0.089357
0.090685,0.051496,-0.090533
0.093088,0.052680,-0.090462
0.092734,0.050544,-0.090346
0.095568,0.050966,-0.090105
0.096192,0.052383,-0.091890
0.097250,0.049490,-0.089691
0.099702,0.049718,-0.090588
0.100610,0.050153,-0.090101
0.102397,0.049728,-0.092469
0.102131,0.051012,-0.091845
0.105987,0.050070,-0.092402
0.105463,0.051135,-0.093658
0.107927,0.051154,-0.093725
0.110307,0.051178,-0.093347
0.110056,0.051764,-0.094535
0.112365,0.052471,-0.094656
0.113713,0.050113,-0.095171
0.112386,0.050313,-0.095879
0.116598,0.052138,-0.092639
0.116367,0.049877,-0.097826
0.116103,0.051582,-0.097353
0.119716,0.050752,-0.097830
0.121785,0.050834,-0.095769
0.122559,0.051562,-0.099239
0.125503,0.052783,-0.099020
0.123831,0.050908,-0.099471
0.125335,0.050387,-0.100450
0.128684,0.052163,-0.099731
0.130450,0.050068,-0.103783
0.131307,0.051608,-0.102065
0.131700,0.051458,-0.103705
0.134050,0.050911,-0.103129
0.136854,0.051284,-0.103005
0.138721,0.050677,-0.104872
0.137851,0.052595,-0.105287
0.138357,0.051090,-0.106687
0.141429,0.052443,-0.106789
0.142280,0.050824,-0.109235
0.143599,0.050362,-0.109677
0.144979,0.051489,-0.109105
0.145694,0.051692,-0.111517
0.146103,0.051997,-0.111610
0.149364,0.054224,-0.112998
0.150753,0.050711,-0.114737
0.149772,0.052780,-0.116094
0.155243,0.051878,-0.117862
0.156231,0.052928,-0.118947
0.154701,0.053999,-0.119077
0.159311,0.051277,-0.120495
0.159385,0.051532,-0.122181
0.160667,0.052226,-0.123182
0.163037,0.051745,-0.124989
0.164180,0.053224,-0.128135
0.164895,0.051557,-0.128540
0.167317,0.051219,-0.131982
0.168834,0.050480,-0.133009
0.169759,0.051384,-0.136781
0.171508,0.052131,-0.139201
0.172031,0.052770,-0.140246
0.173881,0.051124,-0.144496
0.176574,0.052039,-0.147594
0.178198,0.053516,-0.151396
0.180565,0.051525,-0.157486
0.180487,0.053541,-0.168714
-0.042441,0.056508,-0.168117
-0.040205,0.054293,-0.161668
-0.039045,0.054518,-0.157572
-0.038595,0.055141,-0.155031
-0.037128,0.054749,-0.151909
-0.035367,0.054672,-0.148451
-0.034377,0.054321,-0.146297
-0.032148,0.054851,-0.144976
-0.031234,0.053046,-0.140620
-0.030616,0.052544,-0.140684
-0.028475,0.053042,-0.137804
-0.025702,0.052467,-0.136261
-0.026657,0.053988,-0.134368
-0.023649,0.053977,-0.132985
-0.021392,0.053177,-0.132587
-0.020198,0.053667,-0.130530
-0.019215,0.054476,-0.130228
-0.018831,0.053748,-0.126497
-0.017151,0.054154,-0.124447
-0.013743,0.055074,-0.123612
-0.012579,0.054469,-0.124336
-0.012485,0.052912,-0.122229
-0.012687,0.053649,-0.120849
-0.007325,0.054285,-0.120050
-0.008437,0.052906,-0.117673
-0.008108,0.054484,-0.117176
-0.006930,0.052855,-0.115934
-0.003909,0.054636,-0.115117
-0.002389,0.054041,-0.111376
-0.003187,0.054772,-0.114473
-0.001605,0.053038,-0.111595
0.002962,0.052993,-0.111129
0.002878,0.053058,-0.109672
0.003885,0.053610,-0.108544
0.004759,0.054631,-0.107327
0.005634,0.053760,-0.106137
0.007599,0.051691,-0.108157
0.010433,0.053558,-0.104535
0.011199,0.052429,-0.104489
0.012794,0.053289,-0.104867
0.013963,0.053685,-0.102124
0.016844,0.050807,-0.101161
0.017158,0.053719,-0.099859
0.020131,0.052908,-0.101248
0.019691,0.051989,-0.099073
0.020287,0.053395,-0.100749
0.021720,0.053090,-0.100065
0.025205,0.050858,-0.099072
0.024222,0.052070,-0.100852
0.024337,0.052646,-0.098215
0.029002,0.053053,-0.098445
0.029743,0.053070,-0.095910
0.030295,0.052089,-0.096790
0.032279,0.052222,-0.096165
0.034623,0.052776,-0.092603
0.034211,0.053459,-0.093917
0.035173,0.051289,-0.094762
0.038516,0.053934,-0.092844
0.040108,0.050982,-0.095252
0.040499,0.051788,-0.094869
0.041199,0.052404,-0.093049
0.044915,0.054211,-0.093582
0.045100,0.052751,-0.092892
0.045880,0.053121,-0.091783
0.045624,0.050279,-0.090629
0.050920,0.052295,-0.091971
0.050726,0.051774,-0.093683
0.050550,0.051256,-0.092065
0.051229,0.053225,-0.090885
0.051890,0.052334,-0.090715
0.053490,0.052980,-0.091119
0.056556,0.052446,-0.091112
0.057357,0.053000,-0.088049
0.059959,0.053143,-0.089608
0.060239,0.053205,-0.089472
0.062374,0.053202,-0.088253
0.063844,0.052456,-0.087799
0.065822,0.052960,-0.089733
0.067039,0.052476,-0.088577
0.067745,0.050528,-0.087621
0.069779,0.053040,-0.089509
0.070938,0.052729,-0.089331
0.073823,0.052241,-0.090977
0.073803,0.053869,-0.089165
0.074239,0.052568,-0.088352
0.076999,0.053507,-0.087421
0.076068,0.052477,-0.088908
0.079842,0.052719,-0.091011
0.080361,0.053734,-0.089252
0.081312,0.053260,-0.088254
0.081463,0.052934,-0.090369
0.086215,0.052340,-0.088792
0.086202,0.052482,-0.090297
0.086699,0.052812,-0.090300
0.090690,0.050955,-0.089889
0.089031,0.052966,-0.090720
0.091361,0.052258,-0.091095
0.092031,0.053816,-0.090540
0.094660,0.053983,-0.090299
0.094211,0.050879,-0.090911
0.095504,0.050871,-0.090475
0.095947,0.053548,-0.091096
0.100281,0.053993,-0.092946
0.100779,0.051980,-0.089614
0.100600,0.053906,-0.091575
0.104939,0.053062,-0.091631
0.104355,0.051841,-0.091583
0.104085,0.053688,-0.092465
0.107549,0.051008,-0.093234
0.109733,0.051291,-0.092142
0.110684,0.050573,-0.094968
0.112085,0.053682,-0.094525
0.112606,0.053595,-0.094414
0.115342,0.053394,-0.093544
0.116153,0.051717,-0.095370
0.117091,0.051492,-0.095130
0.121621,0.052843,-0.098136
0.120575,0.051359,-0.096203
0.121052,0.052521,-0.097777
0.121977,0.053836,-0.097898
0.123651,0.051896,-0.099942
0.124045,0.053437,-0.097799
0.128822,0.053326,-0.100117
0.128085,0.051775,-0.101187
0.129113,0.053124,-0.100179
0.132254,0.051705,-0.103322
0.134085,0.051565,-0.102699
0.132447,0.052887,-0.101901
0.135941,0.053486,-0.103058
0.136284,0.052496,-0.104697
0.138087,0.052122,-0.107114
0.137898,0.053635,-0.107079
0.141650,0.054410,-0.108071
0.143141,0.052867,-0.109244
0.144201,0.053423,-0.108514
0.144841,0.054081,-0.108147
0.147586,0.054005,-0.110380
0.148442,0.053834,-0.111689
0.150221,0.052598,-0.111356
0.150895,0.054022,-0.114131
0.152560,0.052222,-0.114672
0.153605,0.052473,-0.115332
0.156577,0.053441,-0.117604
0.155115,0.053384,-0.121437
0.158146,0.052269,-0.120897
0.159689,0.051803,-0.122693
0.162157,0.055122,-0.123932
0.160588,0.053291,-0.125457
0.163141,0.053004,-0.127578
0.164417,0.055478,-0.127337
0.166269,0.053000,-0.132125
0.169294,0.053477,-0.132870
0.168300,0.054240,-0.134606
0.169261,0.054118,-0.136293
0.172173,0.053121,-0.139386
0.173450,0.055361,-0.143229
0.174394,0.052777,-0.146456
0.177930,0.053126,-0.150809
0.179329,0.054107,-0.155585
0.179191,0.057273,-0.165681
-0.044247,0.055381,-0.170723
-0.040814,0.056156,-0.161081
-0.038761,0.055135,-0.158865
-0.037569,0.055730,-0.153994
-0.036464,0.054884,-0.152362
-0.036883,0.054996,-0.147484
-0.034510,0.056031,-0.144800
-0.032368,0.054395,-0.144881
-0.031982,0.055998,-0.143999
-0.027879,0.056245,-0.139057
-0.027149,0.057650,-0.138028
-0.026456,0.056177,-0.137431
-0.024510,0.054320,-0.134080
-0.023230,0.055278,-0.133637
-0.023064,0.057934,-0.131944
-0.021013,0.054167,-0.129009
-0.020853,0.054323,-0.130655
-0.017691,0.056114,-0.127525
-0.016437,0.056624,-0.124960
-0.015198,0.056048,-0.122908
-0.012697,0.053931,-0.122978
-0.012153,0.054943,-0.122315
-0.011878,0.055812,-0.121210
-0.010845,0.053924,-0.120050
-0.008472,0.055754,-0.119360
-0.007502,0.055435,-0.118150
-0.006031,0.055062,-0.115072
-0.003484,0.053996,-0.115165
-0.001504,0.054004,-0.115353
-0.002678,0.055302,-0.112715
0.000308,0.055238,-0.112757
0.002694,0.054499,-0.111463
0.003724,0.054297,-0.109187
0.005699,0.053940,-0.110278
0.005440,0.053555,-0.109400
0.007418,0.054481,-0.108178
0.008282,0.054441,-0.106826
0.009671,0.056694,-0.105845
0.009731,0.053053,-0.107226
0.014977,0.054524,-0.104056
0.015655,0.054162,-0.102870
0.016150,0.054867,-0.102388
0.016572,0.055361,-0.102370
0.019272,0.055688,-0.102856
0.019828,0.054586,-0.102752
0.020271,0.052855,-0.098906
0.022928,0.054022,-0.098602
0.025410,0.053561,-0.098581
0.025584,0.056263,-0.099331
0.025269,0.054051,-0.097523
0.027165,0.054368,-0.098097
0.030652,0.054393,-0.097173
0.030648,0.053573,-0.096638
0.032412,0.053426,-0.096566
0.034372,0.053038,-0.096368
0.036789,0.054509,-0.094754
0.036508,0.055193,-0.094532
0.039064,0.052461,-0.096128
0.040403,0.055162,-0.093501
0.039211,0.054957,-0.094814
0.041029,0.053346,-0.093248
0.042139,0.055544,-0.091942
0.045111,0.055712,-0.091031
0.047219,0.055863,-0.091521
0.046523,0.054600,-0.091533
0.049406,0.055068,-0.092637
0.051835,0.053970,-0.092778
0.050257,0.055426,-0.092241
0.050928,0.053657,-0.090773
0.054658,0.054233,-0.090657
0.055142,0.053506,-0.089658
0.056360,0.054052,-0.090514
0.056892,0.055337,-0.092045
0.058151,0.053949,-0.091655
0.061639,0.054386,-0.089685
0.061520,0.055968,-0.089789
0.064502,0.052629,-0.089779
0.064471,0.055199,-0.089737
0.065447,0.054016,-0.090448
0.067113,0.054250,-0.092012
0.067704,0.052104,-0.089584
0.069624,0.053264,-0.089428
0.070729,0.054944,-0.087901
0.074620,0.052990,-0.088696
0.074059,0.053160,-0.088582
0.073736,0.054822,-0.087951
0.078764,0.055199,-0.089379
0.078239,0.054205,-0.089558
0.078489,0.052766,-0.088350
0.083315,0.055680,-0.089987
0.084106,0.053876,-0.090049
0.082659,0.055958,-0.089575
0.087240,0.053504,-0.089963
0.086254,0.053414,-0.089078
0.087919,0.054568,-0.091088
0.089351,0.055143,-0.089783
0.091110,0.054563,-0.088940
0.093000,0.054077,-0.089954
0.093863,0.055974,-0.088127
0.095786,0.055485,-0.091305
0.098508,0.054246,-0.091669
0.098395,0.054505,-0.090807
0.099065,0.053905,-0.092158
0.099570,0.054305,-0.090833
0.102711,0.054110,-0.089990
0.103075,0.055314,-0.091825
0.105519,0.055899,-0.090582
0.106541,0.055015,-0.091829
0.106977,0.055317,-0.092978
0.110572,0.054254,-0.092683
0.112273,0.055733,-0.093898
0.110782,0.053734,-0.094228
0.110415,0.052709,-0.094123
0.113739,0.053662,-0.094901
0.115432,0.055603,-0.095234
0.118164,0.054860,-0.095254
0.118059,0.055458,-0.096478
0.120054,0.052923,-0.097639
0.122132,0.055161,-0.096633
0.122696,0.056347,-0.097887
0.123875,0.054518,-0.098436
0.126047,0.053932,-0.099962
0.126829,0.054654,-0.099946
0.127216,0.054879,-0.099608
0.128534,0.054807,-0.101044
0.131113,0.054817,-0.100774
0.132139,0.055106,-0.102566
0.133345,0.054533,-0.103511
0.134516,0.053991,-0.102868
0.138228,0.055121,-0.104011
0.138162,0.055154,-0.104734
0.140970,0.053810,-0.105461
0.141113,0.052967,-0.106251
0.144034,0.054830,-0.109140
0.144400,0.055477,-0.109615
0.145920,0.053797,-0.110020
0.147981,0.056313,-0.111704
0.147301,0.054328,-0.111049
0.150662,0.055632,-0.114047
0.151487,0.055143,-0.112633
0.154739,0.054991,-0.113908
0.153024,0.055115,-0.117935
0.156057,0.056121,-0.117881
0.157717,0.055316,-0.119423
0.158578,0.054992,-0.118783
0.159262,0.055552,-0.120390
0.160283,0.054844,-0.123013
0.160503,0.053513,-0.124955
0.164999,0.055785,-0.126782
0.164411,0.056198,-0.130047
0.166392,0.055403,-0.129524
0.167151,0.054402,-0.131873
0.169408,0.055049,-0.135010
0.170091,0.055171,-0.138461
0.173353,0.056800,-0.140404
0.174060,0.055898,-0.142981
0.176433,0.055297,-0.146945
0.177923,0.056203,-0.148581
0.176596,0.056051,-0.153758
0.181664,0.057758,-0.162121
0.180637,0.057625,-0.175744
-0.040279,0.057501,-0.170775
-0.040705,0.058275,-0.161734
-0.041398,0.057944,-0.159237
-0.038526,0.058512,-0.157533
-0.036783,0.057201,-0.151394
-0.035288,0.058600,-0.148786
-0.033724,0.058428,-0.146568
-0.032323,0.059480,-0.146092
-0.031492,0.057516,-0.143593
-0.032196,0.056285,-0.141216
-0.026582,0.055918,-0.138654
-0.024959,0.058498,-0.136027
-0.026483,0.057391,-0.135293
-0.023854,0.057553,-0.134507
-0.021488,0.057629,-0.132182
-0.021638,0.056328,-0.130560
-0.020716,0.057995,-0.130581
-0.017930,0.057628,-0.128804
-0.016174,0.057958,-0.125543
-0.015666,0.056424,-0.123431
-0.014484,0.056338,-0.122663
-0.015416,0.058141,-0.121419
-0.010110,0.054305,-0.123243
-0.010422,0.058298,-0.118514
-0.009140,0.057376,-0.119430
-0.009039,0.055557,-0.118430
-0.004731,0.056365,-0.113869
-0.004745,0.056712,-0.117315
-0.002133,0.056553,-0.113700
-0.002519,0.055657,-0.111588
0.000557,0.056105,-0.113414
0.001860,0.056913,-0.111848
0.004577,0.055069,-0.109083
0.004916,0.057107,-0.108647
0.004575,0.056665,-0.108960
0.008278,0.057347,-0.107937
0.009897,0.056726,-0.108321
0.012247,0.056335,-0.108138
0.011100,0.054532,-0.106064
0.011462,0.056347,-0.106352
0.014593,0.054907,-0.105527
0.016080,0.056349,-0.103534
0.016609,0.057359,-0.102581
0.018754,0.056977,-0.103719
0.019942,0.056551,-0.101293
0.021387,0.056448,-0.099394
0.022703,0.054369,-0.099499
0.024407,0.056431,-0.098963
0.024594,0.057776,-0.100088
0.025585,0.055913,-0.100441
0.027639,0.056001,-0.097528
0.027036,0.056006,-0.097646
0.029643,0.056201,-0.096098
0.034215,0.056643,-0.096326
0.032046,0.054479,-0.097031
0.036125,0.056202,-0.096730
0.037158,0.056148,-0.094896
0.036090,0.055317,-0.096663
0.037319,0.056744,-0.092412
0.040934,0.056819,-0.093573
0.039468,0.057101,-0.094297
0.043840,0.054476,-0.093912
0.044688,0.055960,-0.094282
0.044971,0.055131,-0.092075
0.047611,0.054624,-0.091640
0.049645,0.055791,-0.092487
0.051515,0.057043,-0.091754
0.051880,0.054725,-0.090746
0.053278,0.054312,-0.093891
0.055047,0.055135,-0.092336
0.053757,0.054633,-0.090429
0.056303,0.056026,-0.090427
0.058511,0.055428,-0.090719
0.059087,0.055769,-0.091825
0.059101,0.055335,-0.090581
0.061966,0.056456,-0.088483
0.063809,0.055492,-0.089649
0.065233,0.056659,-0.088695
0.067232,0.054217,-0.088974
0.067818,0.057596,-0.090307
0.068595,0.053648,-0.088279
0.068171,0.054086,-0.089494
0.073477,0.055400,-0.088545
0.071764,0.054140,-0.090629
0.073876,0.055686,-0.088639
0.075981,0.056226,-0.089314
0.075079,0.055938,-0.088480
0.080247,0.055421,-0.088897
0.081157,0.055497,-0.089771
0.080738,0.057150,-0.091541
0.082342,0.056281,-0.089089
0.082542,0.054517,-0.089069
0.087672,0.053773,-0.089469
0.087163,0.055826,-0.089449
0.088687,0.054912,-0.088601
0.090221,0.055227,-0.089987
0.091363,0.058415,-0.090856
0.092200,0.055436,-0.091163
0.094353,0.055760,-0.089426
0.094674,0.055981,-0.091468
0.096552,0.056117,-0.090885
0.098512,0.055237,-0.090332
0.099010,0.054738,-0.092602
0.100540,0.054319,-0.091231
0.101374,0.055107,-0.093268
0.102126,0.056407,-0.092193
0.105049,0.055915,-0.091001
0.106279,0.056121,-0.091695
0.106593,0.055407,-0.093596
0.108390,0.055235,-0.092890
0.108698,0.055181,-0.094854
0.111110,0.056527,-0.093498
0.112243,0.057163,-0.096522
0.114556,0.053962,-0.094303
0.115496,0.055197,-0.096185
0.116735,0.054297,-0.096683
0.120398,0.056150,-0.096841
0.119507,0.057056,-0.094557
0.120752,0.056631,-0.097324
0.123432,0.057542,-0.095609
0.123191,0.055244,-0.099967
0.126613,0.056690,-0.099529
0.127385,0.054084,-0.101029
0.126721,0.057279,-0.100037
0.131084,0.056097,-0.100167
0.130747,0.055905,-0.102520
0.132991,0.056380,-0.101526
0.134081,0.056069,-0.103890
0.135304,0.056589,-0.102361
0.137972,0.056152,-0.105375
0.138331,0.056723,-0.105512
0.139659,0.054783,-0.106872
0.139911,0.055105,-0.108073
0.143279,0.056014,-0.108417
0.143376,0.056345,-0.108734
0.144766,0.054249,-0.109392
0.145816,0.054488,-0.109956
0.147694,0.057054,-0.111165
0.150732,0.056137,-0.113282
0.149470,0.054509,-0.113297
0.150394,0.057931,-0.116994
0.154032,0.055861,-0.116631
0.155568,0.055177,-0.117892
0.159091,0.055685,-0.118782
0.157476,0.058384,-0.120713
0.160249,0.055717,-0.121754
0.162104,0.057016,-0.122802
0.161073,0.055293,-0.125738
0.164469,0.056965,-0.127557
0.163923,0.056198,-0.129050
0.167595,0.057694,-0.130878
0.168694,0.057738,-0.132901
0.169445,0.056526,-0.136873
0.170959,0.056777,-0.136543
0.174618,0.056415,-0.140809
0.174873,0.058958,-0.141234
0.175199,0.057653,-0.144383
0.177178,0.056219,-0.148204
0.178245,0.058766,-0.153420
0.179671,0.055418,-0.157803
0.180317,0.056586,-0.166478
-0.043278,0.060161,-0.172871
-0.042945,0.059110,-0.165820
-0.040612,0.059823,-0.160427
-0.037280,0.057997,-0.156712
-0.038775,0.057830,-0.153215
-0.035534,0.058239,-0.151191
-0.035466,0.058861,-0.149021
-0.032791,0.058365,-0.145478
-0.032968,0.059309,-0.144466
-0.029710,0.058776,-0.141208
-0.028851,0.057752,-0.140031
-0.026940,0.059578,-0.140161
-0.025405,0.060535,-0.136758
-0.024650,0.058203,-0.134262
-0.022379,0.059295,-0.133253
-0.021626,0.059599,-0.131620
-0.018282,0.058183,-0.131396
-0.019410,0.059087,-0.129239
-0.015620,0.058338,-0.125839
-0.013836,0.059369,-0.124465
-0.013749,0.058015,-0.125204
-0.011655,0.056468,-0.121479
-0.010852,0.059657,-0.123109
-0.010222,0.059725,-0.119449
-0.007461,0.057178,-0.120520
-0.007351,0.057210,-0.118515
-0.005486,0.058559,-0.118452
-0.002657,0.057397,-0.114847
-0.001575,0.057257,-0.116043
-0.001545,0.058447,-0.115023
-0.000140,0.057420,-0.112534
0.000635,0.056860,-0.111762
0.003112,0.057902,-0.110823
0.005007,0.056838,-0.111035
0.004149,0.057813,-0.110333
0.007009,0.058547,-0.107243
0.007846,0.058110,-0.107889
0.012318,0.059604,-0.106762
0.012887,0.058835,-0.108781
0.013006,0.058464,-0.105854
0.014696,0.057443,-0.104102
0.016861,0.058029,-0.104569
0.016980,0.057756,-0.103631
0.016982,0.058831,-0.102370
0.019798,0.056157,-0.100585
0.020659,0.059259,-0.101688
0.023133,0.056487,-0.099845
0.025812,0.055955,-0.102130
0.025129,0.056827,-0.100383
0.027068,0.057676,-0.098900
0.028944,0.058129,-0.097777
0.029754,0.057471,-0.097449
0.030760,0.057548,-0.096210
0.033394,0.057875,-0.097214
0.032996,0.058449,-0.096199
0.035518,0.058552,-0.095384
0.036963,0.056737,-0.096501
0.037688,0.057802,-0.092412
0.040856,0.056661,-0.093998
0.040851,0.056598,-0.094527
0.041002,0.056486,-0.093391
0.041560,0.058134,-0.092110
0.043659,0.057979,-0.094815
0.046430,0.058128,-0.092914
0.047254,0.055902,-0.092137
0.048373,0.057226,-0.093344
0.048967,0.057102,-0.091967
0.050796,0.056739,-0.092320
0.053059,0.056851,-0.092999
0.053244,0.057563,-0.091562
0.053954,0.055105,-0.091610
0.056940,0.055882,-0.090641
0.057585,0.058043,-0.090412
0.060943,0.056517,-0.090431
0.061559,0.057701,-0.092168
0.062027,0.056568,-0.091287
0.062264,0.057094,-0.091741
0.065428,0.057778,-0.090341
0.065647,0.058091,-0.090262
0.066270,0.057305,-0.090516
0.070853,0.057206,-0.089423
0.070607,0.055849,-0.093827
0.072895,0.057270,-0.090094
0.073942,0.057383,-0.089138
0.073403,0.058098,-0.089484
0.076366,0.055872,-0.090118
0.078478,0.054994,-0.090715
0.079167,0.055457,-0.090221
0.081160,0.057443,-0.089508
0.081479,0.056805,-0.090971
0.081204,0.055474,-0.091075
0.083129,0.056924,-0.089281
0.084599,0.054827,-0.090594
0.088579,0.057714,-0.089874
0.088206,0.058077,-0.089036
0.090173,0.056348,-0.090514
0.088489,0.056881,-0.089955
0.092642,0.056677,-0.088917
0.094297,0.055833,-0.089920
0.094149,0.058974,-0.091573
0.097192,0.057517,-0.090144
0.098443,0.056811,-0.090642
0.101696,0.057559,-0.091938
0.099855,0.058262,-0.091769
0.100759,0.057201,-0.091033
0.104539,0.057051,-0.091578
0.105162,0.058856,-0.091378
0.105827,0.058711,-0.092187
0.107277,0.058138,-0.090365
0.107950,0.056938,-0.094094
0.110379,0.057537,-0.091671
0.112262,0.057215,-0.093999
0.114264,0.056884,-0.095235
0.115224,0.056510,-0.096668
0.116069,0.056505,-0.095154
0.118154,0.055775,-0.094391
0.118742,0.058772,-0.096954
0.121677,0.056924,-0.095259
0.123849,0.056245,-0.096974
0.122754,0.056447,-0.097102
0.123849,0.058198,-0.099980
0.125300,0.057150,-0.099747
0.126916,0.058175,-0.101797
0.128759,0.057409,-0.099561
0.130158,0.058283,-0.102929
0.128992,0.056152,-0.102355
0.132471,0.058695,-0.100067
0.135131,0.057573,-0.102713
0.135588,0.057180,-0.103334
0.135740,0.056399,-0.105839
0.138426,0.059011,-0.104303
0.140198,0.056899,-0.105363
0.141936,0.058157,-0.108494
0.142478,0.057065,-0.107013
0.141393,0.057338,-0.109183
0.146351,0.057880,-0.109764
0.146913,0.057759,-0.109391
0.148683,0.058998,-0.111692
0.149150,0.056123,-0.112367
0.151097,0.057676,-0.113020
0.151902,0.059538,-0.114590
0.153595,0.057745,-0.116579
0.155999,0.058258,-0.116298
0.157133,0.058110,-0.119773
0.158298,0.057736,-0.119647
0.159561,0.058665,-0.120653
0.162399,0.057369,-0.123189
0.160220,0.056668,-0.125616
0.164883,0.058042,-0.125813
0.164987,0.058894,-0.126588
0.167101,0.057984,-0.127964
0.168882,0.058691,-0.131516
0.170547,0.059339,-0.135868
0.170469,0.058079,-0.136138
0.173585,0.057229,-0.139636
0.173385,0.058760,-0.138650
0.176097,0.058683,-0.142057
0.176483,0.058735,-0.147460
0.178566,0.059517,-0.153296
0.179332,0.061439,-0.155181
0.181142,0.062553,-0.163180
0.186151,0.059630,-0.175439
-0.044216,0.063876,-0.172405
-0.040658,0.059704,-0.166729
-0.038133,0.062310,-0.158650
-0.038952,0.059709,-0.157916
-0.036806,0.061912,-0.152037
-0.035302,0.061542,-0.149759
-0.033708,0.060902,-0.146477
-0.033398,0.059589,-0.146277
-0.030682,0.058182,-0.144264
-0.029851,0.060633,-0.142022
-0.028057,0.060382,-0.140137
-0.027181,0.060460,-0.137772
-0.024388,0.059276,-0.137420
-0.023412,0.060080,-0.134642
-0.022802,0.060584,-0.132806
-0.022372,0.061750,-0.131453
-0.020984,0.060635,-0.128802
-0.018033,0.059894,-0.130211
-0.015932,0.060461,-0.128001
-0.015178,0.059974,-0.125853
-0.013961,0.061267,-0.125572
-0.010763,0.059709,-0.123035
-0.010394,0.060648,-0.120879
-0.009534,0.060779,-0.119906
-0.008176,0.061463,-0.118425
-0.008452,0.059361,-0.118508
-0.003788,0.059938,-0.116812
-0.003661,0.062164,-0.116795
-0.002712,0.059495,-0.114306
-0.001121,0.059390,-0.115704
0.000128,0.061055,-0.112277
0.000454,0.060074,-0.110865
0.000162,0.059235,-0.111873
0.004654,0.059215,-0.108626
0.006394,0.057393,-0.110178
0.006646,0.060072,-0.108644
0.007244,0.057906,-0.105446
0.007823,0.058893,-0.104406
0.011776,0.059141,-0.106459
0.011159,0.057477,-0.104504
0.011886,0.057412,-0.106141
0.017954,0.059167,-0.102715
0.017488,0.058085,-0.101430
0.017539,0.058980,-0.101256
0.020763,0.059042,-0.103928
0.021089,0.060141,-0.099987
0.022382,0.057283,-0.100970
0.024310,0.058782,-0.102025
0.024183,0.058635,-0.099557
0.025816,0.059942,-0.099846
0.028355,0.058486,-0.096905
0.026924,0.060743,-0.098393
0.032031,0.058752,-0.096727
0.031568,0.059719,-0.094470
0.032829,0.060215,-0.095734
0.034706,0.059988,-0.097989
0.037344,0.059061,-0.096810
0.040052,0.058951,-0.094819
0.040362,0.057460,-0.095454
0.040379,0.059992,-0.095838
0.041767,0.058540,-0.095123
0.042589,0.057780,-0.095703
0.043460,0.058861,-0.093796
0.046405,0.059646,-0.093846
0.046498,0.058567,-0.096484
0.048233,0.059121,-0.093138
0.049020,0.059355,-0.092031
0.050798,0.058583,-0.090725
0.052243,0.059631,-0.092587
0.053627,0.058457,-0.091743
0.054993,0.059660,-0.090876
0.056497,0.057694,-0.091314
0.059110,0.058496,-0.092793
0.059548,0.058779,-0.091318
0.060212,0.056847,-0.089718
0.062678,0.058393,-0.089766
0.065000,0.061682,-0.090013
0.065228,0.058221,-0.089509
0.065662,0.057345,-0.089171
0.068707,0.059840,-0.089023
0.069544,0.060234,-0.090075
0.070610,0.059040,-0.089717
0.072833,0.060216,-0.091281
0.074350,0.058371,-0.089766
0.072589,0.058537,-0.091866
0.076573,0.058073,-0.089305
0.075702,0.057180,-0.090073
0.077171,0.058687,-0.088700
0.080947,0.056432,-0.089689
0.081709,0.056121,-0.089806
0.082998,0.058994,-0.089499
0.084354,0.056813,-0.090340
0.084192,0.060296,-0.091146
0.086114,0.057942,-0.090429
0.087799,0.060465,-0.089614
0.091834,0.059878,-0.090131
0.090729,0.058634,-0.088590
0.092309,0.059014,-0.091164
0.093576,0.059889,-0.090660
0.092768,0.059252,-0.089520
0.096231,0.059570,-0.091008
0.098076,0.056585,-0.092743
0.100149,0.057651,-0.090054
0.098869,0.058415,-0.090367
0.102102,0.059620,-0.092037
0.104152,0.059429,-0.092222
0.104885,0.059017,-0.092877
0.107374,0.059901,-0.093892
0.109306,0.058126,-0.094693
0.110083,0.059054,-0.092255
0.110729,0.060160,-0.092472
0.112165,0.059220,-0.094063
0.113864,0.058287,-0.095027
0.114358,0.057856,-0.094452
0.116363,0.058635,-0.097592
0.119233,0.060023,-0.096196
0.117845,0.057974,-0.096342
0.123195,0.060008,-0.096526
0.120931,0.059544,-0.096029
0.121979,0.060222,-0.098265
0.124961,0.058854,-0.098779
0.126217,0.058925,-0.099352
0.127611,0.061465,-0.100549
0.128848,0.057870,-0.102892
0.130421,0.060784,-0.100741
0.130773,0.058212,-0.102838
0.133268,0.059976,-0.101792
0.134456,0.059048,-0.103847
0.133572,0.060443,-0.104308
0.137691,0.059548,-0.104227
0.138646,0.058454,-0.105278
0.139090,0.058960,-0.106111
0.138863,0.061585,-0.105854
0.141043,0.059154,-0.108871
0.143075,0.059628,-0.108796
0.145089,0.059413,-0.109712
0.145273,0.061721,-0.109894
0.148570,0.058486,-0.112577
0.149175,0.059037,-0.111633
0.152013,0.059533,-0.114939
0.153968,0.059629,-0.114790
0.151395,0.058734,-0.115205
0.155460,0.059562,-0.118938
0.156532,0.057791,-0.120545
0.158279,0.059885,-0.119067
0.159576,0.060161,-0.120561
0.160165,0.060752,-0.123637
0.162949,0.061017,-0.124490
0.165928,0.061463,-0.127527
0.164733,0.059219,-0.128465
0.167770,0.058268,-0.129386
0.168683,0.058912,-0.132653
0.171370,0.059424,-0.134532
0.170104,0.058598,-0.135567
0.170557,0.061580,-0.138603
0.175229,0.059604,-0.141627
0.176257,0.061028,-0.143555
0.177793,0.061272,-0.146465
0.179319,0.060524,-0.150490
0.182117,0.062334,-0.155546
0.180653,0.060819,-0.161664
0.184009,0.060594,-0.167203
-0.044754,0.063459,-0.171805
-0.041811,0.061881,-0.166130
-0.041234,0.062952,-0.159581
-0.038745,0.061172,-0.157342
-0.036275,0.062768,-0.154523
-0.034738,0.062665,-0.150371
-0.034946,0.061695,-0.148548
-0.032041,0.062085,-0.145659
-0.032178,0.061348,-0.144881
-0.029689,0.063177,-0.141617
-0.027160,0.062420,-0.141137
-0.027325,0.061305,-0.140008
-0.023332,0.061676,-0.138125
-0.022946,0.061563,-0.136829
-0.023318,0.061680,-0.135114
-0.021607,0.061818,-0.129825
-0.019268,0.062005,-0.131765
-0.016649,0.062267,-0.130013
-0.016900,0.062378,-0.126464
-0.014427,0.060428,-0.126131
-0.013538,0.062430,-0.123527
-0.010935,0.061372,-0.122254
-0.010257,0.063105,-0.122470
-0.009088,0.060215,-0.122060
-0.009886,0.060701,-0.119561
-0.006983,0.059379,-0.120540
-0.005676,0.061856,-0.118549
-0.005143,0.061418,-0.116028
-0.000703,0.060484,-0.115966
-0.003543,0.060995,-0.115121
0.000093,0.061630,-0.115017
0.002401,0.061970,-0.113278
0.004066,0.062525,-0.111045
0.005196,0.060128,-0.109742
0.006776,0.061010,-0.109370
0.007278,0.061982,-0.109557
0.005879,0.061527,-0.108218
0.010645,0.059896,-0.107132
0.010295,0.061753,-0.104889
0.013028,0.061386,-0.106079
0.012426,0.061819,-0.107423
0.014633,0.060057,-0.104827
0.017134,0.058785,-0.101335
0.018857,0.060035,-0.101680
0.022017,0.058530,-0.102554
0.021088,0.061098,-0.102345
0.021982,0.059378,-0.101614
0.024965,0.062932,-0.100852
0.025180,0.060316,-0.099447
0.027449,0.060030,-0.098291
0.029354,0.061255,-0.101745
0.028491,0.060678,-0.098744
0.030365,0.060399,-0.097955
0.034067,0.060851,-0.096348
0.034157,0.063075,-0.095769
0.035204,0.060025,-0.097665
0.035705,0.060189,-0.096283
0.038965,0.059058,-0.095832
0.037312,0.059845,-0.095802
0.040383,0.062040,-0.094894
0.042969,0.060799,-0.095089
0.042560,0.061302,-0.092948
0.044036,0.061262,-0.095171
0.046735,0.060445,-0.092649
0.046632,0.059985,-0.095264
0.049862,0.060411,-0.092533
0.051642,0.060077,-0.093633
0.053074,0.059954,-0.092487
0.049556,0.060391,-0.091778
0.053972,0.060007,-0.093531
0.055949,0.061415,-0.093309
0.055326,0.061023,-0.090867
0.057947,0.061722,-0.090757
0.058645,0.060492,-0.091047
0.061218,0.058757,-0.093406
0.061387,0.057586,-0.092295
0.064577,0.059340,-0.090183
0.065195,0.061550,-0.090103
0.066165,0.059643,-0.090619
0.069566,0.060494,-0.091455
0.069262,0.059991,-0.089742
0.071078,0.059944,-0.090984
0.071240,0.059920,-0.089348
0.073891,0.060824,-0.089807
0.075599,0.059241,-0.090515
0.076236,0.060920,-0.090422
0.077522,0.060865,-0.089141
0.079434,0.059531,-0.091179
0.080382,0.060748,-0.089996
0.080266,0.059560,-0.090496
0.083178,0.059443,-0.093329
0.084465,0.060831,-0.092082
0.083773,0.058704,-0.091147
0.087439,0.060441,-0.089542
0.089417,0.059464,-0.089598
0.088280,0.060951,-0.089807
0.092278,0.062226,-0.090980
0.091284,0.059642,-0.089495
0.092686,0.060149,-0.091636
0.096356,0.059865,-0.091012
0.096351,0.061467,-0.088125
0.100115,0.062655,-0.090834
0.099107,0.061833,-0.092104
0.099429,0.060273,-0.093525
0.102735,0.061519,-0.092413
0.105734,0.059389,-0.092500
0.104831,0.059906,-0.092967
0.107304,0.060931,-0.093977
0.107532,0.060663,-0.093377
0.107916,0.057780,-0.092658
0.110180,0.060566,-0.094381
0.110375,0.059385,-0.094250
0.113288,0.060562,-0.095485
0.115266,0.060624,-0.096507
0.115033,0.061029,-0.095264
0.116941,0.059845,-0.094789
0.119249,0.060087,-0.097296
0.119077,0.061367,-0.095823
0.122434,0.061446,-0.097959
0.122396,0.061586,-0.097887
0.125183,0.062089,-0.100133
0.126480,0.060092,-0.098557
0.128275,0.060998,-0.099897
0.128692,0.061008,-0.101317
0.129695,0.061117,-0.102042
0.129990,0.061230,-0.101698
0.133575,0.061482,-0.102666
0.133438,0.062360,-0.103193
0.135513,0.060355,-0.103211
0.136455,0.059354,-0.104415
0.139362,0.060962,-0.106356
0.138985,0.060120,-0.107419
0.141738,0.061055,-0.107079
0.141183,0.061275,-0.109127
0.144412,0.061607,-0.107961
0.145228,0.062012,-0.110561
0.146428,0.062122,-0.111941
0.147287,0.062085,-0.112460
0.151508,0.059290,-0.115095
0.152184,0.060888,-0.115728
0.152201,0.061167,-0.116110
0.152266,0.062240,-0.117665
0.154637,0.061148,-0.117613
0.155853,0.061173,-0.119428
0.157710,0.060990,-0.119358
0.160740,0.060605,-0.122730
0.160643,0.063363,-0.123149
0.163191,0.061516,-0.123916
0.162739,0.061034,-0.126276
0.165572,0.059836,-0.128211
0.167056,0.064513,-0.129740
0.167120,0.061831,-0.131717
0.168591,0.061074,-0.134776
0.171319,0.060912,-0.134882
0.172740,0.062110,-0.140369
0.172762,0.062140,-0.140752
0.174407,0.063148,-0.142184
0.178983,0.062652,-0.147005
0.179967,0.061496,-0.149083
0.179960,0.061964,-0.152061
0.180710,0.063206,-0.160716
0.183604,0.062828,-0.166221
0.185890,0.062881,-0.177011
-0.042580,0.064020,-0.167651
-0.041185,0.063780,-0.162180
-0.038380,0.062709,-0.158395
-0.037150,0.062817,-0.154029
-0.036272,0.061767,-0.152027
-0.034799,0.064569,-0.149608
-0.032960,0.064512,-0.145961
-0.031906,0.063753,-0.145888
-0.030426,0.064390,-0.142954
-0.029012,0.063705,-0.139813
-0.028071,0.064357,-0.138855
-0.025311,0.061588,-0.137704
-0.023808,0.061587,-0.136456
-0.023325,0.063119,-0.131810
-0.021375,0.061579,-0.133586
-0.019529,0.064118,-0.131226
-0.019481,0.062971,-0.129122
-0.018374,0.062479,-0.125373
-0.016357,0.063225,-0.124380
-0.013865,0.065325,-0.124155
-0.013648,0.062765,-0.123825
-0.012927,0.063798,-0.123454
-0.009909,0.063240,-0.120979
-0.009116,0.064101,-0.120144
-0.006768,0.063534,-0.117972
-0.006793,0.063051,-0.118576
-0.002156,0.064459,-0.115622
-0.002339,0.061656,-0.115185
-0.001348,0.064321,-0.115084
-0.001607,0.060793,-0.114773
0.002126,0.064027,-0.114062
0.000432,0.062566,-0.112996
0.005361,0.062023,-0.108623
0.005478,0.061754,-0.111126
0.007129,0.063962,-0.110241
0.008581,0.060234,-0.108410
0.008659,0.059615,-0.107302
0.009245,0.063797,-0.107345
0.011783,0.063658,-0.106650
0.013014,0.063510,-0.107106
0.018017,0.062947,-0.105746
0.017966,0.061883,-0.104610
0.019956,0.061452,-0.104251
0.020236,0.062611,-0.102066
0.021443,0.062384,-0.102498
0.023877,0.062410,-0.099616
0.023319,0.062440,-0.101938
0.023938,0.062456,-0.099578
0.028848,0.061943,-0.103996
0.027945,0.062095,-0.101052
0.030396,0.061473,-0.098758
0.029631,0.061555,-0.098370
0.031018,0.061301,-0.098102
0.032317,0.062819,-0.096876
0.034051,0.061067,-0.097203
0.036571,0.063255,-0.095742
0.037129,0.063551,-0.096754
0.040687,0.062849,-0.095908
0.040291,0.062889,-0.098018
0.040663,0.063615,-0.096026
0.042667,0.061852,-0.094377
0.045359,0.060594,-0.094343
0.045954,0.062694,-0.093681
0.047196,0.060801,-0.093495
0.048474,0.063359,-0.092765
0.051072,0.064228,-0.093131
0.050873,0.063155,-0.093325
0.053270,0.061522,-0.094264
0.054807,0.063026,-0.092206
0.055487,0.060945,-0.091747
0.058315,0.058424,-0.093310
0.058162,0.058851,-0.091371
0.059911,0.063135,-0.092749
0.060808,0.062775,-0.092234
0.063872,0.063941,-0.092396
0.063262,0.062259,-0.089996
0.065862,0.062559,-0.089694
0.067155,0.063117,-0.089649
0.066791,0.064237,-0.090609
0.070603,0.062488,-0.090619
0.070102,0.061559,-0.090352
0.071657,0.060229,-0.089045
0.075178,0.062276,-0.088626
0.073316,0.063748,-0.090744
0.076744,0.063117,-0.090969
0.076844,0.061250,-0.088430
0.077785,0.062177,-0.090926
0.082575,0.061558,-0.088474
0.083689,0.064697,-0.088243
0.083292,0.060890,-0.091367
0.084364,0.060777,-0.090057
0.086766,0.060355,-0.091507
0.086458,0.061762,-0.091266
0.087153,0.061942,-0.091845
0.091111,0.062387,-0.089816
0.091138,0.061128,-0.089558
0.092302,0.063301,-0.090376
0.092951,0.062537,-0.091328
0.096309,0.062820,-0.090477
0.097893,0.063359,-0.089772
0.096988,0.061664,-0.091526
0.098677,0.061419,-0.091044
0.100971,0.062426,-0.091052
0.102661,0.061727,-0.090090
0.103702,0.064567,-0.092283
0.106667,0.062003,-0.090082
0.104352,0.062382,-0.091669
0.107069,0.061014,-0.091472
0.109295,0.062341,-0.092260
0.109914,0.063348,-0.093751
0.112410,0.062031,-0.093460
0.114671,0.061993,-0.094678
0.115143,0.061896,-0.095186
0.115335,0.063368,-0.093253
0.116461,0.062539,-0.094745
0.119606,0.061945,-0.096170
0.121018,0.062616,-0.096896
0.121958,0.063146,-0.098141
0.124070,0.061986,-0.099183
0.124420,0.061576,-0.097430
0.126367,0.062601,-0.099918
0.126793,0.061053,-0.098465
0.127865,0.062544,-0.100024
0.129331,0.061485,-0.100879
0.131729,0.061853,-0.100909
0.130638,0.063634,-0.102929
0.134138,0.063622,-0.106973
0.135271,0.063965,-0.104229
0.137587,0.060966,-0.104943
0.136601,0.064313,-0.105007
0.138718,0.061774,-0.106246
0.140538,0.062833,-0.107780
0.142659,0.060415,-0.107749
0.145567,0.063909,-0.108688
0.146456,0.062575,-0.108413
0.146338,0.062886,-0.110498
0.145239,0.064159,-0.113558
0.150292,0.064780,-0.112682
0.151224,0.062709,-0.115661
0.151515,0.063399,-0.116825
0.153486,0.064993,-0.117097
0.156545,0.063588,-0.116604
0.155406,0.063128,-0.119407
0.159505,0.063568,-0.121273
0.160175,0.062577,-0.121742
0.162243,0.061605,-0.121153
0.163267,0.063769,-0.124179
0.163837,0.063001,-0.127421
0.165411,0.059630,-0.128277
0.167778,0.063940,-0.129462
0.168067,0.064420,-0.130485
0.168719,0.063117,-0.132850
0.171357,0.062142,-0.134152
0.170960,0.062370,-0.137503
0.174040,0.064710,-0.139643
0.176248,0.062952,-0.141459
0.177988,0.062875,-0.145047
0.178060,0.065051,-0.149158
0.180679,0.062592,-0.153504
0.180811,0.062223,-0.157113
0.182949,0.064315,-0.160780
0.186051,0.063044,-0.169636
-0.040971,0.065574,-0.168491
-0.040950,0.066000,-0.162934
-0.038041,0.063977,-0.160655
-0.038368,0.066282,-0.158096
-0.034849,0.065708,-0.152709
-0.034379,0.064892,-0.149655
-0.031910,0.064343,-0.148783
-0.030303,0.065130,-0.145118
-0.029406,0.064077,-0.143876
-0.028197,0.063715,-0.142774
-0.024760,0.064983,-0.142264
-0.024072,0.064716,-0.137422
-0.024094,0.065679,-0.135699
-0.023030,0.065993,-0.136339
-0.020420,0.063988,-0.133286
-0.019955,0.065840,-0.131230
-0.018671,0.064480,-0.129679
-0.014727,0.065334,-0.129100
-0.015669,0.064320,-0.125127
-0.013819,0.064964,-0.125553
-0.012491,0.064059,-0.124733
-0.011046,0.065702,-0.124550
-0.010241,0.064176,-0.122380
-0.008957,0.064081,-0.119618
-0.007446,0.063223,-0.119471
-0.005625,0.064882,-0.118183
-0.006232,0.065651,-0.117194
-0.002217,0.064254,-0.114877
-0.000723,0.064956,-0.115872
-0.000818,0.064918,-0.113799
0.001470,0.064244,-0.110937
0.003140,0.066062,-0.113334
0.005686,0.065294,-0.112836
0.005359,0.065068,-0.112114
0.006733,0.063180,-0.110824
0.007617,0.064248,-0.108601
0.008869,0.064358,-0.107621
0.012202,0.065116,-0.108169
0.012521,0.062864,-0.105413
0.013918,0.063500,-0.107039
0.016903,0.063783,-0.103551
0.016353,0.064895,-0.105756
0.018816,0.065872,-0.104723
0.018639,0.063805,-0.104573
0.020961,0.062707,-0.102591
0.022570,0.063181,-0.101701
0.024593,0.063610,-0.100643
0.027036,0.064805,-0.100699
0.026898,0.064737,-0.100003
0.028705,0.065782,-0.100664
0.029586,0.063548,-0.100652
0.030805,0.063051,-0.098676
0.031949,0.064490,-0.099534
0.033082,0.064645,-0.096883
0.035985,0.062813,-0.097322
0.036944,0.061834,-0.097884
0.037515,0.064853,-0.096512
0.039030,0.062733,-0.096980
0.039462,0.063343,-0.095926
0.043068,0.063161,-0.095022
0.043707,0.063993,-0.093494
0.044434,0.065230,-0.094748
0.044735,0.062537,-0.092829
0.048191,0.063001,-0.093995
0.048991,0.063185,-0.096326
0.051087,0.063294,-0.095537
0.050850,0.062573,-0.094603
0.052218,0.064519,-0.092768
0.052280,0.064502,-0.092904
0.056015,0.063919,-0.093963
0.057819,0.064195,-0.090665
0.060080,0.065667,-0.093856
0.059960,0.064344,-0.091510
0.060584,0.062354,-0.093308
0.060714,0.061081,-0.090412
0.063769,0.062886,-0.090658
0.064550,0.063033,-0.090740
0.066466,0.064383,-0.089729
0.069552,0.061493,-0.091492
0.068647,0.063638,-0.090290
0.069568,0.062607,-0.092244
0.071377,0.062484,-0.091278
0.074644,0.064937,-0.088585
0.075293,0.062582,-0.091966
0.076220,0.064298,-0.089414
0.076282,0.063020,-0.089327
0.078956,0.064469,-0.090952
0.079588,0.065483,-0.090049
0.083334,0.063440,-0.091714
0.083186,0.063943,-0.092695
0.083157,0.064064,-0.090345
0.085421,0.060856,-0.091025
0.089126,0.064740,-0.093653
0.087827,0.065102,-0.091496
0.090174,0.064108,-0.089224
0.090744,0.062635,-0.091771
0.093170,0.064842,-0.090662
0.094643,0.064784,-0.091896
0.096652,0.064087,-0.092456
0.097836,0.063316,-0.090852
0.097026,0.061656,-0.092365
0.099212,0.062802,-0.092184
0.101490,0.063681,-0.092704
0.101125,0.064643,-0.091607
0.103837,0.064921,-0.091822
0.105455,0.062864,-0.092860
0.106431,0.064732,-0.093540
0.109182,0.062812,-0.092092
0.108490,0.064836,-0.096265
0.111336,0.063622,-0.094185
0.111444,0.064385,-0.093255
0.113734,0.063134,-0.094322
0.114883,0.062882,-0.096032
0.115692,0.062890,-0.094223
0.115610,0.062967,-0.096695
0.119506,0.065190,-0.096688
0.119773,0.064974,-0.096805
0.121607,0.062734,-0.097621
0.122518,0.064956,-0.098368
0.123356,0.064416,-0.099001
0.128231,0.064777,-0.099527
0.128108,0.063972,-0.098730
0.126929,0.063733,-0.100949
0.132112,0.064759,-0.100574
0.131490,0.064325,-0.101659
0.132446,0.063898,-0.103004
0.132276,0.062786,-0.102666
0.137669,0.064624,-0.104798
0.137307,0.064555,-0.105982
0.138982,0.064583,-0.106655
0.138909,0.062671,-0.107129
0.142404,0.063827,-0.107403
0.141949,0.064787,-0.109353
0.144165,0.062007,-0.108944
0.146515,0.065388,-0.112334
0.148822,0.064499,-0.112103
0.148863,0.064226,-0.111834
0.149613,0.065178,-0.113741
0.149727,0.062783,-0.112740
0.151665,0.063768,-0.117306
0.152232,0.064749,-0.116056
0.155388,0.065014,-0.117941
0.157081,0.065317,-0.121884
0.158257,0.064324,-0.119966
0.159279,0.064312,-0.123922
0.160059,0.064990,-0.123165
0.161762,0.065081,-0.124383
0.164492,0.063783,-0.125124
0.164613,0.062828,-0.127883
0.168516,0.063565,-0.130509
0.169746,0.063933,-0.132527
0.169703,0.066084,-0.133400
0.170155,0.064159,-0.134681
0.172946,0.063088,-0.136567
0.171893,0.063836,-0.139104
0.175771,0.065242,-0.141578
0.175572,0.065762,-0.144368
0.176831,0.064259,-0.146292
0.180055,0.063842,-0.151921
0.181706,0.063838,-0.155205
0.182251,0.065887,-0.160236
0.184367,0.065823,-0.166737
0.185720,0.064016,-0.176620
-0.041330,0.068171,-0.169472
-0.041087,0.065811,-0.163610
-0.036661,0.066146,-0.160018
-0.036615,0.067339,-0.156751
-0.036606,0.067544,-0.153554
-0.035387,0.067107,-0.152266
-0.033033,0.066877,-0.147848
-0.033175,0.066720,-0.146061
-0.030483,0.065074,-0.143022
-0.027256,0.065657,-0.141762
-0.027354,0.064643,-0.142594
-0.024670,0.064472,-0.138435
-0.021786,0.066318,-0.135594
-0.022000,0.066710,-0.133087
-0.021055,0.066304,-0.134595
-0.020514,0.066468,-0.131463
-0.016818,0.066342,-0.132345
-0.017524,0.066173,-0.128196
-0.014322,0.065165,-0.127106
-0.013710,0.065489,-0.124555
-0.011728,0.066083,-0.123785
-0.011743,0.065994,-0.122985
-0.010015,0.064969,-0.121271
-0.008932,0.065914,-0.122002
-0.005733,0.065464,-0.119621
-0.004156,0.066354,-0.118859
-0.004981,0.066395,-0.116798
-0.003949,0.064668,-0.116677
-0.000203,0.065259,-0.117782
-0.001151,0.066374,-0.112494
0.001470,0.067220,-0.114445
0.003138,0.065075,-0.113146
0.005603,0.065735,-0.113322
0.005051,0.066945,-0.111118
0.006193,0.065523,-0.110977
0.008131,0.064360,-0.107852
0.011592,0.066877,-0.109200
0.011382,0.067448,-0.109508
0.013514,0.064666,-0.108104
0.014910,0.065833,-0.106837
0.014034,0.065223,-0.105328
0.017284,0.064096,-0.103733
0.017184,0.066880,-0.103375
0.019134,0.065845,-0.103686
0.019687,0.066579,-0.102291
0.023089,0.064848,-0.103253
0.023405,0.064623,-0.102162
0.024304,0.065763,-0.101636
0.024091,0.065161,-0.101215
0.028967,0.069581,-0.099334
0.028804,0.065986,-0.099021
0.029394,0.064938,-0.097989
0.031109,0.066052,-0.097611
0.032078,0.065930,-0.099223
0.035394,0.066935,-0.097706
0.035017,0.065970,-0.098007
0.037502,0.064035,-0.096619
0.039577,0.064915,-0.097840
0.038891,0.064420,-0.095868
0.041438,0.064905,-0.095890
0.042454,0.065014,-0.095178
0.045813,0.065312,-0.096911
0.045771,0.064212,-0.093761
0.049332,0.065090,-0.096455
0.047950,0.063463,-0.092911
0.051912,0.065831,-0.093042
0.051192,0.064298,-0.092716
0.053727,0.063794,-0.091926
0.054350,0.065288,-0.092663
0.053932,0.065166,-0.094095
0.057583,0.066812,-0.093268
0.058980,0.064417,-0.092984
0.060219,0.065482,-0.091092
0.059924,0.065134,-0.091225
0.062884,0.065117,-0.090909
0.064903,0.064667,-0.092153
0.067217,0.065753,-0.092775
0.066140,0.064416,-0.092240
0.067215,0.063585,-0.090386
0.068459,0.064529,-0.091128
0.070293,0.065519,-0.090117
0.071268,0.066886,-0.092058
0.073692,0.064486,-0.091409
0.073701,0.064889,-0.090031
0.076627,0.065435,-0.093255
0.078157,0.063892,-0.090981
0.078568,0.065226,-0.090981
0.080967,0.066319,-0.090566
0.083105,0.064461,-0.091482
0.082206,0.063233,-0.092088
0.083159,0.064232,-0.089536
0.086392,0.064400,-0.089891
0.087494,0.063966,-0.089814
0.088220,0.065654,-0.091130
0.091129,0.066346,-0.090087
0.091294,0.064825,-0.091176
0.092316,0.065643,-0.089133
0.093174,0.067877,-0.091728
0.097020,0.064027,-0.092043
0.097399,0.066005,-0.091747
0.098684,0.067464,-0.091429
0.098680,0.064101,-0.092244
0.101030,0.066013,-0.093262
0.100573,0.064666,-0.091330
0.102511,0.064997,-0.091362
0.105572,0.066258,-0.091300
0.107075,0.065642,-0.091437
0.106712,0.065993,-0.091710
0.109565,0.065259,-0.092897
0.110738,0.065562,-0.093276
0.110620,0.065296,-0.094984
0.112894,0.065618,-0.093986
0.115501,0.066512,-0.095090
0.114832,0.065133,-0.096201
0.118018,0.067410,-0.097547
0.118648,0.065170,-0.096527
0.121002,0.064835,-0.097362
0.121574,0.065685,-0.098288
0.122414,0.065131,-0.098540
0.124121,0.067752,-0.098078
0.125427,0.064587,-0.098344
0.127735,0.065871,-0.100012
0.127541,0.064697,-0.100903
0.131164,0.064803,-0.101366
0.130401,0.064396,-0.103319
0.134822,0.065866,-0.104451
0.135223,0.065943,-0.102722
0.135820,0.065169,-0.103002
0.137252,0.065243,-0.104658
0.137756,0.064851,-0.107796
0.138478,0.065204,-0.107255
0.140070,0.067324,-0.107620
0.141884,0.064986,-0.107635
0.144368,0.066474,-0.108207
0.145355,0.065431,-0.109628
0.146045,0.065968,-0.111660
0.149500,0.067838,-0.111400
0.149145,0.064997,-0.113610
0.152047,0.065213,-0.115447
0.153552,0.065691,-0.115474
0.153627,0.065257,-0.117194
0.154505,0.065189,-0.115612
0.155327,0.063479,-0.119280
0.158352,0.064684,-0.118783
0.158933,0.065613,-0.122135
0.160455,0.067919,-0.122683
0.162812,0.065871,-0.125231
0.162550,0.065581,-0.125831
0.165353,0.066429,-0.127227
0.166125,0.067444,-0.130646
0.168117,0.067169,-0.129595
0.168256,0.065805,-0.133128
0.170642,0.065936,-0.136433
0.171608,0.067742,-0.137882
0.173731,0.067692,-0.138679
0.175406,0.066289,-0.142019
0.177037,0.065888,-0.143538
0.180304,0.067167,-0.145167
0.179831,0.067477,-0.151686
0.182048,0.066040,-0.154251
0.183798,0.068204,-0.158663
0.183976,0.067759,-0.165384
0.188816,0.068127,-0.170024
-0.040039,0.070254,-0.172622
-0.039290,0.069005,-0.164161
-0.039218,0.067409,-0.160365
-0.036296,0.069527,-0.156048
-0.035969,0.069002,-0.155825
-0.034777,0.068779,-0.151608
-0.031803,0.068251,-0.150260
-0.031281,0.069278,-0.146088
-0.030001,0.069209,-0.145768
-0.026455,0.066911,-0.143145
-0.027648,0.068756,-0.141301
-0.025408,0.067746,-0.138381
-0.024311,0.069645,-0.138401
-0.021907,0.068922,-0.134570
-0.021052,0.068667,-0.132868
-0.020558,0.066379,-0.131519
-0.019659,0.067487,-0.130483
-0.016392,0.066433,-0.128794
-0.015369,0.069285,-0.127403
-0.013164,0.068160,-0.126045
-0.014043,0.069264,-0.123348
-0.012167,0.068486,-0.124285
-0.008513,0.067367,-0.121530
-0.009531,0.066952,-0.121575
-0.006927,0.066052,-0.119687
-0.007143,0.067556,-0.117847
-0.005326,0.068062,-0.116507
-0.002721,0.068515,-0.115793
-0.001480,0.069170,-0.115299
-0.000021,0.067940,-0.112619
0.002436,0.068701,-0.114674
0.004387,0.067184,-0.112609
0.005221,0.067230,-0.111571
0.006363,0.067446,-0.109886
0.008399,0.066069,-0.111423
0.009434,0.065288,-0.109198
0.008444,0.067305,-0.109798
0.012083,0.068544,-0.107980
0.012746,0.065716,-0.106215
0.012507,0.068709,-0.108637
0.014561,0.066948,-0.106801
0.016324,0.067130,-0.104567
0.017813,0.067644,-0.105491
0.019591,0.067131,-0.102575
0.020398,0.067104,-0.104449
0.025759,0.068564,-0.104150
0.023657,0.069255,-0.101736
0.027313,0.065596,-0.099821
0.026032,0.068179,-0.101946
0.031671,0.066601,-0.100618
0.028588,0.065783,-0.100271
0.031783,0.066499,-0.097029
0.032085,0.067231,-0.099027
0.033697,0.067762,-0.100703
0.036434,0.066106,-0.097156
0.033942,0.065620,-0.095406
0.038542,0.065829,-0.098008
0.040145,0.067706,-0.096233
0.040398,0.064865,-0.096996
0.041717,0.066647,-0.096782
0.043845,0.066287,-0.094877
0.043927,0.065931,-0.097130
0.046228,0.067037,-0.095581
0.048214,0.065706,-0.095828
0.047947,0.066906,-0.095498
0.050028,0.066570,-0.093256
0.051268,0.065863,-0.094600
0.052601,0.067500,-0.093277
0.053135,0.066577,-0.093497
0.055804,0.066100,-0.093587
0.056160,0.066820,-0.095057
0.058206,0.067751,-0.092885
0.060680,0.067729,-0.093661
0.060702,0.067479,-0.092930
0.062940,0.068320,-0.092861
0.064001,0.066507,-0.091629
0.065319,0.068185,-0.090861
0.067091,0.068074,-0.093575
0.067651,0.065736,-0.091032
0.069934,0.066366,-0.092603
0.070424,0.068178,-0.090619
0.071973,0.067255,-0.089492
0.072374,0.066988,-0.091569
0.075202,0.065957,-0.092048
0.076616,0.066628,-0.089740
0.078559,0.067086,-0.089781
0.080461,0.067703,-0.089775
0.078838,0.065746,-0.091543
0.081066,0.067595,-0.091906
0.082526,0.065808,-0.091098
0.084177,0.066385,-0.089714
0.084336,0.065036,-0.091679
0.088480,0.065463,-0.091893
0.089329,0.066597,-0.092920
0.091119,0.066315,-0.089335
0.090740,0.067777,-0.090977
0.092236,0.067567,-0.091047
0.092488,0.066829,-0.091670
0.096359,0.067119,-0.091138
0.096180,0.067797,-0.091216
0.097502,0.067618,-0.091481
0.099861,0.067374,-0.091602
0.101094,0.068439,-0.090979
0.102749,0.064258,-0.093230
0.105887,0.066833,-0.093034
0.104964,0.067523,-0.093252
0.108139,0.066899,-0.091255
0.107236,0.064944,-0.092891
0.107788,0.067127,-0.092405
0.109158,0.066602,-0.093774
0.112080,0.067653,-0.092919
0.113859,0.067345,-0.093872
0.116272,0.065740,-0.094012
0.116224,0.065306,-0.095313
0.116000,0.066381,-0.095754
0.118982,0.067684,-0.097722
0.120363,0.066594,-0.097148
0.120739,0.067066,-0.096822
0.122605,0.066917,-0.097748
0.124437,0.065139,-0.099012
0.126970,0.067272,-0.098307
0.127475,0.067223,-0.100761
0.128301,0.067187,-0.100735
0.130627,0.066846,-0.100678
0.131520,0.066253,-0.101630
0.130726,0.066826,-0.103042
0.133690,0.067769,-0.103425
0.133245,0.067082,-0.104474
0.137062,0.065995,-0.104474
0.136678,0.066573,-0.107909
0.140312,0.067511,-0.107540
0.140393,0.066557,-0.108294
0.141850,0.067329,-0.109111
0.145233,0.066792,-0.108671
0.145560,0.065458,-0.108191
0.145739,0.068279,-0.109928
0.146670,0.068051,-0.112863
0.149003,0.065052,-0.114038
0.149216,0.068039,-0.116432
0.153817,0.069148,-0.114868
0.152136,0.068729,-0.117209
0.156337,0.068600,-0.117657
0.154365,0.066903,-0.117702
0.159070,0.066077,-0.121365
0.161169,0.068387,-0.122738
0.162136,0.068503,-0.121853
0.160941,0.069074,-0.125074
0.164268,0.066580,-0.125573
0.166031,0.067652,-0.126459
0.165081,0.068532,-0.127816
0.168040,0.066618,-0.132996
0.168367,0.068095,-0.131615
0.172469,0.067438,-0.132574
0.170540,0.068181,-0.135137
0.174811,0.067192,-0.138371
0.175053,0.068737,-0.140552
0.179535,0.068048,-0.142941
0.177469,0.068658,-0.143360
0.179412,0.068391,-0.150499
0.181579,0.069336,-0.153471
0.182016,0.069492,-0.155177
0.183830,0.067848,-0.162047
0.186791,0.068702,-0.165112
0.187285,0.068352,-0.179044
-0.041853,0.071186,-0.171929
-0.040272,0.070505,-0.166848
-0.039197,0.070547,-0.162231
-0.037351,0.069818,-0.159010
-0.034758,0.072111,-0.155511
-0.033870,0.069948,-0.152106
-0.033240,0.067968,-0.151032
-0.031119,0.070721,-0.148243
-0.031828,0.069930,-0.144921
-0.026842,0.070086,-0.144552
-0.028294,0.070137,-0.141501
-0.024729,0.068088,-0.140504
-0.023760,0.069933,-0.137788
-0.023192,0.069095,-0.137874
-0.022310,0.069472,-0.135335
-0.017420,0.069925,-0.135968
-0.016120,0.068412,-0.131144
-0.016201,0.068757,-0.130098
-0.016241,0.071666,-0.126093
-0.014656,0.069461,-0.126712
-0.013780,0.069804,-0.124825
-0.010167,0.071080,-0.124630
-0.009685,0.069800,-0.122281
-0.008474,0.069741,-0.122008
-0.009020,0.071124,-0.120336
-0.004568,0.070046,-0.118859
-0.002417,0.068036,-0.117584
-0.001933,0.067265,-0.115477
-0.000749,0.070797,-0.115070
-0.001615,0.068026,-0.114198
0.001034,0.069517,-0.114374
0.002241,0.069347,-0.111797
0.005447,0.068422,-0.112287
0.006062,0.070043,-0.111056
0.006833,0.069207,-0.110729
0.007753,0.069413,-0.109727
0.009869,0.069680,-0.108683
0.011571,0.068112,-0.108300
0.013049,0.067294,-0.109105
0.014144,0.069473,-0.106977
0.014837,0.068595,-0.106731
0.018183,0.068668,-0.104496
0.018423,0.071191,-0.106078
0.017898,0.067976,-0.104333
0.021159,0.067090,-0.101915
0.021569,0.068412,-0.102135
0.023760,0.068667,-0.103040
0.025455,0.067844,-0.101676
0.026197,0.068140,-0.101841
0.029319,0.067532,-0.100711
0.029442,0.069102,-0.099269
0.031437,0.070890,-0.098874
0.033763,0.067881,-0.100253
0.031381,0.069231,-0.100929
0.035236,0.069491,-0.099060
0.037083,0.070191,-0.096902
0.037617,0.068028,-0.098198
0.039676,0.070656,-0.097842
0.041052,0.067240,-0.095957
0.042590,0.067277,-0.096978
0.042679,0.067840,-0.097076
0.046003,0.068460,-0.096048
0.043952,0.070669,-0.094615
0.048009,0.067517,-0.095317
0.047394,0.067321,-0.094371
0.050965,0.069631,-0.096462
0.051422,0.067991,-0.095668
0.052967,0.069085,-0.094010
0.054757,0.068738,-0.094937
0.057197,0.068442,-0.093744
0.058041,0.068970,-0.093163
0.059059,0.068877,-0.095435
0.058522,0.068585,-0.091788
0.062734,0.067995,-0.094017
0.062272,0.069331,-0.094023
0.062597,0.067894,-0.094465
0.064300,0.069445,-0.093271
0.067085,0.067692,-0.091333
0.066609,0.067759,-0.091911
0.069460,0.069738,-0.092252
0.070547,0.067681,-0.091508
0.069526,0.068863,-0.091176
0.073563,0.069696,-0.092907
0.072887,0.066768,-0.089003
0.076240,0.069619,-0.092323
0.077615,0.068104,-0.092077
0.080567,0.066667,-0.090178
0.081104,0.068052,-0.092242
0.081967,0.067429,-0.091054
0.082452,0.068728,-0.091954
0.083630,0.067828,-0.093191
0.084623,0.068652,-0.092440
0.087148,0.066803,-0.091625
0.087664,0.070342,-0.091583
0.091353,0.068787,-0.089733
0.091114,0.069569,-0.091640
0.092440,0.068504,-0.090902
0.094636,0.068484,-0.091991
0.094724,0.069754,-0.089198
0.095574,0.069820,-0.089940
0.096308,0.068631,-0.092978
0.099542,0.069387,-0.089082
0.099870,0.067968,-0.091719
0.101877,0.068695,-0.090709
0.103657,0.071309,-0.093438
0.105735,0.069025,-0.091730
0.106990,0.068739,-0.094344
0.108965,0.069137,-0.091736
0.107601,0.070370,-0.093317
0.111877,0.067129,-0.092749
0.111624,0.067829,-0.095323
0.112098,0.069007,-0.093704
0.114086,0.068255,-0.095987
0.116051,0.069104,-0.096218
0.118107,0.068751,-0.096299
0.118721,0.068109,-0.096561
0.120446,0.067666,-0.098501
0.121229,0.068867,-0.094964
0.123494,0.068833,-0.097347
0.123916,0.069338,-0.098719
0.126774,0.068718,-0.100665
0.127017,0.069420,-0.100667
0.129071,0.068398,-0.100246
0.130746,0.066344,-0.099370
0.129544,0.069064,-0.101282
0.132798,0.068509,-0.103587
0.133788,0.068369,-0.100874
0.135327,0.068977,-0.103992
0.137104,0.069471,-0.103979
0.137747,0.068594,-0.104790
0.140639,0.069292,-0.105373
0.139072,0.069898,-0.107881
0.143324,0.067640,-0.108295
0.143007,0.069612,-0.107763
0.144900,0.068737,-0.109930
0.148380,0.068208,-0.113459
0.147658,0.069782,-0.112089
0.151050,0.070317,-0.115380
0.152760,0.068890,-0.112999
0.152744,0.068991,-0.116014
0.154040,0.068955,-0.119201
0.155130,0.067004,-0.120087
0.156731,0.068521,-0.119604
0.157360,0.069956,-0.120821
0.157832,0.070038,-0.120652
0.161472,0.070904,-0.123157
0.162354,0.068165,-0.123249
0.162980,0.069801,-0.125697
0.165122,0.069849,-0.127523
0.166462,0.068637,-0.127544
0.168978,0.068654,-0.131283
0.170526,0.068623,-0.134399
0.170937,0.068841,-0.134936
0.173662,0.072183,-0.134491
0.171744,0.070613,-0.138929
0.173664,0.069279,-0.140333
0.177749,0.070110,-0.141568
0.178380,0.069399,-0.144755
0.179894,0.072544,-0.147778
0.181865,0.070492,-0.151786
0.184007,0.071346,-0.154341
0.183429,0.071694,-0.159322
0.188021,0.071557,-0.166378
0.186615,0.071627,-0.173997
-0.042568,0.073321,-0.173472
-0.040169,0.072272,-0.168857
-0.039697,0.073758,-0.162174
-0.037115,0.073163,-0.158059
-0.036174,0.073127,-0.156234
-0.033554,0.072205,-0.153781
-0.031612,0.072488,-0.149976
-0.031405,0.072521,-0.149261
-0.030148,0.071774,-0.146177
-0.029615,0.071472,-0.143102
-0.027115,0.071014,-0.143410
-0.024647,0.071439,-0.140788
-0.022831,0.071902,-0.139438
-0.021035,0.069410,-0.137974
-0.023045,0.072202,-0.134701
-0.022015,0.070695,-0.132827
-0.018964,0.071462,-0.133626
-0.015021,0.072291,-0.128999
-0.016214,0.070049,-0.128685
-0.014673,0.072558,-0.127437
-0.011836,0.071484,-0.126401
-0.012318,0.071730,-0.124748
-0.007563,0.070336,-0.123271
-0.007063,0.071334,-0.122130
-0.005995,0.071900,-0.120512
-0.005373,0.069594,-0.117600
-0.004484,0.071926,-0.118588
-0.003508,0.069880,-0.117831
-0.000333,0.069342,-0.115776
0.001338,0.071149,-0.116548
0.002142,0.072438,-0.113461
0.003363,0.070233,-0.116072
0.004738,0.070039,-0.114044
0.005470,0.071074,-0.112253
0.007222,0.072473,-0.111574
0.008651,0.069745,-0.109559
0.009785,0.070053,-0.109928
0.009149,0.072090,-0.107291
0.012115,0.071748,-0.108095
0.014053,0.070835,-0.108380
0.014404,0.072225,-0.106122
0.017460,0.071335,-0.104215
0.016793,0.071497,-0.105179
0.018456,0.070340,-0.104365
0.020764,0.068480,-0.103413
0.022182,0.070524,-0.102192
0.023628,0.071485,-0.103927
0.025763,0.071228,-0.102128
0.027913,0.071277,-0.102677
0.028134,0.070750,-0.100877
0.029665,0.070147,-0.100063
0.032112,0.070633,-0.100248
0.032426,0.069628,-0.100513
0.033266,0.069382,-0.099360
0.035146,0.069119,-0.097510
0.036976,0.071073,-0.099871
0.038460,0.070670,-0.098392
0.038670,0.070504,-0.099146
0.041528,0.071311,-0.097732
0.040102,0.069363,-0.098422
0.043851,0.070663,-0.096881
0.043655,0.069264,-0.094601
0.045314,0.069454,-0.094880
0.047294,0.071179,-0.097082
0.048225,0.069544,-0.095130
0.050412,0.072817,-0.094701
0.052140,0.071373,-0.094813
0.052776,0.069714,-0.095016
0.053177,0.070434,-0.093540
0.055509,0.068936,-0.093617
0.055504,0.069375,-0.092727
0.057157,0.071145,-0.093167
0.060432,0.070953,-0.093889
0.060038,0.070048,-0.092196
0.062730,0.069772,-0.092091
0.065685,0.070597,-0.094094
0.065211,0.069212,-0.092058
0.065880,0.069697,-0.093309
0.069391,0.071127,-0.092636
0.069763,0.067616,-0.090185
0.070698,0.071138,-0.091570
0.072568,0.071875,-0.092332
0.071822,0.070043,-0.090998
0.074762,0.070038,-0.090366
0.078372,0.069846,-0.091860
0.076278,0.067947,-0.092865
0.078014,0.069608,-0.090350
0.079155,0.069865,-0.091159
0.080479,0.070602,-0.091809
0.081950,0.069598,-0.091477
0.084631,0.068734,-0.090192
0.084761,0.070229,-0.091326
0.088258,0.070347,-0.089254
0.087774,0.070687,-0.091971
0.089519,0.070609,-0.091159
0.091470,0.069676,-0.090143
0.093025,0.070345,-0.092478
0.094667,0.069719,-0.091701
0.094173,0.069821,-0.090383
0.097056,0.070252,-0.090920
0.097437,0.070481,-0.092270
0.100061,0.069059,-0.091862
0.100473,0.069863,-0.091538
0.102665,0.071719,-0.092003
0.103800,0.071166,-0.091753
0.104636,0.069928,-0.091518
0.105077,0.070234,-0.091634
0.106765,0.069214,-0.092860
0.109925,0.069838,-0.094302
0.111352,0.069358,-0.093783
0.113149,0.071619,-0.092798
0.112635,0.070686,-0.094458
0.114031,0.070307,-0.094732
0.115392,0.071019,-0.095154
0.117790,0.071545,-0.096369
0.119064,0.069616,-0.095449
0.120431,0.070223,-0.098316
0.119623,0.069339,-0.097138
0.120362,0.069703,-0.098156
0.122708,0.073053,-0.099613
0.126729,0.071312,-0.098345
0.128178,0.069300,-0.100711
0.126369,0.070354,-0.100195
0.129479,0.069976,-0.101611
0.131484,0.070918,-0.101818
0.134247,0.070626,-0.100835
0.134369,0.070193,-0.104403
0.134425,0.071492,-0.104336
0.135912,0.070677,-0.104503
0.137175,0.071411,-0.106436
0.140456,0.070121,-0.106054
0.141742,0.068944,-0.107285
0.143662,0.070311,-0.108860
0.141884,0.071342,-0.110585
0.144083,0.068543,-0.109616
0.145805,0.069975,-0.109776
0.148744,0.070364,-0.113245
0.151172,0.069972,-0.113401
0.153320,0.071974,-0.113694
0.153428,0.068529,-0.114827
0.153704,0.071330,-0.117683
0.155794,0.070717,-0.118598
0.156849,0.071796,-0.119238
0.158822,0.072286,-0.121986
0.159329,0.069888,-0.121936
0.162532,0.071389,-0.123184
0.162572,0.070320,-0.123517
0.162094,0.072213,-0.123963
0.165589,0.070050,-0.127678
0.167510,0.069829,-0.128328
0.166675,0.070362,-0.129776
0.170082,0.071821,-0.130852
0.171068,0.070781,-0.133872
0.173950,0.071197,-0.136189
0.174088,0.071109,-0.136799
0.174997,0.073122,-0.141394
0.176951,0.071139,-0.140791
0.178108,0.070617,-0.145470
0.182061,0.072057,-0.148366
0.181131,0.071688,-0.150759
0.182469,0.072821,-0.151928
0.185088,0.072204,-0.156989
0.187061,0.072534,-0.165171
0.188156,0.072783,-0.168026
0.191911,0.074175,-0.178710
-0.042430,0.072432,-0.175024
-0.040955,0.074641,-0.168476
-0.038913,0.073883,-0.163306
-0.039294,0.074989,-0.158280
-0.033852,0.072771,-0.155972
-0.035156,0.073575,-0.154780
-0.033889,0.074074,-0.151366
-0.032935,0.072373,-0.149487
-0.030360,0.074070,-0.145336
-0.028435,0.074664,-0.144859
-0.026562,0.074278,-0.143601
-0.025050,0.073725,-0.140269
-0.023487,0.073336,-0.138363
-0.023325,0.074713,-0.137304
-0.020852,0.074500,-0.135246
-0.018890,0.071825,-0.136318
-0.017736,0.071054,-0.131556
-0.015815,0.072424,-0.130427
-0.015754,0.071555,-0.129733
-0.015269,0.071842,-0.128051
-0.014101,0.072879,-0.125351
-0.012422,0.072078,-0.125048
-0.010714,0.073820,-0.123221
-0.007336,0.071241,-0.121685
-0.007773,0.072634,-0.121153
-0.005193,0.072696,-0.118539
-0.004008,0.073634,-0.119125
-0.004679,0.072775,-0.120412
-0.000382,0.072942,-0.116469
0.000718,0.071218,-0.116148
0.001344,0.072685,-0.113737
0.003116,0.071991,-0.114491
0.006074,0.072705,-0.111989
0.006809,0.071758,-0.112138
0.006296,0.072683,-0.111078
0.009503,0.070821,-0.110035
0.010668,0.070660,-0.109518
0.011526,0.072493,-0.109328
0.014888,0.071442,-0.108400
0.014391,0.071643,-0.107555
0.013426,0.070165,-0.107863
0.015870,0.070205,-0.107077
0.017820,0.074778,-0.107631
0.018078,0.070121,-0.104797
0.020983,0.071381,-0.102756
0.021979,0.071718,-0.102569
0.023783,0.070873,-0.104613
0.025794,0.070573,-0.103721
0.026636,0.070469,-0.101805
0.027697,0.072479,-0.102428
0.031307,0.073436,-0.099268
0.030555,0.073289,-0.100814
0.032102,0.071280,-0.101211
0.034747,0.072384,-0.099526
0.035065,0.071454,-0.099545
0.036643,0.069525,-0.099328
0.037640,0.072969,-0.096867
0.038230,0.071481,-0.097927
0.040315,0.073530,-0.097016
0.041867,0.070773,-0.096610
0.042284,0.070590,-0.095491
0.046489,0.071180,-0.096525
0.046126,0.071190,-0.097481
0.048920,0.072158,-0.094331
0.047705,0.072268,-0.096594
0.049506,0.070985,-0.095756
0.049056,0.071377,-0.094301
0.052908,0.070497,-0.093307
0.055082,0.070424,-0.095190
0.054527,0.071408,-0.095006
0.057714,0.070724,-0.095353
0.058429,0.070237,-0.095525
0.057931,0.071389,-0.092517
0.060105,0.071662,-0.091619
0.062217,0.072115,-0.095188
0.062289,0.069410,-0.092380
0.066787,0.070119,-0.092714
0.066250,0.072626,-0.092001
0.068109,0.070299,-0.091278
0.070979,0.072602,-0.092912
0.070723,0.070200,-0.092715
0.069582,0.072479,-0.092793
0.074818,0.072088,-0.091333
0.074881,0.071999,-0.091752
0.074354,0.071203,-0.089351
0.079652,0.069997,-0.092149
0.078374,0.072501,-0.091405
0.078719,0.071736,-0.090210
0.081665,0.069916,-0.093915
0.083974,0.070656,-0.091172
0.084212,0.073732,-0.090922
0.085162,0.070704,-0.091794
0.086688,0.070707,-0.092665
0.089151,0.073232,-0.090675
0.088648,0.072106,-0.090251
0.089464,0.071469,-0.090879
0.093041,0.072049,-0.092543
0.094124,0.069926,-0.092961
0.094508,0.073214,-0.091558
0.098237,0.072253,-0.090048
0.098366,0.071832,-0.092310
0.100014,0.070815,-0.092456
0.101798,0.071576,-0.091789
0.102495,0.071626,-0.092562
0.102667,0.069739,-0.093371
0.106244,0.071137,-0.093623
0.104902,0.071692,-0.092273
0.106810,0.073213,-0.092115
0.109161,0.073806,-0.094964
0.110695,0.069907,-0.093944
0.111430,0.070959,-0.094749
0.113994,0.069792,-0.093614
0.115817,0.073472,-0.094575
0.116017,0.071777,-0.094064
0.116346,0.072537,-0.095993
0.119812,0.074348,-0.096065
0.120431,0.070801,-0.097250
0.120883,0.072104,-0.099162
0.122741,0.072740,-0.095569
0.123839,0.073477,-0.099316
0.126711,0.071905,-0.098143
0.126840,0.073826,-0.099234
0.129325,0.071404,-0.100411
0.130030,0.072718,-0.101504
0.132078,0.071526,-0.102613
0.133474,0.071409,-0.103560
0.133072,0.071265,-0.100575
0.136138,0.072055,-0.104634
0.137182,0.072080,-0.104625
0.139284,0.071962,-0.105731
0.139128,0.072175,-0.107670
0.142822,0.072931,-0.109741
0.142031,0.071942,-0.107310
0.144691,0.071686,-0.108070
0.145097,0.073503,-0.110301
0.145479,0.072457,-0.111714
0.148359,0.071517,-0.113288
0.148232,0.071454,-0.114049
0.150657,0.071957,-0.115144
0.152368,0.072400,-0.114507
0.151411,0.073084,-0.116392
0.155548,0.074151,-0.117276
0.156327,0.070993,-0.118314
0.159104,0.071490,-0.121466
0.159063,0.071251,-0.121342
0.161544,0.070447,-0.121994
0.162153,0.073851,-0.122959
0.162932,0.072973,-0.126815
0.165109,0.072003,-0.129251
0.167394,0.073098,-0.127375
0.168685,0.071853,-0.129877
0.169105,0.072223,-0.131642
0.170038,0.072282,-0.133370
0.172647,0.071927,-0.136455
0.172652,0.073861,-0.137876
0.173943,0.073405,-0.139423
0.175916,0.073943,-0.139980
0.179211,0.073427,-0.142202
0.181209,0.072271,-0.144509
0.181354,0.074756,-0.149834
0.183252,0.073625,-0.154146
0.185805,0.074378,-0.155178
0.185920,0.072383,-0.162428
0.187366,0.074483,-0.167198
0.189857,0.072615,-0.173170
-0.040681,0.074785,-0.175492
-0.041107,0.076438,-0.168971
-0.038180,0.074922,-0.163579
-0.038369,0.075070,-0.160034
-0.035344,0.075588,-0.155666
-0.032932,0.075057,-0.154142
-0.033045,0.077648,-0.150013
-0.032507,0.073719,-0.148022
-0.029567,0.075205,-0.147059
-0.028778,0.073578,-0.146270
-0.027082,0.072405,-0.143985
-0.024134,0.074341,-0.143312
-0.025171,0.074623,-0.139313
-0.022856,0.076110,-0.136579
-0.019753,0.073679,-0.137312
-0.020271,0.075027,-0.132776
-0.017605,0.075409,-0.130552
-0.016633,0.074494,-0.130685
-0.014845,0.074340,-0.128895
-0.015059,0.073298,-0.126578
-0.013527,0.075947,-0.126755
-0.011760,0.074135,-0.124872
-0.009291,0.075060,-0.124104
-0.006808,0.074700,-0.123092
-0.005994,0.073208,-0.121326
-0.006863,0.074572,-0.119553
-0.004583,0.073787,-0.118558
-0.001778,0.074752,-0.116434
-0.000846,0.073303,-0.116740
-0.000119,0.073124,-0.115779
0.002422,0.074287,-0.114129
0.002971,0.073315,-0.113653
0.004385,0.074851,-0.114524
0.005901,0.074568,-0.112324
0.007993,0.074681,-0.111991
0.008586,0.074441,-0.111305
0.008634,0.074442,-0.109979
0.011055,0.074393,-0.111134
0.013453,0.073514,-0.108816
0.014849,0.072677,-0.107964
0.015107,0.073543,-0.105354
0.017207,0.072932,-0.106134
0.018805,0.074904,-0.104640
0.020896,0.074046,-0.105817
0.020956,0.072893,-0.104549
0.024104,0.074089,-0.104392
0.023834,0.073431,-0.103728
0.023821,0.072722,-0.103101
0.025397,0.072981,-0.102855
0.027355,0.074212,-0.101036
0.029430,0.074311,-0.101862
0.031630,0.072512,-0.100794
0.031756,0.072759,-0.100889
0.032604,0.073171,-0.100243
0.035406,0.074157,-0.100909
0.036712,0.073556,-0.098352
0.039094,0.071235,-0.098684
0.038601,0.070740,-0.098472
0.041148,0.073402,-0.099352
0.041194,0.072073,-0.097020
0.042870,0.073146,-0.097671
0.046339,0.072182,-0.096951
0.047113,0.072281,-0.096871
0.045981,0.074432,-0.095183
0.050875,0.073016,-0.095123
0.050074,0.075806,-0.096211
0.050950,0.072458,-0.096987
0.050743,0.073212,-0.095499
0.056168,0.073521,-0.096397
0.056051,0.073504,-0.093668
0.054498,0.072768,-0.095542
0.058627,0.072599,-0.093754
0.058311,0.071832,-0.091910
0.060453,0.072781,-0.093212
0.063718,0.073402,-0.095165
0.064040,0.072977,-0.094045
0.062567,0.072709,-0.093549
0.064201,0.073005,-0.093191
0.066438,0.074618,-0.094508
0.069018,0.072976,-0.093926
0.070554,0.073505,-0.093873
0.072467,0.074227,-0.091966
0.073479,0.072188,-0.092042
0.073788,0.071299,-0.093271
0.075833,0.071018,-0.092684
0.077331,0.073538,-0.090658
0.079190,0.070802,-0.092324
0.079829,0.071797,-0.092163
0.080407,0.072249,-0.091658
0.082583,0.073457,-0.092521
0.082269,0.071746,-0.092415
0.086616,0.071744,-0.091893
0.086339,0.074663,-0.091764
0.088357,0.072430,-0.089763
0.089331,0.073113,-0.091809
0.091006,0.072851,-0.092113
0.093075,0.075062,-0.091655
0.095100,0.072820,-0.090861
0.096656,0.073367,-0.091555
0.097065,0.073331,-0.090881
0.097526,0.072634,-0.092288
0.100433,0.073853,-0.091428
0.101084,0.073358,-0.090236
0.102526,0.071406,-0.093896
0.102973,0.072745,-0.093280
0.105669,0.073076,-0.092019
0.105703,0.071897,-0.093138
0.107551,0.072488,-0.093051
0.107356,0.071718,-0.093567
0.110423,0.071725,-0.095050
0.111873,0.072241,-0.093053
0.113233,0.074037,-0.095378
0.115049,0.074301,-0.097477
0.116767,0.074228,-0.095302
0.118164,0.073014,-0.096113
0.118924,0.073456,-0.097071
0.119378,0.073575,-0.096471
0.121184,0.073399,-0.097252
0.123053,0.070779,-0.096464
0.124065,0.074589,-0.098274
0.126833,0.073893,-0.097433
0.126965,0.071294,-0.101853
0.128624,0.072991,-0.101156
0.129496,0.073777,-0.101147
0.131701,0.072414,-0.102190
0.131085,0.072733,-0.102680
0.135621,0.074951,-0.104853
0.136496,0.073460,-0.104080
0.136357,0.073752,-0.105273
0.139396,0.074349,-0.104656
0.140247,0.073677,-0.107886
0.142150,0.071957,-0.106723
0.142526,0.073014,-0.107298
0.144999,0.073956,-0.107804
0.146400,0.073731,-0.111282
0.147381,0.075392,-0.111488
0.147524,0.075591,-0.112712
0.149251,0.073951,-0.111790
0.150752,0.072888,-0.115349
0.152515,0.073993,-0.114127
0.154270,0.074765,-0.117100
0.155778,0.072433,-0.116524
0.155654,0.073934,-0.120159
0.157675,0.072337,-0.119413
0.160124,0.071849,-0.121322
0.161908,0.074482,-0.121742
0.162618,0.075334,-0.122111
0.162959,0.073347,-0.125998
0.166487,0.076097,-0.127316
0.166519,0.075721,-0.128009
0.169089,0.075468,-0.130021
0.167887,0.075258,-0.131229
0.171290,0.075170,-0.132980
0.173443,0.074968,-0.135649
0.174833,0.074342,-0.135582
0.176535,0.074263,-0.140224
0.177681,0.075665,-0.140463
0.178918,0.074289,-0.142542
0.180039,0.075987,-0.146451
0.181750,0.074995,-0.147882
0.181476,0.076810,-0.152107
0.184701,0.077356,-0.155567
0.185577,0.075203,-0.160747
0.186447,0.076062,-0.164246
0.189765,0.076071,-0.168140
0.191183,0.077421,-0.178817
-0.040628,0.078591,-0.185435
-0.040894,0.077758,-0.171485
-0.037779,0.077639,-0.165075
-0.036216,0.078267,-0.161648
-0.035268,0.076905,-0.158283
-0.034721,0.077984,-0.154322
-0.031211,0.076741,-0.150127
-0.030426,0.077023,-0.148809
-0.029466,0.077227,-0.146010
-0.028663,0.077307,-0.144094
-0.026894,0.077310,-0.143879
-0.023057,0.076946,-0.140231
-0.023212,0.076408,-0.139309
-0.023222,0.076745,-0.137906
-0.021101,0.075243,-0.136221
-0.019656,0.075982,-0.136195
-0.017590,0.075912,-0.131085
-0.017226,0.075713,-0.131781
-0.014675,0.074994,-0.129975
-0.013902,0.075084,-0.127386
-0.012245,0.076242,-0.127682
-0.011199,0.075916,-0.127544
-0.009527,0.075340,-0.125855
-0.009229,0.075343,-0.123091
-0.006510,0.073795,-0.123018
-0.004853,0.076145,-0.121350
-0.002416,0.074222,-0.118441
-0.002406,0.074375,-0.118555
-0.002026,0.074691,-0.115840
0.001324,0.076293,-0.116823
0.000466,0.072938,-0.116523
0.000452,0.075840,-0.113375
0.003392,0.074086,-0.113017
0.006665,0.074569,-0.112764
0.006294,0.077468,-0.112126
0.009263,0.075704,-0.111391
0.009654,0.075763,-0.110766
0.011542,0.074547,-0.111577
0.011865,0.074853,-0.107439
0.015264,0.074497,-0.106446
0.014945,0.075664,-0.107850
0.016507,0.076591,-0.105559
0.017882,0.075013,-0.105771
0.018310,0.073700,-0.107336
0.020106,0.074107,-0.104704
0.023594,0.075898,-0.105074
0.023472,0.075011,-0.103932
0.026002,0.076072,-0.103129
0.026413,0.075144,-0.102041
0.029057,0.073991,-0.102821
0.030275,0.074798,-0.101051
0.029388,0.075155,-0.102449
0.031954,0.074546,-0.099810
0.032666,0.073075,-0.100500
0.035363,0.076859,-0.100812
0.035523,0.075446,-0.101740
0.039839,0.075859,-0.098717
0.040248,0.075331,-0.101157
0.039811,0.074086,-0.097969
0.042767,0.076239,-0.098974
0.044381,0.074468,-0.096937
0.044886,0.076546,-0.097493
0.047221,0.073374,-0.098180
0.045757,0.076161,-0.099312
0.046973,0.075515,-0.095407
0.049215,0.074317,-0.095848
0.050783,0.074325,-0.096172
0.052440,0.074885,-0.095273
0.054644,0.073928,-0.095803
0.056233,0.073790,-0.095840
0.058123,0.075543,-0.095639
0.058133,0.074799,-0.094142
0.058382,0.074681,-0.095352
0.062702,0.073579,-0.096208
0.062790,0.073541,-0.094456
0.062745,0.072296,-0.094085
0.064645,0.074022,-0.093073
0.067277,0.073505,-0.093822
0.067953,0.074981,-0.094414
0.069485,0.073971,-0.094089
0.070328,0.075292,-0.095322
0.069397,0.073091,-0.090775
0.071977,0.076978,-0.091157
0.074194,0.075170,-0.093203
0.076045,0.073872,-0.092011
0.078736,0.074658,-0.092456
0.077741,0.075575,-0.092831
0.080367,0.074720,-0.092865
0.082301,0.075854,-0.092603
0.083934,0.075230,-0.092708
0.082937,0.074609,-0.094716
0.086396,0.075870,-0.091772
0.088439,0.075666,-0.091423
0.087679,0.073615,-0.091147
0.089003,0.074888,-0.093707
0.092475,0.073126,-0.089597
0.092344,0.074999,-0.089813
0.093295,0.075185,-0.092035
0.093184,0.073884,-0.090823
0.098418,0.074162,-0.091346
0.097619,0.074398,-0.090380
0.098768,0.073487,-0.092654
0.101259,0.073117,-0.091106
0.104192,0.072292,-0.090217
0.104465,0.073684,-0.091726
0.105011,0.074531,-0.092460
0.105535,0.075287,-0.093088
0.108753,0.073979,-0.093431
0.108563,0.075394,-0.093267
0.111859,0.074099,-0.092803
0.112185,0.073998,-0.095033
0.112934,0.073905,-0.094198
0.115807,0.073832,-0.094681
0.114457,0.076095,-0.096634
0.115541,0.075322,-0.095027
0.119163,0.075164,-0.097002
0.118931,0.074498,-0.097905
0.121411,0.076402,-0.097593
0.124748,0.075527,-0.098074
0.123619,0.076019,-0.097561
0.125121,0.075329,-0.099438
0.126529,0.074756,-0.099816
0.127800,0.074943,-0.099404
0.130175,0.076027,-0.102142
0.129827,0.072528,-0.100653
0.131390,0.074829,-0.104621
0.131773,0.077158,-0.104360
0.134384,0.074953,-0.104504
0.137558,0.076049,-0.104550
0.137910,0.074666,-0.105902
0.140791,0.073970,-0.106002
0.142542,0.073848,-0.108813
0.141964,0.074390,-0.110296
0.145744,0.075986,-0.110460
0.144899,0.075141,-0.109954
0.147510,0.076216,-0.111537
0.148338,0.075906,-0.112241
0.150185,0.075185,-0.113975
0.151231,0.074630,-0.113366
0.154008,0.074998,-0.116222
0.154260,0.076542,-0.115188
0.155468,0.077197,-0.117493
0.156863,0.075192,-0.120991
0.155854,0.074258,-0.120272
0.159568,0.074912,-0.120580
0.160676,0.076873,-0.122985
0.161737,0.075071,-0.122960
0.166835,0.077290,-0.124967
0.164925,0.078386,-0.126390
0.166939,0.075456,-0.127530
0.169638,0.074792,-0.129429
0.169766,0.074730,-0.133562
0.170817,0.075550,-0.133203
0.172481,0.075808,-0.136355
0.174362,0.076408,-0.136770
0.176367,0.075747,-0.138164
0.177140,0.075865,-0.140566
0.178635,0.075341,-0.142418
0.180563,0.075964,-0.143910
0.181507,0.075883,-0.149254
0.183608,0.075200,-0.153137
0.185318,0.077143,-0.154163
0.187129,0.075398,-0.156525
0.187641,0.076181,-0.161288
0.190405,0.077721,-0.166125
0.192352,0.077711,-0.176341
0.192676,0.076904,-0.195190
-0.043123,0.080125,-0.188470
-0.040068,0.079524,-0.170754
-0.039653,0.077695,-0.167321
-0.037069,0.077112,-0.163256
-0.036574,0.080108,-0.159760
-0.035745,0.077900,-0.154930
-0.035387,0.077828,-0.152635
-0.031710,0.079178,-0.148236
-0.030321,0.078681,-0.149418
-0.027045,0.078559,-0.145977
-0.027045,0.077276,-0.146326
-0.025300,0.078518,-0.143506
-0.024203,0.076462,-0.139796
-0.021768,0.077930,-0.138261
-0.021284,0.079109,-0.136065
-0.019275,0.077085,-0.134707
-0.018291,0.078121,-0.131682
-0.017070,0.077775,-0.130676
-0.014840,0.078714,-0.130346
-0.013318,0.077279,-0.128316
-0.013267,0.076937,-0.127862
-0.010728,0.078402,-0.125068
-0.013249,0.076829,-0.124967
-0.006300,0.077929,-0.122583
-0.006748,0.077019,-0.122255
-0.005944,0.076525,-0.119397
-0.004064,0.076698,-0.120669
-0.003491,0.077983,-0.115759
-0.001408,0.077273,-0.116482
-0.001097,0.079270,-0.115200
0.001797,0.076115,-0.117504
0.002831,0.076621,-0.114987
0.003535,0.076757,-0.114653
0.006160,0.077197,-0.112116
0.007167,0.077286,-0.112517
0.008257,0.076871,-0.110937
0.011694,0.076847,-0.110084
0.010074,0.077589,-0.110511
0.012994,0.076594,-0.109509
0.013688,0.077627,-0.107059
0.017048,0.075496,-0.108569
0.016943,0.076465,-0.106892
0.017442,0.074738,-0.108091
0.021215,0.076621,-0.105726
0.020156,0.076768,-0.105922
0.022957,0.076182,-0.104418
0.024907,0.075207,-0.104117
0.025798,0.077825,-0.103047
0.027320,0.075160,-0.102291
0.026301,0.076800,-0.102296
0.028610,0.077508,-0.103181
0.029085,0.076898,-0.101595
0.032686,0.077263,-0.100982
0.033638,0.076514,-0.100286
0.035181,0.077102,-0.100581
0.035748,0.075752,-0.100795
0.036933,0.077125,-0.099167
0.039344,0.077305,-0.097787
0.039393,0.077326,-0.099239
0.040942,0.076328,-0.098389
0.043729,0.076431,-0.098748
0.044862,0.076880,-0.098468
0.046649,0.077227,-0.096379
0.046780,0.075918,-0.097945
0.048479,0.075024,-0.098464
0.051044,0.076525,-0.095524
0.050795,0.075584,-0.096293
0.053017,0.075557,-0.098488
0.054584,0.077198,-0.096558
0.057320,0.076109,-0.095400
0.055408,0.074778,-0.095217
0.058486,0.076551,-0.095218
0.059253,0.077090,-0.095902
0.060859,0.076274,-0.093435
0.064346,0.075805,-0.094030
0.064048,0.076961,-0.095908
0.065091,0.077478,-0.095409
0.066917,0.074680,-0.092886
0.067488,0.076357,-0.094233
0.068406,0.074558,-0.093135
0.071149,0.076870,-0.091626
0.070668,0.076041,-0.094072
0.071742,0.078199,-0.093669
0.074329,0.077131,-0.093251
0.076299,0.075290,-0.092741
0.078313,0.077046,-0.093750
0.077835,0.076311,-0.091873
0.081458,0.076767,-0.091725
0.082062,0.076804,-0.092331
0.083638,0.076681,-0.091365
0.083199,0.076460,-0.091427
0.086120,0.075884,-0.092871
0.087543,0.077193,-0.092581
0.089248,0.077050,-0.092270
0.092181,0.075416,-0.092276
0.090903,0.075633,-0.093832
0.092727,0.074789,-0.089948
0.093491,0.078049,-0.092112
0.096472,0.076827,-0.093359
0.096275,0.076640,-0.090685
0.097984,0.077591,-0.091043
0.099451,0.077185,-0.091866
0.102218,0.077408,-0.091905
0.102986,0.076060,-0.093899
0.104291,0.078368,-0.092962
0.104196,0.076456,-0.094595
0.105996,0.076697,-0.092633
0.108466,0.076662,-0.092178
0.109420,0.077954,-0.092962
0.110515,0.076317,-0.093263
0.112909,0.078563,-0.093799
0.112403,0.076796,-0.094907
0.115337,0.076670,-0.095687
0.114052,0.077914,-0.095494
0.116422,0.075607,-0.098304
0.118873,0.078072,-0.096962
0.121424,0.076314,-0.097545
0.119488,0.074817,-0.098523
0.123457,0.075673,-0.097064
0.123657,0.076600,-0.098525
0.126557,0.077627,-0.099880
0.127796,0.075659,-0.100101
0.126601,0.077817,-0.100112
0.128495,0.077378,-0.100604
0.130544,0.075511,-0.102830
0.133709,0.077034,-0.103055
0.133908,0.076659,-0.102472
0.136182,0.075022,-0.104590
0.135698,0.076802,-0.106094
0.138286,0.076510,-0.106269
0.140274,0.076717,-0.106852
0.141828,0.078760,-0.107125
0.143003,0.076985,-0.107783
0.142994,0.076908,-0.111869
0.144591,0.078060,-0.111728
0.145721,0.076914,-0.112347
0.148636,0.077051,-0.112676
0.150280,0.077390,-0.113880
0.149574,0.077558,-0.114804
0.153187,0.078292,-0.114286
0.153744,0.077260,-0.114331
0.154469,0.076656,-0.118978
0.157357,0.075916,-0.118026
0.158069,0.075821,-0.119043
0.158266,0.079710,-0.120292
0.161425,0.077041,-0.123194
0.162548,0.076619,-0.123135
0.163763,0.079870,-0.122497
0.165322,0.076468,-0.126336
0.165737,0.075797,-0.128671
0.166668,0.076746,-0.129888
0.170922,0.076429,-0.130415
0.170333,0.077979,-0.131642
0.170517,0.078179,-0.135478
0.172891,0.079396,-0.138566
0.174730,0.077962,-0.138852
0.177203,0.077274,-0.140735
0.179017,0.077662,-0.142200
0.181392,0.077499,-0.143276
0.180617,0.077563,-0.148101
0.184667,0.079937,-0.151603
0.185192,0.077966,-0.154815
0.184276,0.080295,-0.154268
0.187354,0.079495,-0.160946
0.188109,0.079598,-0.166826
0.190783,0.079978,-0.170642
0.193045,0.078525,-0.179426
-0.041156,0.079535,-0.187888
-0.041582,0.082095,-0.173626
-0.040146,0.080488,-0.169089
-0.034690,0.079817,-0.163117
-0.034776,0.081465,-0.161441
-0.032777,0.077978,-0.155256
-0.032157,0.079560,-0.152388
-0.033157,0.081136,-0.151927
-0.028528,0.080785,-0.149561
-0.028700,0.081305,-0.147107
-0.028019,0.080164,-0.143826
-0.024657,0.079779,-0.141428
-0.023771,0.078597,-0.139942
-0.023184,0.076525,-0.138439
-0.018217,0.078294,-0.136961
-0.019183,0.079508,-0.137357
-0.018281,0.079797,-0.133462
-0.017648,0.078550,-0.131703
-0.016801,0.079457,-0.129101
-0.014475,0.077948,-0.130259
-0.015318,0.079348,-0.128148
-0.013241,0.079918,-0.126113
-0.008537,0.078487,-0.125135
-0.007333,0.077192,-0.123406
-0.005543,0.080575,-0.124220
-0.005585,0.078315,-0.119602
-0.003197,0.078788,-0.118716
-0.002919,0.079830,-0.117825
-0.001772,0.079617,-0.117504
0.001674,0.077456,-0.114150
-0.000019,0.077926,-0.115443
0.002896,0.077586,-0.115469
0.004710,0.078169,-0.115086
0.004386,0.079945,-0.113499
0.007637,0.078805,-0.110613
0.008148,0.078356,-0.109950
0.011241,0.078795,-0.112387
0.011005,0.078907,-0.109517
0.012123,0.079369,-0.109029
0.014686,0.079225,-0.108393
0.014344,0.078229,-0.107119
0.017164,0.078566,-0.106626
0.019409,0.076392,-0.106111
0.018990,0.078042,-0.106510
0.019325,0.077342,-0.106297
0.021965,0.080396,-0.104297
0.023568,0.077285,-0.102210
0.026952,0.078735,-0.104705
0.026705,0.080325,-0.103934
0.026758,0.078033,-0.103006
0.030216,0.077311,-0.102287
0.031538,0.079620,-0.104221
0.031806,0.076031,-0.101488
0.034143,0.077623,-0.101479
0.034177,0.077647,-0.100855
0.035376,0.075965,-0.098934
0.037536,0.077999,-0.099741
0.040777,0.077794,-0.098688
0.041658,0.077296,-0.099458
0.041127,0.077075,-0.098670
0.043411,0.079636,-0.099246
0.045980,0.078098,-0.097961
0.045420,0.078579,-0.096565
0.046843,0.078066,-0.098452
0.047297,0.076356,-0.097590
0.050450,0.077876,-0.097949
0.051332,0.078155,-0.096538
0.051396,0.079492,-0.096699
0.055302,0.076164,-0.097150
0.055940,0.078858,-0.096019
0.057162,0.078451,-0.096349
0.058218,0.078739,-0.093961
0.059243,0.078808,-0.095010
0.060828,0.078015,-0.095836
0.060456,0.077189,-0.095443
0.064405,0.079132,-0.097535
0.064546,0.078982,-0.095017
0.066371,0.076430,-0.094827
0.068213,0.078080,-0.094694
0.068915,0.077290,-0.094579
0.069263,0.078837,-0.094076
0.072119,0.078035,-0.090823
0.073092,0.078574,-0.093744
0.074926,0.077641,-0.093631
0.072558,0.078022,-0.093823
0.076544,0.079169,-0.092345
0.078849,0.077381,-0.093583
0.079959,0.077162,-0.091457
0.082183,0.078275,-0.092811
0.082691,0.077825,-0.093926
0.085225,0.078761,-0.091627
0.085793,0.077413,-0.091922
0.087248,0.077471,-0.092291
0.088305,0.078517,-0.093461
0.088864,0.077443,-0.091255
0.090792,0.076642,-0.092134
0.094238,0.075723,-0.093207
0.094714,0.080527,-0.092407
0.094343,0.077023,-0.092813
0.096554,0.078444,-0.089917
0.097872,0.078560,-0.090478
0.098762,0.077367,-0.092958
0.101381,0.078672,-0.091884
0.101638,0.079454,-0.093792
0.104473,0.077788,-0.090848
0.105185,0.075491,-0.092264
0.106315,0.077879,-0.093121
0.107628,0.077155,-0.093946
0.111001,0.078194,-0.091768
0.111055,0.077623,-0.094038
0.110831,0.077906,-0.095011
0.114867,0.078733,-0.094141
0.115700,0.077922,-0.095107
0.115510,0.077446,-0.095531
0.115752,0.076880,-0.096552
0.117542,0.076015,-0.097353
0.121854,0.077688,-0.097291
0.122966,0.077210,-0.098279
0.122734,0.078727,-0.098239
0.124509,0.078088,-0.099856
0.124182,0.077337,-0.100164
0.125827,0.076800,-0.100527
0.127962,0.077182,-0.100658
0.130331,0.077972,-0.100120
0.132710,0.077631,-0.104115
0.134506,0.079317,-0.101928
0.133720,0.076981,-0.106497
0.135204,0.078112,-0.104026
0.136922,0.078946,-0.105610
0.139303,0.077610,-0.104555
0.139028,0.079048,-0.106535
0.140004,0.078379,-0.105957
0.142726,0.078660,-0.110864
0.143086,0.077600,-0.112027
0.145291,0.077428,-0.109647
0.146957,0.078311,-0.110170
0.147987,0.077580,-0.112590
0.149383,0.078568,-0.112582
0.149225,0.077203,-0.115722
0.152718,0.077475,-0.115509
0.154515,0.077682,-0.117589
0.155604,0.079678,-0.117783
0.155427,0.077336,-0.118595
0.158139,0.078702,-0.118356
0.158947,0.079406,-0.120406
0.161585,0.078829,-0.120654
0.162712,0.077956,-0.122635
0.164639,0.079144,-0.126304
0.165613,0.079198,-0.125192
0.166046,0.078122,-0.129521
0.167775,0.078872,-0.127906
0.169631,0.079452,-0.131282
0.168802,0.080721,-0.133867
0.172542,0.078853,-0.135585
0.174182,0.080401,-0.137190
0.175767,0.080040,-0.138513
0.176094,0.078506,-0.139546
0.177876,0.078150,-0.141959
0.180715,0.079894,-0.144312
0.182883,0.080421,-0.147042
0.181253,0.080218,-0.149712
0.183091,0.080478,-0.151619
0.185559,0.080039,-0.155451
0.186494,0.079891,-0.159019
0.188282,0.079201,-0.163442
0.188988,0.081150,-0.168244
0.190520,0.080909,-0.175920
0.192923,0.080375,-0.192058
-0.042553,0.082975,-0.188100
-0.041606,0.083437,-0.175055
-0.037511,0.081044,-0.169481
-0.037003,0.082222,-0.165158
-0.036943,0.081371,-0.161578
-0.034674,0.081953,-0.157592
-0.031448,0.081363,-0.155475
-0.031633,0.082203,-0.150177
-0.029490,0.081427,-0.147950
-0.027960,0.081634,-0.147146
-0.027735,0.081487,-0.145314
-0.025434,0.081643,-0.144284
-0.023178,0.081458,-0.141880
-0.022011,0.081277,-0.139602
-0.020662,0.080556,-0.137225
-0.020312,0.080165,-0.136456
-0.020777,0.080761,-0.133860
-0.017019,0.080276,-0.131914
-0.017332,0.080467,-0.130219
-0.012378,0.081412,-0.130697
-0.012276,0.079868,-0.126055
-0.012177,0.081932,-0.124311
-0.008799,0.080005,-0.124098
-0.009060,0.081252,-0.123835
-0.006138,0.080229,-0.121782
-0.005987,0.080912,-0.122277
-0.003148,0.080287,-0.119884
-0.001986,0.079401,-0.118921
-0.001527,0.080438,-0.118560
0.000305,0.078371,-0.116524
0.002375,0.080307,-0.116931
0.003828,0.082371,-0.115224
0.003843,0.080865,-0.114372
0.006862,0.078460,-0.113664
0.007003,0.079746,-0.110567
0.009396,0.080090,-0.112623
0.010099,0.079081,-0.112016
0.010582,0.079432,-0.109968
0.013580,0.079624,-0.109838
0.012815,0.078760,-0.109971
0.016592,0.079653,-0.107805
0.018980,0.078782,-0.106819
0.020209,0.079207,-0.105433
0.020744,0.080659,-0.108835
0.021349,0.078021,-0.105502
0.020729,0.079190,-0.106500
0.024267,0.080305,-0.105567
0.025762,0.080937,-0.104749
0.027442,0.080519,-0.103875
0.027581,0.081305,-0.103950
0.027719,0.079595,-0.103521
0.031790,0.079615,-0.101846
0.031599,0.079327,-0.101365
0.034289,0.077465,-0.103076
0.035143,0.078812,-0.102821
0.037774,0.080778,-0.099360
0.039220,0.081849,-0.100838
0.038291,0.079792,-0.098732
0.040001,0.079533,-0.099893
0.041178,0.079409,-0.100314
0.044338,0.078759,-0.097437
0.044737,0.079529,-0.099820
0.045525,0.079864,-0.098435
0.046546,0.079004,-0.101069
0.049195,0.079414,-0.096767
0.051255,0.078276,-0.097258
0.051059,0.080298,-0.096582
0.052135,0.076610,-0.095690
0.054499,0.078204,-0.096304
0.056843,0.079457,-0.096223
0.056866,0.080208,-0.095488
0.057462,0.079954,-0.099013
0.059584,0.080127,-0.095202
0.060984,0.078348,-0.096229
0.062136,0.078535,-0.095877
0.062954,0.079389,-0.094777
0.063928,0.077103,-0.094259
0.065631,0.079693,-0.093945
0.067782,0.080859,-0.093848
0.069359,0.079188,-0.092094
0.069975,0.079580,-0.094537
0.073007,0.080370,-0.092391
0.074265,0.079430,-0.094584
0.075870,0.077869,-0.091901
0.077456,0.081248,-0.093327
0.076189,0.079994,-0.093280
0.080260,0.080505,-0.091891
0.080771,0.079912,-0.091072
0.082891,0.079437,-0.091376
0.084103,0.078848,-0.092152
0.083606,0.079101,-0.091027
0.085173,0.080228,-0.092969
0.087252,0.080951,-0.092982
0.089946,0.080383,-0.091982
0.091019,0.081381,-0.091601
0.091632,0.078621,-0.091018
0.093007,0.079951,-0.092990
0.094424,0.080815,-0.091260
0.094720,0.079759,-0.091655
0.097986,0.080854,-0.092677
0.097003,0.079802,-0.091059
0.100504,0.076828,-0.093719
0.099346,0.078941,-0.092770
0.103310,0.078724,-0.092626
0.103617,0.077713,-0.094313
0.104202,0.080749,-0.092900
0.106841,0.078612,-0.094271
0.107464,0.079241,-0.095885
0.110331,0.080625,-0.094817
0.111044,0.079678,-0.094279
0.112190,0.080132,-0.093215
0.113980,0.078248,-0.097209
0.113484,0.078474,-0.094386
0.114929,0.079145,-0.097711
0.118676,0.079868,-0.096313
0.117993,0.080290,-0.096821
0.120749,0.079945,-0.097179
0.121257,0.078044,-0.097850
0.121230,0.079619,-0.097581
0.122659,0.079069,-0.099399
0.125292,0.080018,-0.097543
0.126999,0.080390,-0.100081
0.129458,0.078383,-0.101398
0.129499,0.078473,-0.102323
0.132032,0.079470,-0.102469
0.133182,0.079199,-0.103987
0.133560,0.079551,-0.102899
0.136839,0.078819,-0.105742
0.136837,0.079905,-0.104112
0.139641,0.081348,-0.107075
0.139827,0.080613,-0.107470
0.141435,0.080777,-0.108228
0.139751,0.081633,-0.109110
0.143837,0.079646,-0.108518
0.145079,0.080792,-0.111589
0.146728,0.080453,-0.111723
0.147449,0.081635,-0.111837
0.149294,0.078839,-0.112442
0.152220,0.081914,-0.112592
0.153824,0.081401,-0.116067
0.151770,0.080690,-0.116192
0.155914,0.079678,-0.118127
0.156774,0.080817,-0.118048
0.158557,0.080960,-0.118229
0.158258,0.079743,-0.121109
0.159835,0.080276,-0.121189
0.162758,0.081732,-0.120996
0.165148,0.079360,-0.122630
0.165297,0.080176,-0.123644
0.167188,0.080598,-0.128097
0.168314,0.080696,-0.129219
0.170339,0.079840,-0.133064
0.170197,0.081299,-0.132933
0.172084,0.082041,-0.134932
0.174636,0.079766,-0.135624
0.175861,0.082259,-0.138286
0.176895,0.079999,-0.140728
0.178974,0.080684,-0.141013
0.178601,0.079710,-0.145448
0.179987,0.081982,-0.144046
0.182878,0.081744,-0.149189
0.182977,0.083357,-0.151513
0.185838,0.081543,-0.153343
0.187662,0.083321,-0.157691
0.188144,0.081041,-0.164260
0.188915,0.081084,-0.165736
0.192866,0.081529,-0.172119
0.194420,0.084384,-0.181573
-0.041843,0.083581,-0.189307
-0.041014,0.082942,-0.175495
-0.037780,0.084274,-0.169859
-0.036347,0.084259,-0.161546
-0.034751,0.084881,-0.160839
-0.034543,0.082307,-0.159103
-0.033996,0.084080,-0.154422
-0.033975,0.084115,-0.154397
-0.028839,0.083579,-0.150956
-0.028071,0.084242,-0.147513
-0.026428,0.080887,-0.143453
-0.026047,0.082125,-0.143558
-0.024264,0.083082,-0.141855
-0.023431,0.080119,-0.139338
-0.020731,0.082795,-0.139820
-0.018846,0.083500,-0.136674
-0.019377,0.082893,-0.133212
-0.016404,0.080899,-0.133417
-0.015945,0.081691,-0.132591
-0.013379,0.080039,-0.130771
-0.013286,0.080738,-0.127503
-0.012240,0.081568,-0.125421
-0.008166,0.080501,-0.125688
-0.007996,0.083218,-0.123504
-0.006917,0.081614,-0.120981
-0.005928,0.081192,-0.122364
-0.004481,0.083747,-0.120682
-0.003661,0.080631,-0.120528
-0.000616,0.080434,-0.119362
0.000021,0.083344,-0.118373
0.000722,0.079697,-0.116082
0.003412,0.081604,-0.115379
0.003908,0.081758,-0.113891
0.005139,0.080745,-0.113772
0.006674,0.081808,-0.113368
0.008350,0.080835,-0.113847
0.010698,0.081249,-0.113344
0.010328,0.081076,-0.111522
0.011877,0.082365,-0.108697
0.012349,0.081696,-0.109132
0.014850,0.081413,-0.108969
0.017209,0.081565,-0.108193
0.017776,0.080705,-0.109640
0.020104,0.082093,-0.107032
0.022826,0.082964,-0.105239
0.021792,0.083886,-0.105364
0.022956,0.083382,-0.104678
0.024503,0.080894,-0.104666
0.027562,0.081283,-0.104903
0.028690,0.080731,-0.100512
0.030932,0.082105,-0.103753
0.030086,0.081531,-0.103722
0.031946,0.080846,-0.103413
0.032371,0.082018,-0.100480
0.036132,0.080285,-0.101081
0.036729,0.079780,-0.099889
0.036747,0.080989,-0.101271
0.039608,0.081045,-0.101752
0.038801,0.081712,-0.099890
0.041697,0.081479,-0.100928
0.042793,0.081095,-0.097968
0.044453,0.082355,-0.099387
0.045425,0.080348,-0.099563
0.048496,0.079541,-0.098103
0.047988,0.079138,-0.099627
0.049834,0.080287,-0.098175
0.051975,0.081129,-0.096103
0.053469,0.081275,-0.096556
0.053822,0.080593,-0.096516
0.054372,0.080881,-0.096486
0.056562,0.080979,-0.097222
0.057623,0.080701,-0.097019
0.058398,0.082729,-0.095354
0.061664,0.080538,-0.095276
0.062295,0.080703,-0.094816
0.064251,0.081745,-0.093888
0.065919,0.081234,-0.095943
0.067024,0.082581,-0.094101
0.067822,0.082339,-0.094860
0.067671,0.082668,-0.095168
0.070540,0.079977,-0.092446
0.071073,0.080419,-0.093697
0.073540,0.080957,-0.092965
0.074329,0.080709,-0.093948
0.076305,0.080184,-0.094101
0.079340,0.080542,-0.091041
0.078725,0.079934,-0.092862
0.079685,0.080995,-0.093636
0.082149,0.081687,-0.093666
0.082675,0.081775,-0.091828
0.084046,0.081026,-0.091873
0.087133,0.080254,-0.093131
0.087657,0.080249,-0.093759
0.089391,0.081066,-0.091742
0.092457,0.081491,-0.094178
0.091507,0.080399,-0.092460
0.091470,0.082629,-0.093077
0.095093,0.081414,-0.091116
0.093064,0.080343,-0.091087
0.096097,0.081181,-0.092205
0.098547,0.080101,-0.094111
0.101095,0.078968,-0.092853
0.099722,0.080226,-0.092607
0.100620,0.082635,-0.092510
0.103082,0.080737,-0.093458
0.106714,0.080559,-0.094324
0.105604,0.080345,-0.093043
0.109888,0.081019,-0.095906
0.109140,0.079673,-0.093642
0.109486,0.079392,-0.092232
0.112541,0.082370,-0.094509
0.113538,0.081226,-0.095903
0.114741,0.081012,-0.095354
0.114997,0.082587,-0.096379
0.117212,0.081280,-0.097694
0.118323,0.081379,-0.095700
0.121003,0.080325,-0.095287
0.122670,0.082015,-0.098231
0.123719,0.081537,-0.097394
0.122609,0.080710,-0.097949
0.127285,0.081059,-0.099200
0.126688,0.079795,-0.097814
0.129625,0.080943,-0.100711
0.128426,0.080085,-0.102290
0.131314,0.080379,-0.102334
0.133089,0.080447,-0.102836
0.134200,0.080423,-0.103492
0.135939,0.080828,-0.103771
0.137359,0.081722,-0.106260
0.137189,0.081003,-0.106308
0.139698,0.081690,-0.108088
0.139580,0.082216,-0.106470
0.143574,0.081356,-0.107852
0.144614,0.080788,-0.110346
0.145893,0.080649,-0.111863
0.148011,0.081720,-0.110954
0.147331,0.082471,-0.114414
0.151124,0.080864,-0.114258
0.150406,0.081868,-0.114164
0.154014,0.081880,-0.116312
0.153082,0.080984,-0.117196
0.156772,0.081297,-0.116412
0.156991,0.082698,-0.117404
0.158270,0.082495,-0.118579
0.161060,0.079844,-0.120581
0.161390,0.083492,-0.121843
0.162219,0.081692,-0.122204
0.164186,0.080846,-0.125869
0.164926,0.081396,-0.126401
0.167067,0.081569,-0.126491
0.167573,0.082610,-0.130338
0.169426,0.080679,-0.131631
0.170760,0.085323,-0.132293
0.172461,0.084998,-0.132921
0.172528,0.081979,-0.136006
0.174129,0.082019,-0.138081
0.176290,0.082582,-0.138963
0.177713,0.083722,-0.141287
0.181088,0.084630,-0.143388
0.180862,0.082111,-0.144160
0.182463,0.084433,-0.147371
0.184014,0.083373,-0.150873
0.186370,0.081543,-0.153040
0.187529,0.083595,-0.156667
0.187386,0.082866,-0.161462
0.191792,0.084747,-0.166837
0.192719,0.083811,-0.168148
0.194691,0.084505,-0.177504
0.196430,0.084693,-0.190041
-0.043418,0.084611,-0.191572
-0.041023,0.086311,-0.176767
-0.039454,0.083245,-0.171218
-0.039122,0.083608,-0.166922
-0.036405,0.086142,-0.163116
-0.035097,0.083784,-0.160674
-0.032503,0.083168,-0.156974
-0.031128,0.084406,-0.154076
-0.029825,0.085015,-0.151156
-0.028595,0.086064,-0.148617
-0.028487,0.083255,-0.146752
-0.025575,0.084311,-0.145435
-0.022794,0.082337,-0.143838
-0.020907,0.084979,-0.140741
-0.021596,0.084245,-0.137623
-0.020076,0.085291,-0.135635
-0.017166,0.084488,-0.134991
-0.018254,0.085440,-0.132801
-0.017746,0.085692,-0.131282
-0.012494,0.085869,-0.129471
-0.014132,0.085467,-0.127359
-0.010586,0.082949,-0.126105
-0.010430,0.084160,-0.126609
-0.008408,0.083780,-0.125818
-0.007654,0.083404,-0.123737
-0.008219,0.085792,-0.124181
-0.003140,0.084856,-0.122044
-0.000823,0.083493,-0.120257
-0.000991,0.082614,-0.117884
0.001184,0.085317,-0.118078
0.002203,0.082446,-0.114430
0.002379,0.084753,-0.116140
0.003225,0.084854,-0.114718
0.004685,0.082171,-0.113694
0.008446,0.083526,-0.112276
0.006974,0.082444,-0.111495
0.011740,0.082302,-0.111470
0.011192,0.084278,-0.110262
0.013770,0.084106,-0.110510
0.014067,0.084910,-0.109761
0.016408,0.083551,-0.109985
0.014473,0.082966,-0.106207
0.018490,0.083328,-0.107543
0.017414,0.083915,-0.106352
0.021252,0.082876,-0.105150
0.023122,0.083000,-0.105315
0.023578,0.083792,-0.103276
0.025009,0.082246,-0.104583
0.026862,0.082659,-0.104427
0.027251,0.082577,-0.103551
0.030033,0.083429,-0.103322
0.031112,0.083037,-0.104579
0.032813,0.084095,-0.102512
0.033929,0.082545,-0.102444
0.035601,0.081455,-0.103059
0.036880,0.083574,-0.104129
0.038066,0.082609,-0.101017
0.039028,0.084109,-0.098593
0.041357,0.083822,-0.099931
0.042929,0.083953,-0.099798
0.043966,0.083397,-0.100660
0.045553,0.081955,-0.100318
0.046904,0.084880,-0.098313
0.047755,0.083288,-0.099544
0.048824,0.081163,-0.098149
0.049917,0.083718,-0.098700
0.051327,0.081978,-0.098378
0.052653,0.084617,-0.097662
0.053833,0.083847,-0.098449
0.056587,0.081364,-0.097282
0.055729,0.084528,-0.097490
0.060579,0.081159,-0.097012
0.059146,0.081963,-0.098048
0.060636,0.084248,-0.097692
0.062320,0.083178,-0.097589
0.064729,0.082670,-0.097631
0.063292,0.083014,-0.095386
0.065661,0.083403,-0.098032
0.068331,0.083245,-0.094242
0.067378,0.082029,-0.093102
0.070979,0.082287,-0.095632
0.072784,0.082886,-0.093905
0.075110,0.082665,-0.093027
0.074800,0.082271,-0.093667
0.075080,0.082585,-0.092986
0.077496,0.082083,-0.091455
0.080470,0.081791,-0.091817
0.081926,0.083727,-0.093327
0.081521,0.082386,-0.092163
0.083838,0.081682,-0.091988
0.085230,0.082607,-0.093929
0.085645,0.083663,-0.094382
0.087611,0.082796,-0.092952
0.089353,0.082053,-0.091931
0.089471,0.083560,-0.091408
0.090277,0.083073,-0.092190
0.091286,0.082417,-0.092609
0.094271,0.083518,-0.091257
0.096561,0.081298,-0.093079
0.096105,0.081864,-0.092481
0.097656,0.083158,-0.090922
0.099849,0.081428,-0.093954
0.101320,0.083517,-0.094848
0.102416,0.083385,-0.093357
0.104340,0.082669,-0.093182
0.105415,0.081055,-0.092182
0.107534,0.082183,-0.093426
0.108091,0.083378,-0.093640
0.109499,0.082841,-0.092957
0.111173,0.083834,-0.095665
0.111107,0.082262,-0.093374
0.113277,0.082531,-0.095427
0.113591,0.083085,-0.094698
0.115954,0.081428,-0.095223
0.118783,0.083208,-0.098148
0.118634,0.081531,-0.098041
0.118731,0.083223,-0.099770
0.122681,0.084683,-0.097576
0.124567,0.081983,-0.099195
0.125495,0.083188,-0.099907
0.124923,0.084099,-0.098730
0.124667,0.082441,-0.102659
0.129501,0.082798,-0.101564
0.130451,0.082756,-0.102273
0.132286,0.083259,-0.102704
0.132345,0.081124,-0.104046
0.134222,0.082517,-0.105709
0.136504,0.084670,-0.104588
0.135936,0.082733,-0.104688
0.137342,0.082090,-0.107890
0.140655,0.081928,-0.107041
0.139871,0.084547,-0.108701
0.141140,0.082796,-0.109407
0.144129,0.084246,-0.109644
0.145179,0.083326,-0.109267
0.147178,0.084790,-0.110817
0.149181,0.082440,-0.110964
0.149187,0.083618,-0.111440
0.152088,0.083906,-0.113202
0.151857,0.083031,-0.116149
0.151010,0.084210,-0.116648
0.154771,0.084139,-0.116842
0.157630,0.083379,-0.120181
0.157391,0.082938,-0.118726
0.158577,0.085220,-0.119381
0.161674,0.084127,-0.121498
0.160896,0.083514,-0.123023
0.163457,0.083228,-0.124199
0.165780,0.083762,-0.125718
0.165801,0.081865,-0.126712
0.167993,0.082153,-0.129038
0.171010,0.083345,-0.131197
0.170111,0.084738,-0.134182
0.171653,0.083691,-0.134422
0.174845,0.086902,-0.134935
0.174500,0.083207,-0.138421
0.178172,0.083391,-0.139076
0.179640,0.083698,-0.139210
0.178120,0.083542,-0.143782
0.182171,0.083914,-0.144055
0.182483,0.084641,-0.147147
0.184392,0.083560,-0.150409
0.187250,0.086019,-0.153357
0.188256,0.084792,-0.155336
0.190854,0.084777,-0.157865
0.190432,0.084654,-0.164333
0.192051,0.087701,-0.167723
0.193717,0.085663,-0.175484
0.193409,0.085547,-0.181624
0.198248,0.085378,-0.196809
-0.041464,0.086597,-0.177618
-0.039530,0.087506,-0.172379
-0.036801,0.086574,-0.166890
-0.035065,0.087797,-0.162412
-0.033769,0.086402,-0.161230
-0.032993,0.085950,-0.156946
-0.030407,0.088043,-0.156370
-0.030192,0.086835,-0.153163
-0.029095,0.084801,-0.150638
-0.027411,0.085713,-0.146026
-0.026486,0.086036,-0.144650
-0.023335,0.084217,-0.141095
-0.020994,0.084429,-0.141508
-0.022307,0.086983,-0.137732
-0.020548,0.086216,-0.137545
-0.019046,0.084177,-0.134610
-0.015620,0.085404,-0.134540
-0.016813,0.085066,-0.133666
-0.014311,0.085727,-0.131545
-0.012156,0.086492,-0.129784
-0.011378,0.086291,-0.127194
-0.009156,0.085858,-0.125395
-0.006002,0.084773,-0.125550
-0.005557,0.085884,-0.123539
-0.004405,0.084520,-0.120781
-0.002708,0.086046,-0.121432
-0.005548,0.085236,-0.119357
-0.002866,0.084205,-0.119298
-0.000004,0.084301,-0.119081
0.002242,0.082063,-0.116828
0.003067,0.084374,-0.115969
0.003348,0.085702,-0.113641
0.005073,0.083592,-0.114462
0.007630,0.084788,-0.112417
0.008039,0.086806,-0.115826
0.009375,0.085686,-0.111386
0.011631,0.085523,-0.110671
0.010346,0.085007,-0.109164
0.013374,0.083735,-0.109571
0.016256,0.085288,-0.110058
0.017029,0.084267,-0.108634
0.018447,0.083407,-0.106772
0.018145,0.083549,-0.107289
0.021050,0.084354,-0.106834
0.022178,0.085359,-0.105358
0.023648,0.083896,-0.105817
0.026199,0.083684,-0.105206
0.027485,0.085077,-0.103684
0.029574,0.085146,-0.103821
0.029471,0.084353,-0.104225
0.030349,0.084605,-0.103542
0.030940,0.084068,-0.100122
0.033966,0.083453,-0.102581
0.036185,0.084676,-0.103571
0.035591,0.084710,-0.102426
0.037125,0.083407,-0.101549
0.040069,0.084850,-0.100212
0.040651,0.083446,-0.099975
0.042151,0.085086,-0.100025
0.043528,0.085258,-0.101432
0.045059,0.085451,-0.099759
0.046040,0.085946,-0.100157
0.048164,0.084347,-0.099227
0.048318,0.085828,-0.099655
0.049635,0.084983,-0.097434
0.052058,0.084353,-0.099837
0.053232,0.083499,-0.097736
0.054676,0.084822,-0.098171
0.055289,0.085202,-0.097675
0.057202,0.083560,-0.096869
0.058590,0.084420,-0.098330
0.061243,0.083831,-0.096195
0.059519,0.084441,-0.097724
0.060798,0.085096,-0.096037
0.065624,0.084013,-0.095426
0.065894,0.085779,-0.096757
0.066042,0.084100,-0.096873
0.066246,0.084336,-0.095028
0.068270,0.082475,-0.094730
0.071504,0.083453,-0.097519
0.070623,0.083603,-0.096015
0.072657,0.083476,-0.093117
0.074677,0.084271,-0.093021
0.076678,0.084477,-0.093163
0.077486,0.085213,-0.095989
0.078577,0.084756,-0.094627
0.078851,0.084482,-0.093647
0.083584,0.084858,-0.095356
0.083442,0.084684,-0.094340
0.084495,0.083868,-0.094145
0.086708,0.084137,-0.093034
0.087841,0.084054,-0.091021
0.087641,0.084942,-0.093225
0.088329,0.083035,-0.091920
0.092983,0.083734,-0.094044
0.093626,0.084865,-0.094344
0.095272,0.083196,-0.092087
0.095528,0.083337,-0.093457
0.095266,0.083627,-0.091412
0.097689,0.084235,-0.094925
0.099230,0.085124,-0.093301
0.100228,0.084607,-0.093666
0.103323,0.085806,-0.092244
0.103394,0.084203,-0.092894
0.106854,0.084261,-0.093919
0.106384,0.085495,-0.094704
0.108339,0.085079,-0.093869
0.107779,0.084691,-0.095386
0.112675,0.084263,-0.094911
0.111800,0.083290,-0.095191
0.113152,0.084377,-0.094489
0.115315,0.084723,-0.094413
0.116041,0.083659,-0.095975
0.117423,0.085420,-0.096098
0.118466,0.084304,-0.096466
0.119187,0.084018,-0.097592
0.121949,0.085379,-0.097774
0.122141,0.084522,-0.099132
0.123817,0.083064,-0.101105
0.124843,0.084409,-0.100587
0.127821,0.082563,-0.098606
0.127878,0.084009,-0.102398
0.128776,0.082742,-0.102584
0.131019,0.085426,-0.103211
0.132465,0.082409,-0.102935
0.132552,0.085505,-0.104747
0.135578,0.085421,-0.106538
0.136285,0.086830,-0.105535
0.137947,0.084709,-0.105544
0.139090,0.084710,-0.105916
0.141925,0.085277,-0.109573
0.142352,0.085129,-0.107946
0.144376,0.084392,-0.111235
0.146799,0.086404,-0.108444
0.145278,0.083461,-0.110815
0.146026,0.085015,-0.113090
0.148001,0.083989,-0.112258
0.150157,0.083324,-0.115535
0.153075,0.084701,-0.117293
0.155372,0.083134,-0.114155
0.154391,0.084188,-0.116500
0.158006,0.087217,-0.118899
0.155978,0.084542,-0.119241
0.159882,0.085072,-0.121721
0.161361,0.084212,-0.122821
0.164241,0.085839,-0.122280
0.164020,0.084189,-0.124741
0.165205,0.084427,-0.126203
0.166562,0.085425,-0.129201
0.169114,0.084693,-0.127954
0.169187,0.084589,-0.131855
0.169966,0.084710,-0.134673
0.174740,0.085204,-0.132674
0.174559,0.084949,-0.135105
0.174395,0.086632,-0.137964
0.175679,0.085798,-0.138233
0.178179,0.085050,-0.141648
0.179279,0.087316,-0.142692
0.181639,0.087223,-0.144830
0.182594,0.086847,-0.145623
0.186029,0.087588,-0.148770
0.187145,0.086314,-0.151376
0.188094,0.086300,-0.153412
0.190668,0.086543,-0.156540
0.191279,0.089163,-0.162085
0.191141,0.087283,-0.166278
0.193425,0.085611,-0.172042
0.194282,0.086808,-0.180805
0.196677,0.087288,-0.190743
-0.038538,0.087903,-0.178851
-0.039584,0.089958,-0.172565
-0.038260,0.088349,-0.168227
-0.036153,0.088660,-0.165283
-0.033775,0.088174,-0.160971
-0.034092,0.088269,-0.157475
-0.032709,0.086619,-0.154718
-0.029438,0.085429,-0.153651
-0.028549,0.087457,-0.150055
-0.026081,0.088826,-0.147546
-0.024075,0.087466,-0.145633
-0.024727,0.087223,-0.143549
-0.020481,0.086808,-0.140545
-0.022119,0.087165,-0.139824
-0.021532,0.087125,-0.138459
-0.018139,0.088064,-0.138399
-0.017568,0.086205,-0.134594
-0.016106,0.088412,-0.133878
-0.013246,0.088495,-0.131123
-0.012215,0.088323,-0.130289
-0.012057,0.087934,-0.127347
-0.010518,0.086623,-0.126688
-0.008356,0.087943,-0.124671
-0.006699,0.085319,-0.124871
-0.006566,0.087441,-0.123066
-0.004173,0.085751,-0.121080
-0.002498,0.085866,-0.119463
-0.001204,0.088242,-0.118869
0.000871,0.087030,-0.117605
0.004025,0.085513,-0.116219
0.001800,0.085839,-0.114407
0.004800,0.085735,-0.115218
0.004039,0.088348,-0.113947
0.008598,0.086052,-0.116603
0.008282,0.084097,-0.112746
0.010770,0.087462,-0.110527
0.011014,0.084727,-0.113076
0.013220,0.085891,-0.109993
0.012555,0.087749,-0.109019
0.015682,0.086083,-0.109278
0.018149,0.087292,-0.108887
0.018508,0.088400,-0.107623
0.019315,0.085915,-0.109369
0.020647,0.085608,-0.107856
0.022652,0.085365,-0.107410
0.023222,0.084346,-0.104005
0.024080,0.083789,-0.104716
0.027691,0.087209,-0.105066
0.029030,0.084892,-0.105185
0.029879,0.083830,-0.103167
0.030762,0.084656,-0.102804
0.032241,0.084445,-0.104030
0.032798,0.087430,-0.104469
0.034184,0.085605,-0.102301
0.036079,0.086106,-0.101668
0.039785,0.085732,-0.102494
0.039615,0.086070,-0.101620
0.041034,0.084616,-0.100676
0.041654,0.085815,-0.101254
0.042550,0.085999,-0.100925
0.044024,0.086302,-0.099715
0.045963,0.086184,-0.099178
0.046144,0.087748,-0.097962
0.047887,0.085552,-0.100466
0.049883,0.085432,-0.098788
0.050977,0.085459,-0.098722
0.052862,0.084303,-0.100093
0.053541,0.086936,-0.097555
0.053073,0.086394,-0.099347
0.056027,0.086764,-0.098221
0.059716,0.084866,-0.098021
0.058978,0.084928,-0.095101
0.061133,0.087078,-0.096903
0.063029,0.084600,-0.095908
0.065796,0.086610,-0.096124
0.064993,0.086804,-0.095850
0.067080,0.084561,-0.095350
0.068702,0.085121,-0.094433
0.067943,0.085338,-0.095991
0.072828,0.084341,-0.096029
0.072407,0.087526,-0.096294
0.074767,0.085194,-0.095222
0.073881,0.087386,-0.095241
0.075071,0.087004,-0.094097
0.079301,0.083984,-0.094692
0.078472,0.085387,-0.092994
0.080485,0.087186,-0.094419
0.079549,0.084940,-0.092844
0.081715,0.086943,-0.094470
0.082897,0.087684,-0.095386
0.086608,0.087329,-0.092519
0.086250,0.086711,-0.094259
0.089080,0.084952,-0.094011
0.090305,0.085056,-0.093947
0.091461,0.085808,-0.093073
0.092742,0.084683,-0.093567
0.094446,0.084915,-0.093193
0.096389,0.085031,-0.092445
0.095727,0.085389,-0.092944
0.100401,0.086519,-0.091642
0.098708,0.084310,-0.091855
0.101724,0.086767,-0.094219
0.100518,0.085113,-0.094049
0.103237,0.083642,-0.094255
0.103434,0.084559,-0.094231
0.107259,0.085433,-0.096462
0.107434,0.086839,-0.094777
0.109431,0.087613,-0.096065
0.111625,0.087034,-0.095568
0.111801,0.088015,-0.095999
0.114736,0.085976,-0.093747
0.113935,0.084363,-0.096436
0.116378,0.086597,-0.096836
0.117658,0.086662,-0.096973
0.117960,0.086745,-0.096918
0.119480,0.087602,-0.097867
0.121845,0.084198,-0.098277
0.121405,0.085083,-0.099522
0.124334,0.086812,-0.099179
0.125526,0.085975,-0.099490
0.127695,0.086602,-0.100853
0.127839,0.085604,-0.101793
0.130405,0.086107,-0.103789
0.130294,0.083015,-0.102552
0.132984,0.084669,-0.104296
0.133137,0.085110,-0.104737
0.135128,0.085759,-0.108084
0.136168,0.084388,-0.107029
0.139357,0.085799,-0.106943
0.138586,0.084812,-0.107254
0.139807,0.086412,-0.107484
0.143678,0.085348,-0.107824
0.144088,0.088020,-0.108290
0.144866,0.084615,-0.111213
0.147973,0.087266,-0.112118
0.149041,0.086421,-0.112354
0.145907,0.087098,-0.113361
0.152053,0.086775,-0.111611
0.154044,0.086167,-0.114591
0.153807,0.087007,-0.115105
0.155192,0.083638,-0.117011
0.156989,0.084678,-0.118131
0.157827,0.087640,-0.118391
0.159049,0.086545,-0.118858
0.160170,0.087513,-0.123283
0.162049,0.086018,-0.124066
0.163339,0.088783,-0.123409
0.163514,0.085935,-0.125833
0.166278,0.087003,-0.127215
0.165998,0.086732,-0.129215
0.168999,0.087962,-0.131142
0.169889,0.086703,-0.131595
0.171484,0.086161,-0.132625
0.173353,0.087663,-0.135286
0.175874,0.088025,-0.137406
0.176578,0.087442,-0.137543
0.177852,0.089568,-0.141388
0.179189,0.087561,-0.141687
0.180174,0.086632,-0.145835
0.183921,0.088753,-0.145509
0.184970,0.087597,-0.150565
0.186072,0.087542,-0.151124
0.187220,0.087904,-0.152925
0.187669,0.085192,-0.154451
0.190615,0.086967,-0.158496
0.191449,0.087983,-0.163470
0.194440,0.087180,-0.170432
0.193483,0.090017,-0.177775
0.195527,0.087615,-0.182355
0.198331,0.090777,-0.195216
-0.043184,0.092065,-0.180870
-0.037812,0.090589,-0.174045
-0.038494,0.090394,-0.168767
-0.036966,0.091118,-0.165754
-0.034118,0.089621,-0.162332
-0.034754,0.090012,-0.158833
-0.030547,0.090097,-0.158382
-0.029158,0.090161,-0.152114
-0.028545,0.089553,-0.150966
-0.028216,0.089577,-0.148749
-0.025017,0.088188,-0.146194
-0.024248,0.090327,-0.144969
-0.023843,0.088101,-0.140609
-0.021688,0.088638,-0.140368
-0.018133,0.089783,-0.139701
-0.018303,0.088925,-0.137851
-0.015860,0.088650,-0.134886
-0.017459,0.089211,-0.134877
-0.014330,0.090264,-0.131486
-0.012691,0.088823,-0.129053
-0.010550,0.089130,-0.129611
-0.009393,0.088251,-0.127590
-0.009148,0.088249,-0.124945
-0.006693,0.087480,-0.124141
-0.004853,0.087920,-0.123495
-0.003544,0.088942,-0.123116
-0.003191,0.089244,-0.121730
-0.000162,0.089650,-0.119687
-0.003256,0.089570,-0.117722
0.002556,0.088017,-0.115513
0.001283,0.086931,-0.118806
0.004965,0.087733,-0.113685
0.005315,0.087912,-0.114588
0.006395,0.089935,-0.114702
0.008560,0.088063,-0.114576
0.008882,0.087803,-0.112764
0.010533,0.088618,-0.112602
0.013222,0.088226,-0.112108
0.016505,0.089311,-0.110004
0.014747,0.086670,-0.109064
0.016762,0.087373,-0.111962
0.018323,0.088806,-0.109014
0.020131,0.088727,-0.107534
0.019759,0.088568,-0.108593
0.022447,0.088532,-0.108469
0.023653,0.087209,-0.107326
0.025997,0.087273,-0.104323
0.026064,0.086879,-0.105570
0.028312,0.088601,-0.105351
0.029347,0.088609,-0.104964
0.031742,0.088419,-0.104634
0.032770,0.087344,-0.102971
0.033288,0.085971,-0.102015
0.035038,0.088977,-0.103184
0.035034,0.086352,-0.104822
0.035547,0.087921,-0.101540
0.039290,0.087549,-0.102886
0.042187,0.086884,-0.102483
0.042234,0.087579,-0.101857
0.043118,0.087536,-0.101348
0.042918,0.087152,-0.101474
0.045618,0.089698,-0.101873
0.046951,0.088373,-0.099018
0.049502,0.087686,-0.099910
0.051842,0.088588,-0.099257
0.050746,0.088223,-0.099454
0.052706,0.087608,-0.099321
0.054242,0.087518,-0.099197
0.054894,0.087453,-0.099165
0.058038,0.088264,-0.097504
0.058363,0.089345,-0.098840
0.060597,0.087486,-0.096857
0.062151,0.088531,-0.097464
0.062277,0.087129,-0.098121
0.063340,0.088578,-0.096978
0.065239,0.088994,-0.096007
0.067384,0.087434,-0.096767
0.068947,0.088628,-0.095722
0.069946,0.087471,-0.095508
0.070659,0.086953,-0.095209
0.072269,0.088458,-0.095082
0.071751,0.087134,-0.097294
0.075528,0.088661,-0.094343
0.076628,0.087566,-0.096786
0.076456,0.089457,-0.094313
0.077362,0.088471,-0.094281
0.079080,0.086567,-0.094272
0.081378,0.087709,-0.094406
0.082927,0.088500,-0.093660
0.083146,0.086592,-0.094442
0.086119,0.088734,-0.094210
0.088082,0.089830,-0.092683
0.088903,0.086388,-0.091803
0.088319,0.087395,-0.093097
0.090363,0.086986,-0.094054
0.092933,0.086995,-0.090283
0.093209,0.086574,-0.093834
0.095031,0.087053,-0.093104
0.096645,0.087892,-0.093712
0.097770,0.087011,-0.092245
0.099426,0.087771,-0.093627
0.100884,0.086707,-0.092852
0.103194,0.088072,-0.093543
0.104911,0.088034,-0.093280
0.104536,0.088139,-0.093123
0.105939,0.087695,-0.094208
0.106316,0.086587,-0.095046
0.110490,0.087988,-0.094113
0.111195,0.086343,-0.095145
0.111982,0.086338,-0.096463
0.113479,0.088313,-0.095872
0.113315,0.088626,-0.097131
0.117519,0.085669,-0.096511
0.116348,0.089648,-0.097224
0.117354,0.087230,-0.097168
0.120303,0.089353,-0.098356
0.122935,0.087312,-0.097765
0.121683,0.087142,-0.099946
0.124381,0.087901,-0.100146
0.126099,0.087139,-0.100764
0.129515,0.088056,-0.101038
0.127447,0.085822,-0.100722
0.128983,0.087107,-0.101644
0.130895,0.086116,-0.102931
0.133934,0.088814,-0.105195
0.132100,0.084763,-0.105174
0.135890,0.087458,-0.103950
0.136983,0.088048,-0.107970
0.138535,0.085991,-0.107650
0.140502,0.088342,-0.107015
0.141248,0.087491,-0.109295
0.143668,0.088344,-0.106928
0.143619,0.089742,-0.108807
0.146133,0.087363,-0.109993
0.146933,0.086786,-0.112583
0.148906,0.087476,-0.112041
0.149626,0.087838,-0.111486
0.149574,0.088443,-0.113679
0.153479,0.087684,-0.115370
0.153412,0.087240,-0.114539
0.155084,0.087438,-0.119449
0.157282,0.089816,-0.118071
0.158283,0.088752,-0.119533
0.158254,0.088489,-0.120925
0.161279,0.087419,-0.121348
0.165166,0.088527,-0.122081
0.163620,0.089296,-0.125053
0.165532,0.088907,-0.126406
0.168141,0.088049,-0.127306
0.169422,0.088868,-0.128750
0.168702,0.088114,-0.131408
0.171142,0.087508,-0.132908
0.171846,0.090005,-0.133113
0.175110,0.088092,-0.135320
0.175028,0.089776,-0.137604
0.176752,0.088916,-0.139025
0.178256,0.089556,-0.138977
0.180845,0.089617,-0.141266
0.182219,0.088797,-0.145340
0.182988,0.088414,-0.144346
0.184566,0.089564,-0.146962
0.188058,0.090519,-0.150194
0.188037,0.090695,-0.152800
0.188533,0.088960,-0.156414
0.190287,0.090327,-0.158869
0.190584,0.091208,-0.162086
0.193360,0.089453,-0.168536
0.195539,0.090511,-0.171570
0.196484,0.090794,-0.178124
0.198120,0.090639,-0.187040
-0.040545,0.093652,-0.184394
-0.038358,0.094300,-0.175358
-0.040101,0.091911,-0.170587
-0.037007,0.092526,-0.167325
-0.034530,0.092588,-0.163305
-0.031212,0.090152,-0.158013
-0.029870,0.091329,-0.158890
-0.030052,0.089092,-0.156433
-0.029582,0.090757,-0.149975
-0.027387,0.092428,-0.150413
-0.025965,0.089932,-0.146382
-0.022692,0.091826,-0.145831
-0.022301,0.090585,-0.143366
-0.019296,0.089799,-0.141475
-0.020054,0.092114,-0.138158
-0.018773,0.090311,-0.136808
-0.015983,0.088990,-0.134050
-0.016015,0.089299,-0.132529
-0.012814,0.090434,-0.132254
-0.010920,0.089786,-0.131157
-0.012312,0.091179,-0.129978
-0.009922,0.091360,-0.127982
-0.006726,0.091525,-0.126409
-0.006246,0.088783,-0.125733
-0.006826,0.089991,-0.124934
-0.003603,0.089561,-0.124169
-0.002469,0.088745,-0.120617
-0.000700,0.088088,-0.118588
-0.000826,0.088976,-0.121692
0.002546,0.090835,-0.118176
0.001324,0.088956,-0.118328
0.004549,0.088908,-0.116984
0.005639,0.089044,-0.116977
0.008279,0.088890,-0.114254
0.007982,0.087816,-0.111913
0.008357,0.090555,-0.113009
0.011087,0.090042,-0.111742
0.012993,0.088927,-0.111186
0.015467,0.091998,-0.110516
0.015394,0.089038,-0.109865
0.016571,0.088266,-0.108718
0.018806,0.090432,-0.109392
0.020592,0.089338,-0.109296
0.021065,0.088303,-0.107797
0.020798,0.089009,-0.106933
0.023875,0.090650,-0.106531
0.024521,0.088945,-0.107339
0.028363,0.088476,-0.107205
0.027143,0.089875,-0.106636
0.029266,0.089348,-0.103452
0.030910,0.089926,-0.104233
0.031910,0.089535,-0.103600
0.034595,0.088708,-0.102394
0.032170,0.089845,-0.105583
0.036476,0.089097,-0.103357
0.038690,0.090507,-0.104299
0.039777,0.089367,-0.102518
0.040543,0.090177,-0.102684
0.042661,0.089351,-0.103237
0.042592,0.089142,-0.101730
0.043734,0.090027,-0.099391
0.045552,0.089893,-0.101025
0.047059,0.089529,-0.099666
0.048404,0.089411,-0.099293
0.051113,0.087668,-0.099427
0.052571,0.090138,-0.100501
0.055354,0.090731,-0.099772
0.055327,0.088111,-0.099623
0.056562,0.088135,-0.098756
0.055678,0.090019,-0.099363
0.056831,0.086937,-0.096945
0.059494,0.089959,-0.098938
0.059171,0.089541,-0.098589
0.062256,0.090455,-0.098168
0.065188,0.089272,-0.097857
0.065139,0.088762,-0.097488
0.066570,0.088004,-0.097922
0.069543,0.089976,-0.096113
0.069119,0.089957,-0.095866
0.070395,0.089659,-0.094209
0.072270,0.089788,-0.097012
0.072033,0.088057,-0.096990
0.075049,0.089793,-0.096083
0.076379,0.088749,-0.094480
0.077842,0.089074,-0.095572
0.078300,0.090086,-0.094962
0.080894,0.087741,-0.094335
0.081599,0.088616,-0.093857
0.083581,0.089016,-0.093870
0.082967,0.089721,-0.093314
0.083698,0.088869,-0.093152
0.087069,0.088439,-0.094081
0.086561,0.088879,-0.094628
0.090557,0.088497,-0.094511
0.092785,0.089683,-0.094045
0.092369,0.088480,-0.092563
0.094622,0.088520,-0.092413
0.095203,0.088418,-0.094465
0.096836,0.089405,-0.093197
0.098535,0.089664,-0.092696
0.100282,0.090445,-0.093932
0.102172,0.088227,-0.095199
0.101960,0.086547,-0.092775
0.104414,0.089184,-0.094961
0.104920,0.088940,-0.093830
0.106853,0.088264,-0.095588
0.107246,0.088912,-0.095932
0.110460,0.089202,-0.096604
0.110181,0.088701,-0.094060
0.110697,0.090232,-0.097263
0.112509,0.088938,-0.096484
0.114489,0.088140,-0.097805
0.116579,0.090445,-0.097075
0.116688,0.090138,-0.097474
0.117752,0.088891,-0.099379
0.120219,0.088359,-0.098709
0.120694,0.089694,-0.097579
0.122548,0.089821,-0.099947
0.123764,0.089282,-0.099031
0.125508,0.089625,-0.100708
0.126954,0.089037,-0.102374
0.128630,0.087916,-0.101883
0.130550,0.091371,-0.103044
0.131654,0.087408,-0.104015
0.132613,0.089460,-0.104559
0.134496,0.088725,-0.104996
0.136206,0.091298,-0.106918
0.137408,0.088902,-0.106045
0.139109,0.089420,-0.105678
0.140353,0.089455,-0.106800
0.141613,0.090668,-0.107453
0.141753,0.089002,-0.108638
0.144481,0.090257,-0.110662
0.144790,0.089789,-0.109273
0.145261,0.089471,-0.109469
0.148589,0.089420,-0.110050
0.149305,0.090199,-0.113781
0.151931,0.090985,-0.114082
0.151859,0.088483,-0.116944
0.154583,0.089438,-0.116037
0.155970,0.090136,-0.116570
0.156212,0.088602,-0.119477
0.156721,0.089461,-0.119544
0.159059,0.089448,-0.120948
0.161245,0.090432,-0.121374
0.163027,0.090536,-0.123391
0.163082,0.091708,-0.123212
0.165493,0.090548,-0.125249
0.165441,0.090032,-0.128000
0.167658,0.090166,-0.127488
0.170912,0.090422,-0.129261
0.171333,0.089274,-0.131199
0.172184,0.089839,-0.132740
0.170917,0.090789,-0.132667
0.174860,0.092541,-0.136732
0.176972,0.091157,-0.138400
0.179272,0.091354,-0.140686
0.179453,0.091042,-0.142915
0.178808,0.089671,-0.142257
0.181499,0.088845,-0.145612
0.183478,0.090752,-0.148771
0.183864,0.092785,-0.149785
0.187604,0.091537,-0.152596
0.189189,0.092030,-0.154808
0.189086,0.090935,-0.157288
0.190343,0.092775,-0.163325
0.193697,0.091176,-0.164849
0.194663,0.092509,-0.171286
0.197176,0.093264,-0.175626
0.200216,0.092133,-0.180285
0.201755,0.093961,-0.195616
-0.041968,0.094033,-0.186950
-0.038446,0.093332,-0.176190
-0.038271,0.094997,-0.171259
-0.033890,0.094459,-0.165272
-0.031826,0.091413,-0.163578
-0.033226,0.092627,-0.160326
-0.030972,0.091495,-0.157263
-0.030423,0.093802,-0.155578
-0.027948,0.095733,-0.153885
-0.027587,0.093627,-0.149624
-0.024589,0.091101,-0.148023
-0.023277,0.090139,-0.144382
-0.023425,0.092115,-0.140503
-0.020712,0.093126,-0.142971
-0.020022,0.093148,-0.140894
-0.017931,0.093039,-0.137032
-0.016933,0.091446,-0.136571
-0.015543,0.092610,-0.133117
-0.013541,0.091952,-0.133072
-0.012072,0.092500,-0.130202
-0.011673,0.092587,-0.128458
-0.010134,0.092634,-0.129165
-0.008590,0.092077,-0.125722
-0.007386,0.092574,-0.128015
-0.003850,0.092888,-0.123622
-0.003875,0.092491,-0.122156
-0.002787,0.091105,-0.120403
-0.001154,0.091748,-0.120171
0.000249,0.091316,-0.119162
0.001113,0.091722,-0.119992
0.001407,0.089626,-0.118248
0.004357,0.092291,-0.117450
0.005593,0.091394,-0.115613
0.006079,0.090761,-0.117452
0.007697,0.091405,-0.115972
0.010916,0.090481,-0.114389
0.010090,0.092072,-0.112824
0.011997,0.091109,-0.111233
0.013564,0.092191,-0.111909
0.014669,0.088853,-0.111308
0.016568,0.089792,-0.107207
0.018022,0.092815,-0.109843
0.020733,0.090121,-0.107881
0.019723,0.090625,-0.108792
0.020411,0.093216,-0.107901
0.024203,0.090972,-0.109543
0.026241,0.090553,-0.105379
0.025210,0.090201,-0.106967
0.028116,0.091409,-0.106507
0.029123,0.089500,-0.104651
0.030361,0.091869,-0.104261
0.031875,0.089059,-0.104859
0.033828,0.091059,-0.105590
0.035570,0.091937,-0.102535
0.036696,0.091481,-0.104430
0.039034,0.089887,-0.100765
0.038650,0.091886,-0.102705
0.040002,0.091819,-0.100799
0.043429,0.091894,-0.100809
0.042716,0.090125,-0.101565
0.043742,0.090466,-0.102736
0.044483,0.089686,-0.101720
0.047224,0.091223,-0.102562
0.048285,0.090089,-0.100743
0.050120,0.091335,-0.100160
0.051234,0.091214,-0.099314
0.054217,0.089626,-0.101455
0.053238,0.091987,-0.099260
0.056204,0.089457,-0.100116
0.058436,0.092074,-0.099056
0.058052,0.089250,-0.099844
0.059277,0.090895,-0.099951
0.061170,0.089729,-0.098727
0.061141,0.090691,-0.100469
0.064404,0.090047,-0.097994
0.064470,0.089781,-0.098165
0.068587,0.089757,-0.095649
0.068262,0.090702,-0.095143
0.070277,0.090524,-0.096697
0.070512,0.090541,-0.098807
0.072638,0.091405,-0.097004
0.073905,0.091206,-0.094379
0.076737,0.089836,-0.095834
0.076476,0.090585,-0.094851
0.077445,0.090990,-0.095337
0.079022,0.089759,-0.096196
0.081837,0.090702,-0.094904
0.082804,0.088469,-0.094309
0.083715,0.088812,-0.094941
0.085502,0.089085,-0.095942
0.084494,0.090670,-0.093728
0.086952,0.089671,-0.094735
0.087417,0.090595,-0.094598
0.091080,0.090069,-0.093307
0.092144,0.092020,-0.094997
0.092221,0.091246,-0.093331
0.093516,0.090393,-0.092104
0.097693,0.087757,-0.091632
0.096235,0.089956,-0.094027
0.098961,0.090688,-0.094415
0.099751,0.091576,-0.093587
0.101202,0.090737,-0.094993
0.102218,0.089946,-0.095645
0.104723,0.091927,-0.095071
0.104546,0.090919,-0.096117
0.105730,0.090539,-0.094946
0.107664,0.089443,-0.095514
0.107651,0.090705,-0.097526
0.110168,0.091269,-0.095331
0.112319,0.091929,-0.095802
0.112482,0.092654,-0.097688
0.116044,0.089025,-0.096708
0.116031,0.091479,-0.096391
0.117889,0.089666,-0.099287
0.118731,0.090632,-0.098292
0.120706,0.090572,-0.098145
0.120818,0.089534,-0.098214
0.123349,0.088118,-0.098669
0.124020,0.091433,-0.101051
0.125623,0.091818,-0.101038
0.125774,0.090331,-0.102916
0.128039,0.090299,-0.103439
0.127786,0.092630,-0.102627
0.130165,0.089529,-0.104485
0.132365,0.092900,-0.104861
0.132928,0.089549,-0.103681
0.137738,0.090418,-0.104587
0.136904,0.091377,-0.106608
0.138413,0.091945,-0.108203
0.139756,0.089849,-0.106649
0.140524,0.091833,-0.109575
0.140578,0.091334,-0.106598
0.144093,0.090669,-0.111157
0.146558,0.090429,-0.109300
0.147605,0.090517,-0.112075
0.148580,0.090721,-0.113487
0.148190,0.091797,-0.114276
0.151772,0.092366,-0.115395
0.153772,0.090938,-0.118089
0.153494,0.089962,-0.115956
0.157515,0.089833,-0.118501
0.158042,0.091283,-0.118297
0.158170,0.091139,-0.121467
0.159295,0.091371,-0.120120
0.160614,0.092922,-0.124254
0.162879,0.091460,-0.123996
0.164579,0.090793,-0.123775
0.164041,0.091779,-0.124523
0.167761,0.092782,-0.129602
0.168161,0.090477,-0.129182
0.169121,0.091920,-0.129149
0.170498,0.091682,-0.130805
0.171173,0.091098,-0.132838
0.173288,0.092186,-0.136558
0.175163,0.091370,-0.138492
0.176173,0.093516,-0.138466
0.179024,0.090435,-0.140549
0.180025,0.091470,-0.143205
0.179760,0.092333,-0.144519
0.184299,0.092388,-0.144723
0.183679,0.093159,-0.147973
0.184741,0.091749,-0.148027
0.187647,0.092905,-0.152181
0.188626,0.093873,-0.154955
0.189154,0.091977,-0.158584
0.193048,0.093397,-0.160640
0.192256,0.093164,-0.165533
0.194490,0.092967,-0.167724
0.196469,0.092036,-0.175829
0.196875,0.094242,-0.181609
0.200325,0.092643,-0.186552
0.201863,0.094929,-0.198846
-0.040198,0.096045,-0.189212
-0.038300,0.093800,-0.178233
-0.036576,0.095234,-0.171380
-0.034182,0.094282,-0.168009
-0.034577,0.095025,-0.164126
-0.032959,0.093676,-0.160871
-0.031808,0.095847,-0.158191
-0.030206,0.093522,-0.155077
-0.028430,0.094457,-0.154334
-0.027571,0.094069,-0.151645
-0.027008,0.093787,-0.148354
-0.023599,0.095088,-0.145310
-0.022812,0.093554,-0.144224
-0.021487,0.096244,-0.142221
-0.019141,0.092741,-0.138374
-0.017146,0.093661,-0.138222
-0.017570,0.093220,-0.135322
-0.014525,0.093347,-0.133225
-0.014074,0.093834,-0.132978
-0.012672,0.093591,-0.129079
-0.012801,0.095517,-0.130807
-0.010240,0.092094,-0.128126
-0.007757,0.094508,-0.127894
-0.007302,0.092702,-0.128176
-0.005397,0.093007,-0.126665
-0.005013,0.092995,-0.123352
-0.003858,0.095108,-0.120849
-0.000898,0.095622,-0.123034
0.000952,0.093755,-0.121381
0.001858,0.092611,-0.119706
0.001246,0.093424,-0.117437
0.004289,0.092911,-0.117413
0.007452,0.092154,-0.115720
0.007348,0.092760,-0.113803
0.008076,0.092380,-0.113310
0.008725,0.090052,-0.113958
0.010264,0.092799,-0.113670
0.012934,0.092689,-0.110793
0.013765,0.093259,-0.112373
0.015443,0.092592,-0.111225
0.016885,0.092557,-0.108873
0.016072,0.092908,-0.109183
0.019287,0.092201,-0.108943
0.023061,0.092506,-0.108193
0.023057,0.092135,-0.108355
0.024224,0.093213,-0.109319
0.024903,0.092324,-0.105017
0.027597,0.094206,-0.107256
0.028089,0.092937,-0.105873
0.029054,0.092696,-0.106482
0.029947,0.091428,-0.106411
0.031436,0.092961,-0.105604
0.033783,0.094671,-0.105069
0.035419,0.092486,-0.104519
0.036274,0.091572,-0.103668
0.037438,0.091356,-0.102861
0.040262,0.091827,-0.104903
0.040004,0.093314,-0.103605
0.041819,0.091707,-0.101344
0.044142,0.093362,-0.103164
0.045524,0.092285,-0.102105
0.044542,0.092336,-0.100778
0.046365,0.090775,-0.100243
0.048820,0.091784,-0.101335
0.050349,0.093557,-0.098362
0.050864,0.092946,-0.102032
0.053117,0.092423,-0.101198
0.052540,0.093873,-0.100845
0.056126,0.093530,-0.099860
0.055331,0.092549,-0.098793
0.057304,0.092222,-0.101371
0.060950,0.092363,-0.098201
0.061260,0.089235,-0.098575
0.061132,0.090907,-0.098563
0.064229,0.092328,-0.097709
0.064927,0.089847,-0.099115
0.065827,0.091925,-0.097916
0.068927,0.090840,-0.097765
0.069210,0.090721,-0.095615
0.071065,0.091827,-0.096891
0.072119,0.091964,-0.097481
0.073818,0.091060,-0.097046
0.075664,0.092631,-0.096595
0.074988,0.091360,-0.096462
0.075368,0.091573,-0.095835
0.077937,0.091474,-0.096340
0.080826,0.091283,-0.095623
0.081789,0.091426,-0.096245
0.082958,0.093554,-0.093864
0.084967,0.093998,-0.093973
0.086000,0.093312,-0.092444
0.087730,0.092809,-0.094552
0.087430,0.092417,-0.093913
0.091257,0.091158,-0.095263
0.090872,0.092701,-0.094833
0.092676,0.092491,-0.093451
0.094269,0.090513,-0.093869
0.097384,0.092406,-0.094406
0.097219,0.091829,-0.096669
0.098860,0.091887,-0.093874
0.098701,0.090693,-0.096290
0.099364,0.092749,-0.094494
0.103105,0.092351,-0.095339
0.103840,0.091164,-0.094960
0.105394,0.091630,-0.094067
0.105896,0.092259,-0.096242
0.107028,0.091489,-0.095059
0.110833,0.089724,-0.097513
0.110472,0.093029,-0.095326
0.111099,0.092391,-0.096250
0.113401,0.092573,-0.096925
0.114251,0.093532,-0.095943
0.117058,0.092992,-0.097102
0.117737,0.093389,-0.096708
0.117763,0.092978,-0.098271
0.119111,0.091517,-0.098747
0.121304,0.093217,-0.100238
0.121448,0.094038,-0.099194
0.122131,0.091606,-0.102688
0.125164,0.091731,-0.101113
0.125991,0.091947,-0.101048
0.128413,0.092102,-0.102380
0.130449,0.093084,-0.104097
0.131195,0.091137,-0.103868
0.133673,0.090788,-0.103491
0.133982,0.091516,-0.103669
0.136806,0.093283,-0.105722
0.136904,0.092463,-0.105724
0.137447,0.092095,-0.106938
0.140477,0.092303,-0.107588
0.141012,0.092944,-0.108753
0.139919,0.092003,-0.109832
0.143172,0.092623,-0.110398
0.145751,0.093764,-0.110955
0.144894,0.092267,-0.112609
0.149309,0.094136,-0.112064
0.147718,0.092124,-0.113074
0.150789,0.091239,-0.115440
0.151353,0.092579,-0.116248
0.152718,0.092467,-0.115828
0.156226,0.093866,-0.117191
0.154631,0.093401,-0.117044
0.156722,0.093788,-0.119879
0.159174,0.094392,-0.121624
0.162031,0.093829,-0.124598
0.163139,0.094420,-0.122999
0.162584,0.095055,-0.126206
0.164779,0.094393,-0.127086
0.165580,0.092837,-0.126136
0.166735,0.092979,-0.128551
0.169964,0.093445,-0.131410
0.171478,0.091749,-0.131995
0.171951,0.092104,-0.134560
0.172665,0.093756,-0.134062
0.175868,0.095283,-0.135449
0.176567,0.095446,-0.138674
0.178755,0.093810,-0.139704
0.180685,0.092281,-0.143743
0.179366,0.093292,-0.142283
0.184379,0.093293,-0.143719
0.184730,0.093892,-0.147603
0.185756,0.094062,-0.146524
0.187439,0.095600,-0.151095
0.189234,0.095992,-0.153433
0.190273,0.094398,-0.155794
0.191884,0.094035,-0.161895
0.193150,0.094887,-0.163913
0.193813,0.094898,-0.167174
0.197348,0.094770,-0.169707
0.197554,0.094360,-0.176945
0.199458,0.096564,-0.184138
0.200591,0.093108,-0.197976
-0.042333,0.098031,-0.189568
-0.040080,0.096878,-0.179512
-0.038405,0.096614,-0.172987
-0.037134,0.096095,-0.168162
-0.034889,0.096359,-0.164170
-0.034006,0.096585,-0.163146
-0.032126,0.094763,-0.156040
-0.027813,0.095788,-0.157526
-0.028148,0.094987,-0.154536
-0.026792,0.095655,-0.152065
-0.025892,0.096862,-0.149296
-0.023232,0.095184,-0.145724
-0.022809,0.095586,-0.144703
-0.021268,0.096179,-0.140854
-0.021055,0.095343,-0.140537
-0.018228,0.095982,-0.138074
-0.017553,0.095837,-0.136929
-0.014508,0.095351,-0.132649
-0.012367,0.095587,-0.133073
-0.013716,0.093843,-0.131857
-0.010666,0.093390,-0.131802
-0.009867,0.095485,-0.130209
-0.007278,0.094929,-0.127335
-0.006252,0.094216,-0.127439
-0.005570,0.095536,-0.125471
-0.006344,0.094505,-0.124034
-0.002071,0.093629,-0.122280
-0.001697,0.094197,-0.121029
0.000647,0.095394,-0.119500
0.002089,0.095433,-0.118192
0.002972,0.093774,-0.116416
0.004256,0.093992,-0.116356
0.007316,0.094017,-0.117928
0.006468,0.094100,-0.115436
0.009310,0.092715,-0.115668
0.009729,0.096734,-0.115343
0.012010,0.093176,-0.112797
0.012882,0.094467,-0.113060
0.013888,0.091544,-0.113604
0.015532,0.094145,-0.111418
0.017615,0.093947,-0.111320
0.018668,0.094609,-0.109232
0.020245,0.094726,-0.109122
0.020725,0.095208,-0.108510
0.022702,0.094316,-0.108049
0.024262,0.093478,-0.107536
0.025748,0.094566,-0.105087
0.028274,0.091758,-0.107668
0.026959,0.093824,-0.105866
0.028928,0.094081,-0.105595
0.031024,0.092129,-0.105093
0.030539,0.094595,-0.106017
0.033041,0.093811,-0.104954
0.037217,0.093917,-0.104831
0.037120,0.093242,-0.105787
0.037654,0.094659,-0.106003
0.038484,0.095711,-0.104080
0.040464,0.093502,-0.102658
0.041195,0.093245,-0.104803
0.043053,0.095539,-0.103751
0.047410,0.093304,-0.103894
0.046811,0.095046,-0.101946
0.045794,0.094797,-0.102412
0.046692,0.094577,-0.101049
0.049864,0.094658,-0.100436
0.049213,0.094034,-0.103077
0.052726,0.093509,-0.100305
0.053717,0.094849,-0.100407
0.055092,0.093973,-0.101058
0.056612,0.091964,-0.100894
0.058491,0.094942,-0.100486
0.058793,0.094826,-0.099949
0.061187,0.094566,-0.099426
0.061300,0.094894,-0.098889
0.063992,0.094483,-0.098932
0.065399,0.093577,-0.098423
0.067364,0.095022,-0.098506
0.067761,0.094497,-0.097058
0.069772,0.095665,-0.099172
0.070648,0.094079,-0.099652
0.070601,0.094654,-0.096946
0.072485,0.094748,-0.095624
0.074910,0.091585,-0.095958
0.077796,0.093157,-0.096385
0.076843,0.094411,-0.097306
0.077430,0.093215,-0.096274
0.079409,0.092677,-0.097131
0.082083,0.094114,-0.095343
0.083478,0.093692,-0.095560
0.083207,0.093697,-0.094763
0.086843,0.093208,-0.096287
0.087985,0.093317,-0.095409
0.089193,0.093817,-0.093777
0.089417,0.092729,-0.094773
0.091219,0.094573,-0.094090
0.091429,0.093228,-0.094906
0.094768,0.093747,-0.095461
0.096710,0.093833,-0.096522
0.096194,0.092796,-0.093932
0.097268,0.093796,-0.094620
0.098924,0.094726,-0.094772
0.099139,0.093645,-0.094360
0.103060,0.092115,-0.096099
0.103390,0.095435,-0.097977
0.106808,0.092744,-0.095465
0.105912,0.092724,-0.096131
0.109493,0.093781,-0.097177
0.108603,0.093910,-0.095595
0.112115,0.094471,-0.098019
0.112736,0.093546,-0.097553
0.112830,0.094176,-0.097447
0.116633,0.096505,-0.098288
0.116795,0.093462,-0.097523
0.118581,0.095011,-0.097775
0.120012,0.092703,-0.099531
0.120732,0.094388,-0.099058
0.121622,0.095276,-0.100597
0.123410,0.094663,-0.099505
0.125651,0.094053,-0.101457
0.126486,0.094312,-0.100662
0.128208,0.094892,-0.102552
0.129786,0.091471,-0.103141
0.129197,0.094877,-0.104142
0.131598,0.093988,-0.104162
0.132558,0.094390,-0.103912
0.133876,0.094652,-0.103915
0.134496,0.095006,-0.105477
0.135635,0.092324,-0.107733
0.138005,0.094452,-0.108476
0.140768,0.093444,-0.107264
0.139796,0.095207,-0.110286
0.142759,0.093809,-0.109351
0.143121,0.094420,-0.109351
0.145319,0.093217,-0.111634
0.148169,0.092607,-0.110515
0.148269,0.092712,-0.111782
0.149279,0.094159,-0.113660
0.149564,0.092894,-0.115115
0.152765,0.095246,-0.117320
0.153655,0.095269,-0.117690
0.155255,0.094065,-0.119632
0.157981,0.092403,-0.120014
0.157507,0.094637,-0.120825
0.160284,0.096841,-0.122570
0.159883,0.094686,-0.123243
0.161401,0.094303,-0.122812
0.165331,0.094953,-0.126292
0.165404,0.094222,-0.125655
0.166928,0.093532,-0.128466
0.168700,0.095207,-0.128779
0.169902,0.095886,-0.131040
0.172698,0.096153,-0.132329
0.174240,0.094669,-0.131429
0.173666,0.096870,-0.133444
0.174927,0.093782,-0.136330
0.177966,0.094734,-0.136176
0.177997,0.093473,-0.139610
0.180128,0.096979,-0.139115
0.180106,0.097036,-0.142221
0.183358,0.095897,-0.143590
0.183400,0.095035,-0.145774
0.184381,0.095450,-0.147068
0.186312,0.097924,-0.150122
0.188322,0.095777,-0.152294
0.189154,0.095025,-0.156278
0.191086,0.098428,-0.157634
0.193899,0.095664,-0.162889
0.195935,0.096638,-0.166069
0.196698,0.096738,-0.167402
0.198162,0.097425,-0.175228
0.200316,0.096344,-0.181161
0.200942,0.098837,-0.191122
0.205238,0.098653,-0.197534
-0.040490,0.097980,-0.191232
-0.038970,0.096095,-0.177868
-0.037949,0.099060,-0.173404
-0.035744,0.098289,-0.168588
-0.031949,0.096510,-0.164695
-0.032685,0.097061,-0.163382
-0.031734,0.097449,-0.159456
-0.030555,0.098826,-0.157099
-0.027715,0.096393,-0.154687
-0.027148,0.096999,-0.153372
-0.026301,0.098272,-0.150343
-0.025352,0.096603,-0.146483
-0.024060,0.097915,-0.145718
-0.021144,0.097671,-0.143345
-0.021314,0.098279,-0.141806
-0.018580,0.095116,-0.138283
-0.017688,0.097674,-0.136479
-0.015556,0.097016,-0.134999
-0.014223,0.094533,-0.134917
-0.014317,0.097116,-0.133374
-0.012093,0.096265,-0.131187
-0.008797,0.095611,-0.129408
-0.009281,0.096586,-0.128440
-0.006643,0.094756,-0.127000
-0.004598,0.094135,-0.124797
-0.004946,0.096272,-0.123862
-0.001722,0.096784,-0.122625
-0.000971,0.094868,-0.122408
-0.000478,0.094863,-0.119494
0.001469,0.095948,-0.117447
0.002856,0.095193,-0.120490
0.003270,0.097686,-0.118165
0.005263,0.095701,-0.117446
0.007247,0.096442,-0.115381
0.007686,0.095326,-0.114521
0.008914,0.096494,-0.113120
0.010330,0.096268,-0.111947
0.013359,0.096699,-0.113249
0.014216,0.095381,-0.111901
0.015889,0.094228,-0.110685
0.016924,0.097375,-0.111231
0.018532,0.094971,-0.111199
0.019208,0.094171,-0.109005
0.021018,0.096150,-0.108423
0.024366,0.095341,-0.107345
0.023325,0.096093,-0.108212
0.023996,0.094121,-0.107652
0.026262,0.095218,-0.106004
0.027993,0.095730,-0.107805
0.028237,0.096237,-0.107881
0.031245,0.096524,-0.106062
0.033315,0.095917,-0.104778
0.034774,0.095932,-0.104089
0.035125,0.096525,-0.105535
0.036936,0.098756,-0.103206
0.037573,0.096098,-0.104262
0.041240,0.096883,-0.103529
0.041789,0.096040,-0.105156
0.043457,0.094979,-0.102097
0.043208,0.095898,-0.105106
0.045143,0.095750,-0.103035
0.045806,0.095370,-0.103638
0.048736,0.095308,-0.102526
0.048574,0.094276,-0.101947
0.050377,0.095642,-0.101063
0.050418,0.093704,-0.101607
0.052194,0.093678,-0.101197
0.054668,0.095941,-0.101885
0.056273,0.096633,-0.100151
0.059003,0.094184,-0.101131
0.059840,0.095553,-0.101168
0.058943,0.094756,-0.100656
0.060408,0.094436,-0.100228
0.061333,0.096126,-0.099045
0.065526,0.096267,-0.098378
0.065644,0.095311,-0.099490
0.066703,0.096790,-0.100296
0.065822,0.096056,-0.098968
0.068149,0.095797,-0.098370
0.071305,0.094514,-0.097909
0.070395,0.094801,-0.098552
0.072887,0.095781,-0.098017
0.074676,0.095948,-0.096476
0.075367,0.094494,-0.097463
0.078871,0.094586,-0.096939
0.078284,0.096476,-0.097705
0.079715,0.095884,-0.095979
0.081978,0.094947,-0.097047
0.084313,0.096003,-0.094243
0.085340,0.094814,-0.095711
0.086471,0.094952,-0.096367
0.086596,0.094189,-0.096141
0.088499,0.094883,-0.096465
0.090318,0.094752,-0.094823
0.093515,0.095369,-0.093983
0.092418,0.094802,-0.095593
0.093696,0.094973,-0.094805
0.095082,0.095719,-0.095458
0.097081,0.094868,-0.094221
0.098641,0.094535,-0.094798
0.100038,0.095661,-0.094133
0.101059,0.094643,-0.094769
0.102956,0.094157,-0.096089
0.103166,0.095126,-0.096767
0.104418,0.094899,-0.096534
0.106830,0.095824,-0.097788
0.107749,0.093886,-0.097047
0.109470,0.093403,-0.096824
0.112573,0.095506,-0.097449
0.110440,0.095644,-0.097826
0.113564,0.095453,-0.097526
0.114403,0.095214,-0.097694
0.115386,0.095430,-0.098020
0.119012,0.095061,-0.099256
0.118380,0.097325,-0.098784
0.121594,0.095590,-0.101155
0.121283,0.095438,-0.101097
0.122517,0.095511,-0.099519
0.122270,0.095534,-0.099682
0.126598,0.098640,-0.103115
0.128319,0.095198,-0.102719
0.127381,0.095702,-0.103124
0.130551,0.094624,-0.104751
0.132406,0.096017,-0.101475
0.134160,0.093772,-0.104658
0.133360,0.095092,-0.105462
0.137598,0.096585,-0.107092
0.135953,0.094474,-0.107686
0.138813,0.095519,-0.108550
0.139060,0.098466,-0.110110
0.141170,0.094990,-0.110758
0.143531,0.097005,-0.111804
0.143369,0.095420,-0.112101
0.145566,0.096584,-0.111359
0.146869,0.095447,-0.111399
0.148900,0.096430,-0.114668
0.147446,0.096999,-0.113728
0.149681,0.097623,-0.116322
0.152349,0.095398,-0.116892
0.154943,0.095498,-0.117965
0.155732,0.096686,-0.118973
0.156448,0.095248,-0.118390
0.158651,0.097489,-0.119067
0.160045,0.096546,-0.122262
0.161391,0.097000,-0.123910
0.161628,0.095496,-0.123900
0.161680,0.095632,-0.124261
0.163869,0.097459,-0.126924
0.165532,0.096287,-0.127406
0.168711,0.097127,-0.127841
0.170089,0.096848,-0.130262
0.171791,0.094287,-0.133034
0.172379,0.095553,-0.134382
0.174297,0.096979,-0.133783
0.173628,0.095833,-0.135893
0.178595,0.096029,-0.137269
0.178994,0.096771,-0.137369
0.177915,0.097803,-0.138653
0.179867,0.097468,-0.141937
0.182879,0.095544,-0.143853
0.183037,0.097673,-0.146506
0.186113,0.096978,-0.146807
0.186657,0.096205,-0.149439
0.188495,0.100048,-0.153197
0.190754,0.098370,-0.154018
0.192188,0.097784,-0.157466
0.190580,0.097710,-0.161344
0.195748,0.098914,-0.166538
0.197195,0.098224,-0.169266
0.199520,0.097814,-0.172599
0.199775,0.100190,-0.178770
0.202191,0.095541,-0.183411
0.202816,0.099891,-0.193569
-0.041190,0.101337,-0.192004
-0.038787,0.101234,-0.182593
-0.038214,0.100468,-0.174311
-0.038101,0.098219,-0.169301
-0.034153,0.100221,-0.168088
-0.034631,0.099839,-0.163163
-0.032113,0.099025,-0.160564
-0.030931,0.100514,-0.158938
-0.028082,0.100018,-0.154086
-0.027969,0.099270,-0.152834
-0.024709,0.097180,-0.151537
-0.022578,0.099017,-0.147403
-0.023241,0.097646,-0.144762
-0.021983,0.099220,-0.143174
-0.018745,0.098106,-0.141821
-0.018368,0.100206,-0.138262
-0.018348,0.097866,-0.136931
-0.014346,0.097929,-0.136077
-0.011928,0.097673,-0.135683
-0.013435,0.099250,-0.134248
-0.011657,0.098150,-0.132316
-0.011664,0.097364,-0.130044
-0.008393,0.099208,-0.130005
-0.005453,0.097059,-0.129443
-0.005152,0.098164,-0.126612
-0.004176,0.097266,-0.124392
-0.003143,0.097402,-0.124697
-0.002558,0.100061,-0.121353
-0.000388,0.098372,-0.120349
0.000741,0.098453,-0.119985
0.002791,0.096250,-0.120398
0.003060,0.099292,-0.118080
0.005869,0.097902,-0.118196
0.008722,0.096260,-0.116043
0.008085,0.097557,-0.116192
0.011788,0.097289,-0.114879
0.010891,0.098656,-0.114236
0.012545,0.097179,-0.113361
0.015263,0.097010,-0.113307
0.016358,0.096263,-0.110611
0.018037,0.096385,-0.112480
0.019584,0.096958,-0.110164
0.020106,0.097240,-0.109481
0.020775,0.098361,-0.110066
0.021065,0.096627,-0.108947
0.022743,0.097501,-0.109175
0.025334,0.097459,-0.109881
0.028151,0.096787,-0.106290
0.030072,0.098391,-0.108032
0.028544,0.096848,-0.107414
0.031420,0.096738,-0.105281
0.033868,0.097900,-0.104644
0.033474,0.098348,-0.107193
0.034759,0.096365,-0.104923
0.036356,0.096171,-0.105521
0.038104,0.097697,-0.104173
0.038185,0.098822,-0.105967
0.039898,0.098555,-0.104066
0.042165,0.096328,-0.104481
0.041265,0.095854,-0.104831
0.043070,0.098081,-0.103909
0.046965,0.096905,-0.103243
0.047499,0.096473,-0.102656
0.048624,0.097944,-0.102790
0.049938,0.097498,-0.102181
0.053780,0.095983,-0.103998
0.053341,0.098461,-0.100527
0.054621,0.096885,-0.102027
0.054034,0.097942,-0.102679
0.057613,0.097485,-0.100897
0.057566,0.096245,-0.100597
0.060840,0.097292,-0.099408
0.060055,0.096422,-0.099664
0.062630,0.097918,-0.101069
0.063541,0.094840,-0.098435
0.063715,0.098595,-0.099340
0.067227,0.096656,-0.096353
0.068228,0.095823,-0.097050
0.071274,0.098590,-0.100435
0.070964,0.095882,-0.096308
0.070525,0.097810,-0.097216
0.073069,0.095204,-0.096397
0.074221,0.096341,-0.097691
0.074129,0.097369,-0.096742
0.078257,0.095862,-0.094182
0.079451,0.098771,-0.098818
0.078949,0.097863,-0.095821
0.082459,0.096643,-0.094193
0.081694,0.096529,-0.096006
0.084040,0.095746,-0.096419
0.085122,0.095347,-0.095481
0.087623,0.097283,-0.095706
0.086550,0.095484,-0.094909
0.089985,0.096266,-0.096560
0.090921,0.096536,-0.095520
0.093947,0.096644,-0.094476
0.094348,0.096000,-0.095854
0.095048,0.095375,-0.095215
0.097070,0.097495,-0.095876
0.098657,0.095616,-0.095201
0.100989,0.097016,-0.093922
0.100909,0.097878,-0.096519
0.102932,0.096111,-0.096330
0.103218,0.097330,-0.096882
0.102778,0.096090,-0.094344
0.107373,0.095776,-0.096550
0.107144,0.097125,-0.097441
0.111615,0.097264,-0.094467
0.109148,0.096653,-0.099370
0.113955,0.096315,-0.098054
0.113503,0.096597,-0.098808
0.114687,0.096438,-0.098644
0.116905,0.097018,-0.100098
0.116265,0.097750,-0.099653
0.119183,0.098797,-0.098105
0.119923,0.095855,-0.099996
0.120395,0.098325,-0.102513
0.122811,0.098578,-0.101937
0.124249,0.098234,-0.100306
0.124576,0.095461,-0.101187
0.127084,0.097353,-0.103247
0.128592,0.095693,-0.103976
0.130607,0.098036,-0.102939
0.130963,0.096223,-0.105902
0.133606,0.097553,-0.105972
0.135051,0.097182,-0.107104
0.136137,0.098070,-0.105897
0.136967,0.097258,-0.108853
0.139098,0.097582,-0.106478
0.140189,0.096309,-0.106353
0.140563,0.096422,-0.109305
0.143970,0.097046,-0.110180
0.145038,0.098144,-0.110956
0.145903,0.098861,-0.113489
0.147071,0.098084,-0.112146
0.148544,0.098680,-0.111136
0.149929,0.096452,-0.113352
0.151399,0.097821,-0.116419
0.153436,0.095730,-0.117350
0.155000,0.097419,-0.117174
0.154916,0.096408,-0.117983
0.156514,0.098501,-0.117971
0.157359,0.097708,-0.121826
0.160071,0.098557,-0.120758
0.160895,0.098093,-0.122221
0.162104,0.098244,-0.122184
0.163773,0.099691,-0.126397
0.165350,0.098171,-0.125213
0.165465,0.099284,-0.127489
0.168105,0.098290,-0.130138
0.170649,0.099191,-0.128532
0.169177,0.098145,-0.131065
0.172155,0.098099,-0.133576
0.173429,0.098599,-0.135168
0.175993,0.098654,-0.134552
0.176518,0.098417,-0.136714
0.179256,0.098519,-0.138065
0.178256,0.099854,-0.140034
0.179957,0.100265,-0.141687
0.183122,0.100481,-0.145423
0.182825,0.098689,-0.144814
0.184596,0.100180,-0.147765
0.186109,0.100439,-0.148813
0.188550,0.101015,-0.152912
0.190140,0.099364,-0.153363
0.190438,0.100467,-0.157661
0.194289,0.100693,-0.159402
0.194983,0.098374,-0.161483
0.195413,0.101033,-0.167203
0.196756,0.099442,-0.170194
0.199825,0.099511,-0.177455
0.202253,0.101650,-0.183276
0.202758,0.099798,-0.190673
0.203745,0.100743,-0.199355
-0.040718,0.104124,-0.191224
-0.039054,0.101904,-0.182796
-0.037602,0.101588,-0.175248
-0.035264,0.103771,-0.170060
-0.035802,0.102207,-0.168284
-0.034183,0.102024,-0.164377
-0.031112,0.103083,-0.161195
-0.031712,0.101079,-0.158629
-0.030194,0.101443,-0.154697
-0.028067,0.101041,-0.153502
-0.026599,0.101802,-0.153739
-0.025052,0.100820,-0.146932
-0.023514,0.098875,-0.147000
-0.022212,0.101287,-0.142787
-0.019914,0.101104,-0.141685
-0.015976,0.101672,-0.140084
-0.017108,0.100712,-0.139518
-0.016303,0.100579,-0.137952
-0.014259,0.102099,-0.135131
-0.015188,0.100113,-0.134183
-0.011319,0.098486,-0.133119
-0.010502,0.097855,-0.129983
-0.008661,0.100315,-0.130685
-0.006482,0.099527,-0.125976
-0.004927,0.097930,-0.125469
-0.003240,0.098009,-0.125347
-0.002851,0.098585,-0.125508
-0.001868,0.099776,-0.121950
-0.002019,0.099801,-0.120576
0.002460,0.099840,-0.120476
0.002087,0.099972,-0.119843
0.004695,0.099844,-0.118735
0.004649,0.098262,-0.117224
0.006508,0.101551,-0.116217
0.007904,0.101103,-0.116758
0.010738,0.098956,-0.113862
0.010989,0.099079,-0.115557
0.012623,0.098473,-0.114168
0.012748,0.099002,-0.113131
0.014497,0.098585,-0.111836
0.016574,0.098912,-0.112353
0.018021,0.099193,-0.109749
0.017671,0.097400,-0.110701
0.021779,0.101286,-0.108657
0.022825,0.097954,-0.110253
0.023920,0.101660,-0.109015
0.023964,0.099689,-0.108973
0.026390,0.096577,-0.107643
0.029277,0.099579,-0.108226
0.031166,0.098241,-0.105772
0.032034,0.099198,-0.106895
0.032832,0.098218,-0.107463
0.036555,0.098197,-0.106764
0.035690,0.099345,-0.105420
0.036538,0.098331,-0.105871
0.037900,0.098942,-0.105415
0.038821,0.098783,-0.104658
0.039524,0.099874,-0.105722
0.043361,0.097454,-0.104903
0.043558,0.098502,-0.107428
0.043015,0.098170,-0.104066
0.045802,0.098892,-0.103862
0.046944,0.099154,-0.103231
0.048758,0.099347,-0.102627
0.049908,0.100810,-0.101956
0.051214,0.098967,-0.103513
0.052978,0.097356,-0.103605
0.054520,0.097852,-0.101668
0.054983,0.098901,-0.100477
0.055669,0.097125,-0.101552
0.056326,0.097349,-0.101079
0.058810,0.099541,-0.101871
0.061048,0.098438,-0.101000
0.063405,0.098903,-0.100204
0.064974,0.099779,-0.099364
0.063913,0.097725,-0.099102
0.065598,0.099371,-0.100166
0.068660,0.099415,-0.098631
0.069002,0.100052,-0.099372
0.070932,0.098942,-0.098776
0.072490,0.099017,-0.100659
0.073205,0.099746,-0.098021
0.075649,0.098778,-0.100427
0.074756,0.096058,-0.097376
0.076235,0.099424,-0.098080
0.077886,0.097428,-0.095948
0.080362,0.097421,-0.096940
0.080088,0.097585,-0.097159
0.082592,0.097846,-0.095838
0.085494,0.098603,-0.095778
0.084919,0.098252,-0.095617
0.088952,0.098620,-0.096806
0.085999,0.097275,-0.096005
0.090432,0.098256,-0.095605
0.091030,0.097911,-0.095765
0.092647,0.096656,-0.095249
0.094983,0.099019,-0.097536
0.096725,0.098180,-0.096941
0.096449,0.097410,-0.096335
0.098025,0.097330,-0.094584
0.099842,0.097254,-0.097928
0.101317,0.097591,-0.095451
0.102410,0.098497,-0.094665
0.104723,0.097927,-0.095909
0.104523,0.098467,-0.096433
0.107413,0.097386,-0.096495
0.106723,0.097811,-0.097858
0.110028,0.098606,-0.097747
0.111636,0.100478,-0.096013
0.110968,0.097872,-0.099367
0.113818,0.099392,-0.099208
0.115304,0.098705,-0.099196
0.117231,0.100298,-0.099123
0.116012,0.096313,-0.100166
0.119224,0.098622,-0.101437
0.120909,0.099175,-0.100934
0.120695,0.099831,-0.102842
0.121871,0.097316,-0.101338
0.125557,0.096164,-0.101589
0.125179,0.099171,-0.102858
0.127344,0.099729,-0.100155
0.127415,0.098389,-0.104515
0.127886,0.097705,-0.104929
0.130622,0.098803,-0.106796
0.131681,0.097108,-0.107261
0.134326,0.098739,-0.105793
0.135616,0.098765,-0.105991
0.134173,0.098294,-0.107981
0.138365,0.099442,-0.109733
0.139489,0.099203,-0.110612
0.141504,0.099765,-0.110373
0.143565,0.099153,-0.111695
0.146378,0.099954,-0.112411
0.144616,0.097755,-0.111980
0.145935,0.098026,-0.112240
0.147008,0.099113,-0.113639
0.152699,0.101773,-0.114421
0.150097,0.099579,-0.116252
0.150324,0.098525,-0.118459
0.154253,0.099409,-0.118598
0.155889,0.099991,-0.118820
0.155824,0.100361,-0.118825
0.157300,0.099347,-0.120369
0.159140,0.100439,-0.121494
0.161485,0.100204,-0.124416
0.162851,0.099045,-0.123388
0.164103,0.098577,-0.125112
0.164847,0.099249,-0.125527
0.166216,0.100102,-0.128526
0.166387,0.100022,-0.126837
0.168517,0.099269,-0.131044
0.169498,0.099156,-0.132740
0.172366,0.098857,-0.133262
0.174614,0.098124,-0.132491
0.174460,0.099856,-0.134727
0.177602,0.101787,-0.137069
0.178230,0.101205,-0.138822
0.180594,0.101825,-0.140214
0.179967,0.100163,-0.141533
0.182325,0.100675,-0.141732
0.183957,0.099799,-0.144290
0.184345,0.098068,-0.148189
0.186988,0.100861,-0.148012
0.186431,0.100285,-0.151945
0.190817,0.101361,-0.153859
0.192062,0.101299,-0.155947
0.191586,0.100551,-0.158467
0.194137,0.102121,-0.161922
0.195359,0.102255,-0.166503
0.197398,0.100528,-0.170179
0.199270,0.104214,-0.173906
0.202224,0.100860,-0.180127
0.201537,0.102932,-0.185735
0.205553,0.102947,-0.194686
-0.041869,0.103077,-0.191508
-0.038107,0.104666,-0.185444
-0.036264,0.103709,-0.177222
-0.035593,0.100994,-0.171091
-0.034556,0.102690,-0.169267
-0.033281,0.100697,-0.163506
-0.030432,0.102116,-0.162853
-0.029977,0.102549,-0.158316
-0.028429,0.104164,-0.155860
-0.025114,0.101776,-0.153461
-0.025258,0.102637,-0.151597
-0.024469,0.101074,-0.149589
-0.022643,0.103983,-0.146147
-0.019021,0.101706,-0.144974
-0.020772,0.101992,-0.143439
-0.018521,0.103119,-0.141247
-0.016134,0.102363,-0.138988
-0.016236,0.101911,-0.137968
-0.015081,0.100581,-0.136980
-0.013505,0.101110,-0.132621
-0.011198,0.100857,-0.135210
-0.010306,0.099976,-0.131536
-0.008097,0.102101,-0.128745
-0.005793,0.101806,-0.128645
-0.005352,0.101449,-0.129268
-0.004136,0.100774,-0.126414
-0.002585,0.101512,-0.125572
-0.000121,0.102306,-0.125060
0.000011,0.102378,-0.122437
0.002018,0.100155,-0.120736
0.003044,0.100991,-0.121978
0.005063,0.100009,-0.118481
0.004469,0.097939,-0.120641
0.007496,0.100868,-0.118448
0.008721,0.100860,-0.117093
0.010659,0.101298,-0.115781
0.010305,0.100106,-0.114882
0.013064,0.101362,-0.113822
0.012978,0.099255,-0.113804
0.015417,0.099777,-0.113793
0.017376,0.099210,-0.114194
0.018641,0.100059,-0.111605
0.020052,0.099175,-0.110080
0.020678,0.100792,-0.112422
0.022618,0.099154,-0.109769
0.022534,0.100435,-0.111213
0.026567,0.098605,-0.110616
0.028287,0.101523,-0.108883
0.028026,0.101150,-0.107760
0.028463,0.099614,-0.109355
0.031158,0.099645,-0.106028
0.031606,0.101079,-0.108284
0.033270,0.099587,-0.107639
0.036673,0.099007,-0.106751
0.035647,0.100037,-0.106064
0.037467,0.099155,-0.109680
0.038187,0.099854,-0.105405
0.041416,0.098795,-0.105965
0.043143,0.100635,-0.106108
0.040407,0.101879,-0.105662
0.044289,0.100487,-0.104894
0.045411,0.101287,-0.104235
0.046733,0.099933,-0.103111
0.048523,0.102148,-0.102639
0.048278,0.101753,-0.102552
0.050907,0.099026,-0.102007
0.052111,0.100249,-0.102019
0.055356,0.100080,-0.101986
0.055594,0.099684,-0.100757
0.057157,0.099042,-0.102643
0.057615,0.100016,-0.100973
0.059840,0.101036,-0.101317
0.061101,0.100398,-0.101952
0.063332,0.099994,-0.100025
0.063200,0.100929,-0.100521
0.064473,0.100477,-0.100995
0.067250,0.099657,-0.099360
0.067342,0.098769,-0.100382
0.069800,0.100904,-0.099751
0.070967,0.098933,-0.098675
0.070230,0.100536,-0.099904
0.072844,0.098974,-0.100140
0.073996,0.101750,-0.098936
0.074648,0.100659,-0.097792
0.076541,0.098654,-0.097545
0.080709,0.100487,-0.098987
0.079837,0.099647,-0.097883
0.084540,0.098062,-0.096778
0.083170,0.100252,-0.097691
0.083491,0.096456,-0.097109
0.085268,0.100262,-0.095493
0.087582,0.098334,-0.096876
0.088309,0.099447,-0.097006
0.090324,0.099470,-0.094630
0.090758,0.097724,-0.096286
0.091227,0.099566,-0.096783
0.093525,0.100319,-0.097484
0.095017,0.099383,-0.094461
0.096098,0.098833,-0.095681
0.096526,0.098873,-0.096991
0.097881,0.099930,-0.095378
0.100454,0.101591,-0.095178
0.102827,0.100797,-0.097348
0.104734,0.099942,-0.096568
0.104349,0.101115,-0.097732
0.104504,0.101322,-0.097503
0.106723,0.100339,-0.098071
0.109708,0.099338,-0.098034
0.111020,0.100628,-0.098405
0.112003,0.100470,-0.098805
0.114746,0.100777,-0.098237
0.114571,0.099654,-0.100049
0.116706,0.101403,-0.100615
0.118310,0.098448,-0.099340
0.117392,0.100009,-0.100957
0.120380,0.099867,-0.101169
0.120179,0.101334,-0.103000
0.122237,0.098854,-0.100546
0.123112,0.101369,-0.102292
0.126028,0.100934,-0.103204
0.126673,0.100793,-0.104554
0.128916,0.100513,-0.103895
0.131294,0.101091,-0.104821
0.131192,0.099807,-0.107177
0.132800,0.097627,-0.106294
0.133316,0.101009,-0.106345
0.136799,0.100637,-0.108448
0.137217,0.100864,-0.107618
0.139095,0.099794,-0.110393
0.139650,0.101678,-0.110489
0.141641,0.100977,-0.112222
0.142182,0.098030,-0.110660
0.143201,0.100277,-0.111870
0.145408,0.100781,-0.112114
0.146542,0.100766,-0.114810
0.146760,0.101547,-0.115301
0.150471,0.101319,-0.115600
0.149892,0.100384,-0.116711
0.151857,0.102445,-0.117101
0.156052,0.100897,-0.118292
0.154413,0.100424,-0.119315
0.156688,0.098811,-0.121005
0.157362,0.100052,-0.118805
0.158020,0.100405,-0.123783
0.159768,0.101392,-0.124040
0.162361,0.101687,-0.124927
0.165405,0.100310,-0.125290
0.165479,0.100110,-0.125940
0.167285,0.100997,-0.125641
0.166315,0.101761,-0.128093
0.169222,0.100482,-0.128871
0.169327,0.100279,-0.128984
0.171844,0.099974,-0.132448
0.174624,0.100750,-0.133092
0.175576,0.098875,-0.133685
0.174863,0.101293,-0.138708
0.177791,0.102011,-0.137849
0.179333,0.102123,-0.138883
0.179841,0.103277,-0.140662
0.182850,0.102426,-0.142877
0.184048,0.102439,-0.144249
0.185146,0.102072,-0.145742
0.186027,0.100605,-0.148513
0.188943,0.102155,-0.148892
0.190802,0.103706,-0.152069
0.190477,0.102798,-0.156582
0.193458,0.102572,-0.157782
0.195914,0.102927,-0.160375
0.195845,0.103752,-0.163724
0.197473,0.105025,-0.168356
0.198388,0.101958,-0.172882
0.200836,0.103239,-0.179332
0.202945,0.104024,-0.185102
0.203833,0.104007,-0.191523
0.206258,0.102982,-0.198200
-0.042246,0.105167,-0.192205
-0.039864,0.106050,-0.185053
-0.038887,0.104007,-0.179721
-0.036033,0.103688,-0.174089
-0.034605,0.104909,-0.167282
-0.031431,0.104360,-0.167114
-0.029163,0.105959,-0.161139
-0.030757,0.104332,-0.157830
-0.027837,0.105648,-0.157826
-0.027928,0.104352,-0.155365
-0.025075,0.105543,-0.151075
-0.023111,0.103690,-0.148209
-0.021804,0.102851,-0.147547
-0.022276,0.104936,-0.145544
-0.019080,0.103279,-0.143807
-0.018590,0.103748,-0.141007
-0.016838,0.102915,-0.139943
-0.014889,0.103674,-0.138620
-0.014565,0.103986,-0.139255
-0.013514,0.103159,-0.134783
-0.010885,0.103152,-0.134321
-0.010801,0.103434,-0.130870
-0.008801,0.103201,-0.131187
-0.007849,0.103706,-0.128875
-0.005105,0.102703,-0.127063
-0.001777,0.103493,-0.126009
-0.003909,0.101221,-0.125757
-0.000558,0.101769,-0.122917
0.001687,0.102780,-0.123378
0.000962,0.103052,-0.122030
0.002014,0.101070,-0.121650
0.002739,0.104215,-0.118063
0.005125,0.102783,-0.118915
0.007677,0.101372,-0.118086
0.008290,0.103296,-0.118066
0.007656,0.102018,-0.116747
0.010945,0.101932,-0.116176
0.012989,0.103144,-0.115534
0.014307,0.101867,-0.113954
0.015869,0.102806,-0.115548
0.017166,0.103862,-0.113527
0.017074,0.101488,-0.111078
0.020326,0.100729,-0.110822
0.020897,0.100348,-0.111730
0.021726,0.102416,-0.111253
0.022392,0.101128,-0.110290
0.023968,0.101583,-0.108585
0.026453,0.101339,-0.108855
0.028600,0.101697,-0.107990
0.029814,0.103744,-0.107287
0.031234,0.100313,-0.108002
0.031055,0.101333,-0.108144
0.033460,0.103058,-0.106890
0.035200,0.103389,-0.108034
0.037506,0.101278,-0.107454
0.038470,0.104648,-0.106722
0.038542,0.100906,-0.104350
0.040841,0.103349,-0.104630
0.040780,0.102712,-0.106378
0.043071,0.101857,-0.105035
0.043644,0.102171,-0.104051
0.044390,0.099625,-0.105125
0.048432,0.101849,-0.104566
0.049499,0.102811,-0.104001
0.049591,0.101682,-0.102921
0.052816,0.102858,-0.103172
0.052666,0.101467,-0.102693
0.053625,0.099121,-0.105083
0.055559,0.101307,-0.102495
0.056234,0.103201,-0.102616
0.057753,0.100255,-0.102484
0.059565,0.102151,-0.100758
0.062357,0.101367,-0.099144
0.063132,0.101072,-0.101756
0.064027,0.102394,-0.102040
0.064813,0.099361,-0.101327
0.067434,0.099932,-0.101118
0.068017,0.100261,-0.100555
0.069037,0.102501,-0.101159
0.069416,0.101645,-0.098282
0.071717,0.102304,-0.098804
0.072547,0.101567,-0.099102
0.073936,0.102320,-0.098061
0.076301,0.101784,-0.099527
0.077597,0.101393,-0.097481
0.077655,0.102250,-0.097664
0.081531,0.104377,-0.097285
0.081873,0.102559,-0.098548
0.083004,0.100525,-0.099055
0.083208,0.102478,-0.096827
0.084931,0.103377,-0.097802
0.085598,0.100760,-0.096438
0.088673,0.101714,-0.098407
0.090172,0.101834,-0.097488
0.093192,0.101135,-0.097472
0.092421,0.100501,-0.099111
0.093515,0.102903,-0.096382
0.095345,0.103097,-0.097138
0.095276,0.101394,-0.096877
0.096708,0.100832,-0.097644
0.099942,0.100773,-0.096002
0.102030,0.102111,-0.098218
0.102236,0.101633,-0.096482
0.103660,0.098982,-0.096955
0.104333,0.101001,-0.096459
0.106471,0.102194,-0.098326
0.108158,0.102459,-0.096736
0.111660,0.099422,-0.097831
0.109751,0.101297,-0.098930
0.111814,0.101368,-0.099557
0.112872,0.101105,-0.098670
0.114001,0.101810,-0.097590
0.116433,0.101762,-0.101146
0.117984,0.100562,-0.101006
0.117902,0.103545,-0.101902
0.121414,0.103707,-0.103278
0.120082,0.100488,-0.101564
0.123651,0.100786,-0.101795
0.123999,0.101727,-0.104843
0.126133,0.101255,-0.103300
0.128565,0.102606,-0.104817
0.127180,0.102650,-0.107051
0.130718,0.103011,-0.105376
0.131161,0.100235,-0.106592
0.133205,0.101981,-0.107206
0.134400,0.100222,-0.108477
0.135975,0.103328,-0.109695
0.135506,0.101197,-0.108888
0.137529,0.102174,-0.111033
0.140041,0.101056,-0.109766
0.141703,0.102181,-0.114054
0.142835,0.100779,-0.110599
0.142972,0.104397,-0.111735
0.141649,0.101842,-0.113336
0.147224,0.101614,-0.113453
0.146961,0.102022,-0.115110
0.152522,0.102099,-0.115520
0.149681,0.102827,-0.116442
0.152125,0.101296,-0.117150
0.154578,0.102609,-0.117448
0.152880,0.101029,-0.119795
0.156766,0.103634,-0.120887
0.158868,0.101788,-0.122274
0.159955,0.102289,-0.121570
0.161952,0.102342,-0.122351
0.162181,0.104763,-0.121632
0.162317,0.102808,-0.125875
0.165432,0.105161,-0.126192
0.167568,0.102012,-0.127539
0.166995,0.100650,-0.126434
0.171134,0.104773,-0.128990
0.168168,0.103506,-0.129617
0.173551,0.103595,-0.130783
0.176010,0.100994,-0.133506
0.176922,0.101593,-0.133697
0.177223,0.103462,-0.134923
0.180248,0.104058,-0.137957
0.177987,0.101724,-0.137681
0.180504,0.101294,-0.141327
0.181111,0.103679,-0.142467
0.184186,0.102913,-0.145644
0.186081,0.104260,-0.146509
0.186594,0.103153,-0.148245
0.190988,0.104144,-0.149810
0.190536,0.104915,-0.153564
0.192699,0.105079,-0.153945
0.191826,0.104599,-0.156086
0.196325,0.104097,-0.159604
0.196577,0.103046,-0.163452
0.198889,0.103577,-0.166456
0.198454,0.103479,-0.171092
0.202082,0.103859,-0.176879
0.204668,0.103674,-0.181227
0.204124,0.104412,-0.184782
0.207195,0.106030,-0.194132
0.209801,0.107443,-0.199957
-0.041831,0.105993,-0.195226
-0.040177,0.108015,-0.186480
-0.037686,0.107244,-0.179381
-0.036202,0.107035,-0.173856
-0.032026,0.105883,-0.168044
-0.033351,0.104978,-0.164046
-0.033423,0.104405,-0.162888
-0.030238,0.105906,-0.158571
-0.028314,0.106286,-0.156891
-0.026830,0.105745,-0.154901
-0.027772,0.105248,-0.152610
-0.024974,0.105440,-0.150200
-0.022910,0.105039,-0.148412
-0.022096,0.105471,-0.145401
-0.019067,0.106236,-0.144730
-0.017973,0.107779,-0.141461
-0.016393,0.106786,-0.140787
-0.016335,0.103975,-0.137737
-0.014355,0.105479,-0.136552
-0.012454,0.105305,-0.136275
-0.009903,0.105363,-0.134177
-0.010899,0.104190,-0.133877
-0.008301,0.103260,-0.131876
-0.006549,0.106814,-0.130868
-0.007203,0.104471,-0.129347
-0.004667,0.104619,-0.126012
-0.003584,0.104894,-0.125667
-0.000782,0.103471,-0.124392
-0.000629,0.106546,-0.123685
0.002861,0.105831,-0.122570
0.003696,0.104138,-0.121041
0.005928,0.104064,-0.121415
0.006382,0.104013,-0.119958
0.007286,0.104119,-0.118979
0.008674,0.103044,-0.117061
0.009696,0.105467,-0.117906
0.012235,0.102767,-0.114501
0.012636,0.103710,-0.115585
0.016011,0.104603,-0.114598
0.014106,0.103068,-0.113708
0.016001,0.103466,-0.115498
0.018235,0.103685,-0.111790
0.019834,0.104058,-0.112460
0.021394,0.105980,-0.113024
0.023643,0.103496,-0.109728
0.024001,0.104132,-0.111209
0.026406,0.103222,-0.109631
0.025740,0.102607,-0.109179
0.026656,0.103470,-0.110525
0.028917,0.104606,-0.109965
0.031302,0.103143,-0.107220
0.033771,0.105527,-0.108364
0.033772,0.105352,-0.105470
0.034494,0.103632,-0.106587
0.036932,0.105550,-0.105957
0.038651,0.103575,-0.109396
0.038615,0.103241,-0.104207
0.040034,0.101982,-0.107793
0.040411,0.103530,-0.106899
0.043583,0.103273,-0.105866
0.045404,0.102671,-0.105699
0.046305,0.103134,-0.105344
0.048702,0.102387,-0.105488
0.047287,0.104513,-0.102807
0.049627,0.103651,-0.104113
0.050552,0.104210,-0.102930
0.052604,0.102284,-0.103484
0.053703,0.102983,-0.103241
0.054877,0.103024,-0.103010
0.058106,0.104104,-0.104666
0.058680,0.103727,-0.103959
0.057388,0.103435,-0.102453
0.061168,0.104070,-0.103046
0.061356,0.104658,-0.101008
0.061116,0.102775,-0.101681
0.064105,0.103818,-0.102602
0.066524,0.104260,-0.101284
0.068056,0.104700,-0.100066
0.068655,0.103848,-0.100882
0.071173,0.103157,-0.100288
0.072210,0.103631,-0.097198
0.071428,0.102210,-0.101249
0.075650,0.104249,-0.100845
0.075640,0.103439,-0.101274
0.076782,0.103751,-0.100049
0.078042,0.103342,-0.100092
0.080291,0.102929,-0.096823
0.082368,0.102344,-0.098336
0.082503,0.102612,-0.097025
0.084116,0.101784,-0.097542
0.085985,0.103142,-0.097183
0.086278,0.103931,-0.097290
0.088719,0.102349,-0.096870
0.088313,0.104743,-0.096329
0.092882,0.101710,-0.099203
0.093081,0.102612,-0.099643
0.094611,0.104403,-0.096642
0.095491,0.103370,-0.098131
0.097770,0.102385,-0.095733
0.098532,0.102756,-0.096373
0.099009,0.103237,-0.097322
0.101085,0.102686,-0.094963
0.100646,0.102447,-0.096918
0.103075,0.103160,-0.096595
0.105863,0.104126,-0.096880
0.105314,0.101944,-0.098286
0.107298,0.102926,-0.099331
0.111312,0.103651,-0.098163
0.111448,0.102999,-0.099490
0.110363,0.103209,-0.100179
0.114076,0.103171,-0.100585
0.114731,0.104364,-0.100858
0.117039,0.105265,-0.100617
0.116947,0.102643,-0.100642
0.119618,0.104331,-0.101873
0.120341,0.101965,-0.102776
0.121490,0.102413,-0.104378
0.123112,0.102253,-0.103079
0.123876,0.104162,-0.103875
0.125052,0.103313,-0.103939
0.129245,0.103866,-0.105299
0.128694,0.103485,-0.104422
0.128945,0.101704,-0.107193
0.131517,0.103521,-0.106805
0.132379,0.104365,-0.106645
0.135054,0.102914,-0.109747
0.134436,0.101280,-0.108731
0.136524,0.104118,-0.111071
0.139322,0.104564,-0.110582
0.139532,0.104327,-0.111030
0.139989,0.106342,-0.111183
0.142484,0.103126,-0.111842
0.143796,0.103660,-0.113358
0.142251,0.105079,-0.113550
0.145003,0.102516,-0.114542
0.148706,0.103382,-0.113235
0.150848,0.103629,-0.114569
0.150007,0.102048,-0.114815
0.151673,0.103053,-0.116815
0.154030,0.105319,-0.117049
0.155138,0.105184,-0.118742
0.154131,0.104198,-0.118651
0.158370,0.103537,-0.119309
0.158227,0.104883,-0.121189
0.162914,0.103494,-0.121491
0.163290,0.104655,-0.123099
0.162657,0.104501,-0.125955
0.166364,0.104994,-0.124994
0.166860,0.102915,-0.127988
0.167248,0.105620,-0.129301
0.170092,0.102740,-0.130435
0.170513,0.104463,-0.129853
0.172620,0.102892,-0.130731
0.172280,0.104936,-0.132724
0.174986,0.104927,-0.133257
0.176815,0.105460,-0.134271
0.176435,0.107039,-0.138025
0.179336,0.106648,-0.137763
0.181015,0.105347,-0.138311
0.182589,0.105053,-0.141994
0.182744,0.103868,-0.143067
0.185048,0.106159,-0.144639
0.185621,0.106337,-0.147164
0.186951,0.106597,-0.147487
0.191931,0.105659,-0.151564
0.191190,0.106347,-0.152571
0.193444,0.105563,-0.155004
0.194087,0.106699,-0.159639
0.194612,0.106953,-0.163383
0.197078,0.105403,-0.166099
0.198979,0.105728,-0.168674
0.202117,0.106806,-0.173697
0.203637,0.104792,-0.181545
0.204863,0.106434,-0.182470
0.206998,0.108622,-0.190141
0.208176,0.105991,-0.197633
-0.040947,0.108631,-0.187686
-0.035761,0.108050,-0.181131
-0.034313,0.107817,-0.174523
-0.036580,0.107758,-0.168854
-0.033054,0.108062,-0.166474
-0.031404,0.108767,-0.162531
-0.030197,0.108424,-0.158918
-0.026842,0.107819,-0.156117
-0.028694,0.109170,-0.154363
-0.026513,0.107723,-0.152581
-0.025038,0.106886,-0.150650
-0.022698,0.106827,-0.148682
-0.018961,0.105501,-0.146042
-0.019998,0.108313,-0.145605
-0.018424,0.107266,-0.142157
-0.017008,0.107201,-0.141568
-0.017001,0.106263,-0.140962
-0.015029,0.107229,-0.136627
-0.012023,0.108649,-0.137540
-0.012608,0.108773,-0.134163
-0.009078,0.106116,-0.134590
-0.005954,0.105509,-0.131369
-0.007657,0.106810,-0.129735
-0.005072,0.105658,-0.127324
-0.005888,0.105238,-0.126870
-0.002036,0.106842,-0.127471
-0.004632,0.105998,-0.127012
-0.000297,0.106144,-0.124930
0.002892,0.106748,-0.124541
0.003875,0.105505,-0.122299
0.005792,0.103833,-0.120211
0.004488,0.106265,-0.121135
0.006728,0.104957,-0.120350
0.006755,0.104213,-0.120651
0.010582,0.106472,-0.117473
0.011697,0.106149,-0.116509
0.012915,0.105102,-0.118433
0.014223,0.106126,-0.113317
0.017205,0.104586,-0.113709
0.015349,0.105808,-0.114764
0.019295,0.105827,-0.111560
0.019743,0.105031,-0.113711
0.021671,0.104874,-0.112472
0.023092,0.105806,-0.111492
0.023821,0.105873,-0.110984
0.024241,0.105275,-0.111118
0.025808,0.105486,-0.110861
0.027543,0.106350,-0.109483
0.028801,0.106117,-0.109830
0.030934,0.105649,-0.110162
0.030610,0.103373,-0.108320
0.034802,0.105438,-0.109717
0.034401,0.105747,-0.107479
0.036067,0.107001,-0.107538
0.036586,0.104896,-0.107130
0.039549,0.103476,-0.107152
0.038941,0.104631,-0.107119
0.042387,0.104614,-0.106382
0.042181,0.104538,-0.104762
0.044859,0.105125,-0.105593
0.045346,0.106666,-0.105302
0.046226,0.103787,-0.103980
0.046922,0.105252,-0.104819
0.049214,0.103239,-0.104499
0.049941,0.103021,-0.103936
0.053157,0.105281,-0.104506
0.055372,0.104436,-0.105623
0.054700,0.105918,-0.104070
0.056177,0.105040,-0.104409
0.058821,0.104398,-0.104825
0.059668,0.105703,-0.102737
0.060990,0.104939,-0.103783
0.060682,0.106733,-0.101459
0.062951,0.104677,-0.100673
0.065158,0.103159,-0.101430
0.064266,0.106603,-0.100915
0.069366,0.104061,-0.101665
0.070244,0.104551,-0.100567
0.070169,0.103555,-0.102361
0.070990,0.104969,-0.099600
0.073085,0.106177,-0.099659
0.075405,0.103712,-0.101802
0.077250,0.103944,-0.099646
0.078120,0.103838,-0.100881
0.080667,0.103347,-0.098881
0.081925,0.102673,-0.098120
0.080768,0.105304,-0.099808
0.081426,0.106035,-0.096571
0.083485,0.104627,-0.097313
0.085073,0.105325,-0.096349
0.087033,0.105170,-0.097872
0.087150,0.103750,-0.097302
0.089966,0.103719,-0.097240
0.092004,0.106353,-0.097755
0.091741,0.105138,-0.097139
0.093929,0.106643,-0.100008
0.094784,0.104729,-0.096727
0.096142,0.104693,-0.097376
0.097012,0.106752,-0.095990
0.099791,0.103486,-0.097025
0.099804,0.103316,-0.097253
0.103586,0.107354,-0.099310
0.103246,0.105046,-0.099574
0.105045,0.106030,-0.098538
0.106342,0.105015,-0.098709
0.108769,0.105208,-0.100247
0.109195,0.104979,-0.100188
0.110963,0.104215,-0.100755
0.113126,0.106120,-0.100220
0.111730,0.105404,-0.101571
0.115605,0.103476,-0.101106
0.115495,0.104789,-0.100636
0.117138,0.105107,-0.099668
0.118645,0.104738,-0.102086
0.121081,0.105613,-0.104189
0.122217,0.104494,-0.102024
0.123719,0.103508,-0.104485
0.125452,0.103839,-0.104395
0.127249,0.103366,-0.105284
0.126204,0.104569,-0.102532
0.128498,0.104224,-0.106413
0.130536,0.104234,-0.106484
0.132325,0.104255,-0.107049
0.133197,0.105670,-0.106892
0.134853,0.105085,-0.108758
0.135902,0.105966,-0.108952
0.138300,0.105932,-0.108235
0.136307,0.104051,-0.111187
0.138963,0.105102,-0.110405
0.141708,0.105849,-0.113656
0.144779,0.105341,-0.112013
0.143366,0.105662,-0.114698
0.143426,0.106708,-0.114609
0.145484,0.105888,-0.115930
0.149054,0.104573,-0.116243
0.147820,0.102991,-0.115237
0.149647,0.105226,-0.115078
0.154177,0.105646,-0.117172
0.153626,0.104828,-0.119232
0.155538,0.105356,-0.120015
0.156853,0.105921,-0.120711
0.158427,0.104839,-0.121694
0.159054,0.106288,-0.121199
0.160543,0.106577,-0.123207
0.161893,0.105000,-0.122962
0.163635,0.102997,-0.122957
0.165832,0.107008,-0.125715
0.165619,0.106767,-0.127829
0.168252,0.105168,-0.126883
0.170372,0.107546,-0.129312
0.170407,0.105466,-0.129580
0.171029,0.106777,-0.129584
0.172838,0.106726,-0.131958
0.176309,0.107287,-0.132956
0.177003,0.105877,-0.137041
0.177965,0.106008,-0.136330
0.178443,0.106559,-0.139634
0.182266,0.106602,-0.139637
0.183347,0.104360,-0.141850
0.184195,0.106548,-0.143121
0.186271,0.105244,-0.145382
0.186640,0.107575,-0.145567
0.187338,0.106250,-0.148753
0.192456,0.107551,-0.150819
0.190421,0.108769,-0.152836
0.192475,0.106423,-0.156962
0.193661,0.107906,-0.156811
0.194669,0.106358,-0.161522
0.197353,0.105636,-0.165330
0.199443,0.108398,-0.169619
0.201065,0.107315,-0.171712
0.200481,0.107291,-0.176026
0.204215,0.108200,-0.182887
0.205968,0.108656,-0.187545
0.208578,0.106945,-0.194009
0.209613,0.108560,-0.199630
-0.040172,0.110711,-0.189399
-0.038259,0.110025,-0.183405
-0.036254,0.109895,-0.177460
-0.034156,0.110343,-0.170980
-0.032674,0.110234,-0.166479
-0.031462,0.108539,-0.164230
-0.028960,0.111284,-0.159913
-0.028798,0.107957,-0.156741
-0.028097,0.108893,-0.156259
-0.025717,0.108061,-0.152379
-0.024587,0.109701,-0.150588
-0.023562,0.106864,-0.149677
-0.021993,0.109960,-0.146642
-0.020358,0.108032,-0.144429
-0.018020,0.108195,-0.143391
-0.019063,0.107513,-0.142871
-0.014226,0.107745,-0.141153
-0.013560,0.109127,-0.137032
-0.012786,0.107010,-0.137249
-0.012053,0.107170,-0.135338
-0.008803,0.108049,-0.134361
-0.009295,0.108712,-0.132409
-0.006219,0.107103,-0.132682
-0.006306,0.107439,-0.132281
-0.003044,0.109235,-0.130145
-0.001833,0.106439,-0.128030
-0.003040,0.108436,-0.127310
-0.001047,0.106851,-0.123597
0.001536,0.108577,-0.124560
0.003742,0.108446,-0.122950
0.004568,0.108448,-0.120562
0.004975,0.106383,-0.121207
0.006993,0.105649,-0.119873
0.009183,0.106565,-0.119273
0.010403,0.107224,-0.118687
0.011118,0.108147,-0.116686
0.013852,0.108458,-0.116129
0.014516,0.107449,-0.115974
0.014802,0.106909,-0.113039
0.015691,0.108376,-0.113703
0.016800,0.108975,-0.112686
0.020824,0.105213,-0.113040
0.021356,0.106485,-0.112846
0.021148,0.107546,-0.112503
0.024510,0.106856,-0.111789
0.025058,0.108825,-0.111263
0.025709,0.107110,-0.111751
0.028017,0.106330,-0.108593
0.029805,0.105347,-0.109905
0.029872,0.107201,-0.108379
0.033474,0.107087,-0.108800
0.033606,0.105208,-0.108209
0.034638,0.105481,-0.107103
0.036123,0.106815,-0.107400
0.037904,0.106560,-0.108880
0.041136,0.106706,-0.108500
0.041088,0.106358,-0.105942
0.043394,0.104936,-0.107160
0.043242,0.106721,-0.106659
0.043879,0.106010,-0.105899
0.045437,0.107463,-0.106897
0.048384,0.105296,-0.105434
0.049106,0.106500,-0.104532
0.050327,0.107934,-0.105246
0.050918,0.107038,-0.106247
0.051726,0.106137,-0.104177
0.054948,0.107937,-0.105074
0.054688,0.106020,-0.102852
0.055589,0.106345,-0.105166
0.056477,0.107073,-0.102553
0.060914,0.105938,-0.103487
0.060826,0.105817,-0.102822
0.060652,0.107959,-0.103132
0.063673,0.105377,-0.102263
0.065193,0.108982,-0.101911
0.067221,0.106364,-0.101238
0.066251,0.105767,-0.103269
0.069465,0.105991,-0.099617
0.070228,0.106416,-0.100582
0.072647,0.106907,-0.101138
0.073612,0.107938,-0.101617
0.074423,0.105690,-0.100160
0.075062,0.106346,-0.099429
0.077195,0.104911,-0.100295
0.078355,0.104763,-0.097949
0.079921,0.108444,-0.098803
0.082162,0.106612,-0.096388
0.083039,0.106856,-0.099412
0.085468,0.105778,-0.098574
0.084029,0.105170,-0.097855
0.087216,0.106041,-0.099298
0.089090,0.106259,-0.100059
0.089777,0.106629,-0.098126
0.092098,0.106825,-0.099326
0.091061,0.107000,-0.096233
0.094394,0.105787,-0.097384
0.096651,0.105811,-0.097462
0.097856,0.106364,-0.096873
0.097825,0.107708,-0.097986
0.098353,0.107965,-0.097895
0.100808,0.105802,-0.098475
0.103760,0.104074,-0.098838
0.103826,0.106091,-0.097341
0.105835,0.105710,-0.100595
0.106400,0.106962,-0.101425
0.108321,0.105504,-0.100801
0.108391,0.108542,-0.099143
0.109606,0.106718,-0.102579
0.111260,0.106166,-0.100919
0.114503,0.105029,-0.102061
0.115496,0.106081,-0.101783
0.115878,0.107038,-0.102612
0.117520,0.106021,-0.104497
0.117921,0.106739,-0.101520
0.121283,0.107000,-0.103996
0.121762,0.106225,-0.104883
0.123069,0.105213,-0.105360
0.125293,0.105181,-0.104256
0.125790,0.106167,-0.107602
0.127164,0.106571,-0.109149
0.127650,0.107316,-0.105766
0.130639,0.107563,-0.108255
0.131787,0.106968,-0.108667
0.133649,0.108097,-0.107224
0.134994,0.107894,-0.108681
0.135200,0.105902,-0.108720
0.136548,0.106884,-0.110998
0.139636,0.106625,-0.112059
0.141197,0.109146,-0.110336
0.141900,0.107435,-0.112172
0.143848,0.106066,-0.112952
0.144538,0.106344,-0.113172
0.143421,0.107404,-0.113841
0.145097,0.107127,-0.113642
0.147657,0.108419,-0.114237
0.150427,0.107040,-0.116669
0.151888,0.107721,-0.115971
0.152401,0.107769,-0.117700
0.154639,0.105886,-0.118796
0.153480,0.107289,-0.117608
0.155324,0.109791,-0.118884
0.155618,0.108240,-0.120678
0.158054,0.106963,-0.121141
0.159662,0.109470,-0.121919
0.163702,0.107636,-0.122831
0.163474,0.104988,-0.123769
0.166663,0.108028,-0.124249
0.166051,0.107821,-0.125707
0.169843,0.106741,-0.126929
0.169698,0.109110,-0.129284
0.170808,0.108424,-0.130709
0.171966,0.107292,-0.130857
0.176110,0.107583,-0.131805
0.174380,0.109502,-0.134072
0.176859,0.107178,-0.137694
0.179638,0.108714,-0.137143
0.178613,0.106112,-0.139299
0.179413,0.107575,-0.138748
0.183186,0.106982,-0.140699
0.185005,0.108798,-0.143343
0.184809,0.109686,-0.143327
0.188783,0.107175,-0.145747
0.187972,0.108285,-0.147281
0.188739,0.109047,-0.149398
0.191895,0.110799,-0.153734
0.191914,0.106415,-0.155448
0.195064,0.109701,-0.158148
0.196608,0.108069,-0.159440
0.197433,0.109405,-0.163608
0.198897,0.109981,-0.169255
0.201597,0.109349,-0.170947
0.201587,0.110218,-0.177299
0.203676,0.109924,-0.180342
0.205872,0.110710,-0.184622
0.207425,0.111983,-0.193069
0.208657,0.110961,-0.197513
0.210978,0.111796,-0.203148
-0.038693,0.111948,-0.192821
-0.037273,0.111516,-0.184188
-0.037723,0.110416,-0.178254
-0.034504,0.111796,-0.173804
-0.033428,0.110299,-0.169315
-0.032195,0.111428,-0.164457
-0.030644,0.110285,-0.163246
-0.030417,0.109718,-0.157938
-0.026344,0.109610,-0.155645
-0.023769,0.110586,-0.151845
-0.023043,0.113481,-0.152244
-0.024363,0.110396,-0.150586
-0.021881,0.109664,-0.149335
-0.020634,0.110461,-0.144854
-0.018436,0.110421,-0.143148
-0.019086,0.111511,-0.142433
-0.016228,0.109822,-0.141670
-0.013386,0.109051,-0.140320
-0.013076,0.108817,-0.138599
-0.012505,0.110283,-0.136435
-0.011181,0.107618,-0.134443
-0.010675,0.108860,-0.134684
-0.007772,0.110247,-0.131705
-0.005659,0.108460,-0.129811
-0.002637,0.109847,-0.128620
-0.001251,0.109236,-0.129242
-0.002261,0.108657,-0.127464
0.001510,0.108396,-0.125909
0.002304,0.108401,-0.125727
0.003499,0.110039,-0.123236
0.003937,0.108088,-0.122198
0.005739,0.107914,-0.121130
0.006679,0.108935,-0.120847
0.010071,0.107098,-0.122200
0.010955,0.110039,-0.119140
0.011717,0.110016,-0.117843
0.012804,0.109925,-0.118233
0.014379,0.108147,-0.116232
0.015648,0.108597,-0.117553
0.017019,0.108422,-0.111777
0.017693,0.107912,-0.116209
0.020064,0.107771,-0.114949
0.020557,0.109430,-0.113040
0.021748,0.107965,-0.113770
0.025717,0.108066,-0.113023
0.025558,0.109283,-0.110937
0.026376,0.108608,-0.110189
0.027617,0.107596,-0.111106
0.031016,0.107390,-0.110499
0.029220,0.108094,-0.110147
0.032593,0.106937,-0.108944
0.033922,0.107231,-0.109152
0.033467,0.107565,-0.107724
0.035483,0.109376,-0.107962
0.038450,0.109439,-0.107467
0.039738,0.109707,-0.107334
0.039642,0.109799,-0.106680
0.043648,0.108988,-0.107182
0.042878,0.108378,-0.106694
0.044492,0.108295,-0.106671
0.045609,0.109253,-0.105913
0.046073,0.107285,-0.106046
0.047778,0.108693,-0.106416
0.049295,0.108174,-0.105556
0.051926,0.105837,-0.106247
0.052661,0.110328,-0.103902
0.054366,0.106458,-0.103911
0.054649,0.107237,-0.104192
0.055768,0.106242,-0.104830
0.057172,0.108031,-0.104954
0.060467,0.107209,-0.105589
0.061385,0.110207,-0.106062
0.062533,0.107712,-0.105371
0.060882,0.107042,-0.102313
0.065602,0.108586,-0.101441
0.065704,0.109187,-0.101945
0.068446,0.108237,-0.100638
0.070521,0.107446,-0.103504
0.070230,0.108768,-0.102268
0.071437,0.107526,-0.101006
0.073156,0.106286,-0.101244
0.074610,0.107323,-0.099201
0.074917,0.108376,-0.097245
0.078163,0.107311,-0.101070
0.078674,0.109079,-0.099757
0.082037,0.104903,-0.099443
0.082343,0.110032,-0.098429
0.082609,0.109513,-0.098171
0.083724,0.107874,-0.097907
0.085256,0.106819,-0.100162
0.086969,0.106119,-0.098775
0.089638,0.107634,-0.097038
0.091067,0.108903,-0.099552
0.091796,0.106617,-0.098765
0.092182,0.107878,-0.098809
0.093790,0.109299,-0.099679
0.098297,0.106902,-0.098922
0.096889,0.107501,-0.097448
0.099117,0.107041,-0.100174
0.098739,0.107902,-0.098542
0.101616,0.108431,-0.097645
0.101670,0.107869,-0.100211
0.103070,0.107670,-0.099403
0.106314,0.109690,-0.099814
0.107268,0.108095,-0.099532
0.106584,0.109018,-0.101543
0.110090,0.108302,-0.100970
0.110198,0.109989,-0.102220
0.112961,0.104986,-0.102759
0.114893,0.107752,-0.101885
0.113011,0.108939,-0.103788
0.116342,0.107753,-0.102594
0.118583,0.109553,-0.102244
0.117382,0.107974,-0.104931
0.121037,0.109209,-0.104771
0.120676,0.108743,-0.104296
0.122124,0.107963,-0.104855
0.125845,0.110901,-0.104557
0.126833,0.109263,-0.107247
0.126845,0.107391,-0.106293
0.127680,0.108408,-0.107626
0.130038,0.108644,-0.108689
0.132027,0.107201,-0.106796
0.133283,0.109273,-0.109662
0.135513,0.107551,-0.109544
0.134903,0.107106,-0.109823
0.136682,0.108094,-0.110580
0.137779,0.108646,-0.111312
0.140809,0.107962,-0.111873
0.141318,0.107972,-0.112987
0.142867,0.108809,-0.112657
0.142422,0.108662,-0.114599
0.144401,0.109992,-0.114076
0.146806,0.109827,-0.114940
0.150287,0.109247,-0.114399
0.151145,0.108583,-0.115281
0.150351,0.107003,-0.114948
0.151952,0.109187,-0.118332
0.155341,0.108270,-0.117239
0.154779,0.109920,-0.120217
0.157341,0.110328,-0.118784
0.157248,0.108677,-0.120672
0.160085,0.106935,-0.122107
0.161647,0.109613,-0.122456
0.161154,0.109269,-0.122621
0.164868,0.110318,-0.122559
0.165300,0.108962,-0.124844
0.167103,0.109815,-0.124709
0.166511,0.109422,-0.126907
0.170369,0.110197,-0.127115
0.171533,0.108750,-0.130690
0.170774,0.109047,-0.130253
0.173445,0.109683,-0.132363
0.175445,0.108105,-0.131680
0.176005,0.108323,-0.134476
0.176489,0.110311,-0.135325
0.179864,0.111419,-0.137318
0.180969,0.107375,-0.137913
0.183692,0.111609,-0.140118
0.185213,0.109248,-0.141922
0.185304,0.109848,-0.143496
0.187457,0.108813,-0.144358
0.190133,0.110312,-0.146949
0.187482,0.110720,-0.148659
0.191814,0.111758,-0.151516
0.193280,0.111446,-0.153393
0.194309,0.110601,-0.155146
0.194957,0.114373,-0.159471
0.199416,0.110628,-0.162929
0.199264,0.111336,-0.168208
0.202840,0.110757,-0.168378
0.202060,0.110928,-0.174252
0.203756,0.111145,-0.179764
0.204653,0.113344,-0.183921
0.206213,0.111984,-0.186755
0.207918,0.112936,-0.194573
0.208649,0.114454,-0.200101
-0.038979,0.114346,-0.193492
-0.038932,0.114655,-0.185606
-0.035802,0.114452,-0.179852
-0.036391,0.113526,-0.174082
-0.034503,0.113327,-0.171963
-0.029711,0.112567,-0.166727
-0.030321,0.113540,-0.162075
-0.026808,0.113898,-0.160900
-0.026653,0.111664,-0.156275
-0.026529,0.112031,-0.156704
-0.023007,0.111967,-0.152577
-0.022429,0.111125,-0.150716
-0.021583,0.110872,-0.148647
-0.019875,0.112504,-0.146927
-0.018661,0.109821,-0.145428
-0.014820,0.112583,-0.142084
-0.015934,0.111589,-0.141850
-0.013996,0.111028,-0.140680
-0.011834,0.110473,-0.138514
-0.011977,0.111425,-0.138441
-0.009099,0.110516,-0.135331
-0.008005,0.111651,-0.133191
-0.008202,0.111363,-0.132181
-0.005895,0.111257,-0.132250
-0.002577,0.112281,-0.130473
-0.002650,0.111205,-0.128130
-0.000762,0.109972,-0.127648
-0.002122,0.111452,-0.127336
0.001264,0.111182,-0.127367
0.003336,0.111423,-0.123771
0.004260,0.111666,-0.124273
0.004422,0.110451,-0.123757
0.006711,0.110228,-0.124573
0.008764,0.111166,-0.121413
0.008133,0.110308,-0.119889
0.011656,0.111493,-0.119034
0.012449,0.109917,-0.117037
0.013917,0.110603,-0.115658
0.015005,0.110031,-0.115302
0.014318,0.110794,-0.113948
0.018685,0.109531,-0.114593
0.018831,0.109573,-0.110669
0.020510,0.111976,-0.113715
0.022213,0.109584,-0.113420
0.023728,0.109554,-0.114104
0.024107,0.109333,-0.111579
0.027064,0.110687,-0.111213
0.028502,0.110581,-0.110494
0.028215,0.110234,-0.112428
0.029807,0.108838,-0.109870
0.031390,0.109698,-0.109648
0.033869,0.110694,-0.110323
0.032893,0.110422,-0.111013
0.035781,0.112591,-0.107550
0.037122,0.109651,-0.109095
0.037584,0.110759,-0.108534
0.040652,0.109570,-0.107950
0.040276,0.108883,-0.107715
0.040290,0.111352,-0.108210
0.044889,0.109128,-0.106635
0.045406,0.110096,-0.107302
0.048225,0.111183,-0.104341
0.048340,0.109105,-0.106815
0.049385,0.111792,-0.106926
0.050921,0.110449,-0.105531
0.052447,0.110017,-0.103446
0.055046,0.109077,-0.104854
0.055250,0.110847,-0.105769
0.056349,0.110794,-0.105115
0.059376,0.109783,-0.104144
0.061205,0.109509,-0.106130
0.061729,0.109113,-0.105308
0.061865,0.110423,-0.104264
0.062171,0.110374,-0.104358
0.065345,0.108592,-0.103063
0.066677,0.110762,-0.101282
0.068001,0.108764,-0.101939
0.069284,0.109885,-0.101770
0.071458,0.109058,-0.102666
0.070803,0.109319,-0.100707
0.072597,0.110574,-0.102277
0.074360,0.110197,-0.099799
0.076307,0.109488,-0.100210
0.078460,0.110273,-0.100739
0.079072,0.109986,-0.100787
0.080306,0.109801,-0.100144
0.082316,0.108858,-0.100891
0.082317,0.109334,-0.099912
0.084226,0.109835,-0.099885
0.086618,0.109788,-0.098766
0.088822,0.108722,-0.099384
0.087715,0.110154,-0.097553
0.089958,0.108408,-0.100577
0.091727,0.110183,-0.098547
0.092978,0.107522,-0.098793
0.093714,0.109740,-0.099788
0.095828,0.107559,-0.099481
0.098859,0.109588,-0.100578
0.098026,0.106911,-0.099300
0.100017,0.107662,-0.101286
0.100909,0.110853,-0.099522
0.102861,0.108804,-0.098491
0.103341,0.110481,-0.101251
0.104482,0.110464,-0.100395
0.105879,0.110817,-0.102340
0.107141,0.109747,-0.100502
0.110874,0.110688,-0.103208
0.109543,0.108129,-0.101116
0.109716,0.109997,-0.102593
0.113921,0.110089,-0.102765
0.114403,0.110138,-0.104837
0.116360,0.108596,-0.104126
0.116052,0.111718,-0.102546
0.117470,0.111074,-0.104092
0.122950,0.108640,-0.104016
0.120540,0.112675,-0.105686
0.123307,0.111514,-0.105442
0.125260,0.109482,-0.107435
0.124569,0.108066,-0.107846
0.125658,0.112202,-0.107793
0.127622,0.109738,-0.107058
0.130718,0.108616,-0.107570
0.131427,0.109477,-0.108374
0.131492,0.110124,-0.108923
0.132570,0.109329,-0.109344
0.135663,0.112009,-0.112010
0.136034,0.110900,-0.110960
0.137873,0.110173,-0.109910
0.140332,0.107558,-0.111808
0.140775,0.110065,-0.112485
0.144300,0.110421,-0.113061
0.144674,0.108354,-0.112786
0.146033,0.111247,-0.113646
0.146439,0.109438,-0.114903
0.149441,0.110194,-0.115372
0.148324,0.111581,-0.117088
0.151503,0.111306,-0.116482
0.152749,0.110045,-0.116829
0.152365,0.112258,-0.118008
0.154993,0.112603,-0.117685
0.156385,0.110190,-0.118947
0.158969,0.112232,-0.120888
0.158001,0.110539,-0.123217
0.158945,0.109958,-0.121039
0.162691,0.112480,-0.123798
0.163895,0.110737,-0.122581
0.165254,0.111171,-0.123984
0.166420,0.110613,-0.125457
0.168824,0.111735,-0.127219
0.168261,0.110364,-0.126157
0.172228,0.110775,-0.127869
0.173445,0.111927,-0.131313
0.172955,0.109746,-0.132133
0.176478,0.111723,-0.131288
0.176567,0.110585,-0.134268
0.178332,0.112084,-0.134454
0.179280,0.111987,-0.138189
0.180714,0.113511,-0.137335
0.181272,0.111420,-0.139836
0.185259,0.111321,-0.142181
0.185870,0.109720,-0.142672
0.187289,0.110734,-0.144135
0.187745,0.111776,-0.144761
0.188758,0.111281,-0.150021
0.189276,0.112226,-0.150841
0.191964,0.112274,-0.152440
0.195869,0.112914,-0.154506
0.195528,0.113293,-0.156429
0.197274,0.113183,-0.160844
0.199166,0.113274,-0.166494
0.200611,0.113626,-0.170172
0.201119,0.114154,-0.174273
0.202377,0.113321,-0.175877
0.206570,0.112770,-0.181241
0.207071,0.113674,-0.185750
0.208152,0.114489,-0.191421
0.210003,0.114361,-0.196032
0.210821,0.115947,-0.203427
-0.039599,0.114757,-0.192040
-0.036494,0.111935,-0.185280
-0.035850,0.116431,-0.180116
-0.035152,0.113695,-0.174844
-0.035027,0.114147,-0.170884
-0.032356,0.114438,-0.169543
-0.031264,0.115093,-0.163106
-0.026403,0.114645,-0.161496
-0.028844,0.115187,-0.158851
-0.025016,0.114460,-0.152991
-0.023967,0.114093,-0.155274
-0.022417,0.116129,-0.151277
-0.022422,0.115211,-0.149781
-0.018648,0.112972,-0.146318
-0.018287,0.112907,-0.146546
-0.018275,0.111567,-0.143863
-0.016743,0.113499,-0.143219
-0.015305,0.113275,-0.139924
-0.013303,0.112654,-0.139649
-0.011101,0.112060,-0.138159
-0.009699,0.114478,-0.136195
-0.007807,0.113187,-0.135309
-0.007715,0.114233,-0.133002
-0.005671,0.113173,-0.131891
-0.002631,0.111687,-0.131062
-0.001828,0.110610,-0.130526
-0.003648,0.111163,-0.129301
-0.000231,0.113129,-0.128539
0.000439,0.113471,-0.125325
0.002904,0.112247,-0.126852
0.003991,0.112462,-0.123194
0.005261,0.111950,-0.123016
0.006084,0.111424,-0.122008
0.008205,0.111240,-0.121569
0.009957,0.112318,-0.120544
0.010853,0.111744,-0.119474
0.012701,0.112131,-0.118201
0.013795,0.114128,-0.119588
0.014141,0.112529,-0.116412
0.015538,0.112390,-0.115474
0.018872,0.111949,-0.114016
0.020667,0.112463,-0.114017
0.022275,0.113538,-0.114315
0.022175,0.109823,-0.113823
0.022872,0.110059,-0.112753
0.025793,0.111800,-0.111113
0.027198,0.111773,-0.111746
0.028407,0.113568,-0.112179
0.027472,0.111667,-0.111371
0.029718,0.111745,-0.112279
0.031069,0.111076,-0.111466
0.034773,0.110202,-0.111104
0.034499,0.110890,-0.109944
0.037455,0.111180,-0.109049
0.038712,0.111222,-0.109201
0.039394,0.109751,-0.108323
0.039772,0.112810,-0.109045
0.042306,0.111426,-0.106176
0.042808,0.111202,-0.105887
0.046149,0.111894,-0.107844
0.044350,0.111306,-0.106870
0.047248,0.110695,-0.105441
0.049648,0.110598,-0.107088
0.051355,0.111855,-0.107721
0.050053,0.112392,-0.107183
0.052133,0.112718,-0.106099
0.054906,0.112736,-0.105163
0.053779,0.111498,-0.105753
0.057558,0.110901,-0.105681
0.058651,0.111633,-0.106335
0.061367,0.110638,-0.105444
0.061647,0.111474,-0.103500
0.061343,0.111044,-0.106324
0.064501,0.110333,-0.104322
0.064333,0.112244,-0.102480
0.067472,0.111561,-0.101289
0.067292,0.110646,-0.103897
0.067172,0.111822,-0.102906
0.068919,0.108864,-0.102449
0.072317,0.110526,-0.101689
0.072972,0.112752,-0.102145
0.076174,0.111651,-0.103851
0.076576,0.111919,-0.100042
0.078118,0.110403,-0.102003
0.077736,0.108388,-0.102335
0.079816,0.112780,-0.103113
0.080977,0.109593,-0.099706
0.083464,0.111342,-0.099115
0.084515,0.111379,-0.099130
0.086373,0.111042,-0.099325
0.087789,0.110608,-0.099170
0.090998,0.111586,-0.100110
0.088529,0.111570,-0.099705
0.089939,0.112890,-0.098852
0.092615,0.111609,-0.101068
0.095365,0.111252,-0.101315
0.094348,0.110461,-0.098320
0.096137,0.112279,-0.101174
0.098578,0.111662,-0.100619
0.100883,0.110860,-0.099248
0.101678,0.112135,-0.099681
0.103213,0.112036,-0.100428
0.103379,0.110433,-0.103243
0.103511,0.108988,-0.101499
0.105615,0.112589,-0.100766
0.108793,0.110808,-0.101719
0.110084,0.112496,-0.105115
0.109887,0.111478,-0.103344
0.112890,0.111319,-0.103626
0.112679,0.111106,-0.104312
0.115762,0.110570,-0.103049
0.118095,0.110643,-0.103605
0.117410,0.113702,-0.104382
0.119475,0.109615,-0.103017
0.118891,0.109635,-0.105088
0.123494,0.111129,-0.107574
0.122481,0.111485,-0.107021
0.127288,0.110829,-0.108496
0.125779,0.110461,-0.108499
0.127707,0.113148,-0.107683
0.128985,0.111414,-0.109691
0.130411,0.112150,-0.110869
0.130617,0.111713,-0.109625
0.134122,0.112271,-0.107898
0.134199,0.110372,-0.109111
0.135257,0.112120,-0.110070
0.136672,0.113015,-0.111238
0.137906,0.112258,-0.111795
0.138393,0.111688,-0.112618
0.143060,0.111046,-0.111289
0.142102,0.112283,-0.112926
0.144494,0.111047,-0.113757
0.145776,0.113034,-0.114729
0.147563,0.111923,-0.115085
0.148836,0.114277,-0.115691
0.149795,0.112018,-0.115291
0.151915,0.111916,-0.118182
0.151724,0.110324,-0.116211
0.151334,0.112110,-0.118785
0.153814,0.110577,-0.119566
0.158030,0.111360,-0.119240
0.159126,0.112765,-0.121606
0.159126,0.113183,-0.121879
0.159572,0.112189,-0.122180
0.163322,0.114175,-0.121735
0.163910,0.110528,-0.123350
0.164845,0.112934,-0.124297
0.165977,0.112500,-0.123546
0.166643,0.112197,-0.125697
0.168563,0.111920,-0.127282
0.169888,0.113868,-0.128651
0.172370,0.112303,-0.128134
0.172651,0.112915,-0.128381
0.174892,0.111535,-0.130832
0.178377,0.111721,-0.130943
0.178296,0.110419,-0.132594
0.179219,0.113121,-0.137949
0.181719,0.111826,-0.137393
0.182801,0.114032,-0.137851
0.185298,0.113116,-0.139586
0.184139,0.113574,-0.141184
0.186367,0.112818,-0.143400
0.187875,0.112495,-0.145103
0.188125,0.113875,-0.147461
0.192976,0.112198,-0.150951
0.192818,0.111911,-0.149793
0.193608,0.112956,-0.155139
0.195681,0.111980,-0.155253
0.197865,0.114736,-0.160868
0.197683,0.114615,-0.165198
0.201240,0.115763,-0.169125
0.200927,0.113504,-0.173015
0.203389,0.114752,-0.175603
0.206394,0.114998,-0.179114
0.208462,0.114295,-0.184799
0.208027,0.114107,-0.186987
0.208836,0.114592,-0.195151
0.211458,0.116194,-0.198328
0.213205,0.118632,-0.210044
-0.037575,0.116618,-0.194234
-0.037661,0.115789,-0.186425
-0.035781,0.117917,-0.181996
-0.034484,0.116911,-0.177110
-0.032520,0.117216,-0.174144
-0.030643,0.117124,-0.168269
-0.030963,0.115675,-0.165154
-0.028976,0.114665,-0.164734
-0.026614,0.115757,-0.160150
-0.025551,0.115268,-0.157347
-0.025426,0.115325,-0.154838
-0.025001,0.116028,-0.153075
-0.022154,0.116195,-0.149107
-0.021776,0.114529,-0.146797
-0.021348,0.114928,-0.146463
-0.017333,0.115536,-0.146404
-0.016054,0.115177,-0.143621
-0.014828,0.112440,-0.142589
-0.013218,0.114940,-0.142272
-0.010830,0.116570,-0.138168
-0.009119,0.114617,-0.137255
-0.006242,0.114360,-0.135409
-0.006940,0.114507,-0.133889
-0.006687,0.112849,-0.133379
-0.004996,0.113065,-0.133580
-0.003717,0.114271,-0.130153
-0.002853,0.116128,-0.129216
0.000717,0.115380,-0.128278
-0.000572,0.113169,-0.127551
0.003721,0.112573,-0.125377
0.003646,0.114597,-0.125254
0.002393,0.113154,-0.122760
0.006158,0.112960,-0.120212
0.007916,0.113242,-0.124322
0.009852,0.113426,-0.122438
0.013035,0.114598,-0.118766
0.013503,0.114454,-0.118951
0.015045,0.112577,-0.117746
0.015736,0.114108,-0.118541
0.015758,0.112579,-0.116169
0.019028,0.114195,-0.116805
0.020903,0.113434,-0.114711
0.021366,0.113346,-0.114317
0.023625,0.111866,-0.115734
0.022623,0.114791,-0.113562
0.025045,0.112253,-0.115022
0.026834,0.112417,-0.113288
0.028155,0.114304,-0.111702
0.030775,0.114532,-0.112105
0.030390,0.113901,-0.110577
0.033853,0.114226,-0.110719
0.034436,0.112630,-0.110757
0.035829,0.114212,-0.110979
0.036619,0.114757,-0.108692
0.037706,0.114412,-0.108036
0.039760,0.111662,-0.110667
0.039040,0.112222,-0.109719
0.042530,0.112218,-0.108417
0.043215,0.112239,-0.109149
0.045752,0.112076,-0.106918
0.044455,0.112467,-0.108423
0.046270,0.112853,-0.106177
0.046859,0.113868,-0.108573
0.050756,0.112361,-0.108105
0.051712,0.112737,-0.106470
0.054425,0.112631,-0.106102
0.054073,0.112972,-0.105980
0.056520,0.114511,-0.106905
0.055675,0.112329,-0.105736
0.058249,0.112216,-0.107595
0.059662,0.113235,-0.106740
0.060071,0.113006,-0.105462
0.060695,0.114799,-0.105473
0.063549,0.112778,-0.105423
0.064245,0.112168,-0.105049
0.065815,0.113490,-0.102613
0.067213,0.112312,-0.104173
0.069525,0.113520,-0.103630
0.069689,0.113293,-0.103257
0.072000,0.114054,-0.103915
0.072846,0.113778,-0.102453
0.073904,0.112138,-0.102427
0.074191,0.113365,-0.101428
0.078691,0.114917,-0.101904
0.079519,0.111059,-0.100255
0.080796,0.112395,-0.101640
0.081342,0.112051,-0.101108
0.082356,0.113467,-0.100995
0.084221,0.111704,-0.099945
0.086008,0.113995,-0.100407
0.086933,0.113064,-0.099671
0.089811,0.114945,-0.098420
0.088812,0.112411,-0.100105
0.092037,0.112328,-0.101024
0.092986,0.112446,-0.099192
0.093455,0.111416,-0.101775
0.095588,0.114016,-0.101552
0.095557,0.111933,-0.102064
0.096893,0.111653,-0.102208
0.098930,0.113039,-0.099748
0.100393,0.112558,-0.104382
0.100340,0.113513,-0.101411
0.104905,0.112291,-0.100267
0.104154,0.112119,-0.101923
0.106117,0.112176,-0.101427
0.107794,0.112112,-0.103637
0.109386,0.114105,-0.103277
0.113399,0.112908,-0.104006
0.111851,0.112712,-0.104293
0.112110,0.114823,-0.103550
0.114744,0.112515,-0.103495
0.116508,0.113230,-0.104400
0.116926,0.113466,-0.104816
0.118399,0.112707,-0.103971
0.120605,0.111279,-0.105843
0.121989,0.113584,-0.107604
0.124846,0.112833,-0.107086
0.124071,0.112268,-0.108005
0.126101,0.113373,-0.109794
0.127835,0.110542,-0.109053
0.128528,0.113113,-0.107785
0.129793,0.111584,-0.109770
0.131602,0.112214,-0.110906
0.132297,0.113032,-0.110460
0.135234,0.113780,-0.110374
0.133728,0.113451,-0.110028
0.136912,0.114309,-0.109621
0.139861,0.114796,-0.112684
0.140672,0.112988,-0.110782
0.140121,0.110962,-0.112780
0.143198,0.115639,-0.111589
0.143196,0.113227,-0.113977
0.144362,0.112169,-0.115624
0.146824,0.113110,-0.115303
0.148645,0.111983,-0.116088
0.148202,0.111256,-0.116312
0.151430,0.114346,-0.118614
0.155508,0.114666,-0.117859
0.154238,0.114904,-0.117924
0.156176,0.111576,-0.118841
0.155759,0.113948,-0.117998
0.159197,0.112960,-0.120482
0.160888,0.111451,-0.118749
0.160444,0.114798,-0.121045
0.160325,0.113682,-0.120498
0.164526,0.114751,-0.120914
0.166276,0.114442,-0.122618
0.165969,0.114549,-0.123886
0.167923,0.114070,-0.124467
0.168601,0.113908,-0.124383
0.170038,0.113490,-0.125981
0.170917,0.114110,-0.127117
0.173275,0.113885,-0.127232
0.175911,0.113207,-0.128729
0.174471,0.114566,-0.130918
0.178825,0.114483,-0.132666
0.179256,0.114171,-0.134065
0.180259,0.113677,-0.137136
0.183713,0.113327,-0.139013
0.182258,0.115379,-0.140741
0.184270,0.114309,-0.142933
0.186950,0.115933,-0.143186
0.187517,0.113943,-0.145412
0.189994,0.115665,-0.147931
0.190765,0.115601,-0.147171
0.193268,0.116511,-0.150296
0.193984,0.117164,-0.153249
0.194876,0.116926,-0.155628
0.197569,0.116440,-0.160814
0.197650,0.115696,-0.163047
0.199793,0.115966,-0.167333
0.201368,0.115532,-0.170318
0.205061,0.115629,-0.173479
0.203853,0.116904,-0.176793
0.206724,0.116395,-0.183402
0.208482,0.118199,-0.185179
0.211625,0.116379,-0.190173
0.209714,0.118374,-0.195588
0.215605,0.115993,-0.202804
-0.039728,0.118308,-0.193510
-0.038078,0.116331,-0.187657
-0.036914,0.118511,-0.181975
-0.036084,0.118002,-0.178990
-0.034113,0.118414,-0.172239
-0.031222,0.118356,-0.170001
-0.029953,0.116831,-0.168132
-0.028173,0.117232,-0.162911
-0.027886,0.117332,-0.159045
-0.025803,0.118234,-0.156482
-0.025330,0.116734,-0.154735
-0.023642,0.118578,-0.152870
-0.020948,0.115774,-0.152707
-0.022300,0.116449,-0.148286
-0.017942,0.116388,-0.148299
-0.018114,0.116072,-0.146352
-0.014937,0.116845,-0.144181
-0.013985,0.116060,-0.141773
-0.009959,0.116319,-0.141286
-0.010374,0.116497,-0.141906
-0.011203,0.117688,-0.137323
-0.009658,0.115439,-0.137518
-0.006020,0.115339,-0.136644
-0.005740,0.114544,-0.135724
-0.005130,0.115706,-0.134557
-0.004661,0.116391,-0.130825
-0.001904,0.114972,-0.130289
0.002590,0.116050,-0.129785
0.001712,0.113939,-0.128996
0.001362,0.114757,-0.126624
0.002091,0.113949,-0.126621
0.005066,0.114956,-0.124304
0.007647,0.114822,-0.126494
0.009821,0.115435,-0.123495
0.010228,0.115075,-0.121606
0.011546,0.113804,-0.119455
0.013911,0.115858,-0.119548
0.015576,0.115582,-0.118917
0.016589,0.114854,-0.117931
0.016401,0.115199,-0.118432
0.017452,0.115402,-0.117162
0.019210,0.115558,-0.114382
0.021498,0.115117,-0.113860
0.021513,0.114182,-0.114299
0.023499,0.115163,-0.113137
0.025271,0.115105,-0.112227
0.026076,0.114292,-0.111283
0.030470,0.116341,-0.112048
0.030332,0.113513,-0.114108
0.029002,0.112829,-0.113645
0.031964,0.113487,-0.112358
0.034348,0.114258,-0.111078
0.034939,0.116167,-0.110780
0.036227,0.116584,-0.110459
0.038181,0.115547,-0.107607
0.038144,0.114980,-0.108661
0.040912,0.113863,-0.109680
0.041567,0.113819,-0.108492
0.043359,0.115993,-0.109595
0.044234,0.114422,-0.110557
0.046236,0.114990,-0.109542
0.048216,0.114238,-0.107742
0.047873,0.116681,-0.107134
0.049761,0.113607,-0.107618
0.051492,0.116343,-0.107686
0.051829,0.115079,-0.107114
0.056296,0.114338,-0.108335
0.055956,0.113566,-0.107515
0.057168,0.114146,-0.107334
0.057750,0.116504,-0.107972
0.060990,0.113984,-0.107254
0.060327,0.114667,-0.105819
0.062012,0.116002,-0.105216
0.063433,0.114595,-0.105615
0.064818,0.114447,-0.105675
0.066345,0.113231,-0.104714
0.066660,0.114890,-0.105797
0.069771,0.112466,-0.105172
0.070321,0.113627,-0.103925
0.071672,0.114380,-0.103862
0.074037,0.113867,-0.102822
0.075502,0.114241,-0.101692
0.075964,0.115629,-0.102347
0.077723,0.115579,-0.102872
0.079374,0.114698,-0.101803
0.081942,0.114915,-0.100703
0.080625,0.113182,-0.102570
0.082436,0.114745,-0.101185
0.083501,0.114175,-0.101722
0.087578,0.113885,-0.100417
0.086123,0.114374,-0.099340
0.087129,0.112456,-0.102294
0.088929,0.114363,-0.099933
0.089420,0.114546,-0.102247
0.093596,0.114655,-0.100801
0.095363,0.116196,-0.102783
0.095274,0.115759,-0.100286
0.097559,0.114428,-0.100528
0.099364,0.113716,-0.102391
0.097300,0.116557,-0.102103
0.100528,0.113193,-0.100748
0.103126,0.114101,-0.103974
0.104951,0.114881,-0.101037
0.106808,0.114633,-0.103681
0.106785,0.113879,-0.103590
0.108533,0.114534,-0.102989
0.109420,0.113097,-0.104131
0.111061,0.114532,-0.103332
0.112537,0.115104,-0.104268
0.113245,0.114826,-0.106127
0.114769,0.113767,-0.107052
0.116723,0.113031,-0.106835
0.118139,0.114077,-0.105962
0.119570,0.113889,-0.105310
0.119647,0.114148,-0.106633
0.121853,0.115203,-0.105492
0.122860,0.114668,-0.106160
0.125850,0.114436,-0.107949
0.124441,0.114806,-0.108525
0.128183,0.115996,-0.108962
0.127949,0.116232,-0.110235
0.129858,0.114999,-0.110092
0.131562,0.115742,-0.111396
0.133654,0.115181,-0.110563
0.133074,0.115141,-0.111206
0.136488,0.114948,-0.110716
0.136055,0.116096,-0.111931
0.137381,0.113802,-0.110659
0.140016,0.116511,-0.112528
0.143239,0.116138,-0.113927
0.141240,0.115681,-0.114290
0.144560,0.114721,-0.115109
0.146315,0.116192,-0.114734
0.147703,0.115492,-0.115100
0.147600,0.114742,-0.116083
0.148750,0.116073,-0.116796
0.151328,0.115056,-0.116572
0.154151,0.115865,-0.115770
0.152649,0.114198,-0.117032
0.155326,0.116530,-0.116735
0.157541,0.116983,-0.114566
0.157507,0.115351,-0.117541
0.158458,0.115322,-0.118492
0.162613,0.115266,-0.119245
0.161208,0.116261,-0.118271
0.164619,0.115438,-0.119564
0.164984,0.113947,-0.119132
0.165828,0.115234,-0.120623
0.168914,0.116596,-0.120841
0.169515,0.114560,-0.122146
0.172487,0.117666,-0.123856
0.171831,0.114848,-0.123499
0.173396,0.117344,-0.126253
0.174895,0.115882,-0.127075
0.175205,0.115376,-0.128328
0.176781,0.115194,-0.129869
0.180175,0.116716,-0.130891
0.182544,0.115891,-0.132934
0.181635,0.115258,-0.136738
0.184961,0.114784,-0.135934
0.183638,0.115505,-0.139687
0.186793,0.115294,-0.142965
0.188300,0.117095,-0.143377
0.189200,0.118470,-0.146448
0.190340,0.117646,-0.146702
0.193701,0.117893,-0.150625
0.194067,0.116815,-0.151996
0.195146,0.116842,-0.154321
0.198739,0.118934,-0.158583
0.200573,0.116965,-0.162673
0.200195,0.118428,-0.166371
0.201264,0.119836,-0.170566
0.205126,0.117681,-0.172059
0.203908,0.117295,-0.177142
0.206511,0.118112,-0.179866
0.209165,0.117970,-0.184045
0.211098,0.119487,-0.188186
0.212089,0.118718,-0.194545
0.214395,0.118215,-0.198426
0.217227,0.117923,-0.202552
-0.039175,0.120644,-0.194948
-0.038819,0.120750,-0.189814
-0.036836,0.119281,-0.183047
-0.035439,0.120292,-0.179876
-0.034082,0.118356,-0.174001
-0.031503,0.118277,-0.172576
-0.031098,0.119643,-0.167652
-0.028694,0.119859,-0.164472
-0.027801,0.118604,-0.162679
-0.026906,0.119063,-0.159781
-0.024464,0.118679,-0.157027
-0.021225,0.119647,-0.155008
-0.020423,0.117926,-0.153403
-0.019993,0.119803,-0.151434
-0.017984,0.118817,-0.149326
-0.017571,0.115731,-0.146594
-0.017293,0.118692,-0.147122
-0.014849,0.118417,-0.144406
-0.013473,0.118696,-0.142087
-0.011463,0.117327,-0.140955
-0.011434,0.117979,-0.138830
-0.008177,0.118452,-0.136584
-0.007593,0.118588,-0.134429
-0.007185,0.116741,-0.135058
-0.004469,0.118169,-0.133333
-0.004128,0.117887,-0.132865
-0.000338,0.116544,-0.131662
-0.001818,0.118311,-0.130394
0.000506,0.115880,-0.127137
0.003083,0.118417,-0.128416
0.002576,0.116912,-0.126703
0.005431,0.117854,-0.125774
0.006434,0.116023,-0.126993
0.007492,0.117309,-0.125134
0.010900,0.115138,-0.122571
0.012143,0.116760,-0.122103
0.011977,0.115103,-0.121716
0.012637,0.117193,-0.119280
0.013226,0.116256,-0.119827
0.018541,0.116054,-0.117720
0.019303,0.115935,-0.117918
0.020884,0.117164,-0.116014
0.020045,0.116578,-0.117895
0.021835,0.114735,-0.116013
0.022046,0.116783,-0.114800
0.025257,0.116422,-0.114931
0.026518,0.116297,-0.113194
0.028294,0.116306,-0.114796
0.028648,0.116445,-0.112593
0.031246,0.116892,-0.111610
0.032932,0.117806,-0.111436
0.034095,0.114978,-0.108885
0.034624,0.115167,-0.110057
0.035844,0.115731,-0.110275
0.037113,0.115367,-0.112774
0.038368,0.117818,-0.110004
0.041379,0.114608,-0.109710
0.041489,0.115712,-0.111197
0.043791,0.115284,-0.108540
0.044446,0.115633,-0.108370
0.045478,0.115578,-0.110801
0.047290,0.114536,-0.109684
0.047866,0.113936,-0.110394
0.048842,0.117134,-0.110751
0.050316,0.116039,-0.108644
0.052889,0.114603,-0.107212
0.054166,0.116197,-0.108894
0.054723,0.115848,-0.108032
0.057047,0.115624,-0.108409
0.056244,0.115350,-0.106983
0.058873,0.117119,-0.107374
0.061212,0.116189,-0.106140
0.063512,0.116871,-0.106793
0.063480,0.116788,-0.105508
0.064680,0.116384,-0.104148
0.065399,0.117028,-0.104043
0.068540,0.116058,-0.104298
0.068664,0.115898,-0.104167
0.070971,0.116581,-0.103394
0.071979,0.115852,-0.104048
0.073374,0.116692,-0.102145
0.075388,0.116625,-0.104104
0.075334,0.116565,-0.102334
0.078247,0.117305,-0.104319
0.079004,0.116883,-0.102199
0.080658,0.115362,-0.101938
0.082386,0.113346,-0.102565
0.083566,0.116841,-0.102371
0.084293,0.115627,-0.102976
0.086440,0.114375,-0.100967
0.087373,0.116412,-0.101449
0.087468,0.116700,-0.102771
0.089634,0.115142,-0.101423
0.092603,0.116531,-0.102256
0.092351,0.116638,-0.101398
0.093812,0.115593,-0.100825
0.094510,0.117177,-0.101110
0.097696,0.117330,-0.101380
0.099347,0.116062,-0.101248
0.098259,0.116271,-0.102390
0.099361,0.114301,-0.104280
0.103415,0.116254,-0.102451
0.103826,0.114748,-0.102913
0.107177,0.117210,-0.103314
0.106332,0.116854,-0.104359
0.106519,0.115508,-0.106053
0.110962,0.115144,-0.105470
0.111912,0.115828,-0.105308
0.112760,0.113930,-0.104919
0.113458,0.115484,-0.105243
0.114614,0.116180,-0.104926
0.116112,0.116920,-0.105599
0.116032,0.116047,-0.106044
0.118710,0.117609,-0.106964
0.118884,0.116572,-0.107716
0.121570,0.117743,-0.106190
0.123218,0.114225,-0.107460
0.124508,0.115768,-0.110049
0.127282,0.116639,-0.109019
0.127351,0.115874,-0.110255
0.130734,0.115918,-0.110491
0.130159,0.114933,-0.110853
0.131888,0.116367,-0.110269
0.132926,0.118114,-0.111825
0.133397,0.115718,-0.111964
0.135915,0.116424,-0.112370
0.136289,0.116805,-0.114073
0.138944,0.116268,-0.112135
0.140819,0.116463,-0.112049
0.143854,0.116141,-0.114063
0.141541,0.116012,-0.112965
0.144269,0.115788,-0.114801
0.146187,0.117382,-0.114481
0.145924,0.115679,-0.113778
0.147806,0.118305,-0.114746
0.148627,0.112892,-0.113808
0.150229,0.116902,-0.116268
0.153963,0.118357,-0.113640
0.153952,0.115818,-0.113868
0.153607,0.117404,-0.114633
0.158034,0.117539,-0.116292
0.157626,0.117034,-0.116010
0.157873,0.116332,-0.115107
0.161238,0.116134,-0.116681
0.161765,0.116346,-0.117570
0.165521,0.117704,-0.118470
0.164209,0.116863,-0.119720
0.165760,0.118052,-0.119337
0.167918,0.117563,-0.119683
0.170162,0.116984,-0.122669
0.171613,0.117098,-0.122634
0.173207,0.116206,-0.124160
0.171879,0.117385,-0.122212
0.176283,0.116114,-0.126043
0.175959,0.119006,-0.126056
0.177715,0.117978,-0.127573
0.178440,0.116768,-0.131720
0.180723,0.118248,-0.132345
0.182291,0.117942,-0.134396
0.184456,0.117339,-0.135285
0.183025,0.117912,-0.138599
0.184753,0.116413,-0.142794
0.187875,0.116931,-0.142497
0.189573,0.116666,-0.146889
0.191582,0.117791,-0.146561
0.193266,0.118156,-0.150265
0.193686,0.120776,-0.152003
0.196375,0.119027,-0.154982
0.197053,0.119523,-0.156442
0.200564,0.119277,-0.158923
0.200707,0.118682,-0.163910
0.200350,0.118345,-0.167584
0.202861,0.120233,-0.172636
0.204258,0.118909,-0.176932
0.206545,0.119319,-0.179365
0.208690,0.119793,-0.183370
0.210650,0.118999,-0.187594
0.211084,0.121772,-0.191688
0.212326,0.119601,-0.196571
0.214905,0.120146,-0.201289
0.217848,0.120923,-0.218822
-0.037840,0.123767,-0.198064
-0.037121,0.122764,-0.191445
-0.035126,0.121645,-0.184789
-0.035726,0.121745,-0.179401
-0.032922,0.122162,-0.175074
-0.032015,0.120785,-0.172739
-0.031084,0.120363,-0.168695
-0.029778,0.120072,-0.167489
-0.028356,0.119668,-0.163384
-0.025125,0.120673,-0.161533
-0.024600,0.120669,-0.156924
-0.022391,0.118339,-0.156702
-0.022208,0.120341,-0.154505
-0.018399,0.121655,-0.150537
-0.021117,0.121495,-0.150940
-0.018107,0.119790,-0.146985
-0.015901,0.120133,-0.147187
-0.016317,0.120869,-0.146836
-0.013692,0.120907,-0.143732
-0.013502,0.120275,-0.140065
-0.009954,0.120127,-0.141454
-0.008776,0.119420,-0.139011
-0.007998,0.119590,-0.137177
-0.005102,0.119863,-0.136978
-0.003808,0.120698,-0.135795
-0.002775,0.118062,-0.134183
-0.001459,0.118187,-0.131093
-0.001203,0.117278,-0.132552
0.000443,0.119778,-0.129314
0.003731,0.119906,-0.129137
0.004425,0.119981,-0.126911
0.005243,0.117887,-0.127527
0.008075,0.118853,-0.126153
0.008623,0.119175,-0.123399
0.010058,0.116265,-0.123790
0.010647,0.119151,-0.122060
0.012233,0.118808,-0.121667
0.013883,0.116678,-0.118906
0.016313,0.119160,-0.120765
0.015999,0.118256,-0.119125
0.016380,0.118370,-0.119060
0.020188,0.118081,-0.119171
0.020123,0.119484,-0.116216
0.021546,0.118651,-0.117687
0.023160,0.118416,-0.114883
0.024992,0.118776,-0.115670
0.026418,0.117711,-0.113377
0.025882,0.118799,-0.115689
0.029811,0.119165,-0.114098
0.029641,0.118553,-0.112315
0.032478,0.117249,-0.111584
0.033763,0.117694,-0.111692
0.035786,0.118305,-0.113676
0.037275,0.117388,-0.110321
0.037938,0.116868,-0.111058
0.038942,0.118010,-0.111541
0.040356,0.117670,-0.110514
0.042641,0.118272,-0.110941
0.043849,0.117471,-0.110149
0.043471,0.118318,-0.108271
0.046877,0.116632,-0.110630
0.047493,0.117835,-0.110995
0.047655,0.117086,-0.109238
0.050320,0.117654,-0.108100
0.050856,0.117039,-0.108943
0.051702,0.117839,-0.107802
0.054391,0.116758,-0.108728
0.055511,0.115184,-0.108068
0.057602,0.118361,-0.107681
0.057861,0.118268,-0.108526
0.060081,0.118226,-0.106734
0.059515,0.116450,-0.107741
0.061490,0.116906,-0.106457
0.064178,0.118141,-0.104158
0.064536,0.116552,-0.104932
0.066366,0.117556,-0.105134
0.068308,0.119039,-0.104965
0.070736,0.118558,-0.105024
0.071248,0.117182,-0.106233
0.069907,0.117247,-0.103920
0.073314,0.118180,-0.104069
0.072305,0.118006,-0.102504
0.076019,0.118376,-0.103825
0.077941,0.117622,-0.103664
0.080092,0.117662,-0.103732
0.079243,0.117086,-0.104269
0.081449,0.118528,-0.103716
0.083245,0.117642,-0.101704
0.084151,0.117195,-0.102157
0.087069,0.116790,-0.100880
0.087036,0.117375,-0.103604
0.087673,0.118178,-0.103066
0.090507,0.117080,-0.101806
0.090603,0.118483,-0.103377
0.094110,0.117729,-0.101965
0.095362,0.116664,-0.102554
0.097610,0.117699,-0.102219
0.096985,0.117874,-0.103197
0.096517,0.117258,-0.105081
0.099640,0.116722,-0.102454
0.099671,0.117632,-0.103450
0.104646,0.116144,-0.102929
0.104738,0.119171,-0.105602
0.105449,0.120523,-0.102986
0.106680,0.116932,-0.103429
0.108173,0.117269,-0.104316
0.110535,0.117841,-0.105163
0.109149,0.118216,-0.106219
0.111749,0.119341,-0.106141
0.112965,0.116910,-0.106721
0.114166,0.116779,-0.105661
0.116374,0.118183,-0.107125
0.117499,0.117385,-0.106702
0.117266,0.116770,-0.106611
0.120669,0.119594,-0.109174
0.121490,0.118041,-0.107221
0.123694,0.118215,-0.106749
0.124781,0.118521,-0.110253
0.127945,0.117033,-0.110621
0.129714,0.116568,-0.110204
0.129314,0.118083,-0.109604
0.131187,0.117808,-0.112585
0.130624,0.119925,-0.111408
0.131448,0.117436,-0.111626
0.134896,0.118524,-0.109690
0.134740,0.118172,-0.112384
0.135712,0.117204,-0.112415
0.139143,0.118389,-0.111722
0.140516,0.117350,-0.113603
0.140272,0.119261,-0.112210
0.143315,0.117702,-0.111257
0.143364,0.116874,-0.111820
0.145289,0.116542,-0.110137
0.147180,0.120151,-0.113564
0.146906,0.118750,-0.113123
0.149106,0.117434,-0.112373
0.151411,0.119360,-0.111278
0.153682,0.118236,-0.114131
0.152429,0.116377,-0.112939
0.155954,0.117804,-0.113112
0.157499,0.119511,-0.114850
0.157176,0.118031,-0.112701
0.161299,0.118331,-0.114612
0.161574,0.120559,-0.115941
0.158482,0.117890,-0.115609
0.163719,0.117048,-0.114155
0.164913,0.119288,-0.117613
0.167028,0.119626,-0.116184
0.166441,0.118461,-0.119710
0.168695,0.118065,-0.119681
0.172526,0.117824,-0.119062
0.171262,0.117557,-0.119565
0.172605,0.118564,-0.123298
0.173651,0.117599,-0.123425
0.176422,0.117952,-0.124412
0.177411,0.117163,-0.125491
0.178215,0.118374,-0.128446
0.182010,0.119648,-0.129859
0.182131,0.118331,-0.132398
0.184313,0.120035,-0.134112
0.184367,0.119925,-0.136398
0.187512,0.118750,-0.139294
0.185921,0.121682,-0.141422
0.189331,0.119971,-0.142584
0.191806,0.120211,-0.145801
0.194653,0.120199,-0.148091
0.194295,0.119058,-0.151031
0.197639,0.119342,-0.153445
0.198135,0.118786,-0.157232
0.198097,0.119497,-0.157115
0.200624,0.121632,-0.163731
0.201436,0.120190,-0.167379
0.205212,0.119689,-0.168995
0.206082,0.120789,-0.172679
0.206250,0.120685,-0.177891
0.208388,0.121836,-0.179154
0.207126,0.121473,-0.185485
0.210684,0.120035,-0.188897
0.212888,0.122184,-0.193436
0.213424,0.122200,-0.199326
0.217619,0.123419,-0.205043
-0.038425,0.124106,-0.198580
-0.036696,0.123321,-0.191716
-0.037532,0.122547,-0.183335
-0.035157,0.123389,-0.180231
-0.032395,0.121712,-0.176694
-0.031673,0.123160,-0.171533
-0.030758,0.123051,-0.169474
-0.028107,0.121505,-0.167159
-0.027187,0.123851,-0.163491
-0.026538,0.122669,-0.160827
-0.024012,0.120395,-0.159460
-0.022799,0.122571,-0.156445
-0.021844,0.119854,-0.153952
-0.021002,0.121325,-0.151789
-0.017894,0.121166,-0.148983
-0.017343,0.122520,-0.149588
-0.016151,0.119550,-0.146531
-0.012621,0.121480,-0.146082
-0.013220,0.121568,-0.144949
-0.010995,0.118549,-0.142003
-0.011795,0.120574,-0.142040
-0.008121,0.121982,-0.139613
-0.007179,0.118682,-0.139622
-0.006090,0.122632,-0.137330
-0.006420,0.120017,-0.135881
-0.003181,0.120314,-0.135053
-0.000178,0.121740,-0.133577
-0.000379,0.122147,-0.133219
-0.000204,0.120785,-0.131121
0.001908,0.123295,-0.131515
0.005791,0.120007,-0.130247
0.004023,0.121002,-0.127898
0.006107,0.121897,-0.125789
0.008406,0.120547,-0.126509
0.009139,0.121119,-0.125893
0.009020,0.119715,-0.124637
0.012118,0.121757,-0.123580
0.013340,0.120910,-0.123130
0.013543,0.120258,-0.121083
0.016918,0.118712,-0.120698
0.017871,0.119686,-0.121570
0.018943,0.118849,-0.116126
0.020041,0.120668,-0.118400
0.021401,0.120991,-0.116016
0.023325,0.120019,-0.116983
0.024714,0.120216,-0.115335
0.027165,0.119720,-0.116498
0.031639,0.118624,-0.116437
0.029888,0.118038,-0.114022
0.029573,0.120244,-0.114907
0.033303,0.122384,-0.112842
0.034721,0.120901,-0.112676
0.035675,0.117558,-0.111290
0.036023,0.119048,-0.113595
0.038304,0.120381,-0.112778
0.038530,0.119548,-0.111823
0.041297,0.118813,-0.110728
0.040917,0.120269,-0.111658
0.043831,0.119127,-0.111953
0.044882,0.120802,-0.111137
0.046984,0.117777,-0.109556
0.046132,0.116919,-0.109656
0.047749,0.118322,-0.110047
0.049776,0.120981,-0.109132
0.052678,0.118500,-0.108493
0.053534,0.119960,-0.108315
0.055332,0.118318,-0.108154
0.056650,0.119001,-0.107887
0.057219,0.119907,-0.107222
0.056811,0.121099,-0.108897
0.058417,0.119841,-0.107691
0.060433,0.120948,-0.106760
0.063215,0.118321,-0.107746
0.065046,0.119221,-0.106818
0.066389,0.118171,-0.105156
0.067948,0.117866,-0.105995
0.067528,0.120125,-0.106569
0.071505,0.118724,-0.104125
0.070458,0.119004,-0.105863
0.071822,0.119425,-0.104151
0.074417,0.117741,-0.105052
0.075721,0.119581,-0.106014
0.075060,0.118370,-0.105167
0.078348,0.119361,-0.104321
0.080744,0.120042,-0.105341
0.080296,0.119260,-0.103882
0.081062,0.117546,-0.103767
0.082302,0.119095,-0.103521
0.084725,0.119684,-0.104055
0.086063,0.120118,-0.103295
0.087241,0.119135,-0.104193
0.088318,0.119367,-0.104184
0.088872,0.119217,-0.103414
0.091256,0.120503,-0.102310
0.092604,0.118428,-0.103299
0.096281,0.118920,-0.102648
0.095841,0.117718,-0.104971
0.096517,0.118316,-0.104382
0.097585,0.118792,-0.103225
0.100628,0.117284,-0.101885
0.100965,0.118514,-0.103636
0.100671,0.119216,-0.103337
0.103532,0.120360,-0.104052
0.106527,0.119896,-0.103320
0.107975,0.120747,-0.105701
0.108401,0.119564,-0.105057
0.110184,0.120642,-0.105043
0.108886,0.118027,-0.105307
0.110158,0.119241,-0.106353
0.113363,0.119242,-0.107389
0.115571,0.120527,-0.106545
0.115402,0.119906,-0.106705
0.116275,0.120154,-0.106100
0.120457,0.119390,-0.107103
0.122524,0.119446,-0.108081
0.121568,0.118760,-0.108555
0.124035,0.119688,-0.108168
0.123874,0.119613,-0.109946
0.125787,0.121349,-0.109604
0.129709,0.119287,-0.110589
0.129179,0.117458,-0.110389
0.131183,0.119423,-0.111351
0.131244,0.119470,-0.109984
0.132771,0.120655,-0.112317
0.134837,0.119102,-0.110389
0.135709,0.119890,-0.111242
0.135072,0.118916,-0.110870
0.138344,0.121213,-0.107754
0.141950,0.120456,-0.110379
0.141649,0.120994,-0.111404
0.142757,0.119323,-0.111212
0.143917,0.118933,-0.111359
0.145532,0.120796,-0.109516
0.147618,0.118297,-0.110065
0.147488,0.118680,-0.111791
0.148577,0.119186,-0.111277
0.150892,0.120927,-0.112238
0.154034,0.119208,-0.111473
0.151809,0.119659,-0.112344
0.155706,0.119342,-0.112310
0.156279,0.119611,-0.113767
0.158673,0.120890,-0.112480
0.159305,0.119557,-0.112900
0.161895,0.120215,-0.114515
0.162349,0.119150,-0.114197
0.162842,0.120514,-0.113921
0.165755,0.121523,-0.115160
0.167041,0.119694,-0.115884
0.167793,0.120445,-0.117529
0.168640,0.120285,-0.116446
0.168679,0.121023,-0.118261
0.170799,0.120658,-0.117773
0.174082,0.118585,-0.122240
0.175139,0.119229,-0.121095
0.175830,0.120899,-0.121954
0.178984,0.118673,-0.125153
0.179101,0.118518,-0.126784
0.179523,0.119273,-0.128572
0.182899,0.121616,-0.131232
0.182300,0.118796,-0.133343
0.186627,0.120017,-0.135951
0.185964,0.121482,-0.138404
0.186926,0.120137,-0.138360
0.189619,0.120747,-0.140215
0.190339,0.121838,-0.143849
0.192261,0.121406,-0.144517
0.193616,0.122132,-0.148477
0.196375,0.122087,-0.150393
0.196574,0.121844,-0.154575
0.197217,0.121626,-0.156720
0.201232,0.123435,-0.159511
0.201039,0.122146,-0.165460
0.204619,0.120710,-0.167775
0.205332,0.122047,-0.170082
0.207522,0.122956,-0.174793
0.207985,0.122234,-0.177427
0.210657,0.122368,-0.182975
0.209961,0.123541,-0.186796
0.213856,0.124502,-0.190448
0.215301,0.124825,-0.196860
0.215109,0.126287,-0.201826
0.219104,0.123868,-0.216873
-0.041075,0.126355,-0.197231
-0.036463,0.125844,-0.190485
-0.037099,0.125571,-0.184472
-0.033933,0.123844,-0.181425
-0.032149,0.123005,-0.177196
-0.031973,0.123155,-0.173552
-0.030961,0.124513,-0.170888
-0.029787,0.123706,-0.166561
-0.027434,0.124412,-0.164658
-0.025872,0.124759,-0.162888
-0.024801,0.123150,-0.159752
-0.022206,0.124684,-0.157812
-0.019416,0.121311,-0.154680
-0.020882,0.122825,-0.152457
-0.018316,0.123612,-0.150038
-0.017086,0.123202,-0.149718
-0.015412,0.122954,-0.149387
-0.014487,0.123478,-0.146662
-0.011834,0.122128,-0.144342
-0.010691,0.122806,-0.142982
-0.009461,0.123503,-0.142450
-0.007607,0.122775,-0.139721
-0.007051,0.121285,-0.139675
-0.004230,0.123066,-0.137672
-0.004008,0.122500,-0.138315
-0.003309,0.123231,-0.134902
-0.000995,0.122138,-0.136580
-0.000815,0.122206,-0.132736
0.001516,0.120978,-0.132110
0.002190,0.120940,-0.134594
0.004972,0.120694,-0.129022
0.005409,0.120869,-0.130033
0.006550,0.122184,-0.127725
0.010579,0.120813,-0.127413
0.009008,0.121803,-0.125838
0.010926,0.120834,-0.125259
0.013940,0.122332,-0.122203
0.015747,0.122122,-0.122602
0.014336,0.121355,-0.122304
0.016235,0.122966,-0.123265
0.019455,0.121224,-0.120853
0.021053,0.122732,-0.120030
0.021881,0.121329,-0.117761
0.022384,0.121032,-0.116889
0.023076,0.122496,-0.118786
0.025083,0.120813,-0.116952
0.025643,0.120501,-0.117235
0.027892,0.122504,-0.116438
0.029684,0.122340,-0.114510
0.029829,0.121742,-0.114733
0.033601,0.121283,-0.114215
0.033670,0.121673,-0.113521
0.035659,0.121222,-0.112910
0.036076,0.123750,-0.113449
0.037812,0.122839,-0.110938
0.040219,0.120202,-0.112075
0.040390,0.122341,-0.110447
0.040584,0.121162,-0.112699
0.042925,0.121271,-0.111368
0.043876,0.121170,-0.109900
0.045962,0.121830,-0.109692
0.047222,0.122955,-0.110891
0.049251,0.121219,-0.109807
0.049390,0.121617,-0.109666
0.053133,0.119862,-0.109315
0.052623,0.119662,-0.108679
0.054708,0.122227,-0.107313
0.056825,0.120446,-0.110465
0.055490,0.120877,-0.107087
0.058564,0.122749,-0.108353
0.060340,0.120536,-0.107774
0.061056,0.120827,-0.106879
0.064566,0.120982,-0.107786
0.063515,0.122146,-0.107458
0.065778,0.119647,-0.107065
0.067384,0.121943,-0.105345
0.068291,0.119246,-0.105803
0.069569,0.120311,-0.105188
0.072690,0.119814,-0.106853
0.071713,0.121497,-0.104697
0.073332,0.122093,-0.103299
0.075580,0.119078,-0.103822
0.076830,0.120546,-0.104840
0.076749,0.121461,-0.103530
0.078403,0.121857,-0.106390
0.080981,0.120524,-0.102913
0.080623,0.120699,-0.104642
0.084262,0.121097,-0.103511
0.084729,0.121151,-0.103875
0.085821,0.121120,-0.105041
0.087065,0.120643,-0.103730
0.088183,0.121622,-0.101842
0.088561,0.120498,-0.104283
0.090694,0.119688,-0.104392
0.092046,0.119540,-0.102009
0.094134,0.120583,-0.105131
0.095892,0.119974,-0.104749
0.096864,0.121343,-0.103372
0.098622,0.120609,-0.104032
0.100534,0.121705,-0.104115
0.101093,0.121463,-0.104487
0.101356,0.120942,-0.106319
0.104814,0.121017,-0.103705
0.104638,0.120317,-0.105143
0.105651,0.120905,-0.105463
0.106740,0.122321,-0.106915
0.109481,0.119889,-0.106900
0.109801,0.121276,-0.105254
0.112064,0.122554,-0.106245
0.113517,0.120891,-0.107306
0.114549,0.120187,-0.105597
0.117747,0.122768,-0.107556
0.118802,0.121615,-0.108304
0.119359,0.121678,-0.108918
0.119961,0.120654,-0.109986
0.122464,0.121286,-0.108838
0.122944,0.119080,-0.110968
0.124742,0.119836,-0.109953
0.125153,0.120741,-0.107772
0.128311,0.121350,-0.108083
0.129468,0.121454,-0.109499
0.130200,0.119359,-0.111911
0.131868,0.120978,-0.110801
0.133852,0.119875,-0.110683
0.133760,0.121575,-0.110620
0.135084,0.121646,-0.110435
0.136010,0.120332,-0.108073
0.138021,0.120151,-0.111449
0.140976,0.122124,-0.109914
0.141331,0.119820,-0.107949
0.143183,0.121368,-0.108159
0.141142,0.120433,-0.108947
0.145798,0.121562,-0.109392
0.146674,0.120977,-0.106813
0.147746,0.121509,-0.108934
0.148077,0.120696,-0.109157
0.152824,0.122376,-0.111663
0.151333,0.119688,-0.110679
0.152693,0.121326,-0.109993
0.154755,0.119078,-0.110400
0.155913,0.121201,-0.110415
0.156166,0.121901,-0.108479
0.160028,0.119915,-0.112644
0.159725,0.121450,-0.110124
0.162339,0.120677,-0.111937
0.165086,0.122467,-0.114030
0.165387,0.122177,-0.112785
0.165944,0.121340,-0.114892
0.167669,0.122018,-0.114283
0.169658,0.120821,-0.116800
0.172817,0.123683,-0.116680
0.171698,0.122763,-0.116707
0.174746,0.119446,-0.118160
0.174889,0.122330,-0.119151
0.175725,0.121359,-0.120899
0.177278,0.122362,-0.123116
0.177293,0.123511,-0.124979
0.181329,0.122629,-0.127555
0.182989,0.120796,-0.127649
0.182358,0.123467,-0.132465
0.185412,0.121085,-0.131555
0.185997,0.122594,-0.133514
0.187813,0.123447,-0.137837
0.190121,0.122610,-0.139676
0.190652,0.122870,-0.143002
0.190895,0.123315,-0.145663
0.194806,0.124186,-0.145472
0.195763,0.124168,-0.149269
0.196087,0.123270,-0.153411
0.199014,0.123296,-0.155559
0.198841,0.123634,-0.158761
0.200968,0.122832,-0.163175
0.202643,0.123676,-0.166040
0.205260,0.123718,-0.170420
0.204094,0.123763,-0.172954
0.208150,0.126573,-0.178964
0.210601,0.122885,-0.182630
0.212493,0.123651,-0.185435
0.213483,0.124297,-0.188031
0.214593,0.124884,-0.194563
0.216332,0.127578,-0.200734
0.218475,0.127619,-0.204604
0.221476,0.127961,-0.221541
-0.039875,0.126764,-0.199981
-0.037109,0.126652,-0.190110
-0.036301,0.127627,-0.185467
-0.033898,0.123506,-0.179712
-0.035290,0.125123,-0.177660
-0.032183,0.126234,-0.173822
-0.031342,0.125274,-0.169858
-0.027358,0.126165,-0.166241
-0.028274,0.125764,-0.166325
-0.026122,0.127337,-0.164959
-0.023885,0.125377,-0.161376
-0.023703,0.124316,-0.159686
-0.022579,0.124461,-0.156173
-0.018264,0.126070,-0.155694
-0.019173,0.123907,-0.152863
-0.017323,0.124403,-0.150405
-0.014580,0.125666,-0.150143
-0.014187,0.125825,-0.147682
-0.012767,0.122418,-0.146181
-0.011183,0.124714,-0.144974
-0.008803,0.124445,-0.141599
-0.008179,0.124265,-0.142235
-0.009022,0.124557,-0.141757
-0.005218,0.123744,-0.137723
-0.004359,0.124891,-0.137927
-0.003609,0.123596,-0.134665
-0.004282,0.124100,-0.136399
0.001075,0.123853,-0.133783
0.001623,0.126305,-0.134066
0.003104,0.123484,-0.134341
0.003207,0.126222,-0.130789
0.006900,0.124190,-0.130812
0.006826,0.125660,-0.129326
0.008273,0.124712,-0.128959
0.010174,0.123464,-0.127356
0.010553,0.122931,-0.126730
0.013193,0.124563,-0.125252
0.012836,0.123110,-0.123330
0.016573,0.125593,-0.124337
0.014896,0.124009,-0.122650
0.018131,0.122821,-0.120897
0.020434,0.121750,-0.120168
0.020273,0.125203,-0.119473
0.021717,0.122881,-0.119152
0.023372,0.120874,-0.117185
0.025688,0.122448,-0.117849
0.024521,0.124995,-0.117834
0.027211,0.123736,-0.117802
0.029707,0.122926,-0.116647
0.032377,0.124415,-0.115188
0.031568,0.123119,-0.114522
0.033408,0.122320,-0.114471
0.033997,0.122448,-0.113819
0.037615,0.121776,-0.112913
0.037679,0.123660,-0.112674
0.038351,0.122286,-0.113115
0.039709,0.124235,-0.113611
0.041853,0.123612,-0.111966
0.042548,0.123642,-0.112989
0.045132,0.122309,-0.111532
0.045376,0.122931,-0.111029
0.047207,0.121788,-0.110354
0.048037,0.122903,-0.110609
0.047722,0.121635,-0.110889
0.052792,0.123216,-0.110265
0.052406,0.123958,-0.110232
0.052055,0.122800,-0.109169
0.055828,0.124080,-0.107903
0.057910,0.122400,-0.108430
0.058053,0.122105,-0.105827
0.057886,0.121053,-0.107454
0.061623,0.121180,-0.109716
0.061264,0.123156,-0.108462
0.063865,0.122282,-0.108561
0.064009,0.122186,-0.108161
0.065771,0.121613,-0.106515
0.066352,0.124190,-0.105304
0.069179,0.122010,-0.104718
0.069935,0.120344,-0.105533
0.072833,0.121009,-0.104453
0.074159,0.121947,-0.105754
0.073040,0.122410,-0.107187
0.075991,0.122265,-0.104463
0.078497,0.121545,-0.104095
0.078451,0.120631,-0.104582
0.076643,0.123480,-0.104552
0.080520,0.123083,-0.105084
0.082578,0.122100,-0.103965
0.083843,0.121290,-0.103776
0.085624,0.123553,-0.103295
0.087107,0.121532,-0.104663
0.087090,0.123527,-0.104039
0.091316,0.121241,-0.102992
0.091166,0.122814,-0.104340
0.092520,0.123784,-0.102994
0.092333,0.123025,-0.102171
0.096142,0.122824,-0.105260
0.098018,0.122311,-0.105677
0.099215,0.123421,-0.104637
0.099342,0.123296,-0.104228
0.100504,0.122617,-0.105077
0.101556,0.123495,-0.104763
0.104724,0.122616,-0.105654
0.103926,0.123457,-0.108678
0.105200,0.122566,-0.107862
0.108047,0.124196,-0.107560
0.110643,0.122228,-0.106893
0.109767,0.122814,-0.107877
0.111446,0.121783,-0.107624
0.114124,0.123834,-0.106462
0.115544,0.124277,-0.108494
0.116883,0.124527,-0.109469
0.118216,0.121335,-0.108656
0.118568,0.121963,-0.110838
0.121048,0.123709,-0.110615
0.123179,0.121693,-0.110526
0.123588,0.123013,-0.107878
0.124709,0.123659,-0.109500
0.125430,0.121852,-0.110014
0.127313,0.123651,-0.108858
0.128137,0.123134,-0.111360
0.131498,0.123049,-0.109577
0.131209,0.123297,-0.108106
0.130341,0.120655,-0.110048
0.130829,0.122513,-0.110503
0.137934,0.123585,-0.107604
0.136793,0.122285,-0.109136
0.138665,0.122139,-0.106760
0.140114,0.123714,-0.110123
0.139809,0.124181,-0.107329
0.142531,0.122348,-0.107693
0.142252,0.123436,-0.108711
0.143228,0.122694,-0.107991
0.146333,0.122585,-0.106464
0.145395,0.122457,-0.110287
0.150246,0.122837,-0.109009
0.151864,0.121279,-0.107277
0.154538,0.122598,-0.108002
0.152555,0.121539,-0.110274
0.154414,0.122301,-0.108749
0.156620,0.121883,-0.108608
0.157855,0.121009,-0.110278
0.159457,0.123437,-0.109206
0.159260,0.122336,-0.110597
0.161371,0.122881,-0.108678
0.163856,0.123685,-0.109948
0.165367,0.124043,-0.111901
0.164167,0.122178,-0.111389
0.166595,0.123763,-0.112183
0.167182,0.123362,-0.113164
0.171137,0.124195,-0.116000
0.173240,0.122404,-0.115800
0.173638,0.122338,-0.115806
0.174450,0.125064,-0.116597
0.177683,0.123211,-0.120486
0.178685,0.122595,-0.121145
0.181333,0.122966,-0.123116
0.180556,0.123860,-0.123425
0.182718,0.123331,-0.128104
0.183449,0.124233,-0.129988
0.184201,0.124437,-0.131947
0.186449,0.126073,-0.133664
0.190461,0.125014,-0.135496
0.189125,0.123581,-0.137024
0.190969,0.123221,-0.139965
0.191354,0.123902,-0.141975
0.193104,0.123984,-0.146447
0.194418,0.121912,-0.147787
0.194103,0.124661,-0.151508
0.197956,0.124436,-0.153119
0.199064,0.124020,-0.155311
0.201410,0.125730,-0.161641
0.201574,0.126703,-0.165561
0.203756,0.127387,-0.168769
0.206348,0.127699,-0.173136
0.209765,0.125899,-0.175914
0.210802,0.126191,-0.180925
0.209429,0.126176,-0.184035
0.211180,0.127919,-0.188597
0.215286,0.126660,-0.193581
0.218237,0.126495,-0.199272
0.218058,0.124993,-0.204144
0.220327,0.127564,-0.215502
-0.038782,0.129441,-0.202066
-0.039265,0.127825,-0.194008
-0.035935,0.125872,-0.185403
-0.035423,0.128168,-0.182730
-0.034002,0.124932,-0.177778
-0.034092,0.128626,-0.172258
-0.030476,0.127019,-0.171082
-0.029653,0.128719,-0.168587
-0.027334,0.129363,-0.165755
-0.025957,0.128909,-0.161658
-0.026949,0.127563,-0.160779
-0.021408,0.126942,-0.161247
-0.020578,0.127829,-0.155980
-0.021475,0.126678,-0.155737
-0.016780,0.126928,-0.153266
-0.018030,0.126354,-0.150683
-0.015971,0.127009,-0.151720
-0.013070,0.125926,-0.147745
-0.013216,0.127312,-0.148603
-0.011106,0.127230,-0.146531
-0.007824,0.125942,-0.144056
-0.008297,0.124990,-0.144606
-0.008572,0.125040,-0.142785
-0.008238,0.124045,-0.140799
-0.004017,0.126562,-0.140274
-0.003965,0.126945,-0.139083
-0.001898,0.126818,-0.137181
-0.000947,0.125373,-0.133339
0.000864,0.125878,-0.134355
0.003839,0.127635,-0.132840
0.003479,0.127054,-0.131837
0.004687,0.124890,-0.130692
0.007893,0.125455,-0.129438
0.008742,0.124925,-0.127623
0.010612,0.124093,-0.128064
0.009507,0.126161,-0.129584
0.011676,0.125579,-0.125895
0.015110,0.125959,-0.125083
0.014112,0.124241,-0.123599
0.015873,0.123933,-0.123572
0.018350,0.122497,-0.120388
0.020544,0.124956,-0.119881
0.021235,0.125844,-0.121062
0.022570,0.123540,-0.120133
0.023070,0.125419,-0.118739
0.024252,0.123226,-0.119021
0.025177,0.125962,-0.119668
0.027240,0.125355,-0.118077
0.029511,0.124187,-0.118056
0.030761,0.126980,-0.113795
0.032485,0.124192,-0.115344
0.033820,0.123571,-0.114743
0.034483,0.124672,-0.112687
0.037009,0.125089,-0.113712
0.036651,0.124930,-0.113161
0.039492,0.122202,-0.112919
0.039972,0.125313,-0.112558
0.039840,0.124831,-0.113047
0.042586,0.125348,-0.111127
0.043020,0.124264,-0.112028
0.047165,0.124308,-0.112216
0.047169,0.122859,-0.109675
0.048410,0.125214,-0.109873
0.051012,0.122321,-0.110116
0.050995,0.124554,-0.110826
0.053530,0.122644,-0.109931
0.052845,0.123433,-0.109004
0.054069,0.125370,-0.109290
0.057609,0.124787,-0.108168
0.057584,0.124729,-0.109053
0.060529,0.124199,-0.110373
0.061278,0.124364,-0.108316
0.062526,0.124691,-0.109683
0.063050,0.123325,-0.106802
0.065918,0.125314,-0.107278
0.067219,0.125199,-0.108477
0.066876,0.123858,-0.108365
0.070135,0.124507,-0.106722
0.070617,0.122718,-0.106354
0.072276,0.124707,-0.106297
0.074191,0.123285,-0.104942
0.074996,0.124680,-0.104646
0.076275,0.122427,-0.106235
0.077679,0.124233,-0.105768
0.078322,0.122784,-0.104927
0.079072,0.123553,-0.103222
0.081658,0.123265,-0.105837
0.081471,0.126366,-0.103210
0.086354,0.121630,-0.104090
0.088179,0.122836,-0.106424
0.087059,0.123600,-0.105305
0.088833,0.123818,-0.104778
0.090204,0.125565,-0.104910
0.092571,0.125105,-0.104839
0.091389,0.123678,-0.104940
0.092907,0.122244,-0.105526
0.096417,0.124157,-0.105287
0.097118,0.123831,-0.105686
0.098293,0.124710,-0.104967
0.100504,0.122030,-0.102398
0.100866,0.124214,-0.105498
0.101020,0.123587,-0.107687
0.103837,0.124120,-0.107220
0.106222,0.121970,-0.106649
0.108013,0.124401,-0.107170
0.107313,0.120648,-0.104398
0.109543,0.125486,-0.108085
0.109852,0.124654,-0.108877
0.111665,0.123657,-0.106958
0.114086,0.123900,-0.108002
0.115807,0.125511,-0.109030
0.115244,0.122712,-0.108742
0.117185,0.123524,-0.110260
0.119721,0.125153,-0.111471
0.119790,0.123870,-0.110788
0.121910,0.123677,-0.108337
0.123454,0.124460,-0.109406
0.124734,0.125045,-0.109368
0.125707,0.122945,-0.109248
0.125507,0.124488,-0.108522
0.128844,0.124891,-0.110560
0.129277,0.125029,-0.109505
0.130215,0.122870,-0.108179
0.131550,0.125245,-0.109694
0.133555,0.125257,-0.107903
0.135762,0.123667,-0.109366
0.138263,0.126577,-0.107917
0.138073,0.122795,-0.106140
0.139090,0.124771,-0.106263
0.141768,0.124087,-0.104797
0.141693,0.124084,-0.107164
0.141870,0.126901,-0.106949
0.144884,0.123214,-0.107151
0.147048,0.124033,-0.107528
0.147109,0.124395,-0.105917
0.149740,0.124421,-0.106662
0.151187,0.122888,-0.107333
0.151431,0.123416,-0.108251
0.153902,0.122730,-0.106515
0.156852,0.125062,-0.105851
0.154956,0.124727,-0.107945
0.156455,0.125824,-0.107817
0.159100,0.123422,-0.108982
0.161092,0.123303,-0.108211
0.161618,0.121402,-0.109218
0.164402,0.123921,-0.107510
0.164356,0.123808,-0.112258
0.166681,0.124031,-0.110299
0.167877,0.126767,-0.111997
0.169434,0.123781,-0.112197
0.169669,0.125060,-0.113893
0.170904,0.123428,-0.114027
0.173409,0.123599,-0.114372
0.175061,0.123036,-0.116081
0.175007,0.124198,-0.117060
0.177906,0.125301,-0.116685
0.177948,0.125165,-0.119665
0.181211,0.124360,-0.124572
0.180612,0.124788,-0.124696
0.184018,0.123974,-0.125658
0.185504,0.125620,-0.128230
0.185247,0.125948,-0.130638
0.186070,0.126499,-0.133358
0.188841,0.125063,-0.135405
0.191950,0.127174,-0.138813
0.192643,0.126722,-0.140418
0.193270,0.125892,-0.143315
0.194084,0.125654,-0.147469
0.195964,0.127067,-0.150105
0.198625,0.126412,-0.152090
0.200142,0.127244,-0.154711
0.200953,0.128626,-0.159291
0.202501,0.127365,-0.162121
0.204635,0.127450,-0.168681
0.205056,0.126434,-0.170668
0.208929,0.128692,-0.173114
0.210594,0.128568,-0.178257
0.211800,0.128584,-0.181553
0.211898,0.128839,-0.185916
0.213880,0.128588,-0.191082
0.216018,0.128656,-0.194906
0.217558,0.128703,-0.202332
0.216748,0.127646,-0.204194
0.221556,0.131489,-0.219023
-0.041543,0.130198,-0.204982
-0.038435,0.131043,-0.194149
-0.036871,0.128787,-0.187025
-0.036073,0.131381,-0.182277
-0.032422,0.129190,-0.178466
-0.033188,0.130393,-0.173905
-0.029525,0.129817,-0.171595
-0.029898,0.128830,-0.167822
-0.026922,0.128936,-0.164629
-0.026262,0.128956,-0.164655
-0.024550,0.130032,-0.160538
-0.022921,0.129304,-0.158864
-0.023386,0.128186,-0.157702
-0.018330,0.127714,-0.155633
-0.018773,0.128037,-0.153523
-0.018387,0.128512,-0.149499
-0.016596,0.127947,-0.148637
-0.015462,0.127086,-0.148196
-0.012970,0.127527,-0.148514
-0.010822,0.128430,-0.147837
-0.011300,0.126869,-0.142909
-0.006762,0.126803,-0.143401
-0.009696,0.127554,-0.141299
-0.004621,0.127861,-0.141594
-0.003832,0.127024,-0.140125
-0.002147,0.129499,-0.140077
-0.002720,0.126787,-0.137265
0.001470,0.126320,-0.136930
0.002122,0.128117,-0.134884
0.003648,0.127159,-0.135706
0.004349,0.125718,-0.134900
0.005243,0.125165,-0.133115
0.007678,0.126622,-0.131490
0.006230,0.127659,-0.128704
0.010103,0.126504,-0.128391
0.011497,0.126092,-0.129633
0.011269,0.126244,-0.128385
0.014030,0.126210,-0.126864
0.017057,0.126584,-0.126354
0.015505,0.126542,-0.124843
0.017152,0.126236,-0.124168
0.019157,0.127422,-0.122653
0.019944,0.127846,-0.120713
0.020994,0.124629,-0.120793
0.022234,0.127908,-0.120667
0.023796,0.125998,-0.120481
0.025119,0.125523,-0.118943
0.027702,0.126038,-0.117327
0.029936,0.125323,-0.116646
0.031126,0.124666,-0.117054
0.030987,0.127046,-0.115918
0.032708,0.124727,-0.116347
0.034381,0.126315,-0.114532
0.036153,0.126060,-0.117169
0.038914,0.128060,-0.114683
0.039082,0.125234,-0.113831
0.040612,0.126799,-0.114483
0.042538,0.125504,-0.111818
0.041537,0.126064,-0.112011
0.043841,0.124976,-0.113319
0.045271,0.126776,-0.113477
0.046440,0.126306,-0.111183
0.047351,0.127430,-0.111765
0.049551,0.126618,-0.110462
0.050260,0.126244,-0.110490
0.053484,0.126599,-0.111266
0.054729,0.125748,-0.109601
0.055259,0.125264,-0.111671
0.055931,0.124808,-0.110033
0.060058,0.125636,-0.108794
0.058224,0.124947,-0.111324
0.059314,0.125833,-0.108622
0.062848,0.126056,-0.107365
0.063911,0.123847,-0.109604
0.064347,0.126339,-0.109163
0.066241,0.125279,-0.107071
0.066737,0.125712,-0.108453
0.068542,0.126034,-0.106470
0.072674,0.125553,-0.107083
0.069797,0.124739,-0.109318
0.074260,0.123851,-0.108700
0.074872,0.127186,-0.105676
0.075824,0.126702,-0.106836
0.076501,0.124090,-0.105868
0.078600,0.124165,-0.106064
0.078599,0.125327,-0.105652
0.082399,0.127083,-0.108368
0.084532,0.127273,-0.106034
0.086512,0.127899,-0.106252
0.085719,0.124848,-0.105079
0.087800,0.126874,-0.106183
0.089064,0.126556,-0.106259
0.091083,0.124171,-0.104411
0.091879,0.125260,-0.105390
0.093045,0.126155,-0.105002
0.093356,0.125052,-0.106631
0.094000,0.125275,-0.106840
0.096819,0.125347,-0.107112
0.098516,0.124423,-0.105792
0.100207,0.124437,-0.104810
0.098659,0.126100,-0.106022
0.101326,0.126563,-0.104612
0.104285,0.126175,-0.108725
0.105091,0.125827,-0.108102
0.105263,0.125874,-0.109506
0.108410,0.124758,-0.110191
0.108821,0.125438,-0.109396
0.110668,0.125282,-0.111031
0.112455,0.125695,-0.110580
0.114306,0.124166,-0.109476
0.115164,0.126185,-0.109974
0.117356,0.125444,-0.109851
0.118766,0.125949,-0.108578
0.118897,0.125199,-0.109175
0.120835,0.125972,-0.111389
0.123148,0.125348,-0.108498
0.124425,0.126758,-0.108323
0.126031,0.127570,-0.108041
0.127169,0.125555,-0.108927
0.126831,0.125440,-0.107040
0.128959,0.125352,-0.107553
0.129048,0.125231,-0.107372
0.131692,0.125550,-0.107927
0.133085,0.126015,-0.107512
0.133574,0.124505,-0.106562
0.134131,0.125489,-0.106591
0.137592,0.124618,-0.104380
0.137073,0.126680,-0.105240
0.139000,0.126715,-0.105720
0.140885,0.123123,-0.105564
0.141205,0.126058,-0.103113
0.143044,0.127694,-0.105074
0.143936,0.126174,-0.103595
0.145924,0.126678,-0.105133
0.147079,0.124619,-0.105632
0.149865,0.124855,-0.104650
0.149168,0.125393,-0.105745
0.151619,0.126265,-0.105912
0.153210,0.126873,-0.106527
0.153631,0.123994,-0.105854
0.155010,0.126165,-0.105320
0.157043,0.124760,-0.106234
0.158069,0.125646,-0.107405
0.161039,0.125551,-0.107843
0.161153,0.126151,-0.106795
0.163451,0.125347,-0.109003
0.164941,0.127229,-0.106883
0.164833,0.127494,-0.107986
0.166865,0.125973,-0.110945
0.168337,0.126711,-0.110479
0.171282,0.126716,-0.111285
0.171850,0.125586,-0.112887
0.172279,0.128088,-0.114837
0.174275,0.126370,-0.114771
0.176219,0.125710,-0.114905
0.178527,0.127946,-0.118229
0.180337,0.127922,-0.118924
0.181691,0.125736,-0.118653
0.180586,0.128056,-0.122718
0.181765,0.124939,-0.124656
0.184013,0.126915,-0.126013
0.186744,0.126457,-0.127990
0.186455,0.126807,-0.132282
0.189201,0.126442,-0.133939
0.190865,0.127171,-0.137490
0.191314,0.126633,-0.139957
0.194512,0.127260,-0.141468
0.195604,0.127403,-0.143766
0.196963,0.129152,-0.147562
0.197340,0.128705,-0.151257
0.199319,0.128608,-0.153716
0.202770,0.128491,-0.156478
0.203310,0.130003,-0.160723
0.203347,0.128013,-0.164919
0.205840,0.131160,-0.169126
0.207651,0.129476,-0.173200
0.209145,0.129628,-0.175672
0.212504,0.129967,-0.182377
0.212941,0.130892,-0.184546
0.213678,0.129936,-0.189356
0.215658,0.130988,-0.193070
0.216918,0.131404,-0.198696
0.218591,0.130620,-0.205109
0.221945,0.131499,-0.212990
0.220687,0.131169,-0.219983
-0.040949,0.132110,-0.209306
-0.036674,0.130892,-0.193531
-0.039008,0.132753,-0.187665
-0.033179,0.131926,-0.182338
-0.034080,0.130301,-0.178719
-0.032958,0.132017,-0.174588
-0.029937,0.131840,-0.171142
-0.028517,0.132453,-0.166842
-0.028388,0.129978,-0.165664
-0.025188,0.131840,-0.163326
-0.025643,0.133092,-0.161346
-0.022801,0.129513,-0.158803
-0.023226,0.130214,-0.157075
-0.020637,0.128558,-0.153970
-0.017431,0.130001,-0.154027
-0.016496,0.129951,-0.153569
-0.015418,0.129040,-0.152559
-0.013100,0.128690,-0.150558
-0.012893,0.129690,-0.148283
-0.010759,0.130106,-0.147224
-0.008708,0.130320,-0.146538
-0.009013,0.128760,-0.143407
-0.008812,0.128406,-0.144641
-0.006662,0.131041,-0.142254
-0.004057,0.128766,-0.140940
-0.003106,0.130160,-0.139043
-0.000591,0.129405,-0.138610
-0.000806,0.128945,-0.138414
0.000157,0.130428,-0.135782
0.001831,0.126816,-0.136586
0.002460,0.128668,-0.134281
0.005818,0.129426,-0.133363
0.006407,0.127723,-0.132538
0.006567,0.129097,-0.131495
0.008071,0.127651,-0.129898
0.009870,0.127625,-0.130614
0.012421,0.130333,-0.130819
0.015705,0.127448,-0.127302
0.013973,0.128479,-0.126626
0.017935,0.129532,-0.125063
0.018294,0.128237,-0.123026
0.019145,0.128232,-0.122357
0.020966,0.129412,-0.121411
0.023181,0.127125,-0.123492
0.022541,0.128186,-0.120536
0.024128,0.128104,-0.119563
0.025692,0.127444,-0.119690
0.029239,0.130052,-0.118073
0.028262,0.128861,-0.118329
0.030642,0.127503,-0.118153
0.030917,0.126388,-0.115961
0.035777,0.128338,-0.116443
0.033246,0.127345,-0.115665
0.036019,0.127086,-0.115258
0.037886,0.129687,-0.115451
0.039508,0.127679,-0.114358
0.039576,0.127330,-0.113421
0.042127,0.128173,-0.112257
0.043298,0.128780,-0.113438
0.043753,0.128410,-0.112800
0.045923,0.127553,-0.112051
0.048037,0.127481,-0.111604
0.047329,0.126849,-0.111750
0.049683,0.127561,-0.110818
0.051397,0.127671,-0.110216
0.051682,0.126532,-0.111790
0.054676,0.128735,-0.110951
0.055510,0.127265,-0.111748
0.058423,0.126808,-0.112576
0.057575,0.125591,-0.109934
0.059040,0.127650,-0.110434
0.060820,0.126230,-0.109475
0.061752,0.127831,-0.109359
0.063108,0.126986,-0.110709
0.065513,0.129154,-0.107721
0.065612,0.127042,-0.109340
0.069543,0.127941,-0.107267
0.070383,0.127028,-0.108585
0.069852,0.128210,-0.106763
0.071935,0.126939,-0.106790
0.074019,0.128235,-0.108635
0.074846,0.127236,-0.106131
0.076429,0.128258,-0.106603
0.078886,0.127184,-0.105948
0.079163,0.126648,-0.107186
0.078653,0.127437,-0.106922
0.083296,0.126666,-0.105880
0.081813,0.128346,-0.106888
0.083434,0.126378,-0.104634
0.086473,0.128432,-0.108220
0.084821,0.126202,-0.105448
0.088792,0.127425,-0.106226
0.087573,0.128300,-0.107359
0.091038,0.127948,-0.104148
0.092946,0.126281,-0.106492
0.095710,0.127880,-0.106781
0.093812,0.125910,-0.107366
0.097869,0.125853,-0.107682
0.099428,0.127709,-0.108596
0.099589,0.128212,-0.108200
0.101209,0.126129,-0.106831
0.101793,0.128565,-0.107935
0.103900,0.127174,-0.108799
0.107690,0.127386,-0.108870
0.105103,0.127277,-0.110198
0.105921,0.125592,-0.107712
0.110337,0.124593,-0.110573
0.109474,0.127154,-0.110742
0.111355,0.128347,-0.109092
0.113542,0.128212,-0.108975
0.114328,0.127667,-0.109087
0.117029,0.129145,-0.110440
0.116967,0.126809,-0.107924
0.118781,0.124861,-0.108920
0.119895,0.126403,-0.108743
0.122038,0.128152,-0.108622
0.122851,0.126987,-0.107719
0.124775,0.125902,-0.107347
0.126233,0.126363,-0.108507
0.128194,0.128741,-0.109493
0.127723,0.127514,-0.109090
0.129322,0.127958,-0.107017
0.132932,0.126492,-0.108528
0.133346,0.126497,-0.107524
0.135807,0.127256,-0.105907
0.136421,0.127530,-0.104885
0.136551,0.125077,-0.105040
0.137199,0.128521,-0.105262
0.138785,0.127774,-0.107741
0.141660,0.125860,-0.105013
0.142742,0.125799,-0.104734
0.144260,0.126390,-0.103347
0.143918,0.127114,-0.104636
0.146514,0.127021,-0.104677
0.147945,0.128495,-0.105136
0.147539,0.127556,-0.104578
0.150634,0.128147,-0.105693
0.150463,0.128090,-0.104698
0.152525,0.126857,-0.104210
0.156068,0.126997,-0.105094
0.156534,0.126703,-0.106117
0.158169,0.127359,-0.107327
0.159612,0.127167,-0.107986
0.160100,0.127725,-0.105721
0.162571,0.127792,-0.106155
0.164426,0.127378,-0.106609
0.166040,0.128359,-0.108064
0.166009,0.126555,-0.108152
0.166046,0.127118,-0.108053
0.166696,0.127864,-0.108584
0.170271,0.127367,-0.110519
0.173029,0.129030,-0.110749
0.173914,0.127115,-0.111530
0.173777,0.126334,-0.111644
0.176217,0.127970,-0.111377
0.176094,0.127726,-0.113820
0.179302,0.128777,-0.114099
0.182539,0.126961,-0.117226
0.181328,0.129647,-0.119360
0.182246,0.128397,-0.119210
0.183888,0.128360,-0.123107
0.185663,0.127081,-0.126115
0.188191,0.129734,-0.127414
0.187933,0.128164,-0.131502
0.190353,0.126919,-0.134435
0.191921,0.127727,-0.138177
0.192122,0.129869,-0.139706
0.195254,0.129936,-0.144202
0.198618,0.130445,-0.146457
0.198520,0.129133,-0.147685
0.200180,0.129762,-0.150528
0.201400,0.128045,-0.155498
0.204222,0.129789,-0.161348
0.202799,0.130981,-0.165036
0.207312,0.130157,-0.165969
0.208993,0.130665,-0.172303
0.209400,0.132032,-0.176059
0.209615,0.132363,-0.179762
0.211488,0.130996,-0.184748
0.214048,0.131488,-0.187498
0.214931,0.131034,-0.190638
0.217531,0.132592,-0.195327
0.219892,0.131142,-0.202258
0.219489,0.132070,-0.204827
0.222957,0.132545,-0.215544
-0.038472,0.135931,-0.207432
-0.039011,0.132968,-0.193617
-0.037508,0.131914,-0.189758
-0.035016,0.132793,-0.182568
-0.033427,0.133025,-0.177661
-0.032976,0.133754,-0.174308
-0.028357,0.132208,-0.170903
-0.026694,0.132607,-0.168601
-0.027113,0.133163,-0.165150
-0.025608,0.133181,-0.163855
-0.024122,0.133749,-0.161375
-0.025010,0.131968,-0.160780
-0.020930,0.132954,-0.157066
-0.020931,0.132710,-0.155110
-0.019328,0.130344,-0.154195
-0.017357,0.133324,-0.152133
-0.014754,0.129641,-0.150256
-0.015324,0.130619,-0.150753
-0.012307,0.131778,-0.146511
-0.010865,0.130897,-0.147340
-0.010154,0.131215,-0.145023
-0.008984,0.130696,-0.144397
-0.005783,0.132474,-0.144349
-0.005338,0.131050,-0.142583
-0.004501,0.130450,-0.140895
-0.003736,0.129352,-0.140288
-0.001412,0.129581,-0.140173
0.000277,0.131451,-0.139074
-0.001434,0.130953,-0.136491
0.001662,0.129439,-0.136310
0.004534,0.130425,-0.134152
0.007428,0.131010,-0.134977
0.007809,0.129312,-0.130279
0.007129,0.129342,-0.133318
0.009903,0.128029,-0.131482
0.011030,0.127891,-0.131070
0.012922,0.128864,-0.128635
0.013629,0.131412,-0.126810
0.014735,0.130642,-0.126661
0.017552,0.127611,-0.125719
0.017907,0.129773,-0.125680
0.020111,0.129868,-0.123572
0.019408,0.128623,-0.121941
0.021748,0.130695,-0.122819
0.023630,0.130402,-0.122866
0.025168,0.129905,-0.120794
0.027045,0.128526,-0.120356
0.029889,0.129430,-0.118205
0.028644,0.130578,-0.120093
0.031156,0.128185,-0.117638
0.031910,0.128429,-0.118876
0.034404,0.129873,-0.116093
0.034782,0.130193,-0.117515
0.037377,0.130498,-0.116520
0.036798,0.129353,-0.115827
0.038998,0.127392,-0.115158
0.041564,0.129265,-0.112812
0.043208,0.129115,-0.115766
0.041297,0.130406,-0.115258
0.044507,0.129636,-0.111214
0.047046,0.129720,-0.111496
0.048055,0.131041,-0.113494
0.046300,0.129284,-0.111388
0.051552,0.129607,-0.112952
0.050601,0.129048,-0.113354
0.054619,0.129604,-0.110916
0.053643,0.128083,-0.111828
0.056607,0.130739,-0.109724
0.058749,0.128670,-0.110294
0.057992,0.129395,-0.112521
0.060423,0.130474,-0.110640
0.060574,0.131213,-0.107745
0.061569,0.130625,-0.111831
0.063737,0.127877,-0.110422
0.065008,0.128925,-0.110500
0.067308,0.127718,-0.109566
0.067097,0.128887,-0.109794
0.070789,0.128880,-0.108169
0.071297,0.128433,-0.110047
0.072920,0.130047,-0.107162
0.071969,0.128100,-0.108435
0.075011,0.128350,-0.107667
0.076567,0.129679,-0.107903
0.076522,0.128988,-0.106949
0.080629,0.130358,-0.108672
0.079806,0.128093,-0.107245
0.079420,0.128569,-0.107339
0.082704,0.128912,-0.107631
0.086241,0.130984,-0.106548
0.084983,0.129005,-0.107502
0.086969,0.127754,-0.106119
0.087590,0.128990,-0.107462
0.087975,0.128396,-0.107884
0.091295,0.128288,-0.107508
0.093142,0.128538,-0.106083
0.095975,0.130551,-0.107117
0.095323,0.127520,-0.107463
0.096587,0.129101,-0.106047
0.098351,0.130660,-0.108401
0.099154,0.128551,-0.110958
0.100783,0.130266,-0.109601
0.102074,0.127281,-0.107112
0.103266,0.129149,-0.108852
0.105167,0.127478,-0.110297
0.107057,0.128902,-0.109406
0.108090,0.127622,-0.109563
0.107539,0.128790,-0.109532
0.109774,0.130765,-0.109071
0.110662,0.127416,-0.109606
0.113955,0.128542,-0.106735
0.115493,0.128656,-0.108299
0.115568,0.129343,-0.107810
0.117893,0.128932,-0.107890
0.118694,0.129629,-0.107545
0.119087,0.129288,-0.105457
0.120802,0.127937,-0.107400
0.122867,0.128475,-0.106552
0.124182,0.127292,-0.105857
0.127111,0.126853,-0.106401
0.126247,0.126446,-0.106366
0.128576,0.128038,-0.105237
0.129572,0.127379,-0.105674
0.131915,0.128298,-0.104928
0.133239,0.128899,-0.105139
0.134248,0.127613,-0.103506
0.134273,0.128497,-0.105510
0.138350,0.128964,-0.105527
0.137624,0.129796,-0.102765
0.138437,0.128391,-0.102913
0.141325,0.128286,-0.104015
0.141427,0.128061,-0.102556
0.143905,0.128027,-0.102623
0.145516,0.129232,-0.103725
0.145770,0.129379,-0.101856
0.149217,0.127809,-0.102985
0.147928,0.128421,-0.103253
0.151599,0.127100,-0.103139
0.151534,0.129835,-0.102984
0.154228,0.129851,-0.105512
0.153815,0.129805,-0.104912
0.156113,0.128230,-0.104328
0.157737,0.128747,-0.104092
0.157715,0.128557,-0.106369
0.161473,0.130882,-0.106281
0.161909,0.127888,-0.106943
0.163763,0.129507,-0.104150
0.163806,0.130109,-0.104962
0.166670,0.127710,-0.108412
0.166314,0.129221,-0.107595
0.168474,0.128136,-0.107998
0.169044,0.130245,-0.106484
0.172872,0.129657,-0.109522
0.171105,0.129004,-0.110981
0.174941,0.128302,-0.111303
0.174815,0.128300,-0.112998
0.177160,0.129132,-0.115966
0.179138,0.128581,-0.115123
0.179340,0.129975,-0.115330
0.181042,0.131081,-0.115077
0.182397,0.129165,-0.120057
0.184418,0.129515,-0.120811
0.186144,0.130180,-0.123658
0.187797,0.129938,-0.126426
0.189567,0.130434,-0.127408
0.189873,0.130140,-0.130575
0.192572,0.129895,-0.133422
0.194067,0.129572,-0.138840
0.195894,0.131878,-0.139898
0.197270,0.131769,-0.143676
0.199300,0.131874,-0.145184
0.199135,0.132575,-0.149967
0.201281,0.131733,-0.151322
0.202626,0.131378,-0.157651
0.205024,0.131517,-0.162227
0.206564,0.131412,-0.166226
0.207080,0.130863,-0.171165
0.207793,0.131760,-0.171359
0.208280,0.132897,-0.179307
0.212481,0.133106,-0.183258
0.214076,0.131881,-0.187510
0.216006,0.131636,-0.189061
0.218192,0.132574,-0.194881
0.216882,0.134148,-0.199478
0.219390,0.135079,-0.203791
0.221528,0.133515,-0.212216
0.227167,0.134161,-0.219851
-0.039284,0.136829,-0.206269
-0.039581,0.132690,-0.194311
-0.036803,0.134550,-0.190319
-0.035699,0.135252,-0.182941
-0.034505,0.133848,-0.177601
-0.033376,0.134777,-0.176420
-0.032707,0.134717,-0.171538
-0.029024,0.134617,-0.168370
-0.028046,0.132630,-0.167414
-0.026436,0.132941,-0.163740
-0.023647,0.132730,-0.164082
-0.023333,0.132516,-0.158365
-0.020239,0.134102,-0.157835
-0.019471,0.132522,-0.156072
-0.018282,0.133753,-0.153668
-0.016545,0.132771,-0.152302
-0.013635,0.132821,-0.150439
-0.014592,0.133165,-0.147935
-0.012883,0.132799,-0.148748
-0.012131,0.131910,-0.147917
-0.009139,0.134286,-0.145371
-0.009791,0.131881,-0.144967
-0.007065,0.132259,-0.143328
-0.004616,0.134354,-0.141597
-0.003980,0.133389,-0.141427
-0.002755,0.129873,-0.140056
-0.000782,0.131364,-0.139266
-0.000825,0.131168,-0.138494
0.000400,0.129403,-0.137345
0.001071,0.132126,-0.136523
0.003337,0.131576,-0.134850
0.005166,0.132512,-0.135221
0.006451,0.131981,-0.133586
0.008080,0.132702,-0.130861
0.008067,0.130666,-0.131510
0.012048,0.130403,-0.130280
0.012769,0.131736,-0.129897
0.012390,0.131663,-0.127014
0.015137,0.131632,-0.128896
0.016484,0.130501,-0.128535
0.016080,0.131952,-0.126033
0.019966,0.131430,-0.126604
0.021060,0.130197,-0.125908
0.022307,0.131067,-0.123914
0.024383,0.131786,-0.124195
0.025438,0.131593,-0.124009
0.026259,0.132022,-0.121377
0.026725,0.133269,-0.120290
0.030095,0.130457,-0.119351
0.030536,0.129717,-0.119048
0.033064,0.131941,-0.119946
0.034979,0.131652,-0.118138
0.034152,0.132465,-0.117338
0.036297,0.130242,-0.116792
0.036023,0.130070,-0.116580
0.037449,0.128683,-0.115971
0.040580,0.133321,-0.114703
0.042136,0.131072,-0.113162
0.044341,0.129790,-0.116220
0.046258,0.129993,-0.115466
0.046216,0.132061,-0.115592
0.047335,0.130578,-0.113831
0.049374,0.132313,-0.112347
0.050592,0.129518,-0.112901
0.052825,0.129551,-0.111504
0.052601,0.129788,-0.111574
0.054493,0.131414,-0.111731
0.054365,0.131946,-0.111354
0.055831,0.130298,-0.112937
0.058168,0.130364,-0.112081
0.060820,0.130788,-0.113323
0.061024,0.130958,-0.111678
0.062866,0.131566,-0.111829
0.064667,0.130367,-0.110551
0.064892,0.131612,-0.111390
0.065419,0.129038,-0.111050
0.067756,0.132522,-0.110880
0.069608,0.128660,-0.109541
0.070121,0.129328,-0.107604
0.071902,0.130048,-0.106920
0.072754,0.130008,-0.108765
0.074232,0.131991,-0.107818
0.077259,0.129275,-0.106838
0.076261,0.128865,-0.107576
0.078855,0.130502,-0.107866
0.079429,0.129513,-0.107669
0.080508,0.129394,-0.107925
0.081672,0.129847,-0.108318
0.086402,0.131109,-0.107614
0.087830,0.131601,-0.106840
0.088637,0.132530,-0.107893
0.088566,0.130308,-0.105612
0.088841,0.131713,-0.106884
0.091798,0.130497,-0.106055
0.094234,0.131930,-0.108927
0.093662,0.130463,-0.108800
0.095487,0.129036,-0.108285
0.095367,0.129356,-0.108710
0.098797,0.129679,-0.108631
0.100949,0.128934,-0.108070
0.102153,0.130105,-0.111283
0.102313,0.130670,-0.110252
0.104124,0.130847,-0.109877
0.106825,0.130945,-0.109371
0.105345,0.131272,-0.108230
0.108327,0.131296,-0.111597
0.110654,0.131978,-0.107435
0.110936,0.131037,-0.108467
0.112305,0.132127,-0.106840
0.113956,0.131180,-0.109916
0.116105,0.130362,-0.108314
0.116229,0.128076,-0.107285
0.118274,0.129384,-0.107795
0.119524,0.129698,-0.106645
0.118807,0.131312,-0.106544
0.122017,0.130167,-0.107125
0.125008,0.130840,-0.107013
0.125553,0.130458,-0.106021
0.126369,0.130946,-0.106629
0.127234,0.132187,-0.105729
0.127497,0.132538,-0.106338
0.130722,0.129401,-0.103926
0.131776,0.128251,-0.104035
0.133920,0.128500,-0.104843
0.132608,0.129662,-0.105638
0.136029,0.131602,-0.102535
0.135898,0.129811,-0.102579
0.138505,0.130627,-0.104651
0.139551,0.130320,-0.104142
0.141368,0.130314,-0.103906
0.142783,0.129946,-0.102175
0.143282,0.129990,-0.102963
0.143028,0.129066,-0.100216
0.145850,0.129001,-0.102685
0.146644,0.128415,-0.101841
0.149832,0.132158,-0.102436
0.150195,0.130393,-0.101641
0.151373,0.130409,-0.102920
0.152959,0.131913,-0.101922
0.153628,0.128018,-0.105634
0.155741,0.130452,-0.104159
0.158292,0.128598,-0.104428
0.159695,0.129429,-0.103520
0.159781,0.130905,-0.104967
0.161358,0.129207,-0.104466
0.164071,0.130920,-0.107213
0.164729,0.130479,-0.105448
0.166374,0.130832,-0.105656
0.167791,0.128969,-0.107982
0.169275,0.130088,-0.107202
0.171182,0.130243,-0.107757
0.171883,0.127353,-0.108195
0.172404,0.131957,-0.109965
0.175849,0.128870,-0.111574
0.175722,0.130666,-0.111851
0.177337,0.130822,-0.113727
0.177887,0.131252,-0.114548
0.180509,0.131781,-0.114150
0.182517,0.130222,-0.112962
0.182405,0.130100,-0.115693
0.185587,0.130665,-0.119915
0.186419,0.130207,-0.120779
0.187209,0.130564,-0.122290
0.190319,0.132417,-0.125278
0.191431,0.133633,-0.128354
0.191816,0.130087,-0.128790
0.193840,0.131864,-0.134092
0.194719,0.133659,-0.139789
0.197126,0.132549,-0.142039
0.197010,0.132371,-0.145555
0.199192,0.134484,-0.147948
0.200372,0.133620,-0.150195
0.204085,0.133563,-0.152863
0.203524,0.133785,-0.161568
0.205636,0.134406,-0.164677
0.209135,0.133380,-0.169917
0.209289,0.135331,-0.173769
0.211486,0.132560,-0.177705
0.211957,0.133186,-0.181161
0.214831,0.134145,-0.185509
0.216796,0.135036,-0.191017
0.218160,0.133644,-0.194127
0.219943,0.135214,-0.200545
0.220642,0.135188,-0.203305
0.221828,0.135165,-0.207276
0.223552,0.138023,-0.214958
0.225580,0.137179,-0.221393
-0.039811,0.137001,-0.206083
-0.038572,0.137394,-0.195322
-0.038200,0.137349,-0.187354
-0.035028,0.136297,-0.182883
-0.033537,0.135885,-0.179965
-0.032292,0.134631,-0.174968
-0.031360,0.135116,-0.172248
-0.030839,0.136386,-0.168423
-0.027868,0.134219,-0.166139
-0.026410,0.134900,-0.162499
-0.024239,0.134061,-0.161156
-0.021325,0.135664,-0.160637
-0.022972,0.136504,-0.156874
-0.018043,0.135496,-0.156407
-0.019189,0.133246,-0.153535
-0.016193,0.133947,-0.154705
-0.016494,0.133762,-0.150320
-0.012744,0.136694,-0.150926
-0.013076,0.134508,-0.148585
-0.010234,0.134588,-0.147702
-0.011154,0.134195,-0.146551
-0.011182,0.133414,-0.144582
-0.005685,0.132482,-0.144892
-0.004976,0.133225,-0.144660
-0.003056,0.133585,-0.143750
-0.005125,0.133778,-0.141600
-0.000224,0.134858,-0.139865
0.000279,0.133397,-0.139644
0.001852,0.133801,-0.138494
0.001869,0.132744,-0.137929
0.004961,0.133507,-0.139731
0.005970,0.133542,-0.136253
0.008175,0.131963,-0.134513
0.007727,0.133483,-0.133612
0.010804,0.131808,-0.132704
0.012391,0.131877,-0.131805
0.013426,0.131127,-0.131182
0.012764,0.132129,-0.129057
0.015921,0.132281,-0.127606
0.016270,0.134656,-0.129021
0.017103,0.131022,-0.126946
0.019687,0.133184,-0.126794
0.022664,0.133234,-0.127295
0.023422,0.131852,-0.126264
0.023954,0.132971,-0.125330
0.026401,0.136402,-0.124156
0.027305,0.133527,-0.122293
0.029269,0.132888,-0.122501
0.028154,0.131957,-0.121109
0.030231,0.133071,-0.121003
0.032047,0.131977,-0.119773
0.033396,0.132186,-0.119568
0.034196,0.132159,-0.119348
0.037341,0.133989,-0.117500
0.037921,0.131780,-0.115382
0.038420,0.133251,-0.116609
0.040464,0.130826,-0.117239
0.042257,0.133095,-0.115513
0.043826,0.132406,-0.113987
0.043776,0.132818,-0.115082
0.045450,0.132068,-0.116193
0.048538,0.132402,-0.115012
0.048199,0.130410,-0.113888
0.049007,0.131310,-0.113359
0.050990,0.132573,-0.113708
0.052373,0.132020,-0.113175
0.053384,0.131634,-0.113007
0.056438,0.133494,-0.112353
0.058522,0.132250,-0.114092
0.059179,0.130894,-0.111275
0.059080,0.131074,-0.112265
0.061426,0.133593,-0.111439
0.063836,0.131287,-0.111128
0.063279,0.132234,-0.112254
0.065450,0.132270,-0.111621
0.066607,0.132546,-0.112324
0.068058,0.132515,-0.111006
0.068909,0.131681,-0.109656
0.070327,0.132477,-0.107779
0.071845,0.131402,-0.109810
0.072795,0.131403,-0.109647
0.073548,0.132171,-0.109952
0.075003,0.132842,-0.108401
0.077726,0.130472,-0.108432
0.077950,0.132499,-0.109018
0.080804,0.133380,-0.108751
0.081888,0.132685,-0.111300
0.083574,0.131506,-0.108976
0.083632,0.133081,-0.107392
0.085569,0.131599,-0.110053
0.086342,0.133229,-0.108787
0.089117,0.132367,-0.109647
0.090843,0.133167,-0.108055
0.092188,0.132043,-0.109321
0.094389,0.133187,-0.108128
0.094025,0.132040,-0.107365
0.096116,0.130893,-0.109374
0.095794,0.131899,-0.109185
0.097241,0.132370,-0.109841
0.098081,0.132380,-0.110188
0.099823,0.129964,-0.109915
0.103194,0.131052,-0.108673
0.101985,0.130959,-0.108912
0.103917,0.132024,-0.110179
0.107231,0.133440,-0.109601
0.107763,0.130736,-0.110103
0.109226,0.133318,-0.108719
0.110702,0.131078,-0.107439
0.111216,0.132389,-0.109830
0.113186,0.133092,-0.108329
0.113502,0.131479,-0.106266
0.117966,0.131234,-0.108279
0.115737,0.131460,-0.106322
0.118375,0.131891,-0.106765
0.118908,0.131773,-0.107389
0.121907,0.130998,-0.106492
0.122615,0.132245,-0.107800
0.123818,0.132357,-0.104098
0.125094,0.131459,-0.104368
0.128870,0.134065,-0.105722
0.130266,0.131010,-0.103725
0.128337,0.133253,-0.101735
0.131008,0.131613,-0.105768
0.130831,0.130571,-0.104429
0.133482,0.130562,-0.103417
0.135349,0.130205,-0.102839
0.136147,0.131706,-0.102354
0.138612,0.132544,-0.101655
0.139549,0.132042,-0.102629
0.140406,0.132349,-0.102231
0.142204,0.130539,-0.102620
0.144946,0.133441,-0.100063
0.144441,0.132241,-0.102357
0.146202,0.132702,-0.099744
0.147177,0.133174,-0.100984
0.148824,0.133684,-0.102817
0.150005,0.132021,-0.103008
0.152106,0.130262,-0.103467
0.152417,0.130946,-0.101809
0.155781,0.131714,-0.102920
0.156334,0.130299,-0.104472
0.156478,0.132050,-0.102822
0.160023,0.133248,-0.103539
0.160506,0.133831,-0.101975
0.163928,0.132013,-0.103383
0.163915,0.130484,-0.104252
0.164242,0.131448,-0.104172
0.165254,0.131517,-0.106978
0.168622,0.131922,-0.106243
0.168864,0.133655,-0.108159
0.171340,0.131158,-0.107926
0.171997,0.133206,-0.108099
0.172743,0.131559,-0.111272
0.175300,0.133965,-0.109775
0.174199,0.131651,-0.111548
0.177399,0.132934,-0.112809
0.177892,0.133757,-0.111799
0.181032,0.131862,-0.112223
0.181793,0.132239,-0.112162
0.182253,0.132860,-0.115199
0.184873,0.131641,-0.117274
0.186184,0.131151,-0.116980
0.186338,0.133176,-0.122173
0.188457,0.132279,-0.122943
0.190658,0.133434,-0.125902
0.192437,0.133241,-0.128367
0.192860,0.135555,-0.131757
0.194908,0.133915,-0.134265
0.196217,0.134240,-0.138500
0.199168,0.135676,-0.143148
0.199989,0.134705,-0.145493
0.201545,0.134405,-0.148517
0.202754,0.134132,-0.151671
0.206436,0.134994,-0.158655
0.206886,0.134948,-0.164055
0.207298,0.134252,-0.169041
0.208229,0.133336,-0.172990
0.210954,0.134944,-0.175830
0.214007,0.135250,-0.181953
0.213543,0.136928,-0.185055
0.215790,0.137525,-0.187724
0.218401,0.136846,-0.192363
0.217458,0.136904,-0.194648
0.217060,0.137027,-0.200270
0.222952,0.135777,-0.204588
0.224685,0.137844,-0.211095
0.226383,0.137916,-0.217956
-0.040406,0.137316,-0.203446
-0.036834,0.138803,-0.192879
-0.038662,0.137586,-0.186926
-0.035222,0.138289,-0.183156
-0.031226,0.137988,-0.180262
-0.030957,0.137125,-0.175427
-0.030264,0.136722,-0.172978
-0.028232,0.137005,-0.169125
-0.027387,0.137409,-0.166812
-0.025569,0.136443,-0.164555
-0.024992,0.139061,-0.161267
-0.022445,0.136637,-0.159390
-0.023698,0.137062,-0.156312
-0.020661,0.137086,-0.153418
-0.015969,0.136515,-0.154895
-0.017916,0.136828,-0.154168
-0.017590,0.135098,-0.151467
-0.014149,0.136829,-0.149948
-0.013224,0.137132,-0.150151
-0.012642,0.137575,-0.148853
-0.008528,0.136421,-0.146017
-0.009916,0.137328,-0.145617
-0.007989,0.134432,-0.143770
-0.006172,0.134714,-0.144832
-0.002593,0.135124,-0.143471
-0.003190,0.134555,-0.143048
-0.000979,0.134248,-0.141752
-0.001148,0.136192,-0.139224
0.001204,0.135777,-0.139339
0.002008,0.132143,-0.137078
0.005690,0.134715,-0.137922
0.004582,0.134962,-0.136433
0.006698,0.135445,-0.133303
0.008245,0.137902,-0.135525
0.008053,0.135088,-0.133094
0.010289,0.135321,-0.133805
0.012615,0.135686,-0.130652
0.012171,0.133577,-0.131591
0.013977,0.135095,-0.131172
0.015854,0.135150,-0.129604
0.019400,0.136220,-0.127094
0.019599,0.135916,-0.127913
0.020071,0.134209,-0.125620
0.020721,0.133297,-0.127786
0.023859,0.135061,-0.125599
0.024990,0.134774,-0.122997
0.025284,0.134003,-0.123054
0.027900,0.134527,-0.124256
0.028162,0.135068,-0.123259
0.028601,0.134043,-0.124211
0.033326,0.133492,-0.121533
0.032529,0.134532,-0.120453
0.035490,0.134585,-0.119085
0.034701,0.135649,-0.119342
0.036050,0.134410,-0.117310
0.039532,0.133835,-0.117946
0.041803,0.133450,-0.117783
0.044003,0.135495,-0.117677
0.043088,0.133254,-0.118138
0.044147,0.134567,-0.115268
0.045698,0.133316,-0.114785
0.047786,0.134401,-0.113927
0.050259,0.132663,-0.114197
0.049488,0.133789,-0.112523
0.052429,0.132277,-0.114170
0.053914,0.134254,-0.114500
0.053481,0.133002,-0.111666
0.055234,0.133077,-0.112821
0.057551,0.133647,-0.111353
0.057888,0.135156,-0.113357
0.057130,0.132874,-0.112943
0.062024,0.133469,-0.111704
0.060686,0.131573,-0.111861
0.063928,0.134583,-0.111681
0.064179,0.134237,-0.111601
0.065207,0.132855,-0.111288
0.068836,0.133819,-0.111357
0.069091,0.132057,-0.109698
0.068857,0.132301,-0.112219
0.072413,0.134508,-0.110474
0.072067,0.132674,-0.111475
0.073049,0.133701,-0.109968
0.075420,0.133228,-0.108652
0.077407,0.132465,-0.109421
0.078982,0.134961,-0.108409
0.079029,0.134129,-0.109164
0.082883,0.132613,-0.110206
0.084910,0.133684,-0.109241
0.084097,0.132765,-0.107594
0.086735,0.135800,-0.108693
0.085041,0.134203,-0.110083
0.087746,0.133728,-0.108671
0.089008,0.133275,-0.110424
0.091999,0.133576,-0.108982
0.094247,0.133190,-0.109951
0.094047,0.133680,-0.108980
0.095513,0.133381,-0.109595
0.096271,0.133951,-0.108562
0.097909,0.133934,-0.110388
0.096610,0.136193,-0.109936
0.101407,0.135236,-0.109367
0.100832,0.133236,-0.108982
0.104242,0.133434,-0.110070
0.105169,0.134626,-0.109289
0.106174,0.133065,-0.106904
0.108562,0.134970,-0.109996
0.108179,0.133697,-0.107958
0.109627,0.133423,-0.106923
0.111611,0.132839,-0.107816
0.114461,0.133637,-0.108735
0.114109,0.132979,-0.108367
0.115122,0.135379,-0.107382
0.118667,0.133732,-0.106490
0.120040,0.134748,-0.109645
0.119242,0.135712,-0.105215
0.121299,0.132966,-0.105672
0.123863,0.132262,-0.104713
0.124178,0.134969,-0.105525
0.126329,0.133831,-0.104486
0.128550,0.134385,-0.103705
0.129101,0.133700,-0.102422
0.129637,0.135204,-0.103697
0.130827,0.132367,-0.101861
0.133945,0.132456,-0.103043
0.134795,0.132497,-0.102980
0.135284,0.131707,-0.102550
0.136721,0.135275,-0.100891
0.138753,0.135237,-0.100951
0.138306,0.133561,-0.099912
0.142250,0.133288,-0.100588
0.142158,0.134783,-0.100552
0.144185,0.133247,-0.100051
0.144834,0.134766,-0.098412
0.146753,0.133022,-0.100331
0.147494,0.133781,-0.100120
0.147079,0.131634,-0.100605
0.151192,0.132171,-0.101822
0.151412,0.134484,-0.101143
0.152916,0.131522,-0.103341
0.154378,0.133484,-0.103390
0.156105,0.133219,-0.101704
0.157063,0.132332,-0.102169
0.157340,0.131266,-0.102972
0.159917,0.134392,-0.104469
0.161443,0.132885,-0.105022
0.161839,0.131553,-0.103725
0.163354,0.132008,-0.105441
0.166907,0.133563,-0.104883
0.166808,0.133601,-0.107020
0.168946,0.133685,-0.105910
0.169375,0.134177,-0.105544
0.170782,0.133072,-0.108588
0.171947,0.133547,-0.108691
0.174584,0.132587,-0.108039
0.176220,0.134522,-0.108790
0.176091,0.134660,-0.109946
0.177848,0.133387,-0.112028
0.179837,0.134618,-0.112849
0.182632,0.133025,-0.113893
0.181101,0.132993,-0.115267
0.184961,0.133863,-0.117404
0.187252,0.135442,-0.118800
0.187005,0.135859,-0.121767
0.187609,0.135299,-0.122717
0.190155,0.133670,-0.122588
0.191177,0.133404,-0.124309
0.194830,0.134725,-0.126684
0.194649,0.134633,-0.129806
0.196030,0.135872,-0.135803
0.198794,0.134617,-0.140214
0.198075,0.135120,-0.142870
0.202325,0.135323,-0.146116
0.201719,0.135219,-0.150107
0.205030,0.136000,-0.153971
0.206247,0.137985,-0.163164
0.206064,0.136650,-0.166890
0.208531,0.137923,-0.172136
0.211208,0.136371,-0.175637
0.213694,0.137350,-0.181015
0.213785,0.137068,-0.182997
0.213811,0.137866,-0.189316
0.217580,0.137073,-0.190983
0.220085,0.139403,-0.193191
0.221139,0.137301,-0.198803
0.223318,0.138451,-0.201578
0.223979,0.139308,-0.205441
0.225678,0.141292,-0.214712
0.228915,0.138360,-0.220314
-0.038859,0.139340,-0.201981
-0.037498,0.138940,-0.193284
-0.035872,0.139607,-0.187459
-0.036459,0.139830,-0.182037
-0.032844,0.137905,-0.178875
-0.032059,0.139751,-0.171627
-0.030247,0.138048,-0.168292
-0.029229,0.137840,-0.165089
-0.026468,0.137683,-0.162610
-0.026252,0.136840,-0.161310
-0.026118,0.137759,-0.159870
-0.021647,0.138904,-0.157880
-0.021005,0.137748,-0.155741
-0.020254,0.137828,-0.154969
-0.017902,0.136242,-0.152081
-0.017084,0.136979,-0.153707
-0.015318,0.137807,-0.149036
-0.015804,0.136237,-0.148481
-0.012424,0.138718,-0.146554
-0.010745,0.136757,-0.146813
-0.010655,0.137745,-0.144822
-0.008784,0.137230,-0.143418
-0.006588,0.136376,-0.145227
-0.006559,0.137303,-0.142127
-0.005141,0.138346,-0.142288
-0.002047,0.137690,-0.141928
-0.001974,0.138589,-0.139479
-0.000912,0.136214,-0.140961
0.000604,0.137612,-0.139347
0.004258,0.139462,-0.138950
0.005218,0.137629,-0.137896
0.005495,0.135680,-0.137476
0.005920,0.135909,-0.136573
0.007339,0.139359,-0.135042
0.009526,0.136346,-0.133485
0.009447,0.136376,-0.132416
0.011140,0.136922,-0.132448
0.014928,0.134941,-0.131798
0.015640,0.137689,-0.131948
0.016469,0.138333,-0.130631
0.017839,0.137391,-0.130538
0.018497,0.135306,-0.129760
0.019712,0.137613,-0.126253
0.022172,0.135240,-0.129073
0.024433,0.136162,-0.126250
0.023657,0.136675,-0.127150
0.026412,0.135056,-0.126521
0.027576,0.137029,-0.124908
0.030194,0.134881,-0.121715
0.031130,0.136569,-0.122820
0.031765,0.136292,-0.122610
0.034164,0.137588,-0.121369
0.033549,0.136095,-0.120705
0.034258,0.136237,-0.119091
0.037665,0.135005,-0.119863
0.040298,0.136991,-0.117765
0.041141,0.134594,-0.119201
0.043943,0.136165,-0.115285
0.043186,0.135907,-0.117509
0.045687,0.136386,-0.117985
0.047649,0.135633,-0.116540
0.045919,0.134114,-0.115742
0.046964,0.134886,-0.113125
0.051216,0.136295,-0.115785
0.050121,0.134374,-0.113970
0.052549,0.134822,-0.114215
0.053822,0.136181,-0.114965
0.054396,0.134157,-0.113028
0.058094,0.135092,-0.115122
0.057723,0.133647,-0.115412
0.058711,0.134965,-0.113580
0.061436,0.136377,-0.113494
0.061253,0.136023,-0.111375
0.062093,0.135115,-0.112390
0.063519,0.135549,-0.112246
0.067147,0.134974,-0.110793
0.068368,0.135573,-0.110733
0.070470,0.135122,-0.109919
0.071010,0.135805,-0.110707
0.073852,0.133181,-0.112221
0.072856,0.136532,-0.110593
0.075693,0.135372,-0.112023
0.076960,0.135609,-0.110168
0.078977,0.135234,-0.109687
0.079572,0.135344,-0.110101
0.081444,0.135028,-0.109134
0.081606,0.134650,-0.108791
0.082080,0.134833,-0.110217
0.084988,0.134798,-0.108239
0.085840,0.137077,-0.108452
0.087654,0.133965,-0.108349
0.089853,0.136067,-0.109036
0.089917,0.134555,-0.110017
0.090762,0.133222,-0.109082
0.093430,0.135856,-0.110663
0.094252,0.134745,-0.109246
0.096086,0.134915,-0.110709
0.098554,0.134209,-0.109875
0.099022,0.136169,-0.110739
0.099463,0.134524,-0.109185
0.101849,0.135039,-0.110642
0.102236,0.136192,-0.109321
0.103751,0.134063,-0.109743
0.107381,0.136167,-0.109030
0.106927,0.136526,-0.109818
0.110142,0.135146,-0.108230
0.109671,0.134056,-0.109825
0.110329,0.135550,-0.108770
0.109842,0.136625,-0.110551
0.114919,0.135040,-0.109132
0.115535,0.134601,-0.108828
0.116435,0.135572,-0.106718
0.117644,0.135087,-0.108835
0.118699,0.132925,-0.104459
0.119827,0.135174,-0.103692
0.121951,0.136554,-0.106429
0.123070,0.137394,-0.104907
0.124751,0.135480,-0.103372
0.127007,0.133041,-0.102858
0.126961,0.135468,-0.102304
0.129978,0.135840,-0.102065
0.130504,0.136956,-0.103523
0.131427,0.133497,-0.099921
0.130862,0.134877,-0.099577
0.134491,0.134555,-0.101678
0.133664,0.133465,-0.099575
0.135195,0.135845,-0.102596
0.136366,0.134424,-0.101045
0.138575,0.134818,-0.100742
0.141274,0.133068,-0.100475
0.141414,0.134024,-0.101086
0.143021,0.135689,-0.099958
0.145847,0.135626,-0.102530
0.145903,0.135436,-0.101206
0.146462,0.135079,-0.100875
0.148021,0.134139,-0.099023
0.151824,0.133261,-0.102536
0.152565,0.136221,-0.100024
0.153569,0.134758,-0.101206
0.155977,0.134896,-0.101511
0.155345,0.136345,-0.102509
0.157270,0.133709,-0.100855
0.159502,0.134175,-0.100127
0.160449,0.133912,-0.103590
0.161882,0.133779,-0.103065
0.162282,0.134449,-0.103520
0.164847,0.133469,-0.103190
0.165649,0.133340,-0.102578
0.167566,0.135353,-0.105572
0.168571,0.136821,-0.105948
0.170342,0.134731,-0.106779
0.173067,0.134203,-0.107335
0.173439,0.135090,-0.108762
0.172996,0.136219,-0.109274
0.174992,0.134497,-0.110150
0.175908,0.136163,-0.110791
0.178870,0.136965,-0.110087
0.179438,0.135153,-0.110760
0.182118,0.135411,-0.112951
0.183151,0.135376,-0.111432
0.183063,0.133089,-0.116725
0.184936,0.137344,-0.117115
0.186529,0.136344,-0.118409
0.187128,0.133963,-0.121573
0.189960,0.136770,-0.124975
0.191973,0.137601,-0.124478
0.193698,0.138160,-0.126544
0.194876,0.137623,-0.128056
0.197584,0.134665,-0.132259
0.197893,0.135482,-0.135090
0.200157,0.138301,-0.141428
0.201152,0.136054,-0.143229
0.202142,0.137114,-0.147133
0.205251,0.137411,-0.150783
0.204379,0.138359,-0.160628
0.206807,0.138183,-0.165129
0.210460,0.138199,-0.170619
0.210789,0.138354,-0.174152
0.213535,0.139919,-0.177266
0.213382,0.141132,-0.181449
0.215802,0.138489,-0.188464
0.217620,0.140543,-0.189754
0.218527,0.139813,-0.193786
0.219362,0.140096,-0.194572
0.221163,0.140445,-0.200289
0.222592,0.141441,-0.204438
0.225387,0.141718,-0.209060
0.226110,0.141871,-0.216030
0.230625,0.141416,-0.225056
-0.039325,0.144467,-0.199684
-0.040255,0.142841,-0.193604
-0.038201,0.140543,-0.187027
-0.033947,0.140931,-0.179473
-0.032725,0.142256,-0.173075
-0.031123,0.139574,-0.170678
-0.029950,0.139485,-0.164730
-0.028458,0.139697,-0.164239
-0.027798,0.140141,-0.160341
-0.025419,0.138304,-0.159669
-0.024764,0.138037,-0.156674
-0.023352,0.137369,-0.154557
-0.020787,0.140816,-0.151998
-0.021112,0.139508,-0.154016
-0.018436,0.139691,-0.149344
-0.016244,0.138160,-0.149424
-0.015600,0.138305,-0.147646
-0.014099,0.139285,-0.147002
-0.014498,0.138434,-0.147808
-0.012038,0.138455,-0.143843
-0.010968,0.137230,-0.143022
-0.008037,0.138663,-0.142571
-0.008087,0.137917,-0.142395
-0.005062,0.138087,-0.141732
-0.004465,0.138931,-0.141055
-0.001766,0.139087,-0.141404
-0.001210,0.138823,-0.139297
0.000055,0.138255,-0.140501
0.001948,0.138426,-0.139645
0.001381,0.140819,-0.138279
0.003551,0.137831,-0.137219
0.007674,0.137002,-0.136713
0.005982,0.137233,-0.134482
0.007875,0.137817,-0.135369
0.008921,0.136785,-0.134534
0.009607,0.138366,-0.134602
0.012878,0.137614,-0.133570
0.014250,0.138894,-0.130983
0.013103,0.139489,-0.132453
0.016638,0.138361,-0.131288
0.019133,0.137815,-0.130264
0.018043,0.138664,-0.129135
0.020379,0.138791,-0.128200
0.022888,0.136024,-0.127632
0.024142,0.138113,-0.128094
0.026291,0.138066,-0.125341
0.024482,0.138859,-0.126738
0.026411,0.139567,-0.125584
0.029413,0.137646,-0.125582
0.030702,0.139343,-0.124579
0.032110,0.138884,-0.124871
0.032907,0.137145,-0.121793
0.035887,0.137106,-0.120751
0.036035,0.138447,-0.121830
0.036188,0.137503,-0.120360
0.038198,0.135874,-0.118849
0.039589,0.135620,-0.119112
0.040752,0.136235,-0.118848
0.043726,0.136545,-0.118358
0.044488,0.138492,-0.117297
0.044589,0.136967,-0.117080
0.046752,0.136789,-0.116163
0.047650,0.136923,-0.114765
0.050986,0.137349,-0.115021
0.050784,0.137496,-0.115816
0.053002,0.135489,-0.113945
0.053176,0.138338,-0.114743
0.054922,0.136134,-0.116103
0.058228,0.137053,-0.114190
0.058053,0.138547,-0.114483
0.059525,0.136611,-0.113074
0.060964,0.140527,-0.112592
0.062306,0.137252,-0.113368
0.066396,0.137222,-0.112395
0.066133,0.137583,-0.112793
0.067040,0.138169,-0.111866
0.067410,0.136433,-0.113658
0.067981,0.136812,-0.112446
0.069223,0.136940,-0.111381
0.073067,0.137105,-0.111281
0.071797,0.137118,-0.111510
0.073439,0.136486,-0.110347
0.075525,0.138024,-0.109437
0.077817,0.136154,-0.109056
0.077389,0.137911,-0.109700
0.082021,0.138708,-0.109973
0.079952,0.136899,-0.111586
0.082975,0.137859,-0.109178
0.083756,0.137238,-0.110087
0.087267,0.136966,-0.109984
0.087363,0.137103,-0.110071
0.088264,0.135779,-0.109580
0.091676,0.137632,-0.110659
0.091716,0.136320,-0.110137
0.093865,0.134659,-0.111267
0.093682,0.136818,-0.107996
0.095627,0.136382,-0.110297
0.095989,0.139329,-0.110083
0.099697,0.137062,-0.109788
0.100118,0.137482,-0.109304
0.102317,0.138073,-0.107475
0.101444,0.139151,-0.110884
0.103587,0.138805,-0.108656
0.104179,0.134680,-0.108985
0.105925,0.138315,-0.110174
0.108733,0.136261,-0.110202
0.109818,0.136854,-0.109708
0.110442,0.137490,-0.110307
0.110764,0.136862,-0.109696
0.113247,0.134667,-0.108194
0.115168,0.137165,-0.108145
0.116786,0.137110,-0.108778
0.118164,0.136499,-0.106705
0.119701,0.137862,-0.106515
0.122584,0.136775,-0.104196
0.120402,0.136788,-0.101501
0.124499,0.138133,-0.100769
0.123170,0.136571,-0.102039
0.127399,0.135256,-0.102440
0.127809,0.138003,-0.105064
0.128406,0.135484,-0.100104
0.130331,0.135044,-0.101336
0.132203,0.138150,-0.100864
0.131927,0.138681,-0.100398
0.133359,0.137000,-0.100918
0.136911,0.134602,-0.101193
0.136845,0.137316,-0.098405
0.137119,0.134076,-0.100996
0.141036,0.136658,-0.099226
0.141022,0.138042,-0.101406
0.141751,0.135713,-0.101687
0.142738,0.136287,-0.100438
0.144670,0.135823,-0.099825
0.146540,0.136843,-0.100527
0.149299,0.136490,-0.099816
0.148446,0.135442,-0.101616
0.150145,0.135793,-0.100679
0.152598,0.135536,-0.100967
0.153233,0.135719,-0.100903
0.154997,0.135967,-0.100468
0.157353,0.137210,-0.100959
0.156558,0.134650,-0.102041
0.159895,0.137233,-0.100458
0.161491,0.135988,-0.101315
0.159374,0.134914,-0.103829
0.161804,0.136405,-0.102252
0.164784,0.137566,-0.101741
0.166579,0.136725,-0.104930
0.167333,0.136959,-0.104736
0.168915,0.137079,-0.104890
0.169818,0.136528,-0.104595
0.171419,0.136498,-0.104986
0.170937,0.137431,-0.106804
0.173200,0.136587,-0.108274
0.175070,0.134730,-0.109551
0.176239,0.137542,-0.108836
0.178059,0.136428,-0.109842
0.178909,0.136578,-0.111511
0.181034,0.136625,-0.111855
0.182141,0.138191,-0.111808
0.185012,0.137579,-0.116601
0.186161,0.136394,-0.117240
0.189153,0.138327,-0.117387
0.189377,0.137785,-0.119288
0.190860,0.136357,-0.121861
0.188197,0.137059,-0.122460
0.192693,0.137758,-0.123720
0.194761,0.137463,-0.126700
0.194953,0.136776,-0.128306
0.196892,0.136689,-0.133535
0.198425,0.137606,-0.135121
0.200878,0.137870,-0.142407
0.203452,0.138410,-0.143599
0.203608,0.137712,-0.149941
0.205364,0.139115,-0.158638
0.207041,0.141892,-0.163627
0.209194,0.140669,-0.169512
0.211727,0.140267,-0.174859
0.213232,0.139693,-0.178557
0.214592,0.141721,-0.180930
0.217304,0.141528,-0.187167
0.217819,0.139637,-0.189854
0.219696,0.140839,-0.192802
0.218132,0.142525,-0.196359
0.222277,0.140993,-0.198188
0.222456,0.142874,-0.204699
0.224852,0.143073,-0.208640
0.228530,0.141407,-0.212376
0.227966,0.141562,-0.220509
-0.040047,0.142871,-0.199622
-0.036338,0.143056,-0.191018
-0.036951,0.144205,-0.187468
-0.033855,0.142150,-0.175878
-0.032386,0.141332,-0.170078
-0.030141,0.143492,-0.167938
-0.032869,0.140870,-0.165231
-0.027813,0.140448,-0.160340
-0.027407,0.139172,-0.156140
-0.024619,0.141210,-0.156224
-0.023449,0.139958,-0.155044
-0.023276,0.140187,-0.154067
-0.021691,0.142176,-0.150906
-0.020560,0.137646,-0.150879
-0.018049,0.141035,-0.147559
-0.017752,0.139416,-0.147907
-0.017688,0.140994,-0.145866
-0.013990,0.140449,-0.144638
-0.012088,0.139868,-0.143786
-0.010013,0.140493,-0.142544
-0.009547,0.140858,-0.141591
-0.006899,0.138948,-0.143512
-0.006230,0.142150,-0.141634
-0.006411,0.140643,-0.140230
-0.003727,0.140631,-0.140718
-0.002983,0.139430,-0.139766
-0.002320,0.141177,-0.140370
0.000211,0.139819,-0.137963
0.001137,0.140482,-0.140369
0.003143,0.139354,-0.137515
0.004315,0.138614,-0.136027
0.006439,0.139434,-0.135489
0.006176,0.141966,-0.134530
0.007510,0.139956,-0.134263
0.008483,0.139667,-0.135774
0.010170,0.138860,-0.133819
0.012050,0.140048,-0.132387
0.015347,0.140967,-0.131340
0.015656,0.141814,-0.130115
0.017605,0.140741,-0.130285
0.016211,0.139245,-0.130638
0.019651,0.139211,-0.127733
0.018445,0.138993,-0.129754
0.022846,0.140798,-0.128895
0.023254,0.138773,-0.127298
0.025166,0.140227,-0.127886
0.025197,0.138840,-0.128685
0.029286,0.140003,-0.127830
0.029491,0.139791,-0.126004
0.030766,0.139421,-0.123482
0.030759,0.140580,-0.124071
0.032500,0.139333,-0.123107
0.033024,0.139549,-0.122762
0.036840,0.139482,-0.124220
0.037109,0.138247,-0.118015
0.039435,0.139507,-0.120555
0.039795,0.138716,-0.121246
0.041413,0.138962,-0.118814
0.041553,0.139672,-0.117957
0.044515,0.138688,-0.117941
0.046870,0.138137,-0.117365
0.047340,0.139470,-0.115260
0.048034,0.138970,-0.118207
0.052345,0.138856,-0.117794
0.050534,0.138287,-0.115873
0.054054,0.137612,-0.115113
0.052921,0.138848,-0.116428
0.055525,0.139488,-0.115174
0.056574,0.139951,-0.114450
0.057620,0.138942,-0.114026
0.057640,0.138408,-0.112494
0.059194,0.137803,-0.114890
0.063626,0.139132,-0.113308
0.062612,0.139525,-0.113312
0.064935,0.139292,-0.113579
0.066890,0.138358,-0.112063
0.067274,0.138228,-0.112341
0.069868,0.138448,-0.112698
0.070537,0.138655,-0.113471
0.071281,0.138483,-0.112011
0.072599,0.139153,-0.111816
0.073985,0.138662,-0.111001
0.075745,0.138900,-0.111021
0.077289,0.139172,-0.110138
0.079254,0.138989,-0.110502
0.079579,0.137234,-0.109816
0.081711,0.137280,-0.111893
0.083007,0.137149,-0.110439
0.086564,0.138887,-0.110673
0.085960,0.138057,-0.111252
0.085739,0.138928,-0.108970
0.087911,0.138839,-0.111756
0.088894,0.139704,-0.110585
0.091543,0.138983,-0.110063
0.092768,0.137064,-0.112621
0.093149,0.139264,-0.110207
0.095023,0.138315,-0.112001
0.097764,0.138308,-0.111178
0.098050,0.137532,-0.110345
0.098243,0.137542,-0.110768
0.101934,0.138992,-0.111189
0.103372,0.137423,-0.110968
0.102296,0.137558,-0.111416
0.105118,0.137864,-0.112548
0.105813,0.136692,-0.109945
0.108959,0.138820,-0.109207
0.109562,0.137061,-0.110219
0.110241,0.137697,-0.109838
0.113001,0.139146,-0.108148
0.115450,0.137855,-0.106960
0.117265,0.138970,-0.107994
0.116378,0.137236,-0.106777
0.116703,0.137875,-0.105665
0.118454,0.138972,-0.105602
0.120039,0.138580,-0.104566
0.122118,0.137397,-0.103017
0.122541,0.138275,-0.102571
0.123994,0.139439,-0.102605
0.126962,0.136377,-0.101126
0.127474,0.136644,-0.100840
0.129389,0.138798,-0.101626
0.129292,0.138756,-0.102569
0.130944,0.138921,-0.101182
0.134994,0.138378,-0.100189
0.133690,0.136648,-0.101068
0.133795,0.137955,-0.101132
0.137977,0.137866,-0.099351
0.137376,0.138446,-0.102212
0.139160,0.137425,-0.100927
0.140986,0.137710,-0.098953
0.142989,0.136859,-0.101491
0.142861,0.136549,-0.098990
0.146469,0.138176,-0.100266
0.146161,0.137451,-0.098955
0.146876,0.138345,-0.099989
0.148968,0.136933,-0.098521
0.150980,0.138659,-0.098709
0.152547,0.138061,-0.098630
0.154086,0.139294,-0.100864
0.154640,0.137266,-0.099401
0.156400,0.137886,-0.102473
0.157471,0.138064,-0.101584
0.158464,0.136867,-0.102758
0.162268,0.140437,-0.101067
0.163505,0.138478,-0.102032
0.162024,0.136872,-0.099970
0.165473,0.138424,-0.103366
0.163888,0.138659,-0.102516
0.168444,0.139989,-0.104906
0.169144,0.137104,-0.103497
0.168721,0.139172,-0.106048
0.170132,0.138228,-0.105739
0.175375,0.137766,-0.106129
0.174895,0.139104,-0.107430
0.175317,0.138445,-0.109784
0.176957,0.137670,-0.108618
0.177255,0.137136,-0.110219
0.180217,0.139137,-0.108631
0.181228,0.139341,-0.110994
0.183845,0.138632,-0.113182
0.183252,0.136895,-0.114476
0.184484,0.139300,-0.115188
0.185757,0.139426,-0.118825
0.188791,0.139645,-0.119964
0.192064,0.139159,-0.122247
0.192049,0.138407,-0.122691
0.192820,0.138073,-0.123760
0.195865,0.139367,-0.125013
0.196647,0.138665,-0.127927
0.197216,0.139965,-0.131958
0.199844,0.139183,-0.133595
0.200935,0.140595,-0.137818
0.202801,0.140472,-0.141372
0.205459,0.139908,-0.147588
0.204570,0.141601,-0.157860
0.206842,0.140345,-0.165352
0.208920,0.143302,-0.167617
0.209957,0.141878,-0.174117
0.212221,0.143363,-0.177306
0.213780,0.142829,-0.179449
0.216118,0.144522,-0.183857
0.216812,0.142383,-0.188021
0.217991,0.141915,-0.190468
0.220363,0.142123,-0.194287
0.221087,0.143709,-0.197488
0.222720,0.143078,-0.200999
0.224903,0.142755,-0.208327
0.225287,0.142912,-0.210037
0.227948,0.144820,-0.217634
0.230009,0.145014,-0.226321
-0.040039,0.143824,-0.199566
-0.039390,0.144181,-0.192484
-0.034898,0.143340,-0.183216
-0.034392,0.144736,-0.169290
-0.033501,0.145387,-0.166690
-0.031867,0.142572,-0.165513
-0.029672,0.143971,-0.161105
-0.028391,0.141281,-0.157192
-0.027280,0.141642,-0.155673
-0.026123,0.143337,-0.153966
-0.023144,0.143703,-0.152811
-0.023244,0.142594,-0.151040
-0.020358,0.142102,-0.150079
-0.019383,0.141296,-0.145961
-0.021071,0.141413,-0.147133
-0.017181,0.140578,-0.145781
-0.016802,0.141769,-0.143437
-0.012037,0.142272,-0.144285
-0.012614,0.140971,-0.140816
-0.011339,0.142164,-0.142240
-0.009499,0.140518,-0.139494
-0.008286,0.141816,-0.138406
-0.006691,0.142661,-0.139525
-0.007311,0.143078,-0.140340
-0.002799,0.140088,-0.138020
-0.003442,0.141872,-0.138620
-0.000993,0.139668,-0.138191
0.000933,0.141543,-0.139358
0.000612,0.140456,-0.136744
0.004200,0.142172,-0.137776
0.003595,0.141859,-0.135616
0.005628,0.141545,-0.134635
0.007175,0.141187,-0.132321
0.007761,0.141130,-0.134943
0.008776,0.140972,-0.132729
0.010139,0.142027,-0.131578
0.011307,0.140699,-0.132246
0.014108,0.142275,-0.133671
0.015328,0.141162,-0.130171
0.017243,0.140958,-0.130308
0.018118,0.142122,-0.129882
0.019551,0.140259,-0.129122
0.020654,0.141383,-0.128377
0.021480,0.142058,-0.129572
0.024003,0.140180,-0.128061
0.025021,0.139696,-0.126735
0.027172,0.139972,-0.127558
0.029020,0.141706,-0.127243
0.028778,0.141748,-0.125925
0.030076,0.140171,-0.125897
0.031237,0.141145,-0.125079
0.032747,0.140449,-0.124923
0.034424,0.139418,-0.123281
0.037091,0.140922,-0.122271
0.036475,0.140093,-0.121486
0.038680,0.140468,-0.122241
0.040402,0.141399,-0.120580
0.041183,0.142329,-0.119770
0.043420,0.138971,-0.118885
0.044635,0.141388,-0.117482
0.047428,0.141106,-0.117767
0.048067,0.139832,-0.119332
0.049109,0.139687,-0.117432
0.049849,0.140738,-0.115082
0.053471,0.141435,-0.116039
0.053650,0.142334,-0.116897
0.052402,0.140729,-0.116859
0.053263,0.140104,-0.116043
0.057908,0.139309,-0.116821
0.060290,0.141490,-0.115153
0.060004,0.139233,-0.112020
0.061915,0.140646,-0.116160
0.063254,0.139923,-0.115150
0.064737,0.141473,-0.113857
0.064198,0.140473,-0.114939
0.066618,0.142005,-0.113016
0.065962,0.141842,-0.112230
0.068680,0.141844,-0.112122
0.070176,0.138018,-0.112263
0.072993,0.139029,-0.111662
0.071968,0.141489,-0.113176
0.073794,0.140606,-0.113408
0.077211,0.140512,-0.113196
0.078278,0.140241,-0.111601
0.080399,0.138719,-0.111802
0.080659,0.141047,-0.110516
0.080530,0.138896,-0.110578
0.081133,0.140290,-0.110961
0.084267,0.140070,-0.113600
0.086599,0.141053,-0.111671
0.085468,0.140939,-0.112348
0.089690,0.140207,-0.109970
0.089054,0.139491,-0.112617
0.090713,0.139261,-0.113043
0.093925,0.138451,-0.115039
0.092546,0.139978,-0.111885
0.096097,0.140209,-0.111799
0.096921,0.141611,-0.110837
0.099142,0.141501,-0.111075
0.099722,0.142169,-0.110286
0.102020,0.140973,-0.111884
0.102656,0.139296,-0.110275
0.104030,0.140869,-0.108697
0.106014,0.139690,-0.112110
0.107140,0.140097,-0.111855
0.107519,0.139948,-0.110861
0.110695,0.139805,-0.110052
0.111790,0.139028,-0.109201
0.112732,0.139945,-0.110134
0.113412,0.140979,-0.107141
0.114351,0.139737,-0.106376
0.116225,0.139833,-0.105161
0.117720,0.140799,-0.105040
0.118770,0.140908,-0.103802
0.121298,0.140199,-0.103916
0.123382,0.141947,-0.102821
0.123240,0.141196,-0.101312
0.125853,0.138776,-0.100700
0.124568,0.139243,-0.100440
0.127912,0.139741,-0.101597
0.128019,0.139638,-0.100114
0.130863,0.139909,-0.100493
0.130554,0.141348,-0.100492
0.132404,0.138600,-0.099391
0.134844,0.139942,-0.099840
0.134978,0.138694,-0.101339
0.136921,0.138765,-0.099757
0.138698,0.139368,-0.097857
0.140205,0.137696,-0.101600
0.141123,0.137061,-0.098347
0.144376,0.139664,-0.098503
0.142301,0.138573,-0.098944
0.143469,0.139262,-0.099382
0.147150,0.139994,-0.097843
0.145726,0.138187,-0.098825
0.150071,0.138246,-0.099370
0.150482,0.139774,-0.097781
0.149653,0.139337,-0.099311
0.153802,0.138743,-0.099711
0.155260,0.140431,-0.100899
0.154993,0.138260,-0.100986
0.157575,0.139710,-0.100312
0.160034,0.139980,-0.101116
0.159047,0.137948,-0.100095
0.161060,0.140250,-0.102388
0.163520,0.139797,-0.104722
0.164520,0.139439,-0.100771
0.167509,0.140753,-0.103936
0.166583,0.139722,-0.104254
0.170199,0.138090,-0.102715
0.168794,0.138281,-0.105034
0.171742,0.139873,-0.107249
0.171737,0.138747,-0.106091
0.173433,0.141478,-0.107312
0.175290,0.139953,-0.107897
0.177989,0.142773,-0.110455
0.178594,0.139252,-0.109773
0.179384,0.139681,-0.112583
0.180695,0.141507,-0.112152
0.183648,0.139542,-0.110703
0.183187,0.138752,-0.114309
0.184613,0.140343,-0.113533
0.187336,0.140256,-0.117231
0.189159,0.140509,-0.119214
0.188545,0.140617,-0.119894
0.191002,0.140474,-0.122268
0.193933,0.141444,-0.122219
0.193928,0.139719,-0.126408
0.196071,0.142475,-0.127536
0.197132,0.139696,-0.129123
0.198492,0.142025,-0.132187
0.199774,0.141694,-0.138167
0.201021,0.141450,-0.141359
0.203105,0.141839,-0.144021
0.205896,0.142378,-0.155468
0.207380,0.143606,-0.163793
0.211332,0.145258,-0.167592
0.211865,0.142927,-0.171857
0.212109,0.143658,-0.177489
0.214431,0.145661,-0.180339
0.215158,0.144171,-0.183723
0.218511,0.144984,-0.187955
0.219427,0.144345,-0.188249
0.219535,0.144017,-0.195081
0.221383,0.145619,-0.196734
0.223987,0.146059,-0.200385
0.224325,0.145132,-0.204518
0.227215,0.144376,-0.210415
0.228717,0.146108,-0.217528
0.230963,0.147220,-0.223729
0.232360,0.145767,-0.235720
-0.040670,0.144132,-0.199391
-0.038050,0.146155,-0.189613
-0.034940,0.144395,-0.177183
-0.035353,0.144223,-0.167954
-0.032346,0.145606,-0.164596
-0.031017,0.145356,-0.162737
-0.029766,0.144249,-0.159431
-0.028188,0.144259,-0.155156
-0.025897,0.144294,-0.151207
-0.025779,0.145662,-0.153179
-0.025611,0.144225,-0.149889
-0.024341,0.143718,-0.150027
-0.020086,0.143269,-0.147655
-0.020840,0.144973,-0.148356
-0.016679,0.142688,-0.146116
-0.017747,0.142216,-0.144734
-0.015336,0.144103,-0.145029
-0.013326,0.144685,-0.141832
-0.012540,0.143194,-0.142687
-0.010709,0.142203,-0.139863
-0.008733,0.143403,-0.139918
-0.009377,0.142752,-0.140351
-0.006527,0.143066,-0.137533
-0.007354,0.145773,-0.137098
-0.003649,0.142745,-0.137716
-0.003844,0.144888,-0.135548
-0.002401,0.143796,-0.136126
0.000165,0.143879,-0.135725
0.000072,0.142820,-0.135897
0.000996,0.142062,-0.136040
0.004294,0.142997,-0.136050
0.005676,0.142246,-0.133250
0.006322,0.141955,-0.133282
0.009280,0.142350,-0.131483
0.010311,0.143754,-0.133365
0.010850,0.141124,-0.132937
0.011755,0.143310,-0.132662
0.013464,0.143860,-0.131752
0.015561,0.142971,-0.131046
0.017124,0.141334,-0.130691
0.017676,0.143782,-0.129231
0.019354,0.142317,-0.129623
0.019880,0.141887,-0.129015
0.022796,0.142244,-0.130624
0.024173,0.143210,-0.129622
0.024466,0.141942,-0.127800
0.028433,0.142963,-0.126619
0.027356,0.143094,-0.126715
0.029382,0.142344,-0.124841
0.030269,0.141184,-0.125960
0.031193,0.143634,-0.123600
0.031296,0.143298,-0.122512
0.033936,0.143000,-0.122773
0.037053,0.142240,-0.122839
0.036875,0.142590,-0.123866
0.038765,0.142169,-0.122814
0.038917,0.142302,-0.122045
0.041930,0.141660,-0.120309
0.043219,0.142988,-0.120967
0.045037,0.140984,-0.119844
0.043727,0.142219,-0.117630
0.046106,0.142331,-0.119073
0.048061,0.143108,-0.117833
0.048852,0.141934,-0.116223
0.052466,0.141331,-0.116547
0.051816,0.144300,-0.115301
0.055467,0.143044,-0.116184
0.055131,0.143609,-0.114127
0.056346,0.143311,-0.117283
0.058911,0.142070,-0.114525
0.059041,0.141340,-0.115756
0.060550,0.141497,-0.116521
0.063992,0.143546,-0.115492
0.063741,0.141310,-0.114116
0.066062,0.143191,-0.114774
0.066325,0.142537,-0.114515
0.068036,0.142938,-0.114525
0.070458,0.140750,-0.113833
0.071981,0.140144,-0.113371
0.072371,0.142752,-0.112794
0.073885,0.141707,-0.113759
0.075183,0.141944,-0.111169
0.077492,0.143320,-0.114085
0.078279,0.141612,-0.113429
0.077149,0.141639,-0.112939
0.080940,0.143681,-0.114025
0.082133,0.140897,-0.114169
0.083565,0.142123,-0.112210
0.084267,0.140708,-0.112564
0.086802,0.142724,-0.114991
0.086925,0.141297,-0.113527
0.089139,0.140578,-0.112433
0.090834,0.140653,-0.111298
0.091314,0.142352,-0.112656
0.092231,0.139553,-0.114357
0.093638,0.141586,-0.110812
0.094820,0.142754,-0.113431
0.097208,0.139583,-0.113195
0.096975,0.140630,-0.111190
0.099319,0.141179,-0.110379
0.101732,0.140356,-0.112663
0.102063,0.140941,-0.113427
0.105106,0.140892,-0.111987
0.104219,0.142478,-0.110815
0.106559,0.141523,-0.112224
0.109178,0.140630,-0.108043
0.109587,0.142634,-0.109602
0.110269,0.143019,-0.107628
0.111684,0.142202,-0.108766
0.114647,0.140552,-0.106614
0.113373,0.141332,-0.106626
0.116435,0.140774,-0.105822
0.116177,0.140019,-0.104185
0.119879,0.140320,-0.103904
0.119162,0.140886,-0.102454
0.121529,0.141300,-0.102353
0.123669,0.141211,-0.101521
0.124620,0.138838,-0.102326
0.125816,0.141684,-0.101383
0.125613,0.142725,-0.100193
0.128798,0.140334,-0.100465
0.128310,0.142116,-0.101838
0.131291,0.139201,-0.100822
0.130993,0.143174,-0.100008
0.133544,0.140766,-0.101736
0.135494,0.142060,-0.099714
0.137418,0.140260,-0.099700
0.136504,0.141279,-0.099665
0.138719,0.142212,-0.099974
0.141974,0.140552,-0.101841
0.140943,0.141363,-0.099605
0.141888,0.140617,-0.097610
0.144285,0.139705,-0.096618
0.145424,0.139803,-0.098378
0.148654,0.139908,-0.097987
0.149680,0.142778,-0.099191
0.150509,0.141362,-0.098250
0.150438,0.140691,-0.099932
0.154066,0.141696,-0.098962
0.154557,0.140910,-0.099506
0.155914,0.141072,-0.099392
0.158591,0.140669,-0.102568
0.158774,0.139173,-0.102299
0.160194,0.141294,-0.101570
0.161188,0.140156,-0.103469
0.162058,0.142793,-0.103034
0.163650,0.141252,-0.103750
0.165914,0.142620,-0.102665
0.165907,0.141812,-0.103272
0.168269,0.140017,-0.104388
0.169354,0.141154,-0.103359
0.170845,0.140667,-0.104757
0.171168,0.140283,-0.106403
0.174414,0.141157,-0.106685
0.177438,0.140879,-0.107582
0.176498,0.140919,-0.107496
0.177515,0.142471,-0.110584
0.179193,0.140004,-0.109692
0.180619,0.144563,-0.110829
0.182784,0.140881,-0.111460
0.184317,0.141352,-0.114769
0.184360,0.142467,-0.114125
0.186670,0.143833,-0.113527
0.189486,0.142399,-0.118959
0.188689,0.142035,-0.118725
0.190689,0.142501,-0.121086
0.192139,0.140953,-0.122493
0.193475,0.142685,-0.123703
0.194594,0.143118,-0.124570
0.196069,0.143501,-0.129559
0.197991,0.143258,-0.132010
0.199906,0.142232,-0.134975
0.202499,0.144007,-0.140298
0.204225,0.142712,-0.141689
0.205781,0.143671,-0.144330
0.207056,0.143340,-0.163653
0.207745,0.143492,-0.167916
0.208762,0.145996,-0.171492
0.212277,0.145976,-0.175585
0.213648,0.144410,-0.179676
0.216333,0.146563,-0.181525
0.215616,0.145056,-0.186271
0.218492,0.146742,-0.187787
0.219745,0.145489,-0.191326
0.223791,0.145956,-0.195639
0.223155,0.149448,-0.197223
0.223198,0.148375,-0.204527
0.225495,0.147154,-0.209694
0.228386,0.148325,-0.213230
0.228797,0.146808,-0.224014
0.233066,0.146712,-0.232004
-0.040774,0.148162,-0.200688
-0.040115,0.147361,-0.181370
-0.037037,0.147465,-0.171601
-0.035335,0.145534,-0.165836
-0.033583,0.146531,-0.162064
-0.030599,0.144998,-0.159598
-0.031100,0.145809,-0.157009
-0.029339,0.145578,-0.154470
-0.028015,0.146078,-0.152220
-0.026753,0.146377,-0.149798
-0.024292,0.146222,-0.149639
-0.022836,0.146537,-0.148655
-0.020343,0.145068,-0.146686
-0.019871,0.145496,-0.146817
-0.017972,0.145874,-0.146385
-0.018320,0.145025,-0.143376
-0.015971,0.146629,-0.142505
-0.013845,0.145465,-0.140192
-0.013045,0.143757,-0.140103
-0.011501,0.144415,-0.138324
-0.012126,0.146937,-0.138832
-0.009173,0.145239,-0.137263
-0.006310,0.145863,-0.139027
-0.005243,0.145705,-0.137396
-0.004112,0.145266,-0.137145
-0.005205,0.145689,-0.137328
-0.001282,0.145024,-0.136853
-0.001324,0.145043,-0.136129
0.001288,0.144054,-0.134763
0.001647,0.144220,-0.133521
0.003808,0.143627,-0.133339
0.004036,0.145863,-0.133550
0.005316,0.144583,-0.132284
0.009109,0.143841,-0.133023
0.008858,0.144777,-0.131751
0.010347,0.145650,-0.132500
0.012426,0.144927,-0.131951
0.013090,0.143516,-0.131178
0.014176,0.143819,-0.129544
0.016256,0.143756,-0.131397
0.020155,0.145570,-0.130573
0.018981,0.143932,-0.129856
0.020681,0.143231,-0.127731
0.023992,0.143560,-0.130261
0.023870,0.143516,-0.128791
0.026376,0.144407,-0.127632
0.025648,0.142738,-0.127912
0.027746,0.143325,-0.128703
0.028632,0.144687,-0.126444
0.029852,0.144888,-0.124867
0.032019,0.144922,-0.124415
0.033117,0.141066,-0.124104
0.035707,0.143728,-0.125626
0.036805,0.142556,-0.124382
0.038817,0.146172,-0.122749
0.039280,0.142818,-0.123680
0.038708,0.142507,-0.120897
0.041129,0.144126,-0.121386
0.041086,0.144307,-0.119872
0.043773,0.143067,-0.121395
0.047391,0.143838,-0.119452
0.047547,0.143987,-0.119916
0.051001,0.144142,-0.118988
0.049231,0.143148,-0.119203
0.051611,0.144275,-0.118180
0.052662,0.144134,-0.117192
0.053764,0.144347,-0.118030
0.056148,0.144267,-0.117616
0.058075,0.143132,-0.115982
0.058414,0.141033,-0.117747
0.056834,0.145513,-0.116815
0.061041,0.143852,-0.116773
0.061380,0.144163,-0.113975
0.065447,0.144442,-0.114761
0.064223,0.142798,-0.115638
0.067246,0.143978,-0.115739
0.069776,0.144178,-0.115889
0.068343,0.143381,-0.115092
0.070536,0.144180,-0.114811
0.070987,0.142694,-0.115719
0.074735,0.143198,-0.114003
0.073693,0.143183,-0.114759
0.075445,0.141190,-0.112816
0.077377,0.141455,-0.113510
0.078327,0.142826,-0.113762
0.080021,0.143045,-0.112948
0.082692,0.142541,-0.112709
0.083723,0.144031,-0.112023
0.085684,0.143906,-0.112742
0.087350,0.142940,-0.112789
0.087003,0.142978,-0.112691
0.088135,0.143094,-0.113489
0.090015,0.142449,-0.112868
0.092652,0.141639,-0.111032
0.092726,0.144246,-0.113939
0.093977,0.143517,-0.112811
0.094191,0.142429,-0.113493
0.096387,0.145555,-0.112756
0.098973,0.143197,-0.111910
0.098321,0.142921,-0.113339
0.101126,0.141228,-0.113150
0.102193,0.144877,-0.112597
0.105461,0.142794,-0.111151
0.106214,0.141949,-0.110118
0.107000,0.143421,-0.110757
0.108100,0.144566,-0.109179
0.108554,0.144276,-0.107929
0.109640,0.142938,-0.108096
0.113359,0.142898,-0.107736
0.113295,0.142577,-0.106288
0.114278,0.142188,-0.104322
0.115184,0.142659,-0.105076
0.118321,0.142923,-0.102876
0.118799,0.142679,-0.103650
0.121415,0.143822,-0.102953
0.119848,0.143308,-0.102546
0.122722,0.142699,-0.102702
0.125363,0.142036,-0.102537
0.127212,0.142854,-0.099415
0.127773,0.142345,-0.100377
0.127964,0.141088,-0.098571
0.130633,0.143042,-0.098889
0.131441,0.143856,-0.101078
0.132214,0.142864,-0.100203
0.133552,0.142049,-0.098026
0.134311,0.141129,-0.100276
0.136555,0.141113,-0.098583
0.138607,0.142212,-0.099896
0.139241,0.141770,-0.099044
0.140655,0.141665,-0.097599
0.144294,0.143528,-0.099332
0.143269,0.142809,-0.098981
0.144682,0.142177,-0.099216
0.147794,0.141725,-0.098377
0.147385,0.141519,-0.098530
0.148164,0.142824,-0.098829
0.151334,0.141969,-0.098685
0.151373,0.143491,-0.098421
0.152790,0.141888,-0.098383
0.155873,0.144236,-0.099709
0.155760,0.141822,-0.100122
0.155367,0.143901,-0.100679
0.160185,0.144605,-0.102912
0.159942,0.145173,-0.103214
0.162697,0.143213,-0.100823
0.161029,0.142390,-0.101523
0.162808,0.143343,-0.102689
0.166032,0.142290,-0.102823
0.166613,0.142239,-0.102370
0.167954,0.142839,-0.104615
0.170074,0.142333,-0.106629
0.171138,0.143166,-0.105308
0.173275,0.143182,-0.106846
0.172626,0.144108,-0.107105
0.177479,0.142079,-0.105817
0.176050,0.141943,-0.108308
0.180406,0.142066,-0.109014
0.178684,0.142971,-0.109045
0.182102,0.142741,-0.109980
0.181081,0.143179,-0.112809
0.184818,0.144213,-0.112904
0.185405,0.142909,-0.116085
0.189131,0.145728,-0.116386
0.187952,0.145552,-0.117580
0.190229,0.143448,-0.119646
0.190822,0.144017,-0.121432
0.190952,0.144152,-0.121711
0.195004,0.143081,-0.121191
0.193669,0.143251,-0.124507
0.198002,0.142473,-0.127474
0.196294,0.143878,-0.129191
0.201646,0.144586,-0.133728
0.201864,0.145338,-0.138899
0.205099,0.144222,-0.138593
0.204115,0.144516,-0.142225
0.208004,0.146675,-0.160759
0.208111,0.144524,-0.166722
0.209964,0.145890,-0.170642
0.211484,0.146882,-0.175599
0.215875,0.147312,-0.177160
0.216015,0.148479,-0.182654
0.216701,0.149023,-0.185441
0.217551,0.148277,-0.189237
0.220785,0.148343,-0.191790
0.222728,0.147165,-0.194184
0.224074,0.148370,-0.196548
0.224397,0.148750,-0.200589
0.227571,0.148268,-0.206553
0.231232,0.146902,-0.214538
0.230143,0.149050,-0.222727
0.233430,0.149458,-0.230474
0.233520,0.150705,-0.237895
-0.039278,0.148918,-0.195319
-0.037115,0.149190,-0.178162
-0.034395,0.148416,-0.166356
-0.034697,0.148866,-0.162597
-0.033795,0.149108,-0.162049
-0.030926,0.147131,-0.157214
-0.029721,0.148407,-0.154836
-0.029955,0.147719,-0.151801
-0.027715,0.147458,-0.148406
-0.025315,0.148213,-0.149780
-0.025412,0.145269,-0.147297
-0.021581,0.146384,-0.145863
-0.021717,0.147032,-0.145333
-0.019811,0.148780,-0.145272
-0.016914,0.148182,-0.142652
-0.017344,0.147477,-0.140503
-0.015275,0.146412,-0.141001
-0.014610,0.147135,-0.137966
-0.014624,0.145591,-0.137809
-0.011084,0.147597,-0.136605
-0.009847,0.147026,-0.137272
-0.006666,0.147349,-0.136696
-0.007768,0.145765,-0.136393
-0.006553,0.147981,-0.135156
-0.005009,0.146748,-0.135866
-0.002511,0.147329,-0.135056
-0.001559,0.145580,-0.134994
-0.000246,0.146770,-0.131331
0.000513,0.143920,-0.135222
0.002660,0.146138,-0.131922
0.004266,0.145977,-0.131239
0.005556,0.145013,-0.131882
0.006397,0.146547,-0.132738
0.007614,0.147427,-0.131849
0.008387,0.145671,-0.132557
0.011266,0.145747,-0.131407
0.012117,0.144875,-0.129239
0.013555,0.145164,-0.131001
0.016083,0.145251,-0.131504
0.016781,0.144627,-0.130650
0.017240,0.144043,-0.131171
0.017558,0.145345,-0.129750
0.020781,0.145170,-0.131102
0.022418,0.147657,-0.128748
0.023978,0.145922,-0.129137
0.024010,0.146671,-0.128576
0.026615,0.146526,-0.127413
0.026184,0.146853,-0.127312
0.029153,0.145496,-0.125409
0.029811,0.144699,-0.125555
0.033645,0.146149,-0.125840
0.033753,0.145672,-0.124084
0.033809,0.145514,-0.123720
0.035721,0.145308,-0.124830
0.037901,0.145669,-0.124521
0.040119,0.145711,-0.123000
0.040669,0.144790,-0.122494
0.040594,0.144921,-0.122674
0.043428,0.146372,-0.123383
0.045523,0.143655,-0.122428
0.045493,0.144191,-0.122461
0.048174,0.145201,-0.120733
0.048683,0.143538,-0.120145
0.050255,0.143983,-0.120522
0.050479,0.144431,-0.118974
0.051293,0.144991,-0.117541
0.054387,0.145223,-0.117510
0.053561,0.145765,-0.118301
0.060037,0.144895,-0.118117
0.058301,0.146037,-0.116918
0.060488,0.146070,-0.118874
0.059440,0.145404,-0.115855
0.062850,0.143875,-0.118376
0.062453,0.147476,-0.115279
0.065319,0.144714,-0.115924
0.064571,0.144829,-0.115725
0.068096,0.145174,-0.116145
0.068334,0.144948,-0.114333
0.070009,0.143575,-0.116792
0.071853,0.145416,-0.114539
0.071552,0.144949,-0.113944
0.074792,0.145537,-0.116239
0.075913,0.143554,-0.114302
0.078837,0.144983,-0.115507
0.079799,0.145838,-0.115375
0.078118,0.143628,-0.114242
0.080776,0.144272,-0.114989
0.082883,0.146029,-0.113782
0.084438,0.143922,-0.112658
0.086006,0.143361,-0.113219
0.087031,0.142697,-0.114752
0.087913,0.145073,-0.112946
0.090380,0.145830,-0.115366
0.093896,0.144894,-0.114903
0.093681,0.144451,-0.114183
0.093398,0.143898,-0.113417
0.096354,0.144849,-0.113206
0.095413,0.144996,-0.115073
0.098877,0.146674,-0.112128
0.099911,0.145149,-0.112053
0.102275,0.142905,-0.111702
0.102188,0.145128,-0.111564
0.104634,0.143335,-0.111868
0.106044,0.144716,-0.110446
0.106564,0.146140,-0.109784
0.107717,0.143525,-0.108267
0.108467,0.144153,-0.107759
0.110617,0.145444,-0.108590
0.111824,0.144744,-0.107827
0.113991,0.144576,-0.105788
0.114734,0.145444,-0.106919
0.117064,0.144347,-0.105674
0.117961,0.142706,-0.102521
0.119767,0.145211,-0.101968
0.121615,0.143854,-0.102658
0.120320,0.144254,-0.102381
0.122266,0.144296,-0.100430
0.126850,0.143715,-0.101707
0.127210,0.140264,-0.101617
0.128906,0.145430,-0.098789
0.127916,0.144128,-0.099242
0.130163,0.143575,-0.100120
0.130580,0.145016,-0.099924
0.131455,0.143447,-0.100497
0.134960,0.145526,-0.098638
0.135033,0.142480,-0.099425
0.137350,0.145138,-0.097522
0.135684,0.144562,-0.100391
0.140742,0.145647,-0.097897
0.140455,0.145882,-0.097175
0.143185,0.143480,-0.099633
0.141965,0.144788,-0.098612
0.144313,0.144315,-0.098442
0.146299,0.144426,-0.101877
0.146774,0.146396,-0.098196
0.147333,0.144065,-0.099943
0.151735,0.144206,-0.100631
0.151600,0.142703,-0.099819
0.153391,0.144569,-0.100761
0.153953,0.144131,-0.101360
0.154605,0.144675,-0.102040
0.158150,0.145505,-0.099094
0.158462,0.144551,-0.101331
0.161303,0.144381,-0.102246
0.160520,0.144672,-0.101920
0.162785,0.144169,-0.100214
0.163163,0.145274,-0.103490
0.163939,0.144080,-0.105087
0.167797,0.144369,-0.104758
0.167111,0.145876,-0.104493
0.170013,0.144847,-0.105812
0.172259,0.144245,-0.105735
0.173572,0.145689,-0.106477
0.172778,0.144859,-0.106563
0.173724,0.143720,-0.105454
0.177174,0.143618,-0.108814
0.178551,0.144934,-0.108099
0.181959,0.144300,-0.109542
0.180522,0.145272,-0.111128
0.183103,0.144728,-0.110723
0.182923,0.145938,-0.112466
0.186887,0.146074,-0.115204
0.187944,0.146019,-0.115592
0.190080,0.146380,-0.117809
0.189280,0.147206,-0.119195
0.190336,0.145677,-0.119012
0.193505,0.146626,-0.119645
0.194263,0.145506,-0.119528
0.194834,0.146126,-0.124648
0.196778,0.146519,-0.125913
0.198494,0.145908,-0.129495
0.200789,0.148981,-0.133823
0.201965,0.146357,-0.134606
0.202708,0.145854,-0.137055
0.204659,0.147223,-0.141893
0.207876,0.148003,-0.158407
0.209346,0.147848,-0.165910
0.210236,0.149313,-0.168633
0.210900,0.147818,-0.174591
0.214155,0.149591,-0.176607
0.215156,0.147690,-0.181522
0.217508,0.149178,-0.185485
0.218700,0.148204,-0.188275
0.219639,0.150501,-0.191198
0.221146,0.150518,-0.192590
0.223321,0.148624,-0.196901
0.225129,0.148901,-0.198621
0.226648,0.149899,-0.204412
0.227793,0.150046,-0.213143
0.230451,0.150783,-0.218691
0.233033,0.152269,-0.228499
0.234588,0.151825,-0.238961
0.234460,0.152586,-0.243954
-0.038508,0.149723,-0.185067
-0.037170,0.149748,-0.171399
-0.034273,0.149618,-0.163453
-0.034433,0.149342,-0.162878
-0.029900,0.148267,-0.159635
-0.031504,0.149789,-0.153915
-0.028351,0.148204,-0.152002
-0.028958,0.147370,-0.149353
-0.025070,0.149276,-0.148325
-0.024694,0.147227,-0.147818
-0.022224,0.149099,-0.147765
-0.020344,0.148329,-0.143663
-0.021251,0.149617,-0.142211
-0.019993,0.148594,-0.142619
-0.018790,0.149020,-0.141950
-0.015593,0.147487,-0.140059
-0.017107,0.148091,-0.139989
-0.015403,0.147921,-0.138828
-0.012467,0.147547,-0.137713
-0.011339,0.149410,-0.136288
-0.010996,0.147517,-0.135141
-0.007797,0.147312,-0.136621
-0.007097,0.146688,-0.136288
-0.004012,0.147651,-0.137572
-0.003165,0.147070,-0.134461
-0.003378,0.147640,-0.134335
-0.002708,0.148332,-0.134365
0.001479,0.147368,-0.131942
0.000032,0.148113,-0.132312
0.002591,0.148325,-0.132185
0.004389,0.146639,-0.132169
0.005818,0.147038,-0.132749
0.006878,0.148841,-0.130783
0.008455,0.149385,-0.130263
0.008583,0.149071,-0.130074
0.011240,0.149257,-0.130244
0.011608,0.147977,-0.130984
0.016308,0.147507,-0.131244
0.015383,0.149524,-0.130160
0.017137,0.147640,-0.131572
0.018050,0.148271,-0.129588
0.018000,0.145241,-0.130016
0.020113,0.148904,-0.130835
0.021347,0.147797,-0.130423
0.023351,0.150292,-0.130456
0.024940,0.148330,-0.127689
0.025034,0.147223,-0.127515
0.026955,0.147838,-0.128579
0.029537,0.147016,-0.126583
0.028331,0.145236,-0.125947
0.030808,0.145758,-0.127689
0.032105,0.146908,-0.125730
0.034274,0.146940,-0.125833
0.035483,0.146289,-0.124188
0.037164,0.146605,-0.124063
0.038262,0.149768,-0.123130
0.042012,0.147126,-0.124496
0.040326,0.146864,-0.123726
0.042823,0.147413,-0.121802
0.044893,0.146312,-0.122906
0.045437,0.147332,-0.121678
0.047928,0.147089,-0.121527
0.049544,0.148959,-0.119810
0.049323,0.147244,-0.120752
0.051802,0.146886,-0.119909
0.050923,0.147035,-0.117947
0.054394,0.147675,-0.121245
0.055613,0.146310,-0.119285
0.057772,0.146326,-0.118788
0.057976,0.147536,-0.118899
0.058752,0.147026,-0.119055
0.059488,0.146547,-0.116832
0.063281,0.148311,-0.118428
0.064289,0.145151,-0.117768
0.065888,0.145331,-0.118216
0.066669,0.147544,-0.115255
0.069075,0.147765,-0.115184
0.069674,0.145433,-0.116180
0.069076,0.146918,-0.115573
0.072635,0.146600,-0.115264
0.072780,0.146760,-0.115891
0.074285,0.146465,-0.115530
0.078211,0.145209,-0.115299
0.076485,0.145486,-0.114423
0.078391,0.146394,-0.115587
0.080716,0.145532,-0.113637
0.080984,0.148052,-0.116810
0.083539,0.145482,-0.116186
0.082596,0.146110,-0.116257
0.086071,0.146754,-0.114618
0.088885,0.148104,-0.114533
0.088856,0.145807,-0.115021
0.088959,0.148533,-0.115233
0.091762,0.147114,-0.112828
0.092131,0.143926,-0.115885
0.095954,0.147343,-0.113931
0.095314,0.145746,-0.112324
0.096417,0.146761,-0.114105
0.098228,0.144721,-0.111425
0.100397,0.147468,-0.111128
0.099251,0.146524,-0.112219
0.103038,0.146004,-0.109575
0.105103,0.148235,-0.109433
0.105324,0.145292,-0.109853
0.106512,0.146143,-0.109062
0.106703,0.147762,-0.109264
0.109186,0.146298,-0.107670
0.112803,0.146604,-0.106662
0.112199,0.146607,-0.106237
0.112657,0.148549,-0.103904
0.114638,0.145837,-0.103852
0.117703,0.146153,-0.103443
0.116844,0.147141,-0.102852
0.117447,0.146497,-0.102645
0.118162,0.146127,-0.100684
0.119644,0.144689,-0.100764
0.122083,0.143977,-0.098826
0.123172,0.146339,-0.099632
0.125535,0.145871,-0.097223
0.128588,0.143193,-0.100083
0.127318,0.143873,-0.097763
0.130533,0.144838,-0.098685
0.130642,0.147655,-0.099103
0.132306,0.146270,-0.097448
0.134044,0.146626,-0.098100
0.135935,0.142399,-0.097243
0.135797,0.145625,-0.099496
0.136681,0.145752,-0.098915
0.138437,0.145806,-0.100808
0.141328,0.145251,-0.096576
0.141834,0.147571,-0.097491
0.142097,0.144381,-0.098965
0.145899,0.144547,-0.098805
0.147599,0.146008,-0.098486
0.148881,0.146972,-0.098534
0.149249,0.147107,-0.099068
0.151303,0.146924,-0.098518
0.151790,0.145747,-0.100067
0.153402,0.144487,-0.101051
0.155210,0.145062,-0.100002
0.156362,0.145829,-0.100644
0.158008,0.145901,-0.100753
0.159137,0.146947,-0.101912
0.161337,0.146929,-0.098945
0.161728,0.146283,-0.104077
0.163227,0.145090,-0.102780
0.165511,0.145200,-0.100719
0.165111,0.145187,-0.102907
0.167161,0.146839,-0.104099
0.169267,0.145661,-0.102965
0.169889,0.146402,-0.103845
0.171175,0.146099,-0.105785
0.173163,0.145279,-0.104300
0.174187,0.146913,-0.107316
0.175314,0.145640,-0.106120
0.178192,0.147895,-0.108330
0.178068,0.146194,-0.109306
0.178839,0.145677,-0.111172
0.181461,0.147836,-0.110281
0.180073,0.146066,-0.113537
0.184401,0.146652,-0.112128
0.185396,0.145860,-0.115010
0.187225,0.146667,-0.116397
0.187429,0.146038,-0.116320
0.191155,0.146121,-0.120524
0.189765,0.147663,-0.120458
0.192740,0.146607,-0.120729
0.195405,0.147503,-0.121505
0.197563,0.147155,-0.123612
0.196819,0.147608,-0.124073
0.199930,0.147337,-0.128819
0.200295,0.149072,-0.131541
0.201761,0.147575,-0.133664
0.203916,0.148340,-0.135103
0.204777,0.147936,-0.139422
0.209447,0.148778,-0.144063
0.208810,0.147869,-0.166485
0.209440,0.150632,-0.171080
0.212748,0.150933,-0.172124
0.212645,0.150016,-0.177303
0.216504,0.149799,-0.181430
0.217010,0.150484,-0.185957
0.220475,0.150445,-0.185545
0.219585,0.151900,-0.189309
0.221418,0.152181,-0.190962
0.222476,0.152176,-0.196624
0.222347,0.151265,-0.198402
0.225892,0.153328,-0.205348
0.226700,0.152180,-0.213539
0.231272,0.151998,-0.219580
0.230871,0.153368,-0.228510
0.233644,0.154777,-0.235938
0.236387,0.154238,-0.243754
-0.039836,0.152300,-0.180665
-0.036735,0.151185,-0.164428
-0.035924,0.150471,-0.162377
-0.035019,0.151848,-0.157185
-0.033028,0.150106,-0.157114
-0.032687,0.151226,-0.152494
-0.029986,0.149801,-0.150311
-0.026402,0.149460,-0.148368
-0.029085,0.149956,-0.148386
-0.025984,0.151886,-0.145809
-0.023941,0.150168,-0.146486
-0.021177,0.149851,-0.146273
-0.021229,0.150187,-0.142568
-0.020174,0.150196,-0.142670
-0.016126,0.149802,-0.140572
-0.017439,0.148792,-0.140609
-0.016289,0.151124,-0.137967
-0.014621,0.147934,-0.136960
-0.013196,0.149335,-0.137409
-0.010556,0.148252,-0.137705
-0.010104,0.148970,-0.136207
-0.008876,0.148401,-0.133281
-0.006205,0.151336,-0.134295
-0.007131,0.150535,-0.135553
-0.004159,0.148207,-0.134006
-0.002727,0.149819,-0.133950
-0.002611,0.149970,-0.132862
-0.001297,0.149444,-0.132177
0.002334,0.149612,-0.132876
0.003439,0.147992,-0.134734
0.003929,0.148582,-0.129669
0.005460,0.149246,-0.129495
0.007345,0.148792,-0.130371
0.007281,0.147817,-0.130643
0.008566,0.149310,-0.130603
0.010156,0.150154,-0.131799
0.013845,0.148099,-0.130843
0.012435,0.148058,-0.129792
0.015800,0.150292,-0.128860
0.016678,0.150399,-0.130720
0.019108,0.149871,-0.128380
0.017642,0.148222,-0.130487
0.019896,0.148316,-0.128342
0.021654,0.148334,-0.129117
0.024826,0.148849,-0.129611
0.023923,0.150712,-0.129941
0.026050,0.147118,-0.128422
0.025337,0.149112,-0.127663
0.027848,0.148255,-0.128820
0.030547,0.148836,-0.126785
0.032475,0.151653,-0.127046
0.032457,0.147805,-0.126111
0.036153,0.147810,-0.126516
0.036028,0.149636,-0.125932
0.036661,0.149097,-0.124139
0.038271,0.149696,-0.122724
0.039426,0.148347,-0.123786
0.042401,0.147857,-0.125149
0.045693,0.149764,-0.122093
0.041996,0.149526,-0.123231
0.045443,0.150475,-0.122203
0.048367,0.149947,-0.122501
0.047759,0.148932,-0.122613
0.049114,0.146877,-0.120481
0.050879,0.148537,-0.119480
0.052929,0.147690,-0.119386
0.053391,0.148657,-0.119758
0.058409,0.149002,-0.119191
0.057341,0.149848,-0.119730
0.057033,0.149095,-0.118103
0.059243,0.148953,-0.118456
0.061892,0.149307,-0.118350
0.062079,0.147543,-0.118009
0.063213,0.147415,-0.117052
0.065643,0.148750,-0.117435
0.067092,0.149578,-0.117384
0.068050,0.148394,-0.117790
0.070588,0.149407,-0.116727
0.071528,0.147781,-0.116213
0.071566,0.148355,-0.114870
0.074456,0.149418,-0.116213
0.074616,0.147432,-0.115352
0.076698,0.149839,-0.113842
0.076431,0.144209,-0.115263
0.078460,0.149039,-0.116704
0.081464,0.147793,-0.115143
0.081005,0.149583,-0.114131
0.084559,0.148223,-0.115319
0.085013,0.147967,-0.116819
0.086480,0.149275,-0.114807
0.087827,0.150181,-0.116477
0.088961,0.149771,-0.114551
0.089263,0.147620,-0.116621
0.090420,0.146643,-0.115143
0.092041,0.149166,-0.113422
0.094343,0.147722,-0.114708
0.095299,0.149178,-0.114667
0.096951,0.147208,-0.112187
0.097873,0.147375,-0.113091
0.098568,0.148194,-0.112888
0.100244,0.149374,-0.111145
0.105503,0.147343,-0.109939
0.103083,0.146534,-0.111028
0.105274,0.148671,-0.107556
0.107846,0.148171,-0.106630
0.107191,0.148213,-0.108761
0.110073,0.147226,-0.108018
0.110279,0.149483,-0.106690
0.110715,0.146414,-0.104861
0.114496,0.146318,-0.105572
0.114447,0.147315,-0.103879
0.115464,0.147619,-0.103211
0.116897,0.145275,-0.102933
0.119367,0.147454,-0.100723
0.119997,0.147070,-0.102951
0.120812,0.148699,-0.102233
0.122417,0.148135,-0.100244
0.124893,0.147120,-0.099422
0.126399,0.147167,-0.099387
0.127325,0.146526,-0.098782
0.128117,0.147228,-0.099580
0.130517,0.147575,-0.099860
0.130372,0.147388,-0.101313
0.132434,0.146647,-0.099461
0.134418,0.146226,-0.099492
0.135321,0.146752,-0.096405
0.136738,0.147723,-0.099199
0.139588,0.147343,-0.097574
0.140335,0.147926,-0.097909
0.141659,0.147869,-0.100173
0.140436,0.146137,-0.099236
0.143652,0.147646,-0.099670
0.145445,0.145800,-0.099561
0.147182,0.147498,-0.100480
0.145506,0.147806,-0.100664
0.148497,0.146098,-0.098878
0.148963,0.146759,-0.098954
0.152406,0.147532,-0.099963
0.151636,0.148077,-0.100172
0.153565,0.147129,-0.100011
0.156213,0.147731,-0.099642
0.156568,0.146269,-0.101215
0.156402,0.147234,-0.103560
0.160934,0.148082,-0.100519
0.161423,0.146352,-0.101979
0.163512,0.147787,-0.103513
0.166373,0.148020,-0.103074
0.164162,0.149235,-0.104105
0.165947,0.147242,-0.104287
0.169269,0.148398,-0.105427
0.170446,0.147853,-0.104535
0.172470,0.146343,-0.105150
0.171508,0.148444,-0.106652
0.172701,0.147481,-0.104874
0.176206,0.148311,-0.106991
0.177006,0.147375,-0.108053
0.178299,0.148043,-0.110044
0.179932,0.148195,-0.111957
0.180540,0.147754,-0.109923
0.182819,0.148042,-0.112175
0.184960,0.149133,-0.112989
0.186920,0.149330,-0.114038
0.186803,0.149203,-0.117735
0.188057,0.146931,-0.117560
0.190466,0.147675,-0.117881
0.192070,0.147321,-0.119394
0.193352,0.149641,-0.119746
0.195924,0.149068,-0.120094
0.195594,0.149074,-0.123716
0.197100,0.147708,-0.125720
0.200081,0.150300,-0.127570
0.200926,0.147332,-0.128603
0.202265,0.149459,-0.133683
0.202746,0.147831,-0.135581
0.205274,0.149377,-0.136929
0.204718,0.150596,-0.142353
0.208073,0.151137,-0.164342
0.211314,0.149939,-0.166602
0.212476,0.150360,-0.171095
0.214964,0.152973,-0.175863
0.215672,0.152591,-0.179359
0.216916,0.153920,-0.182073
0.217098,0.152956,-0.185206
0.218851,0.152830,-0.187261
0.221882,0.155133,-0.193001
0.221775,0.153551,-0.195761
0.224263,0.153600,-0.197616
0.227176,0.153153,-0.202947
0.227757,0.155094,-0.211314
0.229306,0.155162,-0.217025
0.231571,0.155946,-0.228170
0.233196,0.154166,-0.235890
0.236888,0.156273,-0.244022
0.238269,0.155712,-0.248520
-0.038882,0.150013,-0.166113
-0.038442,0.153220,-0.161430
-0.036345,0.154436,-0.160520
-0.033243,0.153933,-0.155717
-0.032540,0.153145,-0.153596
-0.029451,0.151294,-0.149660
-0.029824,0.152729,-0.150182
-0.027784,0.151844,-0.148568
-0.026190,0.153732,-0.147782
-0.028340,0.152174,-0.145807
-0.023833,0.153142,-0.143896
-0.021098,0.152427,-0.144299
-0.022684,0.152526,-0.141783
-0.019447,0.152247,-0.139767
-0.019669,0.150493,-0.138193
-0.017255,0.150941,-0.137285
-0.015272,0.150818,-0.138468
-0.013923,0.152625,-0.136092
-0.013330,0.151380,-0.137390
-0.010999,0.151494,-0.136269
-0.012301,0.151581,-0.136262
-0.007535,0.151068,-0.134751
-0.008173,0.150833,-0.134426
-0.005051,0.151201,-0.132132
-0.005442,0.151099,-0.133953
-0.002375,0.150992,-0.132191
-0.002455,0.150171,-0.131803
-0.000116,0.149271,-0.129753
0.000544,0.151033,-0.128974
0.000872,0.151247,-0.130761
0.004549,0.149806,-0.131079
0.005742,0.150110,-0.128931
0.006614,0.150275,-0.129372
0.006059,0.151874,-0.130354
0.008318,0.149799,-0.130028
0.011276,0.148069,-0.128576
0.012694,0.150339,-0.129448
0.012966,0.150361,-0.130419
0.014340,0.150851,-0.127849
0.017217,0.151578,-0.129124
0.016887,0.152781,-0.130678
0.019897,0.151205,-0.129071
0.019346,0.150270,-0.128989
0.022263,0.150959,-0.129529
0.023862,0.151727,-0.129327
0.023910,0.149537,-0.130176
0.027645,0.152199,-0.129940
0.030877,0.151867,-0.127811
0.031411,0.149979,-0.126360
0.031773,0.148504,-0.128680
0.030917,0.151960,-0.129062
0.031940,0.150114,-0.127676
0.035741,0.148151,-0.125390
0.036660,0.148172,-0.126414
0.037054,0.151773,-0.126354
0.039315,0.149750,-0.126921
0.040929,0.150079,-0.127131
0.042634,0.151181,-0.124573
0.040538,0.151342,-0.125947
0.043851,0.151149,-0.123319
0.047519,0.151755,-0.123160
0.047304,0.151644,-0.124039
0.048661,0.147817,-0.123011
0.049864,0.150934,-0.121509
0.051082,0.149051,-0.121653
0.054263,0.150395,-0.120563
0.053321,0.150957,-0.121517
0.056771,0.149667,-0.121609
0.056293,0.149369,-0.120995
0.058490,0.151787,-0.119736
0.057971,0.149767,-0.118288
0.061366,0.151740,-0.118671
0.062222,0.149159,-0.118633
0.062699,0.149263,-0.118516
0.066008,0.151134,-0.119562
0.067204,0.151308,-0.119056
0.067775,0.149345,-0.116457
0.069472,0.149079,-0.116684
0.070161,0.150516,-0.116585
0.071749,0.150053,-0.115522
0.071618,0.149125,-0.116815
0.076001,0.151375,-0.118144
0.076294,0.150915,-0.118148
0.077253,0.148652,-0.115616
0.077904,0.150035,-0.119504
0.080842,0.151017,-0.115969
0.083880,0.151563,-0.116350
0.081805,0.149897,-0.114483
0.083542,0.148949,-0.116498
0.085667,0.148703,-0.116395
0.087454,0.151891,-0.117352
0.089231,0.149721,-0.116398
0.089711,0.151169,-0.115853
0.089471,0.150825,-0.115987
0.091337,0.150485,-0.115446
0.094204,0.150739,-0.114982
0.096568,0.149143,-0.112750
0.095467,0.149331,-0.113518
0.100325,0.150434,-0.111908
0.099869,0.149111,-0.111391
0.101827,0.150406,-0.110563
0.101853,0.148426,-0.107409
0.103237,0.150577,-0.108892
0.104309,0.149284,-0.109406
0.109388,0.149483,-0.108300
0.108474,0.147821,-0.105752
0.110858,0.148979,-0.106332
0.110722,0.148854,-0.106051
0.112201,0.149493,-0.105726
0.114029,0.149091,-0.104476
0.115379,0.150527,-0.102593
0.115585,0.150323,-0.103065
0.116767,0.149724,-0.100778
0.118066,0.148809,-0.103239
0.120008,0.148261,-0.100207
0.122427,0.149824,-0.099676
0.121888,0.148572,-0.103473
0.124934,0.148860,-0.100546
0.126615,0.148061,-0.098905
0.126618,0.148638,-0.099045
0.126712,0.150540,-0.099088
0.129722,0.147686,-0.097916
0.131690,0.148809,-0.098302
0.133090,0.146674,-0.097889
0.135657,0.149362,-0.098672
0.134534,0.149046,-0.099060
0.135264,0.149323,-0.098564
0.137559,0.147031,-0.099922
0.138804,0.148113,-0.100587
0.142245,0.149001,-0.098828
0.142032,0.148874,-0.100524
0.142782,0.148460,-0.099794
0.146065,0.148508,-0.100492
0.146316,0.149249,-0.099381
0.148279,0.148797,-0.099690
0.148495,0.150070,-0.099626
0.152141,0.147939,-0.099434
0.151628,0.148273,-0.101162
0.152931,0.148573,-0.099754
0.153637,0.148436,-0.101018
0.155929,0.148607,-0.098190
0.156650,0.150278,-0.103112
0.159272,0.149498,-0.101017
0.158435,0.149819,-0.100794
0.161640,0.151361,-0.102082
0.163124,0.150089,-0.102782
0.164029,0.149845,-0.103421
0.165528,0.148863,-0.102973
0.167530,0.149967,-0.102215
0.168799,0.148328,-0.103983
0.170106,0.149110,-0.106058
0.171526,0.147925,-0.106448
0.171856,0.151559,-0.106827
0.176174,0.150031,-0.106235
0.174515,0.151186,-0.107979
0.177647,0.149777,-0.108779
0.180262,0.148965,-0.108019
0.179700,0.151464,-0.110325
0.178509,0.149967,-0.110269
0.183222,0.148771,-0.110668
0.183706,0.149678,-0.113662
0.186939,0.148546,-0.113526
0.188084,0.148403,-0.115955
0.188708,0.150566,-0.116214
0.190263,0.150349,-0.119208
0.190344,0.149699,-0.119422
0.192526,0.150747,-0.118933
0.194193,0.148794,-0.120717
0.197291,0.150767,-0.124591
0.198007,0.150496,-0.127037
0.199525,0.151092,-0.128152
0.199714,0.150879,-0.129578
0.200342,0.151246,-0.133429
0.202724,0.151769,-0.133974
0.204364,0.150235,-0.137678
0.205649,0.152201,-0.140144
0.207368,0.153859,-0.164071
0.209026,0.153083,-0.169437
0.211959,0.153266,-0.170478
0.212329,0.153750,-0.176344
0.215990,0.155064,-0.178711
0.216951,0.154027,-0.182173
0.219768,0.153778,-0.183628
0.219993,0.154088,-0.188356
0.223403,0.155464,-0.190874
0.224451,0.153624,-0.192834
0.227028,0.155985,-0.195185
0.226584,0.156204,-0.200624
0.228405,0.155689,-0.211799
0.229560,0.156329,-0.216949
0.232171,0.156875,-0.225111
0.234866,0.156717,-0.234757
0.237691,0.157158,-0.243821
0.238829,0.158628,-0.249306
-0.041460,0.154665,-0.169755
-0.038040,0.153777,-0.163783
-0.036181,0.153866,-0.159197
-0.034946,0.154762,-0.157923
-0.035021,0.153092,-0.155181
-0.030861,0.154694,-0.153157
-0.030030,0.153422,-0.151322
-0.031584,0.152849,-0.148891
-0.026512,0.153863,-0.147417
-0.025929,0.154674,-0.145084
-0.024780,0.153778,-0.148114
-0.025968,0.155166,-0.144177
-0.023048,0.153377,-0.143933
-0.022126,0.153813,-0.140809
-0.020499,0.151671,-0.140749
-0.018381,0.153722,-0.142274
-0.015926,0.151421,-0.136496
-0.016815,0.153776,-0.135170
-0.015095,0.153628,-0.137845
-0.013604,0.152343,-0.134873
-0.010329,0.153657,-0.136357
-0.009300,0.153292,-0.134114
-0.007919,0.151945,-0.133621
-0.008517,0.152561,-0.133046
-0.005918,0.152344,-0.132186
-0.003886,0.153192,-0.132419
-0.002315,0.150697,-0.131560
-0.002425,0.154675,-0.130737
0.000926,0.151941,-0.130457
0.002327,0.152207,-0.130765
0.003939,0.152440,-0.130579
0.003359,0.154066,-0.129407
0.004934,0.152004,-0.128650
0.008424,0.152413,-0.126949
0.006415,0.152541,-0.129779
0.011497,0.152239,-0.128899
0.009448,0.153243,-0.129878
0.011683,0.151545,-0.127054
0.013783,0.153809,-0.127983
0.015276,0.153749,-0.128366
0.017396,0.152956,-0.129394
0.018821,0.151713,-0.127412
0.019041,0.149511,-0.129338
0.021429,0.150152,-0.130177
0.023696,0.152259,-0.128703
0.022581,0.152232,-0.129303
0.024039,0.152799,-0.127565
0.025891,0.152104,-0.126936
0.028037,0.152541,-0.128489
0.029086,0.150947,-0.129241
0.028983,0.152071,-0.127610
0.032737,0.151544,-0.129526
0.033973,0.151067,-0.127106
0.033810,0.151451,-0.127332
0.036339,0.153684,-0.127091
0.036872,0.152830,-0.125616
0.039246,0.152137,-0.126914
0.040809,0.154033,-0.125557
0.040627,0.151698,-0.126105
0.043393,0.151851,-0.122924
0.044487,0.151645,-0.122512
0.047150,0.152411,-0.123509
0.047151,0.151449,-0.121802
0.048006,0.153082,-0.124773
0.049976,0.153686,-0.123038
0.052129,0.150800,-0.122666
0.053040,0.151452,-0.123192
0.053786,0.154152,-0.121130
0.056475,0.152336,-0.120343
0.058479,0.151368,-0.120957
0.059538,0.150864,-0.120116
0.059678,0.151795,-0.120020
0.060581,0.151896,-0.119884
0.061807,0.152164,-0.118261
0.064836,0.150873,-0.117898
0.064630,0.152063,-0.117967
0.065567,0.152097,-0.117159
0.068844,0.152606,-0.118134
0.069810,0.152732,-0.117320
0.071314,0.151471,-0.119431
0.071437,0.150785,-0.117782
0.073382,0.150970,-0.117887
0.076008,0.152357,-0.117407
0.076258,0.151436,-0.120472
0.077813,0.151133,-0.117459
0.078605,0.153122,-0.119110
0.080834,0.151042,-0.116088
0.084059,0.150215,-0.117202
0.083167,0.152931,-0.115719
0.085185,0.152376,-0.116137
0.085572,0.150249,-0.117103
0.088121,0.150501,-0.116420
0.088146,0.152073,-0.115692
0.089322,0.151619,-0.116756
0.089754,0.151274,-0.115804
0.093393,0.150364,-0.115196
0.094317,0.152681,-0.116456
0.094032,0.150746,-0.116393
0.097665,0.150209,-0.112578
0.097764,0.151921,-0.111546
0.100259,0.150213,-0.112198
0.101771,0.150597,-0.110861
0.101874,0.151520,-0.110732
0.102817,0.151413,-0.109265
0.104655,0.151157,-0.107255
0.107790,0.150899,-0.107278
0.106604,0.151447,-0.107456
0.110351,0.150639,-0.105815
0.109976,0.151205,-0.104943
0.111402,0.150638,-0.104963
0.112938,0.149813,-0.105065
0.113902,0.150923,-0.102946
0.114441,0.151086,-0.103620
0.117381,0.152652,-0.102122
0.118612,0.149988,-0.101896
0.120942,0.149696,-0.100204
0.121434,0.151200,-0.101839
0.124607,0.150698,-0.101170
0.124662,0.148313,-0.101090
0.124975,0.150361,-0.100034
0.127771,0.151362,-0.100475
0.128194,0.151518,-0.101114
0.129686,0.151907,-0.098833
0.130313,0.150784,-0.098483
0.133739,0.149637,-0.097985
0.132093,0.152065,-0.096399
0.134242,0.150801,-0.098379
0.136714,0.151177,-0.100661
0.137905,0.149875,-0.099602
0.139262,0.151298,-0.097572
0.140667,0.149312,-0.099439
0.143428,0.148758,-0.096843
0.144626,0.148616,-0.099876
0.144241,0.151433,-0.098416
0.146325,0.150493,-0.098263
0.147354,0.150563,-0.099601
0.148450,0.150400,-0.099554
0.149512,0.150492,-0.099077
0.152095,0.150800,-0.100396
0.152887,0.150500,-0.099538
0.156075,0.150125,-0.099433
0.155808,0.150141,-0.102099
0.158484,0.150283,-0.100575
0.159062,0.150085,-0.102998
0.160498,0.151683,-0.101656
0.162202,0.149149,-0.102771
0.162150,0.151555,-0.105507
0.164689,0.149925,-0.103032
0.163736,0.151397,-0.104465
0.166150,0.149622,-0.103151
0.167436,0.150521,-0.105329
0.169247,0.150012,-0.106079
0.172995,0.151664,-0.106400
0.171385,0.151276,-0.107301
0.174042,0.151500,-0.107776
0.173345,0.150006,-0.107891
0.177928,0.151528,-0.110000
0.178361,0.151419,-0.109484
0.179769,0.149362,-0.110097
0.181282,0.151817,-0.110557
0.181956,0.150526,-0.114363
0.184766,0.150727,-0.114092
0.186497,0.152276,-0.114162
0.188058,0.150982,-0.116576
0.187127,0.151098,-0.118427
0.188834,0.152562,-0.118983
0.190667,0.152873,-0.119616
0.193523,0.151269,-0.121211
0.193412,0.153059,-0.121818
0.193830,0.149719,-0.124460
0.196294,0.151878,-0.122612
0.199363,0.153429,-0.126630
0.198398,0.151903,-0.130082
0.201650,0.153172,-0.132911
0.202649,0.153206,-0.135352
0.204234,0.153802,-0.137009
0.207181,0.153424,-0.138819
0.208239,0.154276,-0.141485
0.208957,0.153601,-0.168515
0.211142,0.155395,-0.170721
0.213178,0.152756,-0.174619
0.214907,0.155848,-0.178136
0.217505,0.153219,-0.179929
0.217935,0.155501,-0.186101
0.218746,0.157100,-0.187378
0.220578,0.155806,-0.190035
0.223220,0.156290,-0.192163
0.224823,0.155570,-0.194212
0.226386,0.156262,-0.201370
0.226266,0.156904,-0.208591
0.231323,0.156306,-0.217073
0.233014,0.157981,-0.225440
0.235390,0.158847,-0.232101
0.235175,0.159203,-0.239309
0.237912,0.159824,-0.248281
0.240311,0.160894,-0.256859
-0.040648,0.156003,-0.164976
-0.038566,0.155369,-0.161946
-0.037111,0.154728,-0.158996
-0.035414,0.156426,-0.155516
-0.033664,0.153534,-0.154842
-0.031165,0.154614,-0.151226
-0.032144,0.155926,-0.150538
-0.029983,0.154904,-0.149643
-0.029191,0.153216,-0.147764
-0.027775,0.155911,-0.146348
-0.027927,0.153979,-0.144680
-0.023214,0.153645,-0.142453
-0.023465,0.155079,-0.142401
-0.023673,0.154752,-0.141087
-0.020364,0.154897,-0.139128
-0.019866,0.153792,-0.137876
-0.016794,0.153822,-0.137568
-0.015520,0.154294,-0.136459
-0.012849,0.153202,-0.134601
-0.013300,0.153474,-0.137627
-0.012074,0.154756,-0.134840
-0.010720,0.152316,-0.133688
-0.009209,0.154022,-0.133431
-0.005237,0.154836,-0.133298
-0.005511,0.154748,-0.133511
-0.003950,0.153697,-0.131832
-0.003786,0.154684,-0.130241
-0.002103,0.153855,-0.131184
0.000833,0.153428,-0.131254
0.002032,0.154700,-0.130871
0.002291,0.155572,-0.129094
0.005199,0.151412,-0.128287
0.005385,0.153583,-0.128103
0.005695,0.154071,-0.126967
0.008720,0.151530,-0.129136
0.008761,0.154472,-0.127111
0.011090,0.153581,-0.127663
0.011872,0.154842,-0.127144
0.014117,0.152919,-0.126983
0.014225,0.154482,-0.128166
0.015323,0.153285,-0.129272
0.018590,0.154572,-0.126523
0.020398,0.152641,-0.128236
0.021251,0.153601,-0.127952
0.022545,0.154686,-0.127600
0.024592,0.153903,-0.128117
0.025514,0.153488,-0.128899
0.026792,0.154520,-0.128705
0.028086,0.152993,-0.127185
0.028617,0.154961,-0.128979
0.030556,0.154511,-0.129061
0.031449,0.154898,-0.127153
0.032774,0.151950,-0.128412
0.034992,0.151930,-0.127676
0.036012,0.153321,-0.126865
0.036340,0.153329,-0.127144
0.037970,0.153062,-0.127948
0.041908,0.154283,-0.125518
0.043139,0.152982,-0.127063
0.043704,0.155625,-0.125975
0.045781,0.153434,-0.125547
0.046738,0.153524,-0.127806
0.046044,0.151767,-0.124141
0.047761,0.154471,-0.123231
0.047477,0.153675,-0.123052
0.051639,0.153220,-0.122350
0.051950,0.154775,-0.123466
0.054805,0.153373,-0.122588
0.055413,0.154849,-0.120531
0.056646,0.153019,-0.121769
0.059145,0.154394,-0.121051
0.058625,0.154847,-0.121222
0.061534,0.154991,-0.119325
0.062969,0.152505,-0.119596
0.064055,0.153301,-0.121569
0.064212,0.152073,-0.118126
0.066669,0.153180,-0.119859
0.067031,0.154115,-0.119116
0.068633,0.154128,-0.119854
0.070007,0.152694,-0.120340
0.072817,0.156077,-0.119563
0.072745,0.153341,-0.117481
0.074243,0.152889,-0.117225
0.076519,0.153975,-0.118555
0.075631,0.152369,-0.117414
0.078493,0.152437,-0.116784
0.079958,0.152946,-0.116527
0.081424,0.152238,-0.116830
0.081857,0.152349,-0.117083
0.083956,0.154337,-0.118206
0.086453,0.154285,-0.116745
0.088678,0.152329,-0.117200
0.087332,0.152157,-0.115370
0.091350,0.152769,-0.116176
0.091768,0.154427,-0.116952
0.093128,0.153296,-0.116756
0.095221,0.151862,-0.116805
0.095283,0.153032,-0.114085
0.097263,0.154016,-0.114853
0.097845,0.150127,-0.114144
0.098035,0.153946,-0.111535
0.101050,0.154356,-0.110418
0.103319,0.150689,-0.108895
0.101729,0.153832,-0.109328
0.105332,0.153774,-0.107856
0.106979,0.153493,-0.107563
0.106657,0.153663,-0.105556
0.110084,0.153448,-0.104868
0.110406,0.154364,-0.106327
0.109947,0.149784,-0.103754
0.112529,0.152768,-0.104911
0.113464,0.151852,-0.103997
0.115599,0.150846,-0.103237
0.118163,0.151723,-0.101741
0.117984,0.150485,-0.101395
0.121431,0.150056,-0.101346
0.121875,0.150930,-0.100881
0.123107,0.150021,-0.100072
0.125024,0.154989,-0.100994
0.126624,0.152960,-0.099001
0.128029,0.152507,-0.098781
0.126886,0.152351,-0.100131
0.129503,0.151380,-0.097837
0.130661,0.150301,-0.097939
0.132292,0.151741,-0.098288
0.132822,0.151230,-0.099287
0.135360,0.152155,-0.100220
0.138123,0.153122,-0.099934
0.137239,0.151743,-0.097841
0.140172,0.151774,-0.098654
0.139739,0.151355,-0.100330
0.141239,0.152945,-0.098870
0.145666,0.153624,-0.097876
0.144358,0.150419,-0.099225
0.145673,0.152175,-0.099384
0.146818,0.151854,-0.099855
0.148677,0.150450,-0.100171
0.150423,0.152591,-0.101111
0.152415,0.151454,-0.100091
0.153026,0.151624,-0.100133
0.155253,0.152680,-0.100833
0.155428,0.153351,-0.102148
0.158601,0.152046,-0.102562
0.157397,0.151413,-0.103719
0.159217,0.153075,-0.102629
0.162127,0.152937,-0.101991
0.163091,0.152644,-0.105761
0.162674,0.152422,-0.104731
0.166831,0.153635,-0.101782
0.167434,0.152331,-0.105451
0.169121,0.152109,-0.104664
0.170863,0.152009,-0.104108
0.171150,0.152427,-0.106261
0.172083,0.151618,-0.104488
0.174602,0.152609,-0.107099
0.173993,0.153192,-0.108208
0.178286,0.152329,-0.109469
0.177981,0.152904,-0.110197
0.180732,0.152031,-0.110005
0.180521,0.155104,-0.112788
0.181428,0.154898,-0.114094
0.184570,0.152089,-0.113317
0.187080,0.153766,-0.113845
0.184370,0.152007,-0.116515
0.188018,0.155799,-0.116208
0.187946,0.154895,-0.119250
0.192220,0.155234,-0.119732
0.191209,0.152044,-0.119938
0.193511,0.153456,-0.122933
0.196366,0.152920,-0.124723
0.199366,0.153949,-0.127453
0.199410,0.154594,-0.125637
0.200862,0.153797,-0.128699
0.202642,0.154229,-0.130503
0.201277,0.153576,-0.131197
0.206178,0.154279,-0.134843
0.206641,0.154181,-0.138810
0.208764,0.154170,-0.140785
0.210425,0.155805,-0.166450
0.211617,0.156139,-0.169457
0.212225,0.156992,-0.174976
0.216783,0.156158,-0.176389
0.217685,0.157141,-0.180853
0.219105,0.157509,-0.183766
0.220120,0.157921,-0.188080
0.223350,0.157865,-0.190221
0.222663,0.156255,-0.191890
0.226156,0.158528,-0.197358
0.227011,0.158259,-0.200624
0.228937,0.158440,-0.207956
0.229806,0.158134,-0.214741
0.233560,0.160472,-0.223553
0.232971,0.159522,-0.230001
0.234280,0.161534,-0.238456
0.236279,0.160154,-0.246212
0.238915,0.160236,-0.255231
-0.042141,0.157171,-0.168943
-0.040282,0.156849,-0.161314
-0.037213,0.157774,-0.159673
-0.036177,0.156115,-0.159478
-0.036654,0.156345,-0.156973
-0.034794,0.157521,-0.153347
-0.032745,0.156937,-0.150084
-0.031639,0.158603,-0.148219
-0.029086,0.155539,-0.147981
-0.029548,0.156824,-0.145070
-0.027119,0.154886,-0.144001
-0.026270,0.159096,-0.142713
-0.023804,0.153933,-0.143207
-0.021687,0.156206,-0.142318
-0.022028,0.156683,-0.140542
-0.019318,0.156468,-0.140115
-0.018175,0.154504,-0.138073
-0.016273,0.156627,-0.138384
-0.015487,0.155242,-0.136573
-0.014432,0.155623,-0.133908
-0.013817,0.153524,-0.137000
-0.010297,0.156050,-0.134596
-0.009923,0.154497,-0.133139
-0.009101,0.155307,-0.132560
-0.008501,0.155845,-0.132226
-0.004869,0.155414,-0.131800
-0.002735,0.155607,-0.131138
-0.004125,0.155130,-0.130146
-0.001136,0.156101,-0.133448
-0.000327,0.156231,-0.128747
0.002815,0.153951,-0.128683
0.003283,0.154592,-0.127612
0.002766,0.155999,-0.127526
0.004879,0.155183,-0.128929
0.007260,0.155451,-0.128261
0.008966,0.154070,-0.127276
0.011314,0.153836,-0.129976
0.009571,0.156161,-0.126868
0.014118,0.154678,-0.126130
0.012331,0.156220,-0.128505
0.014514,0.155842,-0.126847
0.017184,0.155686,-0.126987
0.018958,0.153448,-0.125762
0.018067,0.156060,-0.126908
0.020134,0.153867,-0.128827
0.020992,0.153960,-0.127383
0.024777,0.157541,-0.126286
0.023646,0.155226,-0.125628
0.027480,0.154650,-0.127769
0.028573,0.154004,-0.127279
0.027987,0.157182,-0.127702
0.030175,0.155981,-0.125803
0.031247,0.155000,-0.128727
0.036118,0.153881,-0.127541
0.034518,0.155523,-0.127339
0.035759,0.155677,-0.126428
0.036172,0.154719,-0.127024
0.037722,0.154722,-0.125017
0.038860,0.156178,-0.127425
0.041289,0.155695,-0.124761
0.044561,0.156959,-0.125877
0.044220,0.154324,-0.125414
0.045162,0.155283,-0.124354
0.046187,0.154723,-0.124874
0.047942,0.154811,-0.123500
0.050884,0.155033,-0.125015
0.050608,0.155012,-0.124662
0.053374,0.153963,-0.123189
0.055068,0.154320,-0.121515
0.055265,0.155059,-0.123606
0.057578,0.155019,-0.122235
0.060303,0.152668,-0.122382
0.060556,0.152434,-0.120340
0.061224,0.154359,-0.121977
0.060984,0.155825,-0.121347
0.063144,0.155144,-0.119491
0.065534,0.156222,-0.118205
0.067207,0.155036,-0.119306
0.068714,0.155079,-0.117460
0.070800,0.153470,-0.120440
0.069765,0.153929,-0.118251
0.070420,0.155961,-0.119983
0.074261,0.155070,-0.118436
0.075889,0.154487,-0.119284
0.075836,0.154926,-0.118801
0.076634,0.154171,-0.116389
0.078755,0.155559,-0.118157
0.080760,0.154955,-0.117706
0.081313,0.156931,-0.117310
0.082406,0.155376,-0.117779
0.083508,0.155290,-0.118202
0.085871,0.156482,-0.115688
0.087086,0.154538,-0.116012
0.089448,0.154068,-0.116600
0.090831,0.153923,-0.116016
0.091639,0.155043,-0.115576
0.094876,0.154902,-0.114281
0.094251,0.154478,-0.115109
0.096958,0.154311,-0.114761
0.096777,0.155149,-0.113429
0.097588,0.155511,-0.112378
0.098211,0.153592,-0.113174
0.100688,0.155869,-0.110942
0.102908,0.154378,-0.109232
0.104788,0.154920,-0.109799
0.105085,0.152440,-0.106775
0.107086,0.154271,-0.107276
0.107772,0.152673,-0.105893
0.108585,0.153802,-0.106712
0.110383,0.154311,-0.104165
0.109903,0.154170,-0.103706
0.112945,0.153047,-0.104423
0.113847,0.153258,-0.103007
0.118255,0.155504,-0.104055
0.118170,0.153623,-0.102936
0.120174,0.154521,-0.102807
0.120125,0.154241,-0.102017
0.121314,0.156938,-0.101519
0.121360,0.152876,-0.099876
0.126042,0.154896,-0.099990
0.125475,0.153591,-0.099081
0.126982,0.153721,-0.100785
0.126533,0.154636,-0.099305
0.129756,0.154242,-0.098911
0.132725,0.155269,-0.098276
0.132478,0.153562,-0.100187
0.133676,0.154581,-0.099390
0.135553,0.155089,-0.099014
0.137179,0.154743,-0.100165
0.137978,0.152990,-0.098492
0.139295,0.154977,-0.099589
0.140984,0.154261,-0.096982
0.142760,0.153205,-0.098866
0.143577,0.154987,-0.099960
0.145245,0.152396,-0.101242
0.146077,0.154117,-0.099311
0.147928,0.153516,-0.099344
0.149939,0.153875,-0.100803
0.149964,0.154240,-0.099722
0.151638,0.155666,-0.101489
0.153820,0.154282,-0.100003
0.154841,0.153899,-0.100485
0.154000,0.153175,-0.101689
0.155214,0.152981,-0.102723
0.158560,0.152288,-0.103285
0.160929,0.154561,-0.102674
0.160742,0.152898,-0.102686
0.163175,0.154682,-0.104590
0.164138,0.152469,-0.104509
0.163541,0.152635,-0.105422
0.167757,0.153998,-0.104086
0.168804,0.155978,-0.104494
0.169053,0.153041,-0.104832
0.172980,0.155157,-0.106325
0.171959,0.154757,-0.106282
0.173848,0.152326,-0.108878
0.174959,0.157052,-0.108252
0.177229,0.156251,-0.110839
0.179523,0.152689,-0.110139
0.179134,0.156682,-0.111507
0.181689,0.154258,-0.111503
0.181422,0.155698,-0.113222
0.183438,0.154182,-0.113241
0.185818,0.153463,-0.115158
0.187433,0.154193,-0.116869
0.187473,0.155454,-0.117602
0.192599,0.154736,-0.118830
0.191070,0.155471,-0.120072
0.192108,0.155896,-0.120538
0.192867,0.155619,-0.122289
0.197081,0.157970,-0.126099
0.197374,0.154643,-0.123904
0.197462,0.155203,-0.127277
0.200753,0.155866,-0.130731
0.200448,0.156951,-0.132509
0.202948,0.156574,-0.135549
0.205712,0.155582,-0.135209
0.206139,0.155514,-0.138823
0.206816,0.154372,-0.142130
0.209520,0.159062,-0.166154
0.212793,0.158831,-0.171702
0.212373,0.158635,-0.172412
0.215029,0.160471,-0.177654
0.216200,0.159620,-0.180885
0.218594,0.159724,-0.183516
0.220753,0.158835,-0.186212
0.220103,0.159241,-0.187513
0.223355,0.160897,-0.193159
0.223196,0.160004,-0.196558
0.226934,0.160255,-0.200382
0.228831,0.160156,-0.207402
0.230604,0.161621,-0.212759
0.230908,0.160891,-0.223258
0.233197,0.162101,-0.229591
0.235217,0.162200,-0.237619
0.238806,0.161264,-0.245874
0.239980,0.165419,-0.252650
0.242150,0.163059,-0.263052
-0.042048,0.157923,-0.166496
-0.040642,0.159834,-0.163477
-0.037105,0.159933,-0.158895
-0.037595,0.160167,-0.158674
-0.035898,0.158688,-0.154786
-0.033421,0.159123,-0.153003
-0.032960,0.158640,-0.150336
-0.032676,0.158424,-0.148833
-0.030342,0.157724,-0.148248
-0.031119,0.158539,-0.145812
-0.026368,0.157125,-0.145796
-0.025632,0.159210,-0.141980
-0.026086,0.159070,-0.143149
-0.023070,0.157393,-0.139544
-0.020717,0.158810,-0.138653
-0.019141,0.157614,-0.138857
-0.017498,0.158058,-0.138097
-0.018016,0.156708,-0.136451
-0.014467,0.159368,-0.135066
-0.014208,0.156164,-0.135626
-0.013256,0.158392,-0.135657
-0.011567,0.157906,-0.134584
-0.009666,0.158261,-0.134399
-0.009095,0.157107,-0.134003
-0.005896,0.156067,-0.133054
-0.007090,0.158105,-0.129612
-0.005533,0.157989,-0.131627
-0.001869,0.155703,-0.128785
-0.000359,0.158889,-0.131157
0.001269,0.157071,-0.129321
0.001060,0.155449,-0.128607
0.003243,0.157508,-0.129234
0.005249,0.155790,-0.128070
0.005266,0.158017,-0.126938
0.004887,0.158925,-0.127082
0.007169,0.157622,-0.126152
0.009220,0.157381,-0.126634
0.011870,0.155952,-0.126748
0.012162,0.157095,-0.127451
0.014979,0.155522,-0.126196
0.015952,0.158459,-0.126108
0.016249,0.157735,-0.126945
0.018597,0.157330,-0.126422
0.019598,0.156995,-0.125654
0.018623,0.156483,-0.126462
0.021334,0.157054,-0.124985
0.022766,0.155473,-0.124300
0.024951,0.156447,-0.126036
0.027439,0.157307,-0.127984
0.030058,0.155934,-0.127779
0.028515,0.156593,-0.126362
0.030038,0.156297,-0.125898
0.033254,0.155820,-0.124265
0.033630,0.156818,-0.126324
0.035572,0.157537,-0.125807
0.034783,0.155872,-0.126081
0.037800,0.157241,-0.127529
0.039415,0.156848,-0.128863
0.040039,0.158305,-0.127012
0.041149,0.157188,-0.126781
0.041755,0.156818,-0.126755
0.043138,0.155846,-0.126729
0.046287,0.157282,-0.127046
0.045514,0.158996,-0.125226
0.048478,0.155917,-0.126051
0.049471,0.156276,-0.125874
0.051601,0.155712,-0.125349
0.052502,0.157792,-0.123851
0.054016,0.155455,-0.122632
0.055280,0.157111,-0.123957
0.056871,0.157125,-0.123540
0.059301,0.157026,-0.122573
0.058597,0.157625,-0.120647
0.060761,0.157014,-0.120983
0.064856,0.157074,-0.122098
0.066217,0.158354,-0.121751
0.065371,0.157350,-0.121996
0.066633,0.155868,-0.120461
0.068461,0.157040,-0.121200
0.070426,0.155745,-0.118148
0.071108,0.156959,-0.119346
0.072436,0.156662,-0.119110
0.073659,0.157528,-0.119034
0.075810,0.157139,-0.120037
0.075699,0.153743,-0.121796
0.077283,0.155821,-0.119754
0.080658,0.155507,-0.118380
0.080384,0.157372,-0.118917
0.081934,0.157161,-0.119779
0.082302,0.157284,-0.119309
0.084806,0.156705,-0.117806
0.086366,0.156586,-0.116478
0.087388,0.155031,-0.115670
0.090764,0.155157,-0.115831
0.091132,0.156691,-0.115863
0.089991,0.156713,-0.116553
0.092007,0.153714,-0.115930
0.095033,0.155051,-0.116064
0.096747,0.155323,-0.116018
0.097685,0.157500,-0.113095
0.098680,0.155080,-0.113988
0.100629,0.157210,-0.114863
0.102303,0.157244,-0.112740
0.102363,0.154577,-0.110566
0.104326,0.156976,-0.109915
0.103443,0.155648,-0.108610
0.105107,0.156008,-0.105818
0.106883,0.157601,-0.105830
0.108450,0.156299,-0.103113
0.110674,0.154253,-0.105020
0.112727,0.155622,-0.103404
0.113814,0.156321,-0.104495
0.113882,0.155487,-0.102603
0.115443,0.157159,-0.103243
0.118543,0.154662,-0.101162
0.118816,0.155165,-0.101312
0.118999,0.155785,-0.102479
0.122686,0.155291,-0.102269
0.122115,0.152927,-0.101105
0.124636,0.154678,-0.102304
0.125905,0.154974,-0.102071
0.127029,0.155390,-0.100152
0.126803,0.156182,-0.100093
0.130150,0.157096,-0.100509
0.129797,0.153980,-0.099579
0.132258,0.156588,-0.099441
0.133483,0.154911,-0.098568
0.136017,0.154675,-0.098676
0.136771,0.156565,-0.098622
0.139425,0.155306,-0.100784
0.138408,0.157719,-0.099059
0.141502,0.157934,-0.097978
0.142033,0.154564,-0.099621
0.144321,0.154512,-0.098789
0.143631,0.155286,-0.098289
0.146976,0.157480,-0.100792
0.148489,0.155837,-0.101285
0.149460,0.153960,-0.100604
0.150367,0.156104,-0.100938
0.151211,0.155988,-0.100449
0.154322,0.155378,-0.102133
0.156201,0.155153,-0.101432
0.156059,0.154132,-0.101421
0.156269,0.154315,-0.100751
0.160468,0.155369,-0.101676
0.159391,0.157349,-0.104004
0.161333,0.155353,-0.103650
0.163363,0.154876,-0.103227
0.164334,0.156238,-0.104265
0.165041,0.156901,-0.104323
0.166751,0.155916,-0.105196
0.169240,0.156746,-0.103843
0.169229,0.155741,-0.105991
0.171639,0.156045,-0.107394
0.172479,0.155159,-0.107376
0.174402,0.155771,-0.106738
0.174835,0.154418,-0.109047
0.175965,0.155109,-0.109200
0.179073,0.155276,-0.111162
0.179247,0.154992,-0.111771
0.179136,0.155646,-0.111114
0.182890,0.157819,-0.112558
0.184985,0.156036,-0.115069
0.185526,0.156921,-0.114936
0.187964,0.155174,-0.117093
0.187369,0.156591,-0.118317
0.189471,0.156389,-0.119535
0.191738,0.158258,-0.116971
0.191500,0.156728,-0.122767
0.195223,0.158782,-0.123329
0.196379,0.156669,-0.123022
0.197231,0.156443,-0.125983
0.197723,0.158665,-0.127411
0.199878,0.157886,-0.129922
0.200728,0.157226,-0.130947
0.202743,0.158562,-0.132884
0.205228,0.157655,-0.136646
0.204492,0.157152,-0.137072
0.208207,0.158514,-0.142437
0.210001,0.160015,-0.151648
0.212206,0.160686,-0.169061
0.213671,0.160626,-0.172147
0.216004,0.159432,-0.173901
0.217474,0.160754,-0.181177
0.220102,0.160147,-0.182724
0.220362,0.160504,-0.185733
0.221924,0.162763,-0.188431
0.224039,0.162923,-0.189475
0.224788,0.160629,-0.193722
0.227275,0.162107,-0.197247
0.228427,0.162565,-0.204425
0.229707,0.162791,-0.213457
0.230282,0.163457,-0.221681
0.232520,0.163110,-0.229698
0.233546,0.162765,-0.236073
0.237280,0.162979,-0.242276
0.240741,0.163220,-0.251983
0.241858,0.164187,-0.260916
-0.042626,0.160903,-0.173156
-0.042817,0.160121,-0.163710
-0.041099,0.159596,-0.161630
-0.038971,0.161139,-0.159538
-0.036994,0.160419,-0.155270
-0.037032,0.161946,-0.155714
-0.032992,0.161247,-0.149660
-0.033006,0.157774,-0.151040
-0.030191,0.160547,-0.146085
-0.029525,0.160016,-0.148365
-0.029815,0.159629,-0.144705
-0.028092,0.159492,-0.145153
-0.027406,0.158707,-0.143008
-0.024738,0.159669,-0.140580
-0.023807,0.160268,-0.139345
-0.021350,0.159236,-0.139988
-0.020128,0.158216,-0.138642
-0.018071,0.159994,-0.137701
-0.014274,0.156622,-0.137528
-0.016109,0.158940,-0.134450
-0.014344,0.158395,-0.133998
-0.013453,0.159593,-0.134314
-0.011468,0.159079,-0.133626
-0.008938,0.159570,-0.131632
-0.007545,0.157815,-0.131312
-0.008241,0.159635,-0.131296
-0.006380,0.158784,-0.132557
-0.004313,0.158531,-0.130650
-0.000930,0.159281,-0.130076
-0.000286,0.157097,-0.130513
-0.000505,0.158782,-0.129829
0.002042,0.158486,-0.127798
0.002015,0.158675,-0.126374
0.002765,0.157961,-0.130292
0.005581,0.157547,-0.126627
0.007774,0.158325,-0.126541
0.010947,0.158429,-0.126684
0.008280,0.157899,-0.125973
0.009097,0.158035,-0.124392
0.014368,0.157954,-0.126616
0.014002,0.157993,-0.127490
0.014372,0.157621,-0.126118
0.015167,0.158064,-0.125924
0.017574,0.160718,-0.126210
0.016427,0.159461,-0.126425
0.019921,0.160406,-0.125201
0.022792,0.157965,-0.125814
0.024348,0.157592,-0.125221
0.023934,0.159687,-0.125699
0.027153,0.158548,-0.126549
0.026503,0.157004,-0.126505
0.032073,0.159153,-0.126653
0.028878,0.159196,-0.127609
0.033778,0.158932,-0.124090
0.031777,0.160108,-0.127103
0.033422,0.157193,-0.125995
0.035489,0.157385,-0.126167
0.038816,0.159170,-0.127975
0.038375,0.158133,-0.127150
0.039255,0.160321,-0.128238
0.041389,0.157201,-0.126870
0.043448,0.159481,-0.127218
0.045394,0.157064,-0.126840
0.046206,0.157620,-0.127431
0.047451,0.159551,-0.127032
0.046559,0.159403,-0.124895
0.050844,0.156117,-0.124953
0.050451,0.159396,-0.124130
0.052734,0.159727,-0.124391
0.053867,0.157992,-0.124697
0.056546,0.159768,-0.124442
0.058508,0.158600,-0.122221
0.058863,0.159568,-0.121808
0.058221,0.158339,-0.122981
0.060100,0.158627,-0.124213
0.060863,0.156674,-0.121597
0.062310,0.157864,-0.121225
0.064788,0.156999,-0.120021
0.067198,0.159007,-0.121026
0.068448,0.156838,-0.119110
0.067639,0.160391,-0.119048
0.071739,0.158329,-0.120442
0.073692,0.158827,-0.118424
0.072947,0.156615,-0.119958
0.074302,0.158390,-0.120726
0.076445,0.156912,-0.120387
0.076997,0.157966,-0.120997
0.078750,0.157891,-0.119100
0.080168,0.157860,-0.119462
0.081999,0.159046,-0.119484
0.084266,0.159367,-0.119418
0.083465,0.159478,-0.118109
0.086691,0.156726,-0.117296
0.089703,0.157426,-0.117447
0.089706,0.158231,-0.117684
0.091954,0.158190,-0.116793
0.090646,0.158367,-0.117573
0.092193,0.158006,-0.117742
0.094307,0.159046,-0.117275
0.095110,0.158138,-0.117515
0.096479,0.156491,-0.115519
0.098398,0.158028,-0.114650
0.098628,0.158771,-0.110527
0.100375,0.156679,-0.111237
0.102358,0.159598,-0.109572
0.103523,0.157452,-0.109974
0.105372,0.157193,-0.106304
0.107099,0.156276,-0.106779
0.108049,0.157773,-0.105830
0.107996,0.155920,-0.106435
0.110356,0.156265,-0.104041
0.112704,0.157466,-0.103868
0.111977,0.158678,-0.104062
0.114700,0.154840,-0.103541
0.114868,0.156539,-0.103624
0.118738,0.158948,-0.105025
0.118188,0.157680,-0.102627
0.120206,0.158657,-0.102120
0.122743,0.156350,-0.102623
0.122006,0.155530,-0.102423
0.125146,0.156413,-0.101523
0.125150,0.157386,-0.100540
0.127395,0.157756,-0.099283
0.126460,0.157618,-0.100735
0.130854,0.156843,-0.100915
0.131791,0.157593,-0.100721
0.130899,0.156588,-0.100168
0.133569,0.155642,-0.101500
0.136561,0.156849,-0.100209
0.134960,0.157766,-0.102484
0.138684,0.158527,-0.099532
0.140814,0.157302,-0.099644
0.140972,0.157683,-0.100014
0.141206,0.157766,-0.100686
0.141787,0.155681,-0.100300
0.144826,0.155824,-0.099949
0.145507,0.156131,-0.098913
0.146214,0.155583,-0.100030
0.148947,0.158948,-0.099953
0.148454,0.156133,-0.098797
0.154252,0.156428,-0.101575
0.154608,0.156785,-0.100902
0.154158,0.156220,-0.101998
0.155364,0.158344,-0.102315
0.155359,0.157958,-0.100895
0.158175,0.158473,-0.102894
0.160104,0.157307,-0.102909
0.160414,0.156646,-0.104219
0.162143,0.157042,-0.103433
0.163782,0.154961,-0.104784
0.164853,0.158598,-0.105387
0.167471,0.156702,-0.103979
0.167445,0.157790,-0.103993
0.167953,0.158320,-0.105831
0.171510,0.156497,-0.107547
0.173137,0.155932,-0.106593
0.174836,0.157461,-0.107923
0.175660,0.158179,-0.111118
0.178264,0.156319,-0.111804
0.177312,0.156608,-0.111150
0.179644,0.157595,-0.110927
0.181808,0.158395,-0.111501
0.182232,0.156491,-0.116153
0.183999,0.157789,-0.115896
0.185858,0.158056,-0.113836
0.186737,0.158368,-0.117245
0.189661,0.159089,-0.117915
0.191755,0.159710,-0.117598
0.192043,0.156758,-0.120236
0.193332,0.158924,-0.121276
0.194967,0.159918,-0.124267
0.195558,0.158481,-0.123560
0.197175,0.158151,-0.128016
0.197231,0.159622,-0.128952
0.200570,0.158851,-0.129171
0.201759,0.158760,-0.133894
0.202935,0.158516,-0.134734
0.205018,0.158752,-0.135411
0.206381,0.160034,-0.139449
0.207149,0.160774,-0.143657
0.211971,0.160816,-0.155112
0.210612,0.162297,-0.169069
0.213431,0.161799,-0.175466
0.214775,0.161730,-0.174714
0.216153,0.161476,-0.179389
0.217349,0.161192,-0.181448
0.219475,0.162494,-0.184360
0.221442,0.162059,-0.187854
0.223168,0.163289,-0.190105
0.225397,0.163299,-0.191533
0.225886,0.162151,-0.195785
0.227166,0.162741,-0.205955
0.231236,0.162022,-0.213290
0.232210,0.164192,-0.218910
0.234546,0.165105,-0.229295
0.233897,0.163828,-0.235717
0.239363,0.165021,-0.242242
0.238920,0.165359,-0.250991
0.241729,0.168091,-0.258633
-0.042735,0.161688,-0.170916
-0.041506,0.162842,-0.162295
-0.040334,0.161452,-0.159400
-0.037886,0.161799,-0.158444
-0.036339,0.163703,-0.155845
-0.033873,0.161656,-0.152421
-0.034266,0.161954,-0.153478
-0.032358,0.163088,-0.148434
-0.031485,0.161164,-0.148676
-0.030370,0.161492,-0.145501
-0.028950,0.161770,-0.146714
-0.027092,0.161406,-0.143456
-0.026742,0.161404,-0.144184
-0.024937,0.161083,-0.142447
-0.022968,0.159821,-0.141505
-0.021663,0.160699,-0.140172
-0.021028,0.161686,-0.139151
-0.019112,0.159757,-0.136994
-0.017189,0.160603,-0.137617
-0.016438,0.158811,-0.136211
-0.015205,0.159329,-0.135748
-0.013977,0.161053,-0.135056
-0.010646,0.159178,-0.132817
-0.010854,0.161809,-0.132687
-0.008973,0.160691,-0.131437
-0.007506,0.159618,-0.131429
-0.004336,0.159052,-0.133060
-0.006317,0.162266,-0.130665
-0.004186,0.160508,-0.129967
-0.001690,0.160861,-0.129139
-0.000017,0.160554,-0.129680
0.001673,0.162318,-0.127334
0.002611,0.160000,-0.128087
0.005468,0.159467,-0.126448
0.008648,0.159371,-0.127287
0.007150,0.162343,-0.127014
0.008972,0.159759,-0.126692
0.010667,0.157779,-0.125716
0.012137,0.159841,-0.125735
0.013289,0.160604,-0.126928
0.012380,0.159022,-0.126796
0.015645,0.160139,-0.125587
0.016943,0.159411,-0.125810
0.018625,0.160389,-0.125766
0.019197,0.157921,-0.126765
0.020703,0.159271,-0.125213
0.019056,0.159939,-0.127286
0.022934,0.160141,-0.125363
0.023836,0.157733,-0.127086
0.026028,0.159683,-0.123909
0.028454,0.159777,-0.124207
0.028037,0.160606,-0.125040
0.030389,0.160615,-0.127407
0.031775,0.159271,-0.126117
0.032186,0.159894,-0.125495
0.036181,0.160208,-0.125288
0.035892,0.161689,-0.126149
0.037617,0.159057,-0.126072
0.038923,0.159701,-0.125930
0.038567,0.160382,-0.129551
0.041183,0.158962,-0.127657
0.041973,0.161833,-0.127166
0.045938,0.160147,-0.126387
0.045238,0.162116,-0.125942
0.047839,0.160961,-0.126068
0.048674,0.159990,-0.125369
0.047997,0.158318,-0.125844
0.052191,0.160739,-0.124121
0.050916,0.159533,-0.123411
0.053549,0.159928,-0.125493
0.054969,0.159410,-0.124729
0.058511,0.159988,-0.123617
0.056774,0.161190,-0.123954
0.060804,0.160739,-0.122257
0.058899,0.158747,-0.122641
0.060308,0.161233,-0.122617
0.064667,0.161241,-0.122062
0.065922,0.159025,-0.123632
0.067309,0.158750,-0.122613
0.066850,0.158961,-0.122054
0.071341,0.161477,-0.121877
0.071459,0.159770,-0.121211
0.071077,0.158359,-0.121251
0.074612,0.157369,-0.122735
0.074837,0.159779,-0.119884
0.076047,0.159470,-0.122387
0.077141,0.161005,-0.120239
0.077742,0.160451,-0.120590
0.080748,0.160207,-0.119743
0.082377,0.160714,-0.118894
0.082638,0.161870,-0.120978
0.082565,0.158776,-0.121298
0.086028,0.159309,-0.119550
0.088168,0.160486,-0.117500
0.087857,0.158900,-0.118898
0.090219,0.159350,-0.118079
0.092565,0.159701,-0.116363
0.092770,0.159870,-0.117065
0.094559,0.160706,-0.116930
0.096108,0.159538,-0.116416
0.094352,0.159401,-0.114917
0.098536,0.159690,-0.114288
0.099859,0.158987,-0.112232
0.102079,0.158939,-0.110658
0.104135,0.159794,-0.110992
0.104674,0.159585,-0.108331
0.105352,0.159774,-0.108137
0.104478,0.161512,-0.106794
0.108230,0.157458,-0.106956
0.110698,0.158103,-0.105484
0.110174,0.159663,-0.104835
0.111839,0.158856,-0.104352
0.112706,0.158946,-0.104057
0.114954,0.159483,-0.103578
0.117078,0.158981,-0.103454
0.116074,0.158538,-0.103887
0.120343,0.157203,-0.102979
0.118632,0.158753,-0.101752
0.120728,0.157632,-0.102079
0.123330,0.158958,-0.100477
0.124171,0.160683,-0.101645
0.125523,0.160944,-0.100330
0.127684,0.157523,-0.101146
0.129137,0.157416,-0.099702
0.129806,0.158745,-0.101260
0.130746,0.157172,-0.100843
0.135201,0.157862,-0.099917
0.134392,0.157405,-0.101770
0.134975,0.158781,-0.101711
0.137174,0.158471,-0.101279
0.137221,0.159435,-0.097818
0.139515,0.158359,-0.100934
0.141445,0.156868,-0.099952
0.141687,0.160082,-0.098401
0.143508,0.159238,-0.101279
0.145961,0.158798,-0.101435
0.146258,0.159362,-0.098863
0.147868,0.157025,-0.099605
0.148557,0.157610,-0.101568
0.150496,0.158002,-0.100647
0.151326,0.158193,-0.100260
0.151935,0.159013,-0.101219
0.155179,0.160610,-0.101205
0.155736,0.158189,-0.102051
0.157108,0.158582,-0.103378
0.158242,0.156826,-0.103134
0.159897,0.157297,-0.103634
0.163414,0.158775,-0.102557
0.162591,0.157337,-0.102977
0.165945,0.155611,-0.104489
0.165852,0.158462,-0.104043
0.167650,0.158723,-0.105572
0.166405,0.159413,-0.105517
0.171897,0.160649,-0.108372
0.172520,0.159509,-0.107188
0.173263,0.158670,-0.109383
0.174873,0.159388,-0.109037
0.174170,0.158899,-0.110055
0.177266,0.158531,-0.108236
0.178605,0.159501,-0.111626
0.179953,0.160436,-0.111359
0.181261,0.159690,-0.111611
0.183610,0.158621,-0.113968
0.185701,0.159150,-0.115465
0.184572,0.159563,-0.116418
0.186346,0.159631,-0.115734
0.189064,0.158621,-0.116816
0.189324,0.161822,-0.117852
0.191857,0.158249,-0.122955
0.192211,0.161192,-0.123477
0.194839,0.159584,-0.122950
0.193408,0.160322,-0.124953
0.197207,0.160448,-0.127447
0.200742,0.160152,-0.129408
0.200060,0.160439,-0.131760
0.201710,0.163199,-0.132293
0.203058,0.159584,-0.132505
0.206290,0.161488,-0.133879
0.209035,0.160639,-0.137240
0.207407,0.160549,-0.142297
0.209069,0.163993,-0.150994
0.212996,0.164773,-0.170284
0.215112,0.162306,-0.172555
0.215422,0.162716,-0.172794
0.218391,0.163900,-0.178461
0.217520,0.166823,-0.179829
0.219632,0.164006,-0.183711
0.221824,0.164054,-0.184971
0.222436,0.164605,-0.190199
0.223731,0.163701,-0.191024
0.227146,0.164124,-0.195565
0.225407,0.165982,-0.201341
0.229396,0.167447,-0.211337
0.231938,0.167334,-0.218754
0.235821,0.167404,-0.225607
0.235820,0.166937,-0.234375
0.236301,0.166219,-0.242128
0.238155,0.167895,-0.249804
0.240135,0.167590,-0.259932
0.242275,0.167694,-0.267472
-0.046462,0.164194,-0.180295
-0.043464,0.165255,-0.169616
-0.039471,0.162715,-0.162679
-0.040016,0.163778,-0.159222
-0.038911,0.161944,-0.161229
-0.037783,0.163503,-0.154911
-0.035716,0.163347,-0.152805
-0.033076,0.165046,-0.150955
-0.032657,0.164328,-0.151285
-0.031105,0.162253,-0.149387
-0.031117,0.163849,-0.145551
-0.027752,0.160777,-0.148671
-0.027199,0.164287,-0.144289
-0.024039,0.161917,-0.143399
-0.023067,0.161035,-0.140186
-0.023344,0.162340,-0.141374
-0.021677,0.164005,-0.138205
-0.020135,0.164398,-0.137915
-0.017555,0.162262,-0.136553
-0.015363,0.161625,-0.135632
-0.017161,0.162563,-0.135543
-0.013899,0.162121,-0.135379
-0.012426,0.162157,-0.134048
-0.010873,0.161421,-0.133478
-0.009210,0.161918,-0.133254
-0.007683,0.160656,-0.132221
-0.006395,0.162233,-0.132780
-0.005914,0.161935,-0.131871
-0.004753,0.162802,-0.130967
-0.003019,0.160333,-0.128067
0.000078,0.161717,-0.129218
0.000091,0.160671,-0.127342
0.002575,0.162484,-0.128929
0.002489,0.161563,-0.128523
0.003654,0.161423,-0.127134
0.005663,0.162197,-0.127861
0.007418,0.160844,-0.127424
0.007981,0.161402,-0.127512
0.010455,0.161579,-0.127976
0.010861,0.162850,-0.124717
0.013281,0.162237,-0.125931
0.014029,0.158779,-0.126213
0.015973,0.162605,-0.125075
0.016526,0.160999,-0.125053
0.017937,0.161602,-0.123958
0.018902,0.161146,-0.125391
0.020955,0.162077,-0.125760
0.022521,0.163137,-0.125472
0.022802,0.162356,-0.125977
0.025573,0.161226,-0.124223
0.027613,0.162500,-0.125732
0.027505,0.161631,-0.123940
0.028837,0.161990,-0.124137
0.028909,0.162597,-0.126108
0.031473,0.160766,-0.124763
0.034123,0.160223,-0.126398
0.034520,0.162215,-0.126315
0.037270,0.162535,-0.125864
0.037399,0.161624,-0.128424
0.039080,0.161313,-0.126486
0.040130,0.162479,-0.128862
0.041364,0.162383,-0.127517
0.043389,0.161511,-0.126568
0.045472,0.160368,-0.129157
0.045693,0.160554,-0.126001
0.048329,0.160223,-0.126348
0.046697,0.162721,-0.127533
0.049448,0.161469,-0.125933
0.050645,0.161473,-0.124661
0.053395,0.162043,-0.125879
0.055060,0.161987,-0.124885
0.056387,0.162594,-0.125239
0.056879,0.160820,-0.125605
0.059131,0.161775,-0.124273
0.060359,0.159462,-0.124693
0.061065,0.162118,-0.124113
0.062965,0.161580,-0.122946
0.065095,0.159935,-0.124175
0.065398,0.161545,-0.121377
0.066983,0.161052,-0.123650
0.068488,0.161209,-0.121079
0.068834,0.160743,-0.123820
0.071127,0.161709,-0.122226
0.074164,0.160955,-0.121851
0.073064,0.161299,-0.120227
0.074422,0.161557,-0.120015
0.075359,0.160578,-0.119881
0.078300,0.160921,-0.124026
0.079062,0.162631,-0.121303
0.079123,0.163058,-0.122811
0.081098,0.161284,-0.122573
0.084979,0.161816,-0.121118
0.085388,0.160868,-0.121343
0.085040,0.161881,-0.119908
0.088363,0.160715,-0.116921
0.089348,0.161847,-0.117586
0.089394,0.160720,-0.116375
0.090837,0.161164,-0.118804
0.095218,0.160152,-0.116831
0.092510,0.161760,-0.115427
0.096903,0.159620,-0.116705
0.096505,0.161747,-0.116408
0.099397,0.160270,-0.110931
0.100832,0.161514,-0.110291
0.102352,0.160399,-0.111409
0.103599,0.159894,-0.109765
0.103860,0.159240,-0.106851
0.106186,0.160322,-0.107068
0.105350,0.161196,-0.106021
0.106369,0.161017,-0.103457
0.107503,0.159195,-0.106187
0.109800,0.160343,-0.103933
0.112227,0.161332,-0.104524
0.111691,0.158940,-0.103289
0.114023,0.159303,-0.103975
0.117651,0.160496,-0.101823
0.116116,0.163068,-0.102198
0.119574,0.159926,-0.102839
0.120072,0.160463,-0.101894
0.121767,0.162048,-0.102138
0.123061,0.160427,-0.101407
0.125712,0.161246,-0.104624
0.125973,0.159388,-0.100622
0.127725,0.159502,-0.101440
0.128727,0.161027,-0.101169
0.128910,0.159498,-0.101276
0.131681,0.158143,-0.101086
0.132857,0.159653,-0.100420
0.133702,0.159211,-0.102714
0.135434,0.159675,-0.099512
0.136771,0.159697,-0.100201
0.138382,0.158843,-0.100118
0.139689,0.159478,-0.101225
0.140111,0.158868,-0.100358
0.141463,0.159305,-0.102618
0.144397,0.160847,-0.100226
0.144386,0.160085,-0.101574
0.144915,0.159220,-0.101385
0.147168,0.160973,-0.100114
0.151401,0.160739,-0.102963
0.150522,0.160337,-0.102097
0.151328,0.159592,-0.103114
0.152906,0.159531,-0.101382
0.155307,0.160021,-0.103353
0.157348,0.160395,-0.101571
0.157482,0.159901,-0.104803
0.160267,0.160684,-0.105432
0.159260,0.160552,-0.103378
0.163058,0.160219,-0.103021
0.162876,0.159657,-0.105443
0.164684,0.160237,-0.104085
0.165336,0.161669,-0.105623
0.165480,0.160908,-0.108214
0.169286,0.162496,-0.106888
0.169303,0.161025,-0.109163
0.170104,0.159823,-0.109523
0.173294,0.161342,-0.111227
0.173942,0.159975,-0.111153
0.174619,0.161070,-0.110320
0.175886,0.159531,-0.111086
0.175829,0.161636,-0.111804
0.180582,0.160179,-0.113338
0.181459,0.160355,-0.113684
0.183289,0.162522,-0.114184
0.185000,0.162566,-0.117875
0.187430,0.161905,-0.116826
0.186853,0.160354,-0.115324
0.191082,0.163530,-0.119845
0.189490,0.161446,-0.120313
0.190613,0.163294,-0.121838
0.189712,0.162966,-0.122956
0.193797,0.162341,-0.123302
0.196437,0.162629,-0.126740
0.198457,0.160636,-0.126675
0.198623,0.161583,-0.129782
0.200042,0.162074,-0.130251
0.201401,0.159596,-0.130541
0.203890,0.160447,-0.134523
0.205060,0.161587,-0.135925
0.206317,0.162321,-0.137123
0.207313,0.163753,-0.144149
0.210533,0.163246,-0.151178
0.211949,0.163485,-0.166768
0.214205,0.165897,-0.171115
0.215499,0.165430,-0.172079
0.216742,0.165823,-0.178114
0.217269,0.165175,-0.179490
0.219845,0.165782,-0.183697
0.221844,0.165233,-0.186908
0.223898,0.167335,-0.189836
0.223477,0.166478,-0.192040
0.226105,0.166778,-0.193275
0.227386,0.166393,-0.201321
0.229437,0.167911,-0.208870
0.231131,0.167672,-0.217780
0.232631,0.166535,-0.225136
0.234499,0.168999,-0.232927
0.237095,0.167443,-0.242073
0.238370,0.168812,-0.249826
0.240818,0.169985,-0.256505
0.244093,0.171565,-0.265770
-0.043855,0.166431,-0.176683
-0.043863,0.165640,-0.168936
-0.041039,0.163848,-0.161577
-0.038422,0.167574,-0.158236
-0.038751,0.165666,-0.158317
-0.036715,0.164807,-0.155114
-0.036158,0.165780,-0.153046
-0.035422,0.166312,-0.151562
-0.030778,0.165668,-0.150735
-0.033291,0.165193,-0.147583
-0.028710,0.164425,-0.147610
-0.027797,0.164150,-0.144445
-0.025077,0.164521,-0.144998
-0.025243,0.163334,-0.143393
-0.024948,0.164652,-0.142197
-0.021235,0.163941,-0.141946
-0.021896,0.162267,-0.139098
-0.020213,0.162635,-0.138057
-0.019408,0.162061,-0.137704
-0.015545,0.162720,-0.134905
-0.015727,0.164434,-0.135059
-0.014189,0.163438,-0.133295
-0.013057,0.161917,-0.134652
-0.011483,0.162611,-0.133583
-0.008740,0.163527,-0.133292
-0.007904,0.164139,-0.132468
-0.006934,0.163886,-0.130405
-0.004701,0.163143,-0.131604
-0.003757,0.163904,-0.132384
-0.003766,0.163367,-0.128256
-0.003200,0.163353,-0.131737
0.001442,0.164402,-0.128489
0.002164,0.163915,-0.128167
0.002569,0.162305,-0.127166
0.002857,0.160991,-0.126060
0.006466,0.164013,-0.125505
0.007153,0.164349,-0.126315
0.009880,0.165378,-0.126847
0.010857,0.163272,-0.125253
0.013386,0.162833,-0.124184
0.012657,0.164179,-0.126909
0.013371,0.164732,-0.126582
0.014683,0.161320,-0.125941
0.017466,0.164754,-0.125461
0.017418,0.162761,-0.125944
0.018812,0.164932,-0.126098
0.020051,0.164459,-0.126611
0.022437,0.162858,-0.126815
0.023326,0.165490,-0.124214
0.024872,0.162961,-0.126270
0.026469,0.165526,-0.124264
0.027259,0.163874,-0.126208
0.026855,0.162087,-0.124195
0.029863,0.163292,-0.125977
0.032113,0.164046,-0.126681
0.032351,0.163436,-0.124973
0.033738,0.162638,-0.126579
0.035835,0.165403,-0.125934
0.037365,0.161133,-0.128866
0.040022,0.164051,-0.126497
0.040599,0.162755,-0.127205
0.040554,0.161475,-0.127068
0.044683,0.162906,-0.125899
0.043476,0.163592,-0.129027
0.047833,0.163972,-0.126955
0.045331,0.164672,-0.127481
0.049738,0.164837,-0.126999
0.050321,0.162222,-0.126002
0.052108,0.163428,-0.126110
0.053470,0.161363,-0.127250
0.053523,0.163115,-0.125125
0.056749,0.163971,-0.125162
0.056246,0.162714,-0.124954
0.058291,0.164553,-0.124337
0.059430,0.162814,-0.125657
0.059089,0.164743,-0.124886
0.062274,0.163336,-0.123296
0.064772,0.161480,-0.124065
0.066471,0.163460,-0.125201
0.065237,0.163802,-0.122860
0.067802,0.162919,-0.123211
0.069480,0.163737,-0.122033
0.069489,0.162012,-0.122267
0.071254,0.164595,-0.123060
0.074746,0.163537,-0.122807
0.075600,0.162163,-0.122266
0.074153,0.161698,-0.123037
0.076337,0.161931,-0.122663
0.079251,0.163726,-0.121983
0.081321,0.162723,-0.120343
0.082250,0.163626,-0.121197
0.083943,0.162050,-0.121345
0.085996,0.162177,-0.119649
0.084723,0.160650,-0.119190
0.088678,0.163636,-0.119711
0.087583,0.162142,-0.119186
0.090143,0.161150,-0.122007
0.091152,0.163844,-0.119150
0.092801,0.162493,-0.117725
0.095032,0.163663,-0.117624
0.096390,0.161444,-0.117261
0.097259,0.161547,-0.115752
0.097245,0.160989,-0.113908
0.099330,0.160393,-0.110842
0.101576,0.162352,-0.111628
0.103276,0.160089,-0.110062
0.105418,0.162273,-0.109188
0.104855,0.161713,-0.108704
0.104874,0.161686,-0.105687
0.106077,0.160238,-0.104311
0.110916,0.162500,-0.105118
0.111318,0.161198,-0.104306
0.111153,0.162900,-0.104639
0.112644,0.162611,-0.106691
0.116317,0.161706,-0.104114
0.115370,0.162459,-0.104361
0.119291,0.161013,-0.104339
0.117534,0.160302,-0.104080
0.119585,0.161151,-0.104102
0.122994,0.160649,-0.103794
0.123228,0.162388,-0.101711
0.124814,0.162099,-0.102430
0.127618,0.161934,-0.101396
0.126190,0.161666,-0.101564
0.130336,0.162640,-0.101947
0.130866,0.163563,-0.100166
0.130398,0.163130,-0.101175
0.132708,0.160937,-0.100457
0.136314,0.162268,-0.100051
0.134103,0.161380,-0.102515
0.136440,0.160534,-0.101630
0.137890,0.162220,-0.101700
0.141602,0.163116,-0.100775
0.139193,0.162499,-0.101511
0.140884,0.160894,-0.100876
0.144486,0.162873,-0.100354
0.145079,0.162960,-0.101907
0.147027,0.161435,-0.102058
0.147289,0.164702,-0.102324
0.149958,0.162705,-0.103577
0.150474,0.162337,-0.101818
0.152933,0.161335,-0.102252
0.154655,0.162031,-0.101197
0.154970,0.161500,-0.104611
0.157348,0.162471,-0.104088
0.157273,0.162736,-0.103384
0.158825,0.160673,-0.103936
0.160647,0.160946,-0.106450
0.164267,0.160748,-0.107366
0.161643,0.161224,-0.107936
0.163865,0.162853,-0.105312
0.166411,0.160900,-0.105976
0.167402,0.161955,-0.107594
0.167954,0.161172,-0.108968
0.170933,0.162850,-0.108637
0.170554,0.163529,-0.108568
0.171555,0.163568,-0.109662
0.173514,0.160814,-0.109337
0.176505,0.164631,-0.112732
0.174847,0.161687,-0.111207
0.179607,0.162337,-0.112640
0.181672,0.162139,-0.114408
0.180913,0.162230,-0.114198
0.182742,0.161037,-0.114095
0.184113,0.162621,-0.115612
0.183873,0.163681,-0.117149
0.186256,0.163425,-0.118985
0.188941,0.162814,-0.119764
0.190024,0.162436,-0.123320
0.192807,0.163739,-0.122624
0.193146,0.163459,-0.127765
0.194770,0.163097,-0.125296
0.196965,0.164420,-0.125492
0.196696,0.162294,-0.128032
0.198501,0.164424,-0.128779
0.200790,0.166329,-0.131808
0.202177,0.163765,-0.132409
0.204038,0.162507,-0.134641
0.206870,0.162901,-0.136485
0.206442,0.163571,-0.141243
0.207162,0.165475,-0.144040
0.209826,0.163287,-0.153356
0.212507,0.165033,-0.168875
0.213252,0.165947,-0.170430
0.216455,0.166428,-0.173008
0.216401,0.166556,-0.176984
0.218460,0.167996,-0.181298
0.219194,0.166766,-0.183551
0.221557,0.167069,-0.185852
0.222780,0.169885,-0.188626
0.222983,0.166680,-0.190472
0.227239,0.168403,-0.191671
0.227224,0.168738,-0.199916
0.229758,0.168847,-0.207149
0.231565,0.169742,-0.215067
0.234020,0.168806,-0.223848
0.236714,0.170326,-0.231421
0.236349,0.169785,-0.240808
0.238500,0.172223,-0.246440
0.242075,0.171378,-0.257406
0.244407,0.170516,-0.262935
-0.045897,0.168199,-0.175810
-0.044389,0.166069,-0.169060
-0.041406,0.167865,-0.161618
-0.040460,0.166874,-0.160675
-0.039728,0.168096,-0.157302
-0.038042,0.167267,-0.155721
-0.034627,0.165447,-0.153854
-0.035279,0.168597,-0.149458
-0.033264,0.166571,-0.150119
-0.031934,0.167116,-0.146885
-0.029881,0.166326,-0.146946
-0.029293,0.166085,-0.145222
-0.025842,0.165559,-0.144610
-0.024570,0.163969,-0.141851
-0.023522,0.167788,-0.142893
-0.022602,0.165470,-0.141014
-0.021453,0.164081,-0.139222
-0.018987,0.166762,-0.137647
-0.017624,0.164777,-0.137486
-0.017846,0.167032,-0.138470
-0.014776,0.167392,-0.135631
-0.014616,0.165541,-0.135093
-0.010926,0.166263,-0.135463
-0.011665,0.164729,-0.133360
-0.009269,0.166186,-0.132486
-0.008828,0.164318,-0.131664
-0.006720,0.165686,-0.131242
-0.005134,0.164436,-0.131444
-0.003782,0.164163,-0.129113
-0.002111,0.164027,-0.129047
-0.002734,0.164492,-0.129017
-0.000053,0.165362,-0.128656
0.000474,0.165878,-0.126671
0.001421,0.162928,-0.126956
0.005013,0.167886,-0.127297
0.005790,0.166472,-0.128265
0.007679,0.165324,-0.127667
0.007622,0.164599,-0.125466
0.009531,0.164383,-0.125709
0.010373,0.164728,-0.125863
0.011248,0.164672,-0.125019
0.011238,0.164904,-0.126132
0.016219,0.163755,-0.123397
0.014315,0.163978,-0.125449
0.017047,0.164909,-0.124932
0.020390,0.164475,-0.126896
0.021182,0.163535,-0.123972
0.023678,0.165564,-0.124735
0.023305,0.163111,-0.124207
0.025134,0.164799,-0.124518
0.026750,0.165490,-0.124608
0.027621,0.165195,-0.124980
0.026737,0.166529,-0.126076
0.029462,0.165280,-0.123769
0.034317,0.163482,-0.124459
0.032732,0.164554,-0.123791
0.034677,0.165790,-0.124620
0.035589,0.166635,-0.126903
0.036987,0.165185,-0.126312
0.040457,0.164969,-0.126762
0.039929,0.163402,-0.129040
0.041619,0.163881,-0.128295
0.041491,0.163552,-0.127562
0.045735,0.165242,-0.126984
0.046145,0.164149,-0.127312
0.048461,0.166380,-0.127963
0.048250,0.164956,-0.127279
0.050562,0.162896,-0.126419
0.049254,0.164112,-0.124843
0.052501,0.164211,-0.127500
0.054204,0.164876,-0.127586
0.056038,0.165221,-0.124850
0.056604,0.167032,-0.126760
0.056383,0.164830,-0.125253
0.060344,0.163426,-0.125664
0.060620,0.164244,-0.124245
0.062539,0.164865,-0.124526
0.067064,0.165034,-0.123590
0.066663,0.165855,-0.124026
0.067814,0.163667,-0.123609
0.067700,0.164704,-0.123903
0.067977,0.165293,-0.123888
0.069757,0.164067,-0.122484
0.072288,0.163935,-0.121715
0.072992,0.163228,-0.121997
0.075543,0.164242,-0.120782
0.076859,0.165599,-0.122024
0.078149,0.162993,-0.122427
0.079261,0.165885,-0.121350
0.080712,0.164156,-0.122664
0.081035,0.164790,-0.120762
0.082794,0.164348,-0.121535
0.082172,0.164808,-0.120373
0.086458,0.164499,-0.122110
0.087227,0.164560,-0.120838
0.088143,0.165180,-0.121209
0.090641,0.163659,-0.118118
0.090727,0.165597,-0.118553
0.092651,0.166099,-0.119405
0.094221,0.165757,-0.116278
0.096065,0.164315,-0.119403
0.096398,0.165255,-0.117277
0.097540,0.162803,-0.113586
0.099595,0.164415,-0.113473
0.100521,0.161824,-0.112242
0.101622,0.164758,-0.112599
0.103182,0.165319,-0.109486
0.103161,0.163776,-0.110086
0.106245,0.163555,-0.107262
0.108987,0.163052,-0.107599
0.109862,0.164861,-0.108276
0.112194,0.163624,-0.104691
0.112809,0.163823,-0.105474
0.112195,0.163091,-0.105455
0.114981,0.162868,-0.103113
0.116215,0.163871,-0.104251
0.117152,0.162573,-0.105737
0.118150,0.163725,-0.103762
0.120813,0.162968,-0.104880
0.122103,0.163704,-0.102284
0.124844,0.163681,-0.102520
0.125920,0.162005,-0.102035
0.125269,0.163243,-0.102393
0.127753,0.162346,-0.102034
0.128591,0.163884,-0.103568
0.129028,0.163924,-0.100778
0.130668,0.163376,-0.101697
0.134252,0.164644,-0.101115
0.133970,0.162648,-0.103644
0.135317,0.163056,-0.100760
0.138121,0.163138,-0.102691
0.138051,0.162993,-0.102405
0.140502,0.163160,-0.102211
0.140644,0.166088,-0.102780
0.142419,0.163774,-0.101140
0.142871,0.161802,-0.102098
0.143244,0.163450,-0.104004
0.145294,0.163067,-0.103657
0.147871,0.162717,-0.102598
0.149270,0.160450,-0.103711
0.148220,0.162115,-0.103977
0.150932,0.164184,-0.102856
0.152703,0.164468,-0.103440
0.152360,0.162833,-0.105494
0.154735,0.161744,-0.104222
0.156695,0.165372,-0.101169
0.159321,0.163677,-0.103440
0.159419,0.164189,-0.102798
0.161561,0.165560,-0.106469
0.165146,0.164202,-0.106067
0.164201,0.163590,-0.107504
0.166822,0.165266,-0.106927
0.166232,0.163940,-0.108317
0.167819,0.163666,-0.108056
0.170407,0.163401,-0.109421
0.172128,0.163209,-0.110837
0.173192,0.163817,-0.110590
0.173041,0.161281,-0.108386
0.175522,0.164588,-0.111797
0.174772,0.164858,-0.112700
0.177612,0.163050,-0.113920
0.179082,0.164352,-0.113472
0.182419,0.163291,-0.115494
0.182811,0.163883,-0.117037
0.183594,0.163412,-0.115799
0.186017,0.162807,-0.118576
0.186807,0.164771,-0.116592
0.187957,0.165183,-0.122511
0.189597,0.165761,-0.120929
0.193050,0.165992,-0.123594
0.195229,0.166130,-0.125147
0.194047,0.166024,-0.126129
0.197334,0.162316,-0.128802
0.197499,0.165070,-0.127861
0.199924,0.165993,-0.128103
0.199046,0.164508,-0.131349
0.203598,0.164970,-0.133820
0.203487,0.164528,-0.134617
0.204822,0.166397,-0.138401
0.207430,0.165648,-0.140583
0.207117,0.166761,-0.143892
0.208557,0.166999,-0.152564
0.211675,0.167364,-0.162443
0.215153,0.168693,-0.169330
0.214862,0.168927,-0.172677
0.217411,0.168593,-0.176443
0.219277,0.167444,-0.177847
0.219852,0.168096,-0.181596
0.221253,0.168247,-0.184721
0.221668,0.170058,-0.188148
0.223817,0.167566,-0.188744
0.225972,0.169874,-0.194765
0.227115,0.170197,-0.200278
0.229250,0.169172,-0.205101
0.230750,0.169725,-0.214035
0.233687,0.169200,-0.221563
0.235447,0.172503,-0.231771
0.235993,0.172205,-0.239511
0.237885,0.170748,-0.246284
0.240018,0.173655,-0.255055
0.241384,0.173876,-0.262912
0.246240,0.176317,-0.270453
-0.046059,0.168581,-0.174238
-0.042133,0.170810,-0.168852
-0.040943,0.168108,-0.162731
-0.041103,0.169539,-0.159356
-0.038874,0.169180,-0.158821
-0.035860,0.170437,-0.156587
-0.032966,0.168968,-0.152772
-0.036019,0.168308,-0.151032
-0.031884,0.168431,-0.149820
-0.031092,0.166484,-0.147102
-0.029257,0.166765,-0.145996
-0.028804,0.167707,-0.144146
-0.026790,0.167611,-0.143769
-0.025850,0.169664,-0.144909
-0.023840,0.169591,-0.142732
-0.021280,0.166855,-0.140802
-0.021280,0.166201,-0.138778
-0.019109,0.169426,-0.139257
-0.017554,0.165037,-0.136994
-0.016644,0.167271,-0.137115
-0.016729,0.167314,-0.135237
-0.014975,0.168383,-0.135145
-0.011809,0.166491,-0.135862
-0.011824,0.167959,-0.132795
-0.009128,0.166308,-0.134313
-0.008073,0.168450,-0.131440
-0.006442,0.168650,-0.130761
-0.006307,0.166439,-0.132462
-0.003448,0.165998,-0.130288
-0.002636,0.165238,-0.132028
-0.001412,0.166588,-0.128873
0.000884,0.166868,-0.128788
0.001010,0.167685,-0.127323
0.001876,0.164584,-0.127802
0.005312,0.166285,-0.126915
0.005605,0.165193,-0.127992
0.007211,0.166415,-0.126808
0.006251,0.165763,-0.124908
0.009379,0.166619,-0.127190
0.011810,0.167258,-0.127411
0.012072,0.166242,-0.125954
0.012346,0.164396,-0.124635
0.015232,0.167596,-0.124760
0.018254,0.166761,-0.126555
0.018314,0.165830,-0.123156
0.018251,0.164966,-0.124706
0.022240,0.168444,-0.124716
0.022726,0.165942,-0.125190
0.023993,0.166872,-0.125728
0.024164,0.168578,-0.124831
0.025881,0.166298,-0.123055
0.027791,0.165794,-0.126229
0.029533,0.164062,-0.123405
0.030873,0.166414,-0.125936
0.033503,0.165299,-0.127177
0.033440,0.167379,-0.127113
0.034655,0.166147,-0.125916
0.036876,0.166756,-0.126335
0.037904,0.165200,-0.123983
0.039829,0.168973,-0.126669
0.040544,0.166119,-0.128839
0.040920,0.164798,-0.128028
0.043642,0.166595,-0.127922
0.044171,0.167343,-0.127258
0.045284,0.166666,-0.126687
0.047793,0.167264,-0.125144
0.048065,0.168349,-0.127763
0.050631,0.165792,-0.127167
0.052253,0.164762,-0.127917
0.051978,0.163965,-0.128546
0.052545,0.167093,-0.127096
0.054719,0.167178,-0.127857
0.057749,0.166564,-0.126371
0.058532,0.166756,-0.126551
0.058114,0.166657,-0.126412
0.060171,0.167034,-0.125036
0.063624,0.166369,-0.127613
0.065373,0.167718,-0.125482
0.064782,0.164189,-0.126198
0.065094,0.167177,-0.123939
0.068712,0.168674,-0.123871
0.068116,0.165648,-0.123371
0.068938,0.165877,-0.123919
0.073741,0.167664,-0.123321
0.074407,0.166049,-0.124052
0.074343,0.167358,-0.122918
0.075666,0.168558,-0.123128
0.077805,0.165658,-0.123667
0.079674,0.166597,-0.125152
0.081497,0.166676,-0.123565
0.081283,0.165457,-0.122082
0.085286,0.166891,-0.123857
0.083804,0.166750,-0.122006
0.084295,0.167578,-0.121096
0.087254,0.164712,-0.121048
0.090140,0.165658,-0.120195
0.091570,0.165465,-0.118163
0.091624,0.165639,-0.118410
0.092623,0.165526,-0.120435
0.094643,0.166303,-0.118546
0.095727,0.165307,-0.117878
0.098084,0.164986,-0.115929
0.098319,0.165172,-0.114665
0.100178,0.166848,-0.113694
0.101455,0.165863,-0.112517
0.102694,0.166672,-0.110902
0.102426,0.165834,-0.110142
0.106112,0.164721,-0.109608
0.106106,0.164721,-0.107201
0.107650,0.165125,-0.108733
0.109057,0.164208,-0.106418
0.110566,0.165500,-0.107255
0.113213,0.164258,-0.106114
0.114515,0.164262,-0.104982
0.112731,0.164994,-0.104846
0.116321,0.165379,-0.103689
0.117801,0.165195,-0.104231
0.118419,0.164261,-0.103841
0.121262,0.165367,-0.104403
0.121006,0.162857,-0.104515
0.122366,0.164475,-0.103581
0.123689,0.166173,-0.104123
0.126516,0.163170,-0.104220
0.125621,0.166157,-0.101657
0.129315,0.165487,-0.102638
0.128606,0.163778,-0.100339
0.132055,0.163124,-0.102899
0.132048,0.163947,-0.101731
0.133000,0.163629,-0.103621
0.135320,0.165746,-0.101022
0.136748,0.166667,-0.103568
0.139419,0.163825,-0.104137
0.139552,0.162841,-0.102993
0.140644,0.165614,-0.100951
0.141094,0.164873,-0.101366
0.143136,0.163917,-0.103611
0.144700,0.163844,-0.102804
0.146783,0.164253,-0.104545
0.148940,0.165332,-0.102626
0.150828,0.166613,-0.101579
0.150072,0.164426,-0.103584
0.150936,0.165905,-0.103271
0.153057,0.165180,-0.104214
0.155664,0.164073,-0.104704
0.155060,0.164206,-0.105635
0.158213,0.164713,-0.104355
0.157556,0.165445,-0.106223
0.158986,0.164416,-0.104887
0.162219,0.166007,-0.104039
0.163796,0.164753,-0.106627
0.163344,0.164884,-0.107449
0.167096,0.166781,-0.108167
0.168259,0.162881,-0.108112
0.167830,0.165472,-0.105363
0.171321,0.166697,-0.109443
0.173270,0.165803,-0.109411
0.173263,0.164207,-0.110298
0.174678,0.166504,-0.113731
0.174863,0.165098,-0.111943
0.177399,0.166439,-0.113375
0.178432,0.166054,-0.114863
0.181475,0.166012,-0.115153
0.180841,0.165769,-0.114191
0.182582,0.164723,-0.116537
0.182841,0.167337,-0.117367
0.186968,0.164478,-0.120401
0.188446,0.165395,-0.120108
0.187747,0.165848,-0.120768
0.191306,0.169520,-0.123661
0.190709,0.166212,-0.124703
0.193712,0.165935,-0.125206
0.194398,0.166720,-0.128004
0.194703,0.166426,-0.126903
0.196931,0.165512,-0.129099
0.198040,0.166052,-0.130053
0.200586,0.167053,-0.131934
0.201278,0.167256,-0.132288
0.203876,0.167402,-0.136300
0.205415,0.167665,-0.139341
0.207467,0.168516,-0.140803
0.207633,0.167372,-0.145690
0.209210,0.168283,-0.154264
0.212207,0.167680,-0.164794
0.212525,0.169898,-0.169657
0.214998,0.170942,-0.171962
0.216047,0.168666,-0.175138
0.218074,0.170993,-0.178938
0.220306,0.170029,-0.182573
0.220870,0.168849,-0.183980
0.223603,0.169589,-0.189230
0.226790,0.169618,-0.191313
0.226110,0.170753,-0.191563
0.226934,0.170851,-0.198967
0.229812,0.171369,-0.206615
0.231833,0.172292,-0.212634
0.234054,0.172355,-0.220779
0.233693,0.175365,-0.228720
0.237319,0.174354,-0.237891
0.238420,0.174881,-0.246788
0.241567,0.174582,-0.252850
0.242579,0.175873,-0.262711
0.244829,0.176543,-0.270386
-0.043901,0.172654,-0.173557
-0.043169,0.170208,-0.169079
-0.041782,0.169837,-0.163008
-0.041654,0.169092,-0.159691
-0.039533,0.170623,-0.159119
-0.038191,0.170294,-0.154501
-0.038445,0.171076,-0.154126
-0.035696,0.170516,-0.153123
-0.030960,0.169875,-0.150585
-0.032692,0.169697,-0.148176
-0.028768,0.171143,-0.147176
-0.028995,0.168283,-0.146006
-0.026755,0.167624,-0.143510
-0.026275,0.167204,-0.144808
-0.023644,0.168367,-0.142314
-0.019712,0.169487,-0.142822
-0.020266,0.167855,-0.140554
-0.020407,0.169747,-0.137709
-0.018676,0.168391,-0.138274
-0.016112,0.169622,-0.136775
-0.015157,0.169278,-0.136981
-0.014950,0.169182,-0.134886
-0.011731,0.167854,-0.131694
-0.012661,0.167696,-0.134829
-0.009889,0.167825,-0.133234
-0.009248,0.168217,-0.132457
-0.007216,0.168423,-0.131507
-0.005228,0.167296,-0.131451
-0.003600,0.168477,-0.131995
-0.003556,0.167164,-0.132164
-0.000734,0.167926,-0.130261
0.000669,0.167836,-0.127560
0.000253,0.170068,-0.127674
0.002351,0.167819,-0.129937
0.002934,0.167016,-0.127052
0.005550,0.168453,-0.127827
0.006210,0.168535,-0.127778
0.007954,0.167854,-0.127482
0.009750,0.168508,-0.128036
0.010245,0.166256,-0.126934
0.011843,0.167703,-0.126419
0.013984,0.168156,-0.125647
0.014379,0.168169,-0.126381
0.017231,0.167408,-0.124762
0.019215,0.167216,-0.126371
0.019970,0.168594,-0.124626
0.021281,0.168532,-0.124777
0.020915,0.168099,-0.124947
0.023012,0.168407,-0.124666
0.024987,0.165438,-0.125243
0.024768,0.167592,-0.124148
0.028220,0.169557,-0.123429
0.029862,0.167274,-0.124032
0.030760,0.168526,-0.124265
0.031520,0.166665,-0.125268
0.033138,0.167581,-0.124405
0.034265,0.168241,-0.126401
0.034958,0.167938,-0.123717
0.037208,0.168501,-0.125259
0.038902,0.167219,-0.127436
0.038527,0.168602,-0.127716
0.041281,0.167963,-0.128358
0.042685,0.166981,-0.127524
0.045184,0.167072,-0.127944
0.045030,0.168987,-0.128571
0.046402,0.168302,-0.127438
0.048562,0.167486,-0.127014
0.050334,0.169893,-0.128759
0.051207,0.168418,-0.127063
0.053572,0.169164,-0.127742
0.054088,0.167878,-0.127174
0.055261,0.169161,-0.128800
0.057375,0.168195,-0.127115
0.058103,0.167250,-0.126775
0.061018,0.168456,-0.127373
0.061272,0.166396,-0.126335
0.061121,0.166631,-0.125672
0.064496,0.168055,-0.124826
0.066428,0.167107,-0.124877
0.069050,0.166902,-0.125894
0.067559,0.168247,-0.127535
0.068451,0.166196,-0.124551
0.069147,0.168129,-0.125434
0.070396,0.166892,-0.123910
0.073160,0.166884,-0.123302
0.073122,0.168048,-0.123675
0.075758,0.168480,-0.125037
0.076756,0.169853,-0.124539
0.078699,0.168405,-0.121532
0.080373,0.166640,-0.123697
0.080169,0.168748,-0.122348
0.082961,0.168086,-0.122452
0.084655,0.168480,-0.121619
0.085665,0.169665,-0.122861
0.087729,0.167088,-0.120241
0.088182,0.168723,-0.121185
0.091037,0.166997,-0.117109
0.089916,0.167655,-0.119189
0.092923,0.166144,-0.117451
0.094636,0.165886,-0.119741
0.095813,0.167677,-0.116300
0.099119,0.168825,-0.114801
0.099672,0.166309,-0.115655
0.100186,0.168169,-0.114528
0.101409,0.168250,-0.110594
0.103243,0.166937,-0.109325
0.103096,0.166238,-0.111453
0.105113,0.166979,-0.109992
0.104876,0.167530,-0.109435
0.106155,0.167509,-0.109157
0.109260,0.167381,-0.107653
0.111681,0.167319,-0.106898
0.111091,0.167861,-0.105677
0.112200,0.166831,-0.105779
0.113904,0.168326,-0.105914
0.115727,0.164973,-0.106487
0.116955,0.166180,-0.103346
0.118379,0.166778,-0.103958
0.119472,0.165959,-0.104248
0.123061,0.166653,-0.104114
0.123849,0.165877,-0.103119
0.127014,0.165532,-0.101957
0.124763,0.166932,-0.103461
0.127792,0.165412,-0.103269
0.128684,0.167853,-0.104348
0.129693,0.166182,-0.103410
0.132024,0.164838,-0.101218
0.132146,0.165614,-0.104104
0.133443,0.165246,-0.102846
0.135399,0.169576,-0.103677
0.137479,0.167158,-0.103644
0.139249,0.166391,-0.102204
0.139955,0.165366,-0.103825
0.141451,0.167494,-0.102847
0.143213,0.169460,-0.103769
0.144157,0.167913,-0.104060
0.146437,0.166684,-0.102573
0.147430,0.164282,-0.103312
0.145791,0.167590,-0.103956
0.149158,0.167599,-0.103467
0.152069,0.168413,-0.102201
0.151174,0.165475,-0.103173
0.152920,0.167958,-0.104871
0.154671,0.167788,-0.105111
0.157128,0.165852,-0.104078
0.158366,0.165161,-0.104148
0.158732,0.167483,-0.105281
0.161766,0.168520,-0.105126
0.160916,0.166074,-0.105372
0.163466,0.166472,-0.105751
0.166734,0.166349,-0.107508
0.165547,0.164539,-0.108216
0.167228,0.165643,-0.108525
0.169491,0.165856,-0.108278
0.171110,0.165994,-0.109615
0.169663,0.166728,-0.107136
0.173959,0.167765,-0.110669
0.175336,0.167308,-0.110174
0.175433,0.167890,-0.111907
0.177033,0.165931,-0.113953
0.178331,0.167433,-0.114984
0.180550,0.166782,-0.114517
0.181654,0.167495,-0.117457
0.181628,0.165051,-0.115556
0.184348,0.167577,-0.120272
0.185876,0.168369,-0.118355
0.186800,0.166133,-0.120475
0.188586,0.168092,-0.124268
0.190549,0.166303,-0.124487
0.191219,0.167489,-0.124564
0.193176,0.169264,-0.125391
0.192046,0.168934,-0.128005
0.195057,0.167840,-0.127197
0.197202,0.168959,-0.128227
0.199117,0.169477,-0.131932
0.199916,0.169234,-0.135493
0.201025,0.167811,-0.136012
0.203683,0.169875,-0.136092
0.205124,0.169238,-0.140602
0.206380,0.168713,-0.143940
0.208106,0.171437,-0.147401
0.208348,0.169580,-0.154284
0.211246,0.169921,-0.163110
0.213650,0.171515,-0.169019
0.214129,0.171874,-0.172755
0.216183,0.171735,-0.176210
0.217122,0.172117,-0.178652
0.221000,0.170035,-0.180618
0.218775,0.173375,-0.185025
0.223221,0.171758,-0.187079
0.225691,0.171852,-0.190099
0.225612,0.173392,-0.191448
0.227775,0.172938,-0.197845
0.228854,0.173312,-0.206103
0.231590,0.173251,-0.211981
0.232998,0.174028,-0.220008
0.234607,0.175312,-0.227975
0.237676,0.175229,-0.237343
0.238831,0.174365,-0.244398
0.240558,0.178262,-0.252280
0.242563,0.178184,-0.260439
0.245502,0.177465,-0.267601
-0.045675,0.172844,-0.172025
-0.042936,0.173389,-0.167026
-0.041269,0.172528,-0.162520
-0.039844,0.169459,-0.160459
-0.040229,0.171892,-0.158704
-0.035695,0.171438,-0.155970
-0.037579,0.171679,-0.154050
-0.035119,0.170305,-0.151892
-0.033027,0.169503,-0.151593
-0.033214,0.172462,-0.148178
-0.029068,0.171773,-0.147913
-0.027824,0.171186,-0.144720
-0.027353,0.170010,-0.145031
-0.023993,0.170690,-0.144949
-0.021775,0.170691,-0.141888
-0.021625,0.170953,-0.141346
-0.022418,0.170318,-0.140953
-0.021819,0.168814,-0.138264
-0.016938,0.171290,-0.137147
-0.016783,0.169997,-0.137950
-0.013637,0.170249,-0.137566
-0.013395,0.170003,-0.135059
-0.013114,0.169307,-0.134552
-0.012019,0.171075,-0.136564
-0.012061,0.169433,-0.135119
-0.009392,0.170510,-0.132687
-0.005591,0.169988,-0.132998
-0.005889,0.171741,-0.134031
-0.002724,0.170106,-0.131456
-0.002116,0.169335,-0.131660
-0.001016,0.170117,-0.128991
-0.000793,0.170842,-0.130018
0.001272,0.171544,-0.127639
0.003339,0.170241,-0.127041
0.003027,0.169039,-0.127884
0.003826,0.170651,-0.126252
0.008620,0.168822,-0.125125
0.006873,0.169132,-0.127084
0.010288,0.169282,-0.126140
0.012059,0.171246,-0.125797
0.011530,0.169445,-0.125972
0.012410,0.169522,-0.125304
0.015803,0.168784,-0.125366
0.016461,0.168840,-0.124741
0.017644,0.169878,-0.127299
0.020437,0.168959,-0.124867
0.023654,0.169477,-0.124492
0.023507,0.167762,-0.126587
0.023666,0.169731,-0.125602
0.025235,0.169076,-0.124975
0.025000,0.168517,-0.123838
0.027195,0.170714,-0.123598
0.029550,0.169358,-0.123669
0.031210,0.168495,-0.125547
0.032968,0.167094,-0.124658
0.032761,0.170417,-0.126726
0.032767,0.169382,-0.125103
0.035799,0.169892,-0.126139
0.037877,0.170275,-0.127591
0.040558,0.169679,-0.125409
0.040085,0.169156,-0.126909
0.040767,0.168682,-0.126150
0.043638,0.170412,-0.128320
0.045603,0.170428,-0.128322
0.045987,0.169798,-0.129044
0.046236,0.169200,-0.129058
0.046493,0.168983,-0.128531
0.048937,0.168854,-0.127329
0.051552,0.169589,-0.126869
0.053910,0.171602,-0.129179
0.054525,0.168450,-0.127340
0.056242,0.170742,-0.130106
0.056000,0.168663,-0.127752
0.057701,0.169802,-0.127411
0.060104,0.171436,-0.126914
0.060409,0.169763,-0.126866
0.063917,0.170468,-0.126632
0.063230,0.169477,-0.125046
0.064813,0.170654,-0.126883
0.065091,0.170785,-0.127847
0.067483,0.168224,-0.124850
0.066628,0.169845,-0.126088
0.070077,0.171257,-0.125282
0.069838,0.170158,-0.124595
0.073424,0.171253,-0.125860
0.074174,0.170671,-0.124913
0.076233,0.169529,-0.125530
0.077241,0.170667,-0.123438
0.077525,0.171067,-0.125583
0.080307,0.168832,-0.123474
0.082584,0.170490,-0.125457
0.083304,0.169705,-0.122736
0.084377,0.169873,-0.122588
0.086002,0.168855,-0.124058
0.087494,0.170087,-0.119614
0.088223,0.166968,-0.120644
0.089878,0.170112,-0.118985
0.091476,0.169835,-0.120630
0.092726,0.169459,-0.119587
0.095346,0.168693,-0.119508
0.094879,0.170923,-0.117857
0.097355,0.168347,-0.117383
0.097943,0.168773,-0.115132
0.099792,0.169377,-0.114032
0.102078,0.167948,-0.115164
0.102820,0.168538,-0.111348
0.102687,0.169443,-0.113053
0.105058,0.168644,-0.108325
0.106701,0.169247,-0.109176
0.107164,0.169566,-0.107731
0.107693,0.168797,-0.108182
0.109248,0.169214,-0.108049
0.111931,0.170183,-0.106335
0.115409,0.168658,-0.105227
0.114765,0.169512,-0.107061
0.115978,0.169937,-0.103693
0.117677,0.167140,-0.105893
0.119079,0.168393,-0.106177
0.121557,0.167718,-0.105286
0.120684,0.166354,-0.104234
0.123130,0.167839,-0.103102
0.124713,0.167984,-0.104597
0.125915,0.168944,-0.103412
0.127142,0.168218,-0.103719
0.129521,0.167539,-0.104915
0.129936,0.167881,-0.104570
0.132066,0.168571,-0.102103
0.132482,0.168344,-0.104547
0.132371,0.168350,-0.104842
0.137024,0.168508,-0.104519
0.136669,0.167928,-0.104008
0.137878,0.167278,-0.104583
0.138813,0.167059,-0.104104
0.141070,0.167646,-0.104393
0.141841,0.166708,-0.103580
0.142821,0.168500,-0.103210
0.145944,0.168622,-0.104405
0.146353,0.165275,-0.106531
0.148043,0.168261,-0.103992
0.147565,0.168546,-0.104740
0.150067,0.168674,-0.104181
0.154045,0.167877,-0.105242
0.154225,0.168172,-0.105226
0.154369,0.168868,-0.106744
0.157341,0.169447,-0.107277
0.155161,0.169166,-0.106581
0.159023,0.168862,-0.106627
0.160292,0.169537,-0.107532
0.162356,0.168541,-0.105162
0.163326,0.168308,-0.108101
0.163245,0.168579,-0.108520
0.163818,0.168743,-0.108327
0.167767,0.169930,-0.109258
0.168326,0.168209,-0.108076
0.171144,0.169273,-0.112223
0.171644,0.169667,-0.110748
0.173185,0.169568,-0.111869
0.174654,0.168229,-0.112155
0.175940,0.170469,-0.113985
0.178088,0.170036,-0.115013
0.178480,0.169665,-0.116228
0.179165,0.170172,-0.115413
0.181357,0.169307,-0.116685
0.183224,0.169352,-0.119936
0.183623,0.168114,-0.121186
0.185990,0.169490,-0.121513
0.186750,0.169858,-0.123455
0.188113,0.171078,-0.122751
0.191202,0.169859,-0.123771
0.191939,0.167611,-0.123551
0.192727,0.170546,-0.127327
0.196029,0.171024,-0.129348
0.198079,0.171045,-0.129290
0.197685,0.171159,-0.131875
0.199051,0.170163,-0.132466
0.200240,0.171188,-0.132890
0.202235,0.168557,-0.137797
0.202400,0.169879,-0.139013
0.203141,0.171860,-0.143341
0.205786,0.171066,-0.143249
0.208438,0.170764,-0.148622
0.210084,0.170679,-0.154399
0.212781,0.170862,-0.163878
0.214399,0.172618,-0.167076
0.215246,0.171659,-0.168957
0.215414,0.172358,-0.175118
0.217776,0.172638,-0.179007
0.219530,0.173588,-0.179103
0.220709,0.173007,-0.184925
0.221690,0.173689,-0.185510
0.224760,0.173776,-0.189313
0.225856,0.172373,-0.191829
0.228075,0.174885,-0.196984
0.228289,0.173523,-0.203038
0.231248,0.174951,-0.211375
0.232474,0.176325,-0.219520
0.234814,0.175619,-0.226213
0.236716,0.176219,-0.235406
0.239590,0.178778,-0.242306
0.240154,0.177961,-0.251648
0.242298,0.178866,-0.257986
0.242937,0.179159,-0.267970
-0.045149,0.173709,-0.172337
-0.041559,0.173702,-0.169288
-0.043406,0.175486,-0.165294
-0.040791,0.174965,-0.162572
-0.039016,0.173302,-0.157546
-0.036063,0.172974,-0.157123
-0.036431,0.173056,-0.154425
-0.034044,0.173335,-0.153228
-0.033465,0.172107,-0.152420
-0.032178,0.172025,-0.150106
-0.029776,0.172943,-0.147612
-0.031084,0.172994,-0.145539
-0.026828,0.173740,-0.146071
-0.026283,0.171427,-0.145912
-0.025121,0.172448,-0.142473
-0.024217,0.173515,-0.143340
-0.020001,0.172658,-0.138980
-0.022431,0.170104,-0.140153
-0.017442,0.170424,-0.139219
-0.016218,0.171355,-0.136451
-0.014305,0.172547,-0.137077
-0.013931,0.170930,-0.136187
-0.012465,0.171411,-0.134937
-0.010544,0.173553,-0.133814
-0.010003,0.172819,-0.134259
-0.007538,0.170401,-0.132571
-0.006276,0.171633,-0.132513
-0.007885,0.172950,-0.133358
-0.004639,0.171034,-0.129509
-0.001912,0.171902,-0.130744
-0.001235,0.171616,-0.130066
-0.000996,0.171643,-0.128699
0.001475,0.169435,-0.129907
0.002752,0.169244,-0.128729
0.004042,0.172106,-0.128467
0.007017,0.170416,-0.127048
0.005450,0.171194,-0.127472
0.007850,0.170144,-0.127259
0.009031,0.171926,-0.127240
0.008887,0.173190,-0.126440
0.011078,0.173143,-0.127809
0.012419,0.173163,-0.125914
0.015102,0.169900,-0.125314
0.018024,0.171533,-0.126138
0.017886,0.171203,-0.125645
0.019579,0.170316,-0.125516
0.018949,0.170952,-0.124764
0.022303,0.170765,-0.125121
0.024068,0.171484,-0.125889
0.024987,0.169562,-0.124472
0.026163,0.169623,-0.124034
0.027421,0.169517,-0.124309
0.028982,0.170936,-0.124738
0.031218,0.171998,-0.124728
0.032282,0.172489,-0.125190
0.035591,0.171856,-0.125121
0.033048,0.169876,-0.124452
0.036004,0.171899,-0.126755
0.035744,0.170654,-0.125872
0.039888,0.171325,-0.128554
0.040122,0.170761,-0.127837
0.042312,0.170412,-0.128837
0.043677,0.169795,-0.127817
0.045977,0.172015,-0.128810
0.043936,0.171727,-0.128173
0.046072,0.172726,-0.130105
0.050778,0.172395,-0.127016
0.048617,0.172036,-0.128858
0.051766,0.171529,-0.127054
0.052825,0.170166,-0.128260
0.053744,0.170750,-0.127371
0.055567,0.171456,-0.127920
0.057493,0.170678,-0.129798
0.059961,0.171102,-0.131308
0.061273,0.171726,-0.126715
0.062341,0.170674,-0.127249
0.061912,0.171189,-0.127108
0.066064,0.170727,-0.129136
0.063246,0.170543,-0.126079
0.066701,0.171843,-0.129500
0.068058,0.172225,-0.126704
0.069076,0.171025,-0.123575
0.070111,0.170463,-0.126864
0.073217,0.171005,-0.125762
0.074299,0.171193,-0.124247
0.074519,0.171509,-0.124718
0.078094,0.169899,-0.126079
0.077194,0.172113,-0.126013
0.080007,0.172464,-0.124220
0.080630,0.171072,-0.125674
0.081141,0.170994,-0.124011
0.083438,0.171152,-0.123986
0.083228,0.172333,-0.125411
0.086981,0.172228,-0.121363
0.087207,0.172131,-0.122481
0.088066,0.170165,-0.120787
0.088490,0.170872,-0.120377
0.090152,0.170743,-0.118555
0.090595,0.171678,-0.120840
0.094109,0.168832,-0.118381
0.094383,0.170193,-0.117954
0.097620,0.169050,-0.115352
0.097901,0.171970,-0.115706
0.098406,0.169931,-0.113763
0.100256,0.169901,-0.113395
0.102267,0.171306,-0.112933
0.104773,0.170960,-0.111106
0.105732,0.172005,-0.111331
0.104873,0.169881,-0.109475
0.107868,0.170572,-0.108507
0.108838,0.169927,-0.108959
0.110218,0.169929,-0.107485
0.111799,0.168926,-0.107787
0.115066,0.169167,-0.107073
0.113440,0.170451,-0.107223
0.115322,0.168277,-0.106632
0.117911,0.170270,-0.104858
0.119747,0.170066,-0.106292
0.120759,0.168259,-0.105330
0.120859,0.171109,-0.103293
0.122952,0.169129,-0.104579
0.124435,0.170983,-0.104888
0.125620,0.170327,-0.106339
0.128347,0.170923,-0.105477
0.128104,0.170486,-0.104515
0.129392,0.168457,-0.103939
0.130104,0.168373,-0.104357
0.133172,0.167710,-0.105209
0.135460,0.170823,-0.106802
0.136100,0.168802,-0.104657
0.136578,0.170142,-0.105824
0.137702,0.168364,-0.104846
0.138583,0.170074,-0.105352
0.141174,0.168955,-0.105514
0.141402,0.170742,-0.104774
0.141500,0.169024,-0.104873
0.146399,0.172414,-0.103257
0.146360,0.170944,-0.105045
0.147107,0.170369,-0.104544
0.148740,0.169869,-0.104215
0.152921,0.170273,-0.104740
0.149137,0.169383,-0.104902
0.152032,0.170359,-0.106523
0.155858,0.169828,-0.106158
0.155352,0.169770,-0.108101
0.157007,0.169868,-0.105555
0.158334,0.169753,-0.106868
0.159339,0.169532,-0.109421
0.160519,0.170426,-0.108046
0.162621,0.170134,-0.107318
0.164622,0.169844,-0.108256
0.164629,0.170349,-0.107256
0.166178,0.169429,-0.110160
0.169432,0.170903,-0.109345
0.170394,0.169480,-0.111339
0.170425,0.169224,-0.111325
0.175423,0.170448,-0.113192
0.174663,0.170335,-0.112941
0.174730,0.169594,-0.113176
0.177805,0.169984,-0.116578
0.178766,0.169546,-0.116155
0.179809,0.170725,-0.118421
0.181310,0.171237,-0.117598
0.182587,0.169836,-0.120816
0.184732,0.172509,-0.119298
0.187323,0.170043,-0.120834
0.188064,0.170508,-0.124927
0.189109,0.169631,-0.123136
0.191164,0.173492,-0.125947
0.193992,0.170659,-0.127072
0.194557,0.172951,-0.129871
0.194083,0.170905,-0.131291
0.196287,0.172152,-0.131302
0.197960,0.171367,-0.132589
0.197647,0.171770,-0.133225
0.199582,0.171584,-0.137141
0.201757,0.172256,-0.139744
0.204521,0.173198,-0.140821
0.205387,0.173224,-0.144312
0.207003,0.171411,-0.145616
0.208078,0.170636,-0.150177
0.209640,0.173574,-0.155207
0.212959,0.174178,-0.164614
0.214596,0.174637,-0.167165
0.215272,0.175192,-0.169521
0.216152,0.176830,-0.171690
0.219132,0.175567,-0.174751
0.218305,0.175334,-0.178626
0.221969,0.175388,-0.183202
0.222304,0.174710,-0.186358
0.223553,0.174328,-0.190841
0.225810,0.176586,-0.193449
0.227328,0.175867,-0.195382
0.230394,0.175846,-0.202953
0.229478,0.176624,-0.212061
0.233009,0.177293,-0.219961
0.235323,0.177907,-0.225612
0.237811,0.179644,-0.234728
0.237234,0.178008,-0.242811
0.240433,0.179423,-0.248596
0.241217,0.180515,-0.259090
0.243053,0.181239,-0.267384
0.246529,0.181357,-0.273278
-0.046891,0.175706,-0.178242
-0.043612,0.177308,-0.174188
-0.041557,0.175343,-0.168364
-0.042175,0.177233,-0.167886
-0.040060,0.176859,-0.161563
-0.038186,0.174194,-0.159766
-0.037345,0.176342,-0.156767
-0.035944,0.173750,-0.155901
-0.033320,0.176144,-0.154739
-0.030755,0.174166,-0.153675
-0.030364,0.175868,-0.148359
-0.031166,0.174798,-0.147903
-0.029434,0.173311,-0.147762
-0.027324,0.174442,-0.145816
-0.025895,0.171708,-0.144687
-0.023770,0.173760,-0.143282
-0.024303,0.174089,-0.141938
-0.021316,0.173030,-0.142362
-0.019896,0.172779,-0.140302
-0.018607,0.174892,-0.140214
-0.015066,0.172895,-0.137451
-0.015322,0.174158,-0.139016
-0.013790,0.172852,-0.136666
-0.014673,0.171393,-0.135641
-0.010809,0.173899,-0.135379
-0.010306,0.174014,-0.134353
-0.008644,0.173941,-0.131972
-0.006321,0.173911,-0.132299
-0.006567,0.173013,-0.132323
-0.006141,0.173241,-0.133050
-0.001661,0.174136,-0.130769
-0.002977,0.171940,-0.130463
0.000390,0.171950,-0.130341
0.001968,0.171894,-0.129735
0.002921,0.173756,-0.129792
0.003227,0.173706,-0.128730
0.005376,0.172925,-0.128216
0.007062,0.172624,-0.127940
0.008647,0.171460,-0.125726
0.009848,0.172976,-0.126844
0.010959,0.173984,-0.127133
0.012396,0.175278,-0.126779
0.013389,0.172314,-0.127375
0.015746,0.174590,-0.124585
0.016488,0.172860,-0.125492
0.017679,0.173091,-0.126152
0.020939,0.171019,-0.126249
0.019593,0.172958,-0.125030
0.023145,0.173753,-0.124153
0.023670,0.171739,-0.124204
0.025352,0.172834,-0.124300
0.026827,0.173703,-0.125097
0.026436,0.172523,-0.125735
0.029335,0.172858,-0.124129
0.031145,0.172203,-0.126094
0.032495,0.172585,-0.124998
0.034767,0.172130,-0.125359
0.032375,0.172627,-0.124376
0.034684,0.173129,-0.127122
0.036578,0.172710,-0.126949
0.039534,0.173093,-0.126349
0.041885,0.173387,-0.127050
0.041297,0.172452,-0.127237
0.042977,0.173677,-0.130834
0.045655,0.173787,-0.128978
0.044864,0.173420,-0.130074
0.046768,0.172710,-0.128774
0.047991,0.173260,-0.128029
0.048947,0.173372,-0.128897
0.053036,0.173857,-0.128948
0.053983,0.173627,-0.127095
0.054756,0.173178,-0.128741
0.055561,0.172680,-0.128350
0.058312,0.173508,-0.130506
0.055607,0.174494,-0.130877
0.058149,0.172689,-0.129764
0.060465,0.170240,-0.127583
0.061971,0.172843,-0.128344
0.064279,0.172147,-0.126784
0.064851,0.172746,-0.127135
0.067297,0.172851,-0.126654
0.067824,0.174183,-0.127272
0.067530,0.172315,-0.126256
0.071014,0.171703,-0.128145
0.071752,0.172397,-0.127361
0.074810,0.172217,-0.124369
0.075357,0.175121,-0.125553
0.075383,0.174629,-0.125290
0.077809,0.172801,-0.124425
0.078777,0.173049,-0.126569
0.080285,0.173189,-0.125328
0.082720,0.173277,-0.125637
0.082618,0.173396,-0.122764
0.085613,0.171422,-0.124457
0.085723,0.172412,-0.124151
0.086409,0.172675,-0.122141
0.090073,0.171553,-0.121539
0.089706,0.172462,-0.120049
0.090453,0.172033,-0.120181
0.093901,0.172778,-0.120366
0.095291,0.173258,-0.118536
0.096435,0.172371,-0.117825
0.096878,0.173275,-0.117664
0.096686,0.170414,-0.118069
0.099863,0.170980,-0.113924
0.100659,0.173025,-0.112969
0.102680,0.173210,-0.113162
0.102822,0.171291,-0.112599
0.104561,0.172316,-0.111720
0.105760,0.173446,-0.111824
0.107823,0.171903,-0.111084
0.110404,0.170051,-0.108496
0.111000,0.171912,-0.108287
0.111569,0.172371,-0.108801
0.110973,0.171299,-0.107972
0.114115,0.170438,-0.107307
0.115863,0.171609,-0.107810
0.115855,0.170411,-0.106875
0.119550,0.172286,-0.107388
0.120140,0.171295,-0.104263
0.122558,0.171571,-0.105038
0.123925,0.172284,-0.104373
0.125113,0.169781,-0.104571
0.126333,0.172538,-0.106266
0.126338,0.171075,-0.105201
0.128249,0.170707,-0.104364
0.128635,0.171361,-0.103906
0.131444,0.172899,-0.104044
0.131018,0.171722,-0.104418
0.134350,0.171888,-0.105653
0.135468,0.169993,-0.105302
0.137257,0.171418,-0.104876
0.137859,0.171001,-0.104436
0.138907,0.171275,-0.104061
0.140342,0.170943,-0.105651
0.141273,0.171863,-0.105551
0.142410,0.171993,-0.104127
0.144791,0.171063,-0.105240
0.146496,0.171024,-0.105422
0.147852,0.172406,-0.105427
0.148319,0.171051,-0.105565
0.150766,0.170527,-0.107496
0.152920,0.169768,-0.106193
0.152435,0.170751,-0.107485
0.151982,0.171025,-0.105868
0.157045,0.172757,-0.106153
0.157096,0.171995,-0.108552
0.159904,0.172946,-0.107783
0.160201,0.170775,-0.106756
0.161502,0.172105,-0.108675
0.163416,0.172716,-0.110602
0.164989,0.170398,-0.108480
0.167302,0.173407,-0.109335
0.165560,0.170683,-0.109978
0.168805,0.171943,-0.110526
0.171015,0.172041,-0.110671
0.171216,0.170610,-0.111788
0.173584,0.170510,-0.113790
0.175688,0.172521,-0.112671
0.175679,0.173119,-0.115532
0.175019,0.171322,-0.114700
0.179310,0.171494,-0.116666
0.179898,0.171890,-0.121244
0.182182,0.173040,-0.121244
0.183215,0.171508,-0.119775
0.185284,0.173585,-0.121333
0.185834,0.173993,-0.123754
0.187515,0.172594,-0.122916
0.188755,0.172355,-0.124836
0.189790,0.173898,-0.126231
0.191360,0.173606,-0.128148
0.193247,0.172199,-0.130043
0.195932,0.173817,-0.132472
0.196198,0.173187,-0.133076
0.197764,0.174220,-0.134553
0.199971,0.173280,-0.135843
0.200866,0.172850,-0.139132
0.203468,0.174143,-0.139627
0.204563,0.174403,-0.142955
0.204812,0.174289,-0.145096
0.204829,0.176063,-0.146473
0.210081,0.173959,-0.149755
0.209894,0.174581,-0.154891
0.210999,0.174524,-0.163334
0.210881,0.177217,-0.165306
0.214316,0.177232,-0.168209
0.215327,0.176482,-0.169962
0.216402,0.175942,-0.174634
0.221302,0.176877,-0.178757
0.221355,0.175588,-0.180060
0.220770,0.178467,-0.185748
0.223868,0.176828,-0.186609
0.224884,0.178322,-0.190859
0.228018,0.178695,-0.194030
0.228129,0.178705,-0.201169
0.231849,0.178292,-0.209320
0.233620,0.178138,-0.216257
0.233548,0.178337,-0.225719
0.237699,0.180644,-0.232760
0.238892,0.180555,-0.240524
0.240374,0.180301,-0.248275
0.242750,0.181295,-0.257514
0.243494,0.181857,-0.264373
0.245379,0.183708,-0.273603
-0.047142,0.178042,-0.180800
-0.045747,0.175671,-0.174981
-0.043060,0.177069,-0.169634
-0.042051,0.177786,-0.167245
-0.040108,0.175982,-0.164338
-0.037357,0.177676,-0.158561
-0.036777,0.175181,-0.158389
-0.035426,0.177758,-0.157584
-0.033088,0.175818,-0.155383
-0.031660,0.175519,-0.153625
-0.030322,0.175678,-0.150895
-0.029018,0.174440,-0.149571
-0.030140,0.175262,-0.148647
-0.026829,0.174437,-0.146125
-0.025044,0.176723,-0.146273
-0.025280,0.174818,-0.145479
-0.022455,0.176307,-0.143561
-0.021147,0.174618,-0.140599
-0.020441,0.175135,-0.141442
-0.020197,0.175640,-0.139533
-0.016973,0.174580,-0.139563
-0.015715,0.175969,-0.137906
-0.014615,0.174912,-0.137621
-0.012707,0.173877,-0.136460
-0.012256,0.175906,-0.136597
-0.010467,0.174584,-0.134514
-0.008050,0.174640,-0.134817
-0.006046,0.173410,-0.131012
-0.006503,0.173336,-0.132030
-0.001921,0.176317,-0.131621
-0.003089,0.175760,-0.131165
0.000113,0.175115,-0.131624
0.001486,0.172489,-0.129477
0.000998,0.174523,-0.127896
0.002560,0.173481,-0.128449
0.004780,0.176002,-0.129054
0.006600,0.174443,-0.126939
0.006970,0.174319,-0.130287
0.008492,0.175256,-0.128488
0.010565,0.173776,-0.128207
0.010362,0.174038,-0.127143
0.014456,0.174264,-0.127264
0.014123,0.176100,-0.128008
0.017106,0.174064,-0.126426
0.016735,0.174876,-0.127216
0.016402,0.173811,-0.126232
0.017695,0.173861,-0.125091
0.020679,0.172541,-0.124972
0.021580,0.174812,-0.125584
0.021610,0.173969,-0.127271
0.024256,0.174663,-0.123889
0.026605,0.174369,-0.124172
0.026243,0.173569,-0.125172
0.028774,0.173240,-0.124434
0.029780,0.171657,-0.125101
0.030892,0.174767,-0.127213
0.033707,0.174004,-0.125270
0.034700,0.174825,-0.124927
0.037079,0.173692,-0.127646
0.036716,0.175535,-0.126075
0.038900,0.175900,-0.127613
0.039240,0.175016,-0.128421
0.040482,0.174894,-0.127476
0.043854,0.174673,-0.128295
0.047062,0.175312,-0.128642
0.046551,0.172758,-0.126837
0.046208,0.174711,-0.129680
0.048531,0.174719,-0.128155
0.048625,0.174683,-0.127385
0.051474,0.173683,-0.129624
0.053283,0.173307,-0.128136
0.054076,0.173484,-0.128164
0.057169,0.174642,-0.130694
0.056257,0.174106,-0.128212
0.057591,0.173333,-0.131368
0.059498,0.174640,-0.129032
0.059300,0.176158,-0.129415
0.061750,0.175359,-0.129046
0.065328,0.175224,-0.127565
0.065294,0.174160,-0.127789
0.066840,0.172315,-0.128305
0.068572,0.175138,-0.130505
0.069708,0.174009,-0.126530
0.069787,0.175001,-0.124717
0.071848,0.173524,-0.126876
0.071977,0.174136,-0.126392
0.077327,0.175364,-0.127444
0.076677,0.176186,-0.126553
0.078136,0.174144,-0.124662
0.077555,0.173651,-0.124639
0.081582,0.173650,-0.126047
0.083752,0.173698,-0.125959
0.083324,0.173909,-0.125306
0.084779,0.173719,-0.125399
0.086386,0.175373,-0.126785
0.088080,0.174496,-0.123171
0.089793,0.175450,-0.121775
0.090861,0.173668,-0.121800
0.089594,0.174197,-0.120791
0.093425,0.173553,-0.119109
0.094070,0.174101,-0.118785
0.096850,0.175272,-0.120008
0.098164,0.174196,-0.118210
0.098201,0.172774,-0.116016
0.097934,0.173435,-0.113736
0.103369,0.173630,-0.115190
0.102017,0.175538,-0.113048
0.104816,0.173325,-0.113525
0.104918,0.174333,-0.111600
0.107245,0.174607,-0.112633
0.109217,0.172752,-0.111125
0.108162,0.173095,-0.110900
0.110265,0.174235,-0.108842
0.113021,0.173225,-0.109423
0.113645,0.173373,-0.110098
0.113377,0.173614,-0.109964
0.115699,0.173213,-0.110400
0.119155,0.172746,-0.107368
0.119352,0.173933,-0.106652
0.119204,0.173881,-0.105673
0.123377,0.173834,-0.106652
0.122289,0.172278,-0.105598
0.122705,0.173263,-0.105359
0.126952,0.172165,-0.107185
0.126336,0.174080,-0.106356
0.127180,0.170122,-0.107346
0.129612,0.173185,-0.105134
0.129960,0.172360,-0.106588
0.132731,0.171729,-0.107812
0.134265,0.173603,-0.106997
0.136121,0.174613,-0.106646
0.137209,0.172231,-0.105807
0.137804,0.171660,-0.104183
0.138207,0.173746,-0.107227
0.141755,0.172197,-0.106585
0.141492,0.174109,-0.104717
0.143707,0.173348,-0.104773
0.145495,0.173681,-0.106400
0.145445,0.173858,-0.106428
0.148420,0.173084,-0.107209
0.148410,0.172054,-0.107669
0.150851,0.174397,-0.107331
0.152234,0.174124,-0.106188
0.154174,0.174883,-0.107567
0.155409,0.171489,-0.107467
0.157076,0.173062,-0.107811
0.157314,0.173775,-0.109028
0.159102,0.173654,-0.108149
0.161228,0.172610,-0.107360
0.161717,0.172903,-0.108311
0.163481,0.173815,-0.109245
0.164415,0.171707,-0.109154
0.165902,0.174969,-0.110444
0.166174,0.173923,-0.109417
0.168565,0.172597,-0.111783
0.169716,0.174780,-0.114274
0.171156,0.172575,-0.113268
0.172961,0.172695,-0.113777
0.173394,0.174185,-0.114361
0.175857,0.174186,-0.115063
0.178198,0.173483,-0.116427
0.178530,0.171736,-0.117541
0.179762,0.174283,-0.120377
0.183939,0.174212,-0.120752
0.182875,0.175057,-0.123012
0.184441,0.175121,-0.122944
0.184480,0.173296,-0.122844
0.188129,0.174272,-0.125692
0.188794,0.174279,-0.126383
0.191418,0.174313,-0.128805
0.192272,0.176488,-0.128526
0.194163,0.175920,-0.131521
0.193562,0.175075,-0.132948
0.195930,0.175658,-0.136231
0.199066,0.175736,-0.134238
0.198853,0.175257,-0.138541
0.198552,0.173363,-0.141665
0.202557,0.176719,-0.142942
0.203089,0.174318,-0.144214
0.204763,0.174482,-0.145059
0.205395,0.177478,-0.147706
0.208085,0.174435,-0.152793
0.211538,0.176913,-0.157345
0.210609,0.176878,-0.163530
0.213340,0.178718,-0.165942
0.214338,0.176495,-0.169353
0.215613,0.178177,-0.170809
0.217389,0.177293,-0.173612
0.219170,0.176918,-0.176357
0.220625,0.178391,-0.181566
0.222147,0.179997,-0.184210
0.225326,0.178548,-0.187344
0.226332,0.179407,-0.188548
0.227329,0.178615,-0.192961
0.228739,0.178150,-0.201210
0.232953,0.179526,-0.207325
0.234312,0.180539,-0.215889
0.233351,0.182777,-0.221998
0.238306,0.182484,-0.231277
0.239268,0.181326,-0.240526
0.240378,0.182364,-0.248015
0.243613,0.183930,-0.254296
0.243884,0.183556,-0.264676
0.244689,0.183638,-0.271715
-0.046262,0.180319,-0.186515
-0.046920,0.178362,-0.175085
-0.043196,0.178483,-0.169656
-0.040546,0.179328,-0.169213
-0.041066,0.179190,-0.164559
-0.036367,0.178721,-0.160578
-0.038295,0.178403,-0.159307
-0.036946,0.179369,-0.156170
-0.034605,0.177468,-0.154930
-0.032005,0.178518,-0.153566
-0.030739,0.176592,-0.150864
-0.030824,0.176995,-0.149448
-0.028290,0.179316,-0.147668
-0.027474,0.179716,-0.149178
-0.023883,0.176433,-0.145981
-0.023838,0.178065,-0.144726
-0.021300,0.177215,-0.142997
-0.021773,0.178464,-0.141682
-0.020101,0.176990,-0.143303
-0.017726,0.176949,-0.141633
-0.017108,0.177345,-0.139630
-0.015784,0.176782,-0.136741
-0.015296,0.176744,-0.138684
-0.011572,0.177220,-0.138707
-0.010646,0.176037,-0.136818
-0.010902,0.176938,-0.135940
-0.009250,0.175773,-0.134627
-0.007933,0.178473,-0.133062
-0.004903,0.175161,-0.134289
-0.005069,0.178364,-0.133781
-0.002058,0.178603,-0.132982
-0.000082,0.177020,-0.132272
-0.000781,0.176692,-0.131683
0.001297,0.175788,-0.130820
0.004239,0.176478,-0.129256
0.002655,0.175473,-0.129154
0.004986,0.176315,-0.129298
0.008635,0.176784,-0.128973
0.007024,0.177304,-0.127481
0.009337,0.175927,-0.127056
0.010088,0.175733,-0.127428
0.011879,0.176566,-0.127808
0.014168,0.178319,-0.127192
0.014816,0.175073,-0.126426
0.016610,0.177661,-0.127870
0.017634,0.176073,-0.126342
0.017869,0.175339,-0.128260
0.019763,0.176552,-0.124956
0.023231,0.175788,-0.126353
0.023510,0.175470,-0.125652
0.023878,0.175999,-0.124288
0.026109,0.175130,-0.124016
0.027639,0.175133,-0.125677
0.027426,0.175222,-0.124770
0.031187,0.175314,-0.124070
0.032588,0.174200,-0.124963
0.033114,0.175876,-0.126348
0.035529,0.175980,-0.124599
0.038083,0.175215,-0.127449
0.038275,0.178207,-0.125891
0.038625,0.176683,-0.127919
0.039770,0.176288,-0.128511
0.042040,0.173310,-0.126876
0.043108,0.176940,-0.127590
0.043470,0.175303,-0.128897
0.047612,0.176534,-0.129180
0.048056,0.176706,-0.128485
0.049579,0.175335,-0.130093
0.049727,0.175814,-0.128993
0.053791,0.176605,-0.129808
0.052276,0.174831,-0.129452
0.053665,0.176240,-0.128907
0.055070,0.176373,-0.130030
0.058175,0.175751,-0.130081
0.059213,0.178653,-0.131608
0.058427,0.176925,-0.131800
0.060724,0.176122,-0.131795
0.062949,0.176749,-0.129697
0.063646,0.176881,-0.128190
0.065876,0.177740,-0.129369
0.066227,0.177302,-0.127581
0.068098,0.178616,-0.128414
0.068289,0.174559,-0.126124
0.072140,0.174648,-0.127490
0.071935,0.177573,-0.128315
0.073243,0.177017,-0.127370
0.075691,0.176657,-0.126936
0.075579,0.176286,-0.127022
0.079144,0.176071,-0.125639
0.078441,0.176218,-0.126333
0.080198,0.176346,-0.125703
0.080522,0.176400,-0.126322
0.082917,0.175933,-0.124864
0.084112,0.176650,-0.126755
0.085845,0.174319,-0.126412
0.088519,0.176458,-0.123293
0.088094,0.176193,-0.122714
0.089879,0.175675,-0.121259
0.091516,0.175655,-0.120897
0.092712,0.174064,-0.121571
0.094838,0.176732,-0.118610
0.097345,0.172830,-0.117991
0.098612,0.176098,-0.116802
0.098405,0.174176,-0.115894
0.100267,0.173965,-0.115590
0.102635,0.175575,-0.115528
0.102412,0.175564,-0.115161
0.104064,0.175997,-0.113144
0.105375,0.173813,-0.112531
0.105704,0.175300,-0.112435
0.107978,0.174722,-0.111107
0.108599,0.174040,-0.110981
0.109652,0.173082,-0.108432
0.112988,0.175775,-0.110376
0.114529,0.176816,-0.109267
0.116265,0.173907,-0.108862
0.115417,0.173898,-0.109183
0.119555,0.173317,-0.109508
0.117669,0.174852,-0.108335
0.121577,0.174674,-0.107821
0.121853,0.174913,-0.107020
0.125665,0.174681,-0.107633
0.123932,0.174948,-0.106238
0.125252,0.174994,-0.108373
0.127022,0.176107,-0.107213
0.128900,0.174315,-0.104920
0.129255,0.173462,-0.108070
0.131146,0.174263,-0.107200
0.133865,0.175298,-0.105637
0.135014,0.174690,-0.106199
0.135405,0.174071,-0.106532
0.135371,0.174425,-0.107085
0.139581,0.174535,-0.106620
0.141183,0.173395,-0.105324
0.140165,0.174701,-0.105735
0.143248,0.175854,-0.106192
0.144691,0.175510,-0.107686
0.144333,0.173208,-0.105795
0.145378,0.175841,-0.108521
0.146968,0.176290,-0.106758
0.149743,0.174615,-0.107260
0.150354,0.174471,-0.106836
0.151829,0.172973,-0.107796
0.152665,0.176263,-0.107834
0.155374,0.175049,-0.108480
0.157812,0.175457,-0.108944
0.157701,0.174911,-0.107592
0.159541,0.175013,-0.109250
0.160123,0.176560,-0.108288
0.162491,0.176937,-0.110819
0.162030,0.175119,-0.109644
0.164296,0.175927,-0.109645
0.166095,0.176087,-0.110094
0.168442,0.174946,-0.110563
0.168577,0.176601,-0.111302
0.171050,0.174702,-0.112480
0.171482,0.175399,-0.114748
0.172240,0.176402,-0.113802
0.175483,0.173543,-0.115478
0.175760,0.175015,-0.115677
0.178636,0.173794,-0.116960
0.177706,0.176248,-0.118256
0.180586,0.174234,-0.119659
0.181727,0.177107,-0.123163
0.180796,0.175207,-0.121175
0.185521,0.176387,-0.123970
0.185288,0.176288,-0.125081
0.187430,0.175860,-0.128499
0.188821,0.174173,-0.127412
0.189743,0.175823,-0.128943
0.192796,0.175464,-0.130046
0.192581,0.178371,-0.131601
0.196468,0.175921,-0.134877
0.196706,0.177252,-0.134428
0.197847,0.176811,-0.136441
0.199225,0.176661,-0.138925
0.202476,0.176988,-0.139617
0.203254,0.177548,-0.143400
0.202190,0.176707,-0.145716
0.204554,0.177462,-0.147393
0.208365,0.179142,-0.149715
0.209029,0.177589,-0.153371
0.209925,0.178367,-0.158838
0.210565,0.178762,-0.160016
0.213520,0.176660,-0.164376
0.214765,0.179747,-0.167058
0.215539,0.178005,-0.172243
0.217686,0.179768,-0.172633
0.219227,0.176628,-0.173782
0.220992,0.180129,-0.180605
0.220747,0.180043,-0.181899
0.225738,0.180160,-0.184526
0.227036,0.179720,-0.187941
0.227818,0.181796,-0.193013
0.228129,0.181829,-0.198937
0.229150,0.181635,-0.206975
0.233120,0.181308,-0.215773
0.232715,0.181483,-0.221747
0.236002,0.182077,-0.232213
0.239150,0.184284,-0.238905
0.241031,0.183659,-0.246745
0.241590,0.185731,-0.253361
0.244893,0.184326,-0.263352
0.246375,0.184462,-0.269957
0.247311,0.184679,-0.277081
-0.046030,0.180718,-0.176690
-0.043414,0.182249,-0.173825
-0.041196,0.180847,-0.167941
-0.039664,0.177455,-0.165502
-0.038911,0.180073,-0.163462
-0.037235,0.181116,-0.159359
-0.035198,0.179873,-0.158906
-0.034393,0.179212,-0.157024
-0.033267,0.178883,-0.153764
-0.030877,0.180354,-0.152942
-0.029851,0.178316,-0.147845
-0.027583,0.179438,-0.149215
-0.029500,0.179675,-0.148360
-0.027216,0.178879,-0.147185
-0.023418,0.180091,-0.145530
-0.021932,0.179992,-0.143236
-0.020525,0.179880,-0.143678
-0.020032,0.179335,-0.141371
-0.019381,0.179278,-0.141881
-0.017988,0.177196,-0.141717
-0.016060,0.179653,-0.139872
-0.015146,0.179591,-0.138033
-0.015148,0.177048,-0.138802
-0.008704,0.177530,-0.135184
-0.008835,0.177923,-0.134950
-0.008814,0.175967,-0.133833
-0.005531,0.178170,-0.134368
-0.006230,0.179421,-0.134888
-0.003858,0.178148,-0.133978
-0.003200,0.178605,-0.131895
-0.002114,0.177020,-0.130070
-0.000228,0.179583,-0.132397
0.000156,0.175578,-0.130988
0.002395,0.177859,-0.131618
0.006627,0.177598,-0.130192
0.006528,0.177284,-0.128606
0.005305,0.178404,-0.130529
0.007898,0.177889,-0.128271
0.012350,0.176410,-0.129222
0.012255,0.178591,-0.127279
0.012327,0.179232,-0.127379
0.014038,0.176203,-0.128298
0.015711,0.177080,-0.126539
0.015600,0.177666,-0.126145
0.018486,0.176661,-0.126005
0.020186,0.176916,-0.123657
0.021564,0.178504,-0.125149
0.023549,0.178457,-0.126403
0.022631,0.178211,-0.126685
0.022981,0.176602,-0.125305
0.025807,0.178997,-0.125353
0.027605,0.177481,-0.126292
0.028248,0.178284,-0.126357
0.031229,0.175775,-0.124720
0.029993,0.177135,-0.127459
0.032478,0.179855,-0.125074
0.032801,0.178638,-0.125615
0.038117,0.178326,-0.127126
0.037282,0.178191,-0.125082
0.037478,0.177889,-0.127334
0.040190,0.177833,-0.126377
0.040093,0.176492,-0.127957
0.043116,0.177782,-0.126491
0.042811,0.177337,-0.129544
0.046346,0.177009,-0.129919
0.046041,0.178322,-0.130765
0.047713,0.178762,-0.129261
0.049819,0.177922,-0.127608
0.050563,0.178132,-0.129875
0.051875,0.180132,-0.128917
0.054253,0.177716,-0.128045
0.056292,0.177654,-0.130411
0.057033,0.178796,-0.129325
0.059531,0.178750,-0.129369
0.057954,0.177467,-0.131395
0.060223,0.177687,-0.129131
0.065242,0.177415,-0.129179
0.063332,0.179132,-0.129132
0.065880,0.177345,-0.130314
0.066581,0.177360,-0.129742
0.068349,0.177316,-0.127968
0.067969,0.177188,-0.126920
0.070727,0.176672,-0.127928
0.072022,0.177295,-0.126702
0.072435,0.176969,-0.129863
0.076650,0.176739,-0.129015
0.077553,0.177249,-0.127940
0.077670,0.176718,-0.127511
0.077945,0.177551,-0.127367
0.081821,0.177941,-0.128802
0.079994,0.176102,-0.126778
0.082970,0.178007,-0.125534
0.084785,0.176847,-0.124730
0.087039,0.177753,-0.126922
0.085699,0.177944,-0.125096
0.085539,0.178262,-0.123297
0.089241,0.177031,-0.123011
0.092812,0.177257,-0.121356
0.092337,0.174707,-0.120386
0.094595,0.177859,-0.120526
0.095581,0.176430,-0.117880
0.098216,0.175308,-0.118243
0.098875,0.176439,-0.117213
0.101049,0.176901,-0.117188
0.103399,0.176143,-0.116548
0.103569,0.177233,-0.115338
0.103077,0.179872,-0.114839
0.104371,0.177539,-0.113053
0.106714,0.176606,-0.112597
0.107038,0.178042,-0.112026
0.109193,0.177147,-0.112443
0.111010,0.176310,-0.112112
0.111350,0.178684,-0.112473
0.113829,0.176361,-0.111671
0.115127,0.175674,-0.108547
0.114307,0.176157,-0.109222
0.116762,0.175840,-0.111278
0.119595,0.174026,-0.108563
0.120938,0.177035,-0.108748
0.122293,0.178706,-0.108282
0.122612,0.176555,-0.108838
0.124110,0.177549,-0.107271
0.125991,0.175061,-0.106092
0.128019,0.175160,-0.107901
0.128655,0.174847,-0.108844
0.130625,0.177987,-0.107868
0.131906,0.176749,-0.109320
0.132705,0.176772,-0.106697
0.134805,0.176783,-0.106089
0.135362,0.177546,-0.107263
0.136906,0.176915,-0.106108
0.138090,0.174816,-0.105604
0.139137,0.177563,-0.106304
0.141861,0.177330,-0.106970
0.143723,0.175001,-0.106088
0.141685,0.176731,-0.107387
0.144539,0.176163,-0.108263
0.146702,0.176064,-0.108012
0.148499,0.176991,-0.108452
0.150276,0.174692,-0.107902
0.149702,0.176444,-0.108418
0.150990,0.176520,-0.108705
0.154273,0.176564,-0.107889
0.153366,0.176278,-0.110262
0.156576,0.175436,-0.107883
0.157452,0.174312,-0.109365
0.161516,0.176340,-0.110222
0.162016,0.175952,-0.109723
0.160664,0.173169,-0.112686
0.162447,0.176936,-0.111755
0.165399,0.177181,-0.109301
0.169075,0.175197,-0.112507
0.167092,0.175440,-0.112309
0.169185,0.177143,-0.111845
0.169165,0.176749,-0.114536
0.168999,0.176926,-0.114014
0.173107,0.177223,-0.115833
0.175276,0.176494,-0.116716
0.174712,0.177498,-0.116897
0.176999,0.177421,-0.119962
0.178964,0.176335,-0.120777
0.180408,0.176068,-0.122126
0.181145,0.177439,-0.123290
0.181613,0.176127,-0.124629
0.185094,0.178462,-0.125372
0.185638,0.177944,-0.128338
0.187196,0.178921,-0.128675
0.188780,0.178165,-0.130499
0.190439,0.177545,-0.130835
0.192107,0.179143,-0.132613
0.194041,0.179282,-0.133789
0.193761,0.177052,-0.137466
0.197561,0.177037,-0.137452
0.197530,0.178139,-0.138590
0.200232,0.178351,-0.139731
0.198984,0.181330,-0.143641
0.201709,0.179654,-0.143020
0.203544,0.179048,-0.145850
0.203766,0.177168,-0.148630
0.206536,0.178846,-0.150108
0.209186,0.180209,-0.156006
0.208376,0.179988,-0.159926
0.211723,0.180172,-0.165133
0.214091,0.180983,-0.163401
0.213932,0.181357,-0.167294
0.217642,0.178853,-0.168986
0.216979,0.179476,-0.172643
0.218657,0.180239,-0.177014
0.221944,0.181149,-0.179476
0.222294,0.181154,-0.180103
0.223546,0.181550,-0.182627
0.226190,0.182046,-0.188022
0.226485,0.183228,-0.191234
0.231327,0.184003,-0.197634
0.230774,0.182873,-0.206272
0.233418,0.183244,-0.212401
0.234305,0.183641,-0.221350
0.237662,0.185117,-0.229113
0.237970,0.186204,-0.237495
0.241030,0.185718,-0.244984
0.243001,0.187166,-0.254062
0.243508,0.187011,-0.262083
0.246950,0.187322,-0.266701
0.247691,0.188159,-0.276225
-0.042416,0.183724,-0.180572
-0.043771,0.180748,-0.173137
-0.042227,0.182554,-0.169372
-0.039961,0.182438,-0.166168
-0.039048,0.182324,-0.164233
-0.038431,0.179428,-0.160750
-0.034989,0.182698,-0.158456
-0.035593,0.182972,-0.155905
-0.030813,0.181562,-0.155562
-0.032382,0.180945,-0.153486
-0.027555,0.181684,-0.150539
-0.029315,0.181228,-0.152152
-0.026547,0.179479,-0.149305
-0.025540,0.179672,-0.148470
-0.023903,0.181151,-0.145690
-0.023457,0.179707,-0.145508
-0.021676,0.180586,-0.144495
-0.019848,0.181523,-0.141953
-0.018202,0.181314,-0.140371
-0.016410,0.182425,-0.139159
-0.015833,0.181606,-0.139799
-0.014645,0.180767,-0.139180
-0.012616,0.180884,-0.137551
-0.011045,0.178494,-0.136949
-0.009583,0.179697,-0.135444
-0.008350,0.181057,-0.135212
-0.005701,0.178622,-0.134844
-0.005367,0.179971,-0.134729
-0.005328,0.181147,-0.131814
-0.003135,0.180880,-0.133309
-0.000337,0.180751,-0.132473
0.000523,0.179691,-0.131383
0.000829,0.181504,-0.130582
0.002623,0.179713,-0.131887
0.005005,0.180169,-0.130761
0.004684,0.179739,-0.130619
0.006292,0.177906,-0.129473
0.007859,0.178442,-0.128839
0.008841,0.178479,-0.128575
0.010443,0.179033,-0.128365
0.012199,0.176839,-0.128668
0.013493,0.179767,-0.128172
0.015294,0.180421,-0.127073
0.016275,0.180292,-0.127044
0.018674,0.178943,-0.126828
0.019451,0.180253,-0.126696
0.020262,0.178680,-0.127874
0.024135,0.180141,-0.126652
0.022096,0.178861,-0.127477
0.024558,0.179051,-0.127520
0.025128,0.177441,-0.125672
0.028848,0.180356,-0.126290
0.029923,0.179179,-0.128226
0.030520,0.178753,-0.127761
0.031052,0.179564,-0.125874
0.033748,0.179537,-0.125783
0.035101,0.178999,-0.127805
0.035938,0.178771,-0.127893
0.037566,0.180796,-0.128464
0.037667,0.180847,-0.127188
0.039681,0.180046,-0.128089
0.041973,0.180171,-0.128839
0.041833,0.179314,-0.128452
0.043182,0.180139,-0.128834
0.045999,0.177510,-0.129174
0.046994,0.179902,-0.130589
0.049877,0.180001,-0.130382
0.049712,0.180225,-0.129848
0.051425,0.180498,-0.128887
0.051410,0.177473,-0.129772
0.053876,0.178356,-0.129848
0.054837,0.178592,-0.129538
0.057249,0.179203,-0.130807
0.058426,0.180949,-0.132136
0.060255,0.179567,-0.129832
0.058948,0.179487,-0.131953
0.063902,0.178650,-0.128232
0.062627,0.181477,-0.130032
0.064462,0.178909,-0.130831
0.067323,0.178184,-0.129224
0.068029,0.179120,-0.129802
0.071151,0.178903,-0.129930
0.071276,0.178343,-0.130097
0.072555,0.180427,-0.130424
0.072136,0.178847,-0.130362
0.075998,0.179290,-0.129534
0.076579,0.178663,-0.126914
0.077243,0.179519,-0.128381
0.079094,0.177790,-0.128262
0.081286,0.181624,-0.127870
0.081540,0.178225,-0.125788
0.083582,0.179570,-0.127431
0.085962,0.178678,-0.127483
0.085494,0.179407,-0.127704
0.088427,0.179002,-0.125550
0.089912,0.179368,-0.123515
0.092979,0.179431,-0.124238
0.090626,0.180560,-0.122013
0.093345,0.179082,-0.121994
0.094773,0.178457,-0.121015
0.096048,0.178864,-0.120510
0.096622,0.177248,-0.118991
0.098798,0.177846,-0.118075
0.100656,0.178417,-0.117702
0.101253,0.178301,-0.116251
0.102048,0.178078,-0.116016
0.104046,0.179067,-0.115198
0.104932,0.178743,-0.113298
0.105995,0.177243,-0.113344
0.108963,0.178863,-0.112684
0.108931,0.176302,-0.111477
0.111494,0.178348,-0.112399
0.111256,0.178937,-0.110974
0.111878,0.178224,-0.110389
0.114949,0.178315,-0.110237
0.115157,0.179829,-0.111695
0.118284,0.178325,-0.111299
0.118378,0.176602,-0.111810
0.118945,0.177667,-0.110475
0.121696,0.178128,-0.109433
0.123086,0.178398,-0.109083
0.124185,0.176868,-0.107651
0.125654,0.177512,-0.109015
0.126819,0.179856,-0.109363
0.129881,0.178884,-0.107102
0.131550,0.178082,-0.110159
0.131895,0.178953,-0.109956
0.133306,0.178956,-0.105730
0.133640,0.178282,-0.109409
0.134170,0.179181,-0.108077
0.136881,0.178408,-0.108790
0.137365,0.177129,-0.109080
0.139002,0.177569,-0.110528
0.142409,0.177601,-0.107940
0.141554,0.177844,-0.108199
0.144240,0.178898,-0.108356
0.144992,0.178220,-0.110148
0.146750,0.177852,-0.108286
0.149681,0.178136,-0.110390
0.150111,0.179106,-0.109060
0.150666,0.179129,-0.109108
0.151539,0.176986,-0.108826
0.154550,0.177265,-0.110565
0.154723,0.176987,-0.108243
0.156771,0.178191,-0.110636
0.158384,0.177228,-0.109825
0.159347,0.177165,-0.109151
0.161008,0.177248,-0.109245
0.164590,0.177521,-0.110916
0.163506,0.177906,-0.112462
0.165084,0.176987,-0.111653
0.167467,0.179209,-0.113533
0.168510,0.178236,-0.112554
0.169140,0.177494,-0.114164
0.170559,0.178604,-0.113315
0.172329,0.178487,-0.113683
0.172599,0.178704,-0.117315
0.175593,0.181156,-0.118456
0.175641,0.180403,-0.118686
0.176615,0.179411,-0.120054
0.179226,0.180152,-0.123284
0.180024,0.178931,-0.123443
0.182682,0.177512,-0.124567
0.183510,0.178869,-0.126624
0.182504,0.179975,-0.125247
0.184611,0.176062,-0.128949
0.187424,0.179012,-0.130155
0.189682,0.179216,-0.130210
0.190056,0.178280,-0.132622
0.192277,0.181410,-0.133962
0.193203,0.180677,-0.135120
0.195011,0.179286,-0.137210
0.196366,0.180510,-0.139522
0.196833,0.179602,-0.139983
0.199408,0.179738,-0.142583
0.201699,0.180626,-0.145017
0.199961,0.180385,-0.146506
0.205572,0.179836,-0.148392
0.204654,0.180012,-0.149213
0.207020,0.181929,-0.152825
0.208871,0.180292,-0.155527
0.210149,0.181365,-0.160356
0.211690,0.182155,-0.160805
0.212821,0.183141,-0.164879
0.214640,0.180753,-0.167317
0.215443,0.181241,-0.170172
0.217681,0.182510,-0.170579
0.219636,0.183411,-0.174296
0.221213,0.182411,-0.177776
0.223720,0.180800,-0.179961
0.222854,0.184143,-0.184918
0.225545,0.183173,-0.188333
0.227669,0.185772,-0.190103
0.228714,0.184105,-0.196653
0.231040,0.183943,-0.204961
0.232087,0.185656,-0.212718
0.234298,0.186414,-0.223105
0.236263,0.185250,-0.229083
0.238533,0.186805,-0.234980
0.239735,0.187354,-0.243043
0.242735,0.186564,-0.253409
0.242983,0.190034,-0.259239
0.247116,0.189404,-0.267205
0.248442,0.189706,-0.276202
-0.043451,0.183717,-0.182533
-0.044067,0.183890,-0.175089
-0.042606,0.183394,-0.170387
-0.042398,0.184575,-0.166023
-0.038358,0.183842,-0.165130
-0.038065,0.182371,-0.161326
-0.036041,0.184939,-0.161003
-0.034177,0.183301,-0.157817
-0.033884,0.183526,-0.156483
-0.030782,0.184237,-0.154255
-0.028563,0.182814,-0.154160
-0.028099,0.182499,-0.150705
-0.027148,0.181895,-0.149868
-0.026020,0.181397,-0.148029
-0.024129,0.181405,-0.148204
-0.021480,0.182692,-0.145316
-0.021490,0.183209,-0.145047
-0.020703,0.182004,-0.143571
-0.019044,0.182012,-0.142520
-0.016743,0.183207,-0.141681
-0.013617,0.180875,-0.140506
-0.014146,0.183470,-0.139623
-0.012903,0.180724,-0.139807
-0.011978,0.180598,-0.137821
-0.012254,0.181316,-0.134678
-0.009868,0.181753,-0.135901
-0.007933,0.181559,-0.134732
-0.006089,0.181678,-0.135152
-0.005839,0.180245,-0.134776
-0.002438,0.181377,-0.134124
-0.001961,0.180139,-0.132626
-0.000946,0.179735,-0.133321
0.001318,0.181677,-0.134950
0.003185,0.181609,-0.131892
0.002164,0.181548,-0.130840
0.005460,0.182013,-0.130552
0.007983,0.181883,-0.130486
0.007296,0.181417,-0.130469
0.009262,0.181633,-0.130007
0.010316,0.181023,-0.128175
0.012620,0.182488,-0.128643
0.015936,0.179318,-0.129544
0.016995,0.180799,-0.127101
0.014870,0.182767,-0.126596
0.018271,0.181723,-0.127298
0.019306,0.181643,-0.127928
0.020594,0.181751,-0.128266
0.023207,0.181169,-0.128441
0.024195,0.180158,-0.128100
0.025261,0.182143,-0.128848
0.026527,0.181074,-0.128099
0.028137,0.181724,-0.127382
0.032023,0.182934,-0.127140
0.029850,0.181225,-0.127384
0.032625,0.180426,-0.125632
0.033475,0.183187,-0.126635
0.034061,0.180490,-0.127819
0.034640,0.182800,-0.126948
0.037460,0.179494,-0.127307
0.038970,0.181235,-0.128045
0.039673,0.180566,-0.128394
0.042811,0.182438,-0.127137
0.042584,0.183527,-0.128093
0.043364,0.180651,-0.129253
0.046705,0.181572,-0.129485
0.045773,0.181297,-0.129790
0.046999,0.178924,-0.130894
0.050797,0.180013,-0.127850
0.051932,0.180394,-0.129209
0.052136,0.180745,-0.129028
0.055890,0.181088,-0.131301
0.057105,0.180569,-0.131632
0.056212,0.182012,-0.130934
0.058627,0.180272,-0.131718
0.060714,0.179670,-0.131490
0.061323,0.182258,-0.131815
0.063747,0.180450,-0.131754
0.063869,0.181001,-0.131696
0.065983,0.182600,-0.131551
0.065963,0.182436,-0.131086
0.067394,0.182029,-0.130653
0.070110,0.181605,-0.131811
0.069660,0.181238,-0.129576
0.072395,0.180920,-0.130202
0.072662,0.182051,-0.129801
0.075283,0.181451,-0.130674
0.076560,0.181241,-0.127582
0.076913,0.181231,-0.130373
0.078138,0.180616,-0.130663
0.081770,0.181193,-0.127858
0.081953,0.180146,-0.128817
0.084336,0.181359,-0.126214
0.083937,0.182070,-0.127359
0.086387,0.180579,-0.127622
0.086778,0.178860,-0.125764
0.088068,0.179892,-0.125810
0.090218,0.180683,-0.125260
0.092625,0.179222,-0.123603
0.093455,0.180696,-0.123098
0.094776,0.181216,-0.122365
0.095860,0.179662,-0.120014
0.096916,0.182072,-0.121374
0.097062,0.181276,-0.120510
0.099267,0.181323,-0.116524
0.100070,0.182190,-0.115345
0.102460,0.179084,-0.117929
0.102898,0.179693,-0.115020
0.105152,0.180172,-0.114414
0.108280,0.180628,-0.113295
0.110224,0.179852,-0.112564
0.110312,0.180279,-0.114253
0.109753,0.182186,-0.114442
0.110865,0.180865,-0.112944
0.113632,0.179504,-0.112168
0.115025,0.178780,-0.113165
0.117434,0.179657,-0.112100
0.115567,0.180308,-0.111872
0.118535,0.179727,-0.110023
0.119772,0.179266,-0.111520
0.123717,0.179803,-0.110360
0.122929,0.179681,-0.110294
0.123877,0.179906,-0.109192
0.125435,0.179427,-0.108361
0.129038,0.180384,-0.110660
0.129102,0.177669,-0.109597
0.129901,0.179549,-0.109223
0.128787,0.178951,-0.108637
0.132164,0.179238,-0.110925
0.133797,0.180078,-0.109817
0.135452,0.179711,-0.110592
0.136812,0.178690,-0.109827
0.140625,0.178296,-0.108753
0.139150,0.178748,-0.110337
0.141745,0.178708,-0.107326
0.143445,0.177683,-0.109248
0.142852,0.178869,-0.111238
0.145260,0.181530,-0.108542
0.146193,0.180744,-0.108486
0.149169,0.179303,-0.109807
0.149920,0.179394,-0.109647
0.150009,0.180600,-0.111909
0.152566,0.180568,-0.109468
0.153921,0.178063,-0.111052
0.153866,0.178823,-0.109539
0.156322,0.179027,-0.109507
0.158666,0.181096,-0.110263
0.157910,0.179611,-0.110172
0.160922,0.181570,-0.112356
0.161396,0.179559,-0.109377
0.162901,0.178499,-0.112890
0.162969,0.178889,-0.112240
0.165095,0.180706,-0.113028
0.167187,0.179138,-0.112766
0.168865,0.182746,-0.114741
0.170512,0.179757,-0.114525
0.172578,0.180031,-0.115394
0.171429,0.180524,-0.116621
0.173393,0.178787,-0.115633
0.177590,0.178119,-0.121198
0.176354,0.181101,-0.122272
0.178747,0.181000,-0.123137
0.179619,0.180941,-0.126108
0.183368,0.179381,-0.127607
0.184990,0.180299,-0.127166
0.183901,0.182151,-0.128706
0.185991,0.181604,-0.130786
0.187967,0.181719,-0.131278
0.188586,0.180063,-0.132052
0.190935,0.179740,-0.135253
0.192275,0.182169,-0.136653
0.194326,0.182043,-0.136412
0.194859,0.182020,-0.139330
0.196876,0.181725,-0.138416
0.196737,0.183724,-0.141548
0.198224,0.181774,-0.143020
0.199272,0.181422,-0.144295
0.202321,0.181592,-0.147634
0.203804,0.183291,-0.149497
0.205772,0.182046,-0.151124
0.206538,0.182052,-0.152910
0.208670,0.183427,-0.157931
0.209055,0.182426,-0.159938
0.211299,0.184075,-0.162369
0.213097,0.183683,-0.164419
0.214724,0.182509,-0.166789
0.215868,0.185122,-0.167595
0.219176,0.183228,-0.171186
0.219209,0.184493,-0.174428
0.220804,0.184674,-0.175435
0.222910,0.185732,-0.179816
0.224041,0.185333,-0.180934
0.226378,0.186048,-0.185366
0.227299,0.185877,-0.190093
0.228565,0.185897,-0.195131
0.231157,0.186751,-0.203540
0.232279,0.187651,-0.211037
0.234282,0.186648,-0.218952
0.237308,0.186905,-0.225892
0.238201,0.188889,-0.234882
0.239481,0.188602,-0.243605
0.242085,0.190557,-0.251049
0.244818,0.189038,-0.260228
0.245739,0.188836,-0.266293
0.249048,0.191393,-0.275016
-0.044311,0.185346,-0.185508
-0.041102,0.184398,-0.177653
-0.042239,0.185248,-0.173357
-0.040302,0.185160,-0.169115
-0.038229,0.185687,-0.166805
-0.036906,0.185522,-0.166611
-0.036846,0.183705,-0.160977
-0.036046,0.184922,-0.159038
-0.031930,0.183936,-0.157838
-0.032941,0.182922,-0.157967
-0.028685,0.185020,-0.156079
-0.029358,0.183125,-0.152505
-0.029441,0.184843,-0.152336
-0.027113,0.183769,-0.149771
-0.022785,0.182812,-0.148456
-0.022886,0.182958,-0.145616
-0.021563,0.183125,-0.144894
-0.020809,0.183802,-0.144418
-0.019228,0.185200,-0.143039
-0.015359,0.183775,-0.142091
-0.015537,0.183730,-0.141737
-0.013415,0.183642,-0.139581
-0.012149,0.183342,-0.139289
-0.011609,0.184241,-0.138577
-0.010381,0.182889,-0.138245
-0.008757,0.183809,-0.136489
-0.005673,0.181898,-0.135515
-0.007977,0.182295,-0.136931
-0.004070,0.183922,-0.134569
-0.001709,0.181976,-0.135821
-0.001084,0.183062,-0.133784
0.001758,0.183119,-0.132687
0.000610,0.182445,-0.134759
0.000918,0.182815,-0.132798
0.002586,0.185073,-0.132220
0.005868,0.182344,-0.130776
0.007052,0.182682,-0.130722
0.009664,0.181952,-0.131587
0.009257,0.182735,-0.131252
0.012840,0.181817,-0.129704
0.014004,0.182141,-0.129385
0.014871,0.182011,-0.128684
0.016113,0.182963,-0.128882
0.016219,0.181698,-0.127485
0.018033,0.182713,-0.129431
0.019498,0.181237,-0.126542
0.018951,0.182367,-0.129118
0.023028,0.181333,-0.126879
0.022875,0.181467,-0.127700
0.025780,0.184441,-0.127927
0.025408,0.183147,-0.128216
0.027936,0.181118,-0.127743
0.028460,0.183882,-0.126176
0.030168,0.181674,-0.128597
0.032326,0.181004,-0.129521
0.034525,0.181896,-0.126993
0.034728,0.183004,-0.128736
0.034648,0.180323,-0.127191
0.037996,0.181656,-0.128342
0.039990,0.182956,-0.128062
0.040256,0.180776,-0.128701
0.041016,0.181924,-0.130017
0.041922,0.182744,-0.126431
0.044434,0.180252,-0.127978
0.043890,0.184202,-0.128304
0.049439,0.182447,-0.128278
0.048793,0.182408,-0.130816
0.049772,0.183232,-0.129843
0.053842,0.184680,-0.131733
0.055297,0.183645,-0.131250
0.055154,0.183355,-0.131535
0.055189,0.182606,-0.131273
0.059552,0.181802,-0.129409
0.059051,0.183727,-0.131619
0.060587,0.183472,-0.133103
0.061883,0.182433,-0.133330
0.061795,0.183176,-0.132740
0.063796,0.182498,-0.132318
0.064956,0.183631,-0.132688
0.066300,0.184125,-0.131155
0.066672,0.181609,-0.131755
0.070501,0.185467,-0.130616
0.071456,0.181772,-0.130493
0.073082,0.180522,-0.130538
0.072444,0.183508,-0.129182
0.074707,0.181271,-0.129243
0.077338,0.182509,-0.129473
0.079537,0.182109,-0.129671
0.080490,0.185022,-0.130108
0.079367,0.180464,-0.127239
0.083012,0.181292,-0.128299
0.082624,0.183214,-0.129174
0.086236,0.183451,-0.127635
0.087043,0.182154,-0.129271
0.089555,0.181526,-0.126951
0.087375,0.182466,-0.125879
0.090149,0.179771,-0.124272
0.092378,0.182084,-0.124026
0.092871,0.182021,-0.122679
0.094010,0.180370,-0.123509
0.094694,0.182429,-0.121207
0.096008,0.181288,-0.122206
0.099395,0.182970,-0.120244
0.099318,0.179606,-0.119373
0.099867,0.182317,-0.118304
0.101977,0.181654,-0.118083
0.104128,0.181624,-0.115155
0.104209,0.183242,-0.116945
0.105730,0.181390,-0.115211
0.106602,0.181810,-0.115869
0.108889,0.182324,-0.113788
0.109593,0.180913,-0.112957
0.113185,0.182398,-0.112410
0.112509,0.183442,-0.112489
0.113447,0.180831,-0.112850
0.116551,0.180851,-0.112019
0.117169,0.179350,-0.110576
0.118811,0.181947,-0.112222
0.121588,0.180252,-0.111979
0.122113,0.182261,-0.111649
0.122475,0.181324,-0.112093
0.125539,0.180617,-0.110669
0.124711,0.182540,-0.110480
0.126956,0.179736,-0.110790
0.128473,0.181311,-0.109931
0.129081,0.180033,-0.109667
0.132865,0.180181,-0.110681
0.132948,0.179763,-0.111419
0.132447,0.180791,-0.111372
0.135854,0.180898,-0.109167
0.136641,0.181234,-0.109177
0.139067,0.181198,-0.110381
0.139434,0.180794,-0.112053
0.138793,0.181348,-0.111568
0.142338,0.180830,-0.110019
0.142572,0.182142,-0.110180
0.144965,0.184667,-0.109598
0.146405,0.182436,-0.111549
0.148452,0.182179,-0.113620
0.150098,0.182055,-0.111060
0.151031,0.181075,-0.111553
0.151366,0.181705,-0.111382
0.153757,0.182067,-0.111410
0.156278,0.182180,-0.113199
0.156472,0.183423,-0.111943
0.158675,0.182557,-0.112723
0.160126,0.180291,-0.112166
0.161049,0.181919,-0.113909
0.161264,0.182151,-0.112587
0.166053,0.182051,-0.110978
0.168451,0.180991,-0.114913
0.166550,0.179694,-0.112184
0.168159,0.180911,-0.114546
0.168109,0.182037,-0.114346
0.171389,0.180884,-0.118047
0.171049,0.183824,-0.117142
0.174205,0.181262,-0.118031
0.174169,0.182858,-0.121402
0.174785,0.182449,-0.121012
0.177870,0.182987,-0.120994
0.180129,0.182536,-0.123748
0.180490,0.182524,-0.126316
0.182000,0.181987,-0.127464
0.181688,0.184099,-0.128546
0.184612,0.182495,-0.129417
0.185978,0.182308,-0.131236
0.187203,0.182285,-0.131477
0.189987,0.183658,-0.132511
0.190887,0.181612,-0.136693
0.190805,0.184163,-0.135847
0.192411,0.183926,-0.138418
0.196751,0.182878,-0.139335
0.196185,0.182496,-0.141579
0.198455,0.180631,-0.144240
0.200292,0.183036,-0.146019
0.200972,0.183579,-0.145484
0.202013,0.183160,-0.148335
0.203574,0.184878,-0.148357
0.205480,0.182910,-0.152985
0.207140,0.184854,-0.154099
0.209234,0.185592,-0.158081
0.210584,0.184470,-0.159857
0.211142,0.186356,-0.162133
0.212998,0.186336,-0.163936
0.215051,0.185957,-0.166160
0.215861,0.186421,-0.166884
0.217802,0.186004,-0.169775
0.218766,0.183377,-0.173201
0.221927,0.185728,-0.175892
0.222445,0.185956,-0.179629
0.223772,0.186161,-0.181366
0.224552,0.186211,-0.184437
0.227239,0.187983,-0.187920
0.226398,0.188195,-0.194794
0.231016,0.187721,-0.201773
0.230729,0.189164,-0.210232
0.234424,0.189524,-0.217962
0.236386,0.189903,-0.223401
0.237820,0.190622,-0.232208
0.240868,0.191741,-0.241986
0.241637,0.191046,-0.250605
0.244616,0.189975,-0.258454
0.247058,0.192062,-0.263226
0.246885,0.193032,-0.273745
0.248327,0.194606,-0.282207
-0.046002,0.188172,-0.189208
-0.042267,0.187334,-0.180776
-0.042713,0.186249,-0.173966
-0.039276,0.188012,-0.171041
-0.041390,0.187624,-0.167446
-0.036047,0.185996,-0.165333
-0.036596,0.188078,-0.163540
-0.034071,0.185893,-0.161723
-0.033465,0.187125,-0.158598
-0.031447,0.186259,-0.156184
-0.029883,0.186144,-0.154853
-0.028531,0.185078,-0.152397
-0.026160,0.184773,-0.149655
-0.025401,0.184682,-0.148483
-0.025421,0.186334,-0.148527
-0.022146,0.185161,-0.150326
-0.021868,0.185289,-0.146378
-0.020286,0.186790,-0.145820
-0.018038,0.184788,-0.144126
-0.017181,0.184650,-0.141248
-0.017117,0.184189,-0.142031
-0.014624,0.184345,-0.140830
-0.010840,0.185357,-0.140588
-0.011373,0.185138,-0.140770
-0.011432,0.185988,-0.138057
-0.009654,0.184963,-0.139562
-0.007558,0.185225,-0.135997
-0.004425,0.185144,-0.137156
-0.004649,0.183783,-0.134573
-0.004430,0.183980,-0.136131
-0.001290,0.184914,-0.136579
0.001402,0.185516,-0.134060
0.002622,0.184145,-0.133858
0.001706,0.185112,-0.133451
0.004009,0.184185,-0.131551
0.005696,0.183637,-0.132844
0.004818,0.183180,-0.132743
0.007259,0.185348,-0.131049
0.009724,0.184057,-0.131060
0.011213,0.186149,-0.131357
0.013303,0.184153,-0.129864
0.015076,0.182667,-0.129626
0.016269,0.182805,-0.130587
0.018461,0.184781,-0.129321
0.017873,0.184666,-0.129185
0.019460,0.183421,-0.129794
0.022921,0.184774,-0.128739
0.021681,0.183642,-0.129637
0.024447,0.185950,-0.129091
0.026168,0.183926,-0.126167
0.024706,0.184650,-0.127711
0.028430,0.183089,-0.128190
0.027878,0.183117,-0.128782
0.032092,0.184231,-0.128214
0.031937,0.182859,-0.130242
0.034196,0.182675,-0.128218
0.034472,0.184152,-0.128757
0.036168,0.185258,-0.127500
0.037920,0.184031,-0.129824
0.038579,0.185091,-0.128184
0.041241,0.184360,-0.127814
0.043018,0.184575,-0.129184
0.042603,0.185446,-0.129071
0.042938,0.182685,-0.129246
0.047372,0.183249,-0.130094
0.048448,0.184249,-0.130397
0.049177,0.185137,-0.128968
0.048359,0.185604,-0.131774
0.052000,0.183226,-0.131613
0.053124,0.185141,-0.130018
0.053509,0.187189,-0.131890
0.057125,0.185329,-0.131574
0.056388,0.183532,-0.133232
0.058939,0.183053,-0.133721
0.060451,0.184191,-0.132670
0.062259,0.183476,-0.133622
0.063459,0.183078,-0.133853
0.065147,0.185584,-0.134119
0.064352,0.183859,-0.131998
0.066101,0.185152,-0.134040
0.067524,0.182520,-0.131769
0.069779,0.184880,-0.132159
0.071791,0.185097,-0.132659
0.070434,0.185866,-0.130911
0.071665,0.184724,-0.129991
0.075520,0.183737,-0.130665
0.076282,0.184064,-0.129668
0.078431,0.185105,-0.129913
0.077897,0.183809,-0.131335
0.081945,0.184773,-0.129349
0.082553,0.184512,-0.129654
0.081512,0.183796,-0.129161
0.085195,0.184357,-0.127356
0.086287,0.183628,-0.128937
0.085961,0.184456,-0.127312
0.087467,0.184224,-0.127367
0.089145,0.183241,-0.125297
0.092793,0.182463,-0.127554
0.092301,0.183379,-0.125876
0.094029,0.183326,-0.123718
0.093124,0.185016,-0.123280
0.097711,0.183298,-0.120773
0.098527,0.182901,-0.120212
0.101110,0.183576,-0.119854
0.099371,0.182573,-0.119165
0.102926,0.184883,-0.117695
0.103972,0.182625,-0.117593
0.105668,0.182571,-0.117501
0.107470,0.182894,-0.116690
0.106610,0.183664,-0.115948
0.108890,0.183204,-0.115966
0.111795,0.184139,-0.114123
0.111493,0.182049,-0.116107
0.113567,0.182615,-0.114041
0.115454,0.183608,-0.115483
0.117267,0.182582,-0.113969
0.116382,0.182178,-0.113310
0.120061,0.183091,-0.113283
0.120060,0.183431,-0.111774
0.121502,0.184634,-0.111924
0.125116,0.183808,-0.113219
0.125076,0.184695,-0.112831
0.127608,0.182972,-0.111962
0.128528,0.181711,-0.110580
0.128945,0.183084,-0.109550
0.131285,0.183487,-0.110793
0.131926,0.181773,-0.112100
0.132888,0.182858,-0.110938
0.132143,0.183265,-0.112318
0.135067,0.182307,-0.112206
0.136522,0.183593,-0.110435
0.138885,0.181866,-0.114701
0.142968,0.181879,-0.112922
0.139626,0.183668,-0.112192
0.142182,0.182318,-0.112125
0.143672,0.182052,-0.113759
0.145625,0.183397,-0.112042
0.145139,0.183787,-0.110983
0.148381,0.182577,-0.112518
0.149223,0.183609,-0.112239
0.153023,0.182291,-0.113348
0.151197,0.182690,-0.113037
0.154027,0.182743,-0.113506
0.156324,0.180648,-0.114339
0.155134,0.183550,-0.113546
0.157432,0.182773,-0.112307
0.159396,0.182659,-0.112647
0.158837,0.184716,-0.113226
0.161695,0.181441,-0.114150
0.162899,0.183331,-0.113499
0.165373,0.182941,-0.113287
0.166311,0.184050,-0.115164
0.166594,0.183634,-0.114840
0.167827,0.183241,-0.116181
0.170655,0.182872,-0.116183
0.173427,0.183097,-0.119281
0.172901,0.185653,-0.120175
0.176822,0.185003,-0.120691
0.176997,0.182985,-0.123981
0.179316,0.182809,-0.124954
0.179220,0.184517,-0.126162
0.182127,0.184854,-0.127754
0.181154,0.185957,-0.128815
0.183267,0.183292,-0.130040
0.184221,0.185422,-0.133018
0.187176,0.185349,-0.133333
0.186050,0.185480,-0.134340
0.189950,0.184214,-0.136806
0.191006,0.183759,-0.136353
0.192600,0.183786,-0.137183
0.194117,0.185518,-0.141737
0.195083,0.183846,-0.141154
0.198447,0.185774,-0.139353
0.197835,0.185110,-0.143450
0.199301,0.185299,-0.147393
0.200293,0.185829,-0.146218
0.201120,0.185770,-0.149118
0.204270,0.186436,-0.152468
0.205330,0.184093,-0.152059
0.208961,0.185162,-0.155725
0.207895,0.185404,-0.158808
0.209788,0.186639,-0.160739
0.210984,0.185167,-0.162091
0.212779,0.186095,-0.164358
0.216242,0.186806,-0.165707
0.215900,0.185829,-0.165756
0.219360,0.188270,-0.170168
0.218098,0.186589,-0.172411
0.220441,0.187440,-0.172971
0.222480,0.187471,-0.178279
0.222969,0.188472,-0.182014
0.224463,0.187344,-0.184700
0.226716,0.190764,-0.186010
0.230104,0.189005,-0.192189
0.230270,0.187077,-0.201418
0.233159,0.188931,-0.208129
0.235521,0.189920,-0.215711
0.235570,0.192210,-0.223434
0.238633,0.190620,-0.231721
0.239596,0.191833,-0.241138
0.240260,0.192564,-0.249063
0.245420,0.193891,-0.256599
0.246135,0.192787,-0.264452
0.248137,0.194225,-0.273121
0.249653,0.193540,-0.279794
-0.044690,0.189765,-0.190084
-0.042840,0.189437,-0.184189
-0.041696,0.189394,-0.175544
-0.039899,0.187656,-0.173514
-0.038730,0.189967,-0.168979
-0.036992,0.188373,-0.167952
-0.036765,0.188884,-0.165552
-0.035297,0.189747,-0.161511
-0.031713,0.186140,-0.159557
-0.031889,0.189719,-0.158459
-0.030239,0.187688,-0.156013
-0.027895,0.188090,-0.154331
-0.026864,0.186397,-0.151156
-0.026693,0.187805,-0.150668
-0.024315,0.184954,-0.150286
-0.024438,0.186724,-0.147636
-0.022709,0.187782,-0.148882
-0.020011,0.187078,-0.144587
-0.018867,0.185047,-0.142833
-0.015959,0.185742,-0.146145
-0.013980,0.189241,-0.145318
-0.015044,0.187649,-0.141966
-0.012779,0.187339,-0.140710
-0.011478,0.188151,-0.141600
-0.010774,0.186977,-0.139916
-0.009773,0.185649,-0.138021
-0.008514,0.185761,-0.139378
-0.006051,0.185660,-0.136715
-0.004146,0.187440,-0.136333
-0.001722,0.186337,-0.134397
-0.000805,0.187131,-0.135824
-0.001074,0.186210,-0.134452
0.001764,0.186721,-0.134005
0.002689,0.187055,-0.132407
0.003631,0.186095,-0.132797
0.006126,0.184951,-0.131844
0.006100,0.185375,-0.132107
0.008121,0.184829,-0.132104
0.008030,0.186456,-0.130774
0.012015,0.187283,-0.131958
0.012358,0.187344,-0.131273
0.013124,0.184773,-0.130252
0.015883,0.185489,-0.130290
0.015563,0.186277,-0.131537
0.017095,0.186447,-0.130312
0.018734,0.185992,-0.129145
0.020534,0.185032,-0.128558
0.022157,0.185535,-0.129776
0.023193,0.184427,-0.130386
0.024840,0.184728,-0.129846
0.024464,0.186168,-0.128886
0.027531,0.185975,-0.128759
0.029608,0.187133,-0.128977
0.029700,0.183355,-0.129289
0.032527,0.184231,-0.130446
0.033353,0.185626,-0.130436
0.033876,0.185554,-0.128141
0.037536,0.185785,-0.130303
0.037258,0.186503,-0.128951
0.037962,0.186037,-0.129618
0.039342,0.185880,-0.128853
0.042213,0.184570,-0.130108
0.042919,0.186683,-0.130455
0.043693,0.186270,-0.127861
0.045120,0.184507,-0.129998
0.048522,0.187189,-0.130134
0.048364,0.186248,-0.131204
0.052246,0.187919,-0.130206
0.052130,0.187658,-0.130808
0.052428,0.187450,-0.132213
0.051443,0.186675,-0.133879
0.055821,0.185916,-0.133609
0.056622,0.186015,-0.133406
0.057685,0.185711,-0.133283
0.058518,0.185400,-0.133247
0.060367,0.184790,-0.131933
0.061517,0.186092,-0.133485
0.065034,0.185527,-0.131791
0.065717,0.185986,-0.133046
0.066819,0.187616,-0.134749
0.067620,0.186327,-0.130949
0.067725,0.185035,-0.132002
0.070953,0.185708,-0.130897
0.074291,0.185893,-0.128879
0.072548,0.184184,-0.131314
0.075047,0.187638,-0.131693
0.075069,0.187760,-0.131516
0.078563,0.186039,-0.130612
0.078613,0.186777,-0.130689
0.081118,0.187660,-0.131563
0.082991,0.186494,-0.131286
0.083556,0.186384,-0.131373
0.084363,0.186123,-0.129901
0.090362,0.185734,-0.130386
0.086826,0.185584,-0.127248
0.088822,0.184835,-0.129104
0.091389,0.185328,-0.125395
0.092112,0.185131,-0.126063
0.093516,0.186292,-0.125506
0.094508,0.183009,-0.125234
0.096962,0.183488,-0.122809
0.095830,0.185165,-0.123988
0.098129,0.184219,-0.121193
0.100457,0.185600,-0.120653
0.101727,0.184915,-0.120191
0.100321,0.184266,-0.118498
0.104394,0.183337,-0.117571
0.106648,0.185600,-0.118241
0.105658,0.186769,-0.116847
0.109761,0.185322,-0.118813
0.109597,0.183383,-0.116871
0.109037,0.183889,-0.117262
0.112605,0.185973,-0.114894
0.112985,0.186628,-0.117160
0.115625,0.186546,-0.115169
0.117714,0.184558,-0.114268
0.117801,0.184422,-0.116319
0.120478,0.184333,-0.113655
0.120542,0.186473,-0.115703
0.121097,0.185874,-0.113693
0.123048,0.185885,-0.114187
0.125304,0.183434,-0.113468
0.124297,0.187070,-0.114405
0.127464,0.184230,-0.113383
0.129383,0.185597,-0.112675
0.130429,0.184145,-0.115876
0.131911,0.184505,-0.112912
0.133367,0.184111,-0.114220
0.133070,0.184781,-0.113009
0.137731,0.184412,-0.113532
0.137683,0.183443,-0.112459
0.138175,0.184010,-0.111673
0.139844,0.183709,-0.113106
0.140770,0.183894,-0.113177
0.143868,0.185502,-0.113747
0.145040,0.184212,-0.111763
0.146175,0.185347,-0.113545
0.147635,0.184471,-0.113060
0.147363,0.185640,-0.111966
0.149846,0.184176,-0.113523
0.150785,0.184085,-0.115810
0.152113,0.185957,-0.114011
0.153685,0.183445,-0.112745
0.157478,0.183835,-0.113429
0.157080,0.183885,-0.114778
0.157426,0.184641,-0.114560
0.158283,0.184235,-0.113677
0.161546,0.185696,-0.113676
0.161901,0.184480,-0.116228
0.163321,0.184713,-0.117292
0.164751,0.186279,-0.115019
0.165900,0.184133,-0.117359
0.166874,0.184692,-0.118245
0.168435,0.186135,-0.119630
0.169937,0.184385,-0.119200
0.171282,0.184931,-0.120126
0.174527,0.185741,-0.122982
0.175569,0.185745,-0.122890
0.177161,0.185757,-0.124784
0.176945,0.186021,-0.128148
0.177726,0.185548,-0.127124
0.181107,0.186055,-0.128879
0.181559,0.186751,-0.131590
0.184511,0.185913,-0.132574
0.184120,0.186277,-0.133303
0.185684,0.184925,-0.134003
0.188558,0.186974,-0.136149
0.190162,0.185819,-0.138387
0.191746,0.188391,-0.141869
0.192627,0.185619,-0.141964
0.193579,0.187568,-0.142997
0.195588,0.186920,-0.144572
0.197213,0.188004,-0.145332
0.198793,0.186533,-0.148183
0.198682,0.187165,-0.149785
0.201008,0.187858,-0.150706
0.202097,0.187670,-0.149451
0.205014,0.188414,-0.155099
0.206118,0.188077,-0.154796
0.209251,0.188028,-0.155153
0.208432,0.188518,-0.158894
0.211295,0.186841,-0.160785
0.211850,0.188702,-0.162570
0.213233,0.188142,-0.163025
0.213604,0.189005,-0.166988
0.214425,0.190293,-0.169090
0.219753,0.187460,-0.169960
0.219206,0.190585,-0.173681
0.221081,0.186937,-0.175617
0.222494,0.190103,-0.179023
0.223714,0.190845,-0.181119
0.226460,0.190702,-0.181130
0.227603,0.190054,-0.185360
0.226991,0.190111,-0.191864
0.230104,0.191745,-0.201498
0.230743,0.192151,-0.206529
0.233997,0.191209,-0.215229
0.237920,0.191794,-0.224145
0.240065,0.193787,-0.229578
0.241244,0.194197,-0.238108
0.241877,0.193148,-0.246102
0.242885,0.193652,-0.256989
0.245905,0.193791,-0.263121
0.247067,0.196293,-0.270527
0.248629,0.196980,-0.279420
-0.045173,0.193584,-0.193129
-0.043857,0.191776,-0.186768
-0.042298,0.191085,-0.180429
-0.039034,0.190428,-0.176354
-0.039342,0.188956,-0.170736
-0.036809,0.190670,-0.167540
-0.033964,0.190090,-0.164954
-0.034827,0.189451,-0.164465
-0.034890,0.189470,-0.161649
-0.031944,0.189998,-0.158811
-0.030904,0.189635,-0.158153
-0.028079,0.189136,-0.155775
-0.026617,0.187110,-0.154170
-0.025812,0.188701,-0.151468
-0.024149,0.187990,-0.150720
-0.022531,0.186488,-0.147823
-0.020847,0.189312,-0.147183
-0.020448,0.188718,-0.146252
-0.018781,0.189618,-0.147285
-0.015422,0.188413,-0.144445
-0.015990,0.188422,-0.142586
-0.013824,0.187958,-0.142332
-0.012979,0.187072,-0.141922
-0.013463,0.189287,-0.141757
-0.010088,0.188093,-0.140223
-0.007497,0.187526,-0.137850
-0.007184,0.187960,-0.138973
-0.005034,0.187825,-0.138911
-0.004467,0.188630,-0.137674
-0.003413,0.189419,-0.135607
-0.000314,0.187796,-0.136780
-0.001008,0.186444,-0.133487
0.002139,0.187093,-0.136512
0.000898,0.186681,-0.133787
0.004928,0.187861,-0.133263
0.005281,0.186908,-0.133209
0.006717,0.187474,-0.134676
0.007151,0.187091,-0.132941
0.009881,0.188916,-0.132781
0.009715,0.186801,-0.134409
0.012526,0.187592,-0.130747
0.014219,0.187694,-0.131229
0.015241,0.188655,-0.131981
0.016677,0.188620,-0.131892
0.018235,0.186246,-0.133381
0.021112,0.188339,-0.132617
0.020861,0.186335,-0.129690
0.023345,0.188863,-0.130852
0.021846,0.188774,-0.132801
0.022991,0.188318,-0.129501
0.026543,0.188079,-0.128941
0.024996,0.187010,-0.127739
0.029396,0.188189,-0.128177
0.030999,0.186557,-0.130573
0.031771,0.188792,-0.129076
0.032491,0.186421,-0.131915
0.036446,0.187200,-0.128437
0.037014,0.187597,-0.129119
0.037376,0.187470,-0.131071
0.038926,0.187888,-0.129381
0.039634,0.188850,-0.129436
0.041304,0.187003,-0.129934
0.042195,0.186224,-0.129404
0.044423,0.187443,-0.129909
0.045207,0.187557,-0.131234
0.047343,0.186760,-0.130994
0.049353,0.188965,-0.133649
0.048183,0.185796,-0.130554
0.050537,0.187272,-0.131419
0.052707,0.187904,-0.132567
0.055650,0.184965,-0.131287
0.054821,0.187380,-0.131016
0.054709,0.188321,-0.133873
0.058856,0.187422,-0.134467
0.059953,0.187159,-0.135212
0.061836,0.186222,-0.132778
0.061914,0.187205,-0.134232
0.064653,0.189230,-0.134509
0.065785,0.189481,-0.133365
0.066023,0.187581,-0.133888
0.069911,0.188403,-0.132233
0.069261,0.188750,-0.132849
0.070767,0.188521,-0.133781
0.071357,0.188731,-0.133254
0.073621,0.188357,-0.132515
0.073855,0.187648,-0.132425
0.076619,0.187763,-0.134418
0.075224,0.187945,-0.132843
0.077869,0.187572,-0.131199
0.079457,0.186729,-0.130254
0.080097,0.186144,-0.131053
0.084129,0.186897,-0.130456
0.083359,0.187489,-0.132259
0.086204,0.188392,-0.129285
0.087554,0.188688,-0.129669
0.089027,0.187962,-0.127150
0.090557,0.187032,-0.129332
0.092662,0.188880,-0.127127
0.091950,0.188233,-0.125000
0.096125,0.187298,-0.125678
0.094293,0.185927,-0.124598
0.097686,0.188976,-0.123049
0.097409,0.185909,-0.120532
0.101007,0.186425,-0.122590
0.100608,0.188605,-0.121454
0.103790,0.185525,-0.120565
0.102616,0.189212,-0.118785
0.104546,0.185805,-0.117848
0.107204,0.185838,-0.118576
0.107548,0.185631,-0.117572
0.110601,0.186211,-0.116616
0.110689,0.187826,-0.115699
0.111186,0.187406,-0.115628
0.112408,0.187902,-0.117313
0.117208,0.187659,-0.115505
0.115153,0.186969,-0.116246
0.115211,0.185226,-0.117701
0.120146,0.185974,-0.115829
0.120591,0.187174,-0.116673
0.121497,0.185455,-0.116141
0.123229,0.187500,-0.114428
0.124996,0.186967,-0.113369
0.127311,0.186344,-0.114330
0.128037,0.186193,-0.114494
0.128135,0.186451,-0.114103
0.129095,0.186669,-0.113893
0.129976,0.188673,-0.114544
0.131573,0.187179,-0.113876
0.134113,0.185287,-0.113218
0.136527,0.186606,-0.112836
0.138404,0.185793,-0.113770
0.136516,0.184433,-0.113860
0.140433,0.184568,-0.114601
0.143704,0.185511,-0.114881
0.143499,0.186415,-0.112805
0.143953,0.186613,-0.116111
0.147256,0.184882,-0.116461
0.146734,0.186825,-0.113068
0.149156,0.185045,-0.114102
0.147332,0.185778,-0.114997
0.149744,0.186189,-0.114626
0.153915,0.186985,-0.115781
0.154244,0.186293,-0.114298
0.152664,0.188317,-0.117275
0.155695,0.187035,-0.112972
0.156211,0.186255,-0.115922
0.160969,0.187638,-0.115604
0.160116,0.186346,-0.117194
0.160944,0.185850,-0.117960
0.161572,0.187734,-0.116891
0.165015,0.186715,-0.117665
0.167151,0.187863,-0.117865
0.167038,0.187587,-0.119507
0.168335,0.186241,-0.119677
0.170515,0.187777,-0.122548
0.173828,0.188237,-0.123849
0.174062,0.186579,-0.126226
0.173616,0.186406,-0.126427
0.175487,0.187785,-0.128507
0.178681,0.188319,-0.126185
0.179464,0.188485,-0.132198
0.181462,0.187087,-0.132857
0.181629,0.188920,-0.132981
0.183120,0.187457,-0.134311
0.184734,0.186833,-0.134232
0.187104,0.187682,-0.138038
0.189400,0.188841,-0.139097
0.188890,0.188944,-0.139740
0.192028,0.189281,-0.140466
0.193960,0.188783,-0.144611
0.194352,0.188983,-0.145073
0.194646,0.187826,-0.145389
0.197402,0.188377,-0.147138
0.198472,0.189673,-0.147183
0.199092,0.189640,-0.149679
0.200678,0.189471,-0.152420
0.202635,0.191449,-0.151717
0.203226,0.188389,-0.153295
0.206838,0.188309,-0.155220
0.207276,0.188367,-0.155669
0.209832,0.191532,-0.159214
0.209734,0.190608,-0.160383
0.212211,0.189940,-0.162789
0.211702,0.190584,-0.162909
0.214954,0.190310,-0.166761
0.216838,0.190647,-0.166475
0.216374,0.191764,-0.171171
0.219521,0.189636,-0.173663
0.220478,0.192257,-0.176758
0.220728,0.189712,-0.177793
0.225192,0.190813,-0.180364
0.225754,0.190506,-0.183226
0.226737,0.191707,-0.184354
0.228689,0.191224,-0.193185
0.230181,0.190924,-0.199611
0.232376,0.193082,-0.207061
0.233122,0.192117,-0.213319
0.236185,0.193937,-0.222108
0.238034,0.194186,-0.228541
0.238657,0.194425,-0.238424
0.241307,0.196482,-0.247133
0.245341,0.195319,-0.255228
0.246440,0.195313,-0.261787
0.248735,0.196807,-0.270892
0.250893,0.197577,-0.281213
-0.044916,0.194294,-0.190894
-0.043063,0.194413,-0.184153
-0.041432,0.193129,-0.178146
-0.039120,0.193391,-0.175782
-0.037573,0.193024,-0.171098
-0.035495,0.190699,-0.170378
-0.034100,0.191372,-0.163168
-0.033557,0.190695,-0.165192
-0.030580,0.192150,-0.160442
-0.029346,0.191115,-0.159727
-0.028414,0.191432,-0.157230
-0.028228,0.189552,-0.153346
-0.026255,0.190506,-0.151943
-0.024639,0.189928,-0.150554
-0.022971,0.191430,-0.150074
-0.021642,0.191118,-0.148835
-0.021076,0.190643,-0.147982
-0.017121,0.189997,-0.146536
-0.017058,0.191035,-0.147425
-0.014983,0.189872,-0.144181
-0.014807,0.190708,-0.143057
-0.010265,0.188811,-0.141338
-0.013351,0.189105,-0.142202
-0.009615,0.191037,-0.141532
-0.008597,0.189603,-0.141186
-0.006715,0.189393,-0.141238
-0.006434,0.190299,-0.139115
-0.004813,0.190071,-0.138616
-0.001300,0.189820,-0.138811
-0.000898,0.187438,-0.135763
-0.000069,0.189648,-0.135795
0.001190,0.188652,-0.135245
0.003191,0.190848,-0.135245
0.002437,0.189027,-0.136048
0.005514,0.188880,-0.133774
0.006364,0.189588,-0.133342
0.008503,0.189077,-0.131554
0.009121,0.188901,-0.133213
0.009879,0.189977,-0.133413
0.013536,0.189690,-0.133197
0.014621,0.190080,-0.132596
0.014780,0.189692,-0.131921
0.018560,0.187416,-0.132526
0.018685,0.189015,-0.130213
0.019766,0.189483,-0.134235
0.021487,0.188120,-0.133314
0.022292,0.188640,-0.130863
0.023185,0.189071,-0.132038
0.024946,0.190109,-0.129780
0.026571,0.187722,-0.131096
0.026800,0.188815,-0.129586
0.027872,0.189134,-0.130610
0.030216,0.191833,-0.129489
0.030876,0.188244,-0.129336
0.031782,0.188845,-0.131764
0.034895,0.188173,-0.129194
0.035439,0.190807,-0.130796
0.039069,0.186851,-0.130517
0.038186,0.189551,-0.130507
0.039329,0.190649,-0.130617
0.041084,0.190109,-0.132486
0.042557,0.189338,-0.129234
0.044511,0.190436,-0.130946
0.046547,0.189260,-0.132054
0.046405,0.188397,-0.130787
0.048263,0.188721,-0.130900
0.051454,0.190450,-0.131237
0.052140,0.190440,-0.133155
0.052867,0.189571,-0.132625
0.054502,0.191320,-0.132477
0.055485,0.191416,-0.131885
0.056319,0.188532,-0.134134
0.056517,0.190065,-0.134371
0.058959,0.190024,-0.134899
0.061431,0.190180,-0.136363
0.063675,0.188183,-0.134188
0.063758,0.190502,-0.134855
0.065836,0.188321,-0.134998
0.066666,0.189915,-0.132779
0.068457,0.189105,-0.133073
0.068720,0.188904,-0.133777
0.069986,0.188828,-0.133666
0.073028,0.191288,-0.133772
0.074246,0.188102,-0.134017
0.075522,0.189117,-0.132789
0.075689,0.189528,-0.133571
0.077212,0.190290,-0.131196
0.078637,0.189766,-0.131901
0.081049,0.190535,-0.131740
0.082150,0.188877,-0.132042
0.084348,0.189272,-0.132020
0.085292,0.189125,-0.130626
0.086055,0.189873,-0.131275
0.086900,0.190785,-0.128969
0.089141,0.189580,-0.130617
0.090531,0.187737,-0.127399
0.090297,0.188308,-0.128355
0.092663,0.188739,-0.127077
0.095661,0.188679,-0.125081
0.095714,0.188217,-0.125068
0.095694,0.187968,-0.125650
0.098374,0.188053,-0.123019
0.100864,0.190512,-0.123306
0.101276,0.186736,-0.122079
0.102781,0.189878,-0.120931
0.104216,0.188141,-0.119758
0.104076,0.187402,-0.119993
0.107444,0.187787,-0.119715
0.108919,0.188639,-0.119195
0.109454,0.188572,-0.119003
0.111317,0.187927,-0.117211
0.112261,0.184756,-0.116657
0.112463,0.186997,-0.117167
0.114995,0.186923,-0.117606
0.115569,0.187018,-0.117258
0.117842,0.188636,-0.117841
0.118559,0.188663,-0.116045
0.122644,0.188693,-0.115662
0.122639,0.187554,-0.116410
0.122935,0.186880,-0.115765
0.125218,0.185923,-0.116406
0.124746,0.187356,-0.114665
0.127525,0.186692,-0.115791
0.127742,0.188249,-0.114492
0.129289,0.187503,-0.115955
0.132025,0.187623,-0.115980
0.133145,0.187376,-0.115247
0.134537,0.187753,-0.115853
0.134768,0.188241,-0.115291
0.135977,0.188244,-0.115296
0.137431,0.188755,-0.117814
0.139423,0.186056,-0.115371
0.140729,0.188283,-0.115492
0.142280,0.187975,-0.115362
0.143517,0.186142,-0.115889
0.145603,0.186503,-0.116522
0.146484,0.188380,-0.115836
0.147409,0.186640,-0.115970
0.149089,0.187343,-0.115301
0.150092,0.187362,-0.117888
0.151452,0.187324,-0.116795
0.152739,0.188607,-0.116937
0.154937,0.186627,-0.117570
0.155975,0.186507,-0.115927
0.160113,0.187160,-0.116283
0.157964,0.189707,-0.118427
0.160006,0.187618,-0.117337
0.162655,0.188963,-0.116828
0.161726,0.188169,-0.118326
0.164559,0.187527,-0.119315
0.167067,0.188513,-0.120037
0.168885,0.189004,-0.121244
0.169840,0.189286,-0.123788
0.170353,0.188429,-0.125008
0.171196,0.188421,-0.125347
0.172418,0.188909,-0.125370
0.174678,0.189683,-0.127514
0.175175,0.189612,-0.129067
0.176427,0.188613,-0.129703
0.178857,0.189775,-0.132638
0.180618,0.188996,-0.132632
0.183115,0.189888,-0.134363
0.183201,0.189202,-0.135971
0.184428,0.188250,-0.138732
0.186477,0.190466,-0.138812
0.187828,0.191642,-0.140297
0.188495,0.189829,-0.142008
0.190117,0.188946,-0.141046
0.192173,0.191779,-0.143906
0.193488,0.191022,-0.147172
0.194166,0.190056,-0.146750
0.198750,0.189978,-0.149645
0.199309,0.189749,-0.150259
0.200421,0.190920,-0.152184
0.200923,0.191443,-0.154076
0.202336,0.190250,-0.156199
0.205642,0.192241,-0.156454
0.206732,0.191186,-0.157329
0.209168,0.193016,-0.155540
0.209869,0.191797,-0.159134
0.209322,0.192119,-0.159724
0.211468,0.191259,-0.161325
0.212640,0.189871,-0.164138
0.214592,0.191330,-0.165984
0.217361,0.191333,-0.167002
0.216485,0.192059,-0.171139
0.218314,0.191895,-0.172938
0.221485,0.193556,-0.175731
0.223892,0.193140,-0.177861
0.223168,0.193445,-0.178234
0.224892,0.192432,-0.181133
0.226685,0.192333,-0.181816
0.228411,0.194990,-0.189638
0.230488,0.193972,-0.198210
0.232684,0.196054,-0.203735
0.234772,0.194645,-0.212737
0.235222,0.195931,-0.220700
0.238466,0.195747,-0.230298
0.237551,0.195738,-0.235613
0.239760,0.197016,-0.244642
0.243302,0.199231,-0.253437
0.246059,0.197699,-0.260756
0.247325,0.198306,-0.268868
0.248690,0.200443,-0.277586
-0.044121,0.194100,-0.191300
-0.041365,0.194871,-0.183307
-0.041533,0.194024,-0.179577
-0.039970,0.194147,-0.178062
-0.037690,0.192494,-0.171675
-0.037471,0.193217,-0.169573
-0.032982,0.194530,-0.168602
-0.031805,0.193184,-0.164102
-0.031213,0.192599,-0.160997
-0.029422,0.194505,-0.160708
-0.029547,0.194347,-0.157170
-0.025569,0.191332,-0.156868
-0.025647,0.192763,-0.154430
-0.023335,0.192366,-0.152338
-0.022336,0.188964,-0.150773
-0.021264,0.189771,-0.150224
-0.020112,0.191974,-0.149835
-0.017837,0.190525,-0.145868
-0.015342,0.191189,-0.146356
-0.015374,0.191306,-0.143150
-0.014047,0.192820,-0.143350
-0.012616,0.192359,-0.144405
-0.013929,0.190252,-0.143906
-0.009687,0.191600,-0.140765
-0.008115,0.192226,-0.141374
-0.006378,0.191856,-0.141803
-0.005217,0.192290,-0.140309
-0.003479,0.192541,-0.140615
-0.003742,0.191649,-0.138888
-0.002499,0.192069,-0.137101
-0.000875,0.191523,-0.136313
0.001224,0.191725,-0.137355
0.003546,0.190683,-0.137599
0.003785,0.189671,-0.135479
0.006226,0.191358,-0.136235
0.006555,0.189930,-0.134972
0.005406,0.190726,-0.135454
0.008335,0.191260,-0.134287
0.009881,0.191114,-0.133595
0.012043,0.190784,-0.134144
0.015883,0.193151,-0.133097
0.015165,0.190702,-0.134072
0.015004,0.189889,-0.131214
0.016485,0.191899,-0.133759
0.018111,0.191860,-0.133740
0.021561,0.191253,-0.132573
0.022439,0.190700,-0.131359
0.023713,0.190040,-0.132506
0.024100,0.190631,-0.132490
0.026544,0.191890,-0.130838
0.028315,0.189710,-0.130594
0.030500,0.190353,-0.130491
0.031261,0.190324,-0.131229
0.033899,0.192627,-0.131415
0.032167,0.191327,-0.131540
0.034186,0.190677,-0.132771
0.035423,0.190918,-0.131520
0.037091,0.191242,-0.130347
0.037677,0.189201,-0.131749
0.039017,0.189571,-0.132508
0.041356,0.190092,-0.131437
0.044090,0.189601,-0.131239
0.043408,0.191200,-0.132974
0.044579,0.191182,-0.130523
0.047207,0.191337,-0.130895
0.048172,0.191595,-0.131464
0.049802,0.190868,-0.131612
0.051046,0.190150,-0.133228
0.051742,0.190778,-0.133617
0.055088,0.191893,-0.133531
0.055969,0.190602,-0.134849
0.056201,0.189761,-0.133995
0.057544,0.191392,-0.135542
0.058787,0.189100,-0.134604
0.061369,0.189939,-0.134042
0.062142,0.193060,-0.136819
0.064419,0.190490,-0.135690
0.064706,0.190618,-0.134180
0.066725,0.190316,-0.133548
0.067605,0.190731,-0.134948
0.070508,0.192275,-0.134582
0.070619,0.191269,-0.133549
0.071257,0.191498,-0.135020
0.073684,0.191926,-0.134118
0.075131,0.192031,-0.134451
0.076855,0.190799,-0.134488
0.077516,0.190097,-0.132714
0.079546,0.189188,-0.130147
0.079177,0.189127,-0.134239
0.081934,0.191443,-0.131559
0.084462,0.190354,-0.131475
0.083633,0.190527,-0.130671
0.087113,0.190948,-0.131527
0.086694,0.190822,-0.130811
0.088444,0.188581,-0.131666
0.089644,0.191875,-0.130678
0.091665,0.190694,-0.128326
0.091443,0.191222,-0.127152
0.093607,0.188082,-0.126298
0.095009,0.189753,-0.126856
0.097285,0.191847,-0.125447
0.097240,0.189870,-0.124308
0.098573,0.192423,-0.122397
0.101504,0.190586,-0.121637
0.103345,0.189120,-0.120158
0.103920,0.190824,-0.119980
0.104820,0.188553,-0.121049
0.107407,0.191601,-0.119435
0.108188,0.190354,-0.121340
0.110691,0.191468,-0.121512
0.109601,0.190813,-0.118172
0.111900,0.190709,-0.119000
0.112918,0.188643,-0.119668
0.115991,0.189760,-0.118701
0.116339,0.191255,-0.118234
0.119995,0.191202,-0.117939
0.119370,0.189710,-0.117898
0.120625,0.189833,-0.119071
0.120770,0.188069,-0.116044
0.123102,0.190643,-0.117013
0.123843,0.188333,-0.117863
0.126942,0.190004,-0.116319
0.126914,0.190145,-0.116946
0.129187,0.188308,-0.116339
0.129210,0.188247,-0.115303
0.133065,0.190335,-0.116495
0.131965,0.189750,-0.116335
0.133713,0.188422,-0.119043
0.133980,0.190238,-0.116173
0.135704,0.190008,-0.117459
0.137979,0.188306,-0.116846
0.138602,0.191620,-0.117341
0.138840,0.191122,-0.117730
0.143964,0.188796,-0.117302
0.145122,0.188446,-0.116635
0.146642,0.189806,-0.115662
0.148610,0.190816,-0.118095
0.146620,0.190548,-0.117628
0.150824,0.190140,-0.117369
0.151472,0.188955,-0.118211
0.152551,0.191056,-0.118553
0.153697,0.189663,-0.119084
0.154455,0.189043,-0.119761
0.156847,0.190601,-0.117718
0.159994,0.190294,-0.121884
0.158884,0.190585,-0.119432
0.160987,0.189922,-0.120139
0.163957,0.188376,-0.119747
0.164728,0.191309,-0.120718
0.164796,0.190306,-0.122065
0.164987,0.188388,-0.122962
0.166660,0.190998,-0.124768
0.170777,0.188311,-0.126294
0.172072,0.190734,-0.126521
0.172030,0.188963,-0.126841
0.173869,0.191496,-0.130762
0.174087,0.190576,-0.129784
0.176023,0.189546,-0.133049
0.179062,0.192009,-0.132733
0.178767,0.189500,-0.134850
0.180142,0.191413,-0.135722
0.183129,0.190121,-0.136148
0.183199,0.190115,-0.137145
0.184811,0.192152,-0.140573
0.189194,0.189760,-0.141060
0.188985,0.193913,-0.143187
0.189017,0.192426,-0.144082
0.191185,0.190393,-0.144727
0.191895,0.194090,-0.147622
0.193414,0.192445,-0.148442
0.194865,0.191875,-0.149576
0.196186,0.191842,-0.151316
0.198084,0.193121,-0.151536
0.199233,0.192587,-0.152231
0.200878,0.194355,-0.154761
0.202004,0.191950,-0.157146
0.204837,0.192570,-0.157363
0.205056,0.193924,-0.158082
0.205894,0.194317,-0.158869
0.209176,0.194398,-0.160005
0.209203,0.191501,-0.161484
0.211810,0.192325,-0.162128
0.214961,0.192540,-0.165171
0.212630,0.192281,-0.167687
0.216813,0.192651,-0.169438
0.217690,0.194452,-0.170554
0.218757,0.193674,-0.173756
0.219889,0.195132,-0.175174
0.223680,0.193410,-0.175696
0.223873,0.195301,-0.179037
0.226139,0.195772,-0.179284
0.226322,0.195714,-0.182698
0.227383,0.195419,-0.188381
0.229624,0.196636,-0.198199
0.231398,0.195670,-0.203651
0.235037,0.196050,-0.211039
0.236452,0.198212,-0.221148
0.239406,0.198469,-0.226544
0.239085,0.198012,-0.235575
0.243072,0.199524,-0.244289
0.244207,0.198165,-0.252688
0.245692,0.199597,-0.259588
0.248262,0.200196,-0.267778
0.249455,0.201891,-0.276686
0.251097,0.202810,-0.284094
-0.041041,0.198829,-0.189333
-0.041989,0.195389,-0.182767
-0.040152,0.198053,-0.179733
-0.037734,0.195664,-0.176488
-0.035365,0.195529,-0.173575
-0.034273,0.194409,-0.171014
-0.032859,0.192268,-0.167927
-0.032016,0.195047,-0.163812
-0.031177,0.195443,-0.161397
-0.027834,0.193784,-0.158524
-0.028398,0.193513,-0.155978
-0.027152,0.190527,-0.157023
-0.023469,0.194759,-0.154001
-0.024063,0.192518,-0.153074
-0.021926,0.192250,-0.151460
-0.020367,0.192079,-0.148170
-0.018051,0.194958,-0.148962
-0.017259,0.193700,-0.148075
-0.015625,0.193325,-0.146891
-0.015640,0.193361,-0.144633
-0.013898,0.192550,-0.145937
-0.011206,0.192677,-0.143780
-0.010723,0.194302,-0.142795
-0.009132,0.194004,-0.141916
-0.006593,0.194174,-0.142425
-0.005075,0.194210,-0.140769
-0.004633,0.192523,-0.141964
-0.003030,0.192772,-0.140058
-0.002147,0.193081,-0.137774
-0.000374,0.194031,-0.138920
-0.000157,0.193566,-0.138544
0.003625,0.191703,-0.138287
0.001891,0.192810,-0.137311
0.006444,0.194331,-0.136332
0.006086,0.193202,-0.133422
0.009670,0.193715,-0.136703
0.007721,0.192435,-0.135626
0.010225,0.190742,-0.134871
0.014196,0.193367,-0.136166
0.012982,0.191868,-0.131158
0.013215,0.193723,-0.134252
0.014296,0.193979,-0.133184
0.020241,0.192520,-0.134079
0.019620,0.191690,-0.131670
0.021278,0.191495,-0.132612
0.022326,0.191884,-0.131916
0.023248,0.193138,-0.133126
0.025881,0.191318,-0.133205
0.026298,0.191272,-0.132612
0.025680,0.193591,-0.131876
0.030660,0.193165,-0.132597
0.031137,0.192640,-0.131385
0.032183,0.192405,-0.129819
0.033999,0.191525,-0.131005
0.033064,0.192617,-0.131512
0.036083,0.192568,-0.131352
0.038493,0.192078,-0.131786
0.038120,0.192309,-0.131613
0.040491,0.192026,-0.131683
0.040406,0.191088,-0.134223
0.043186,0.190978,-0.131381
0.044645,0.193218,-0.133199
0.046460,0.192287,-0.131612
0.046278,0.193602,-0.132686
0.048754,0.192809,-0.135069
0.049244,0.191887,-0.132785
0.051848,0.192210,-0.134737
0.051882,0.193159,-0.133862
0.054437,0.192462,-0.135462
0.056455,0.190022,-0.135693
0.055362,0.192237,-0.134634
0.058073,0.192318,-0.135514
0.059687,0.190467,-0.135179
0.061124,0.192239,-0.135715
0.060615,0.191496,-0.135772
0.062302,0.191740,-0.134847
0.066342,0.193544,-0.133997
0.067704,0.194658,-0.137411
0.067034,0.191965,-0.133833
0.070176,0.193850,-0.136328
0.068905,0.190582,-0.132681
0.071584,0.192719,-0.133767
0.074005,0.192807,-0.134791
0.076153,0.193499,-0.135386
0.076138,0.190918,-0.134296
0.077702,0.194049,-0.135556
0.078311,0.194294,-0.134002
0.080247,0.191726,-0.132677
0.081371,0.192966,-0.132826
0.083719,0.192562,-0.132316
0.084706,0.193550,-0.132878
0.085328,0.193724,-0.134856
0.086671,0.192521,-0.131072
0.090355,0.190561,-0.131174
0.091108,0.193690,-0.130109
0.092668,0.194364,-0.131078
0.093185,0.191230,-0.129289
0.094352,0.190222,-0.128321
0.096794,0.192795,-0.125839
0.096072,0.191885,-0.125970
0.097775,0.191752,-0.125415
0.100193,0.190996,-0.123064
0.100834,0.192441,-0.122934
0.102383,0.191340,-0.124069
0.105604,0.191620,-0.122534
0.104883,0.192235,-0.121567
0.106967,0.192571,-0.120682
0.108083,0.190594,-0.123759
0.109466,0.191792,-0.121895
0.112641,0.191725,-0.117437
0.112825,0.192123,-0.119222
0.114138,0.190067,-0.119701
0.114882,0.191687,-0.118977
0.117389,0.191471,-0.118710
0.117572,0.191897,-0.120359
0.119091,0.192776,-0.118153
0.121273,0.191224,-0.117975
0.121464,0.190328,-0.119897
0.124419,0.189487,-0.118514
0.123089,0.193002,-0.118366
0.126596,0.192302,-0.116835
0.126757,0.191810,-0.116812
0.130010,0.189546,-0.118034
0.132096,0.191959,-0.118367
0.132886,0.192122,-0.117443
0.132411,0.190854,-0.119116
0.132929,0.191488,-0.117110
0.134533,0.191877,-0.118946
0.136223,0.190662,-0.120142
0.138847,0.191574,-0.116534
0.139410,0.190468,-0.119217
0.141150,0.192200,-0.118032
0.144102,0.191438,-0.119521
0.144056,0.190704,-0.119488
0.145563,0.191016,-0.118057
0.145734,0.191986,-0.117395
0.146252,0.191264,-0.121032
0.147766,0.192194,-0.119084
0.151750,0.192944,-0.119215
0.151986,0.191111,-0.120671
0.152724,0.191733,-0.121832
0.155376,0.193625,-0.121107
0.157063,0.189747,-0.119935
0.158640,0.190995,-0.121775
0.158465,0.190269,-0.121484
0.158943,0.192477,-0.123414
0.162929,0.192869,-0.124390
0.162150,0.191520,-0.124436
0.164515,0.194752,-0.124472
0.166169,0.193753,-0.126505
0.168157,0.192717,-0.125224
0.169466,0.193457,-0.128735
0.168758,0.194053,-0.127843
0.172431,0.193576,-0.129591
0.173681,0.193873,-0.132224
0.174654,0.192165,-0.132088
0.178480,0.193618,-0.133958
0.177907,0.192147,-0.137639
0.180096,0.193803,-0.136215
0.180468,0.192589,-0.138300
0.182646,0.193255,-0.137926
0.183242,0.194530,-0.140381
0.184758,0.192520,-0.140345
0.185112,0.192840,-0.142491
0.188128,0.193780,-0.145016
0.189881,0.193937,-0.145264
0.190363,0.193514,-0.146809
0.191177,0.193212,-0.149794
0.195986,0.191201,-0.150041
0.195535,0.194376,-0.152079
0.197667,0.195733,-0.151779
0.198091,0.194321,-0.153068
0.201541,0.194151,-0.154473
0.200726,0.195049,-0.155641
0.203897,0.193416,-0.156023
0.204642,0.192750,-0.157326
0.205569,0.193770,-0.157317
0.207180,0.195655,-0.156574
0.208529,0.193514,-0.159113
0.209474,0.195593,-0.162778
0.213332,0.195557,-0.161570
0.214024,0.195665,-0.166643
0.213986,0.196094,-0.166208
0.217166,0.196806,-0.168787
0.218077,0.194612,-0.170584
0.219377,0.193738,-0.173651
0.221234,0.195407,-0.171895
0.222871,0.196972,-0.175754
0.224020,0.195489,-0.176355
0.226934,0.196829,-0.180007
0.227963,0.195492,-0.181105
0.229748,0.197936,-0.188789
0.230132,0.197499,-0.194806
0.232629,0.196832,-0.205746
0.232367,0.196557,-0.211157
0.237104,0.200898,-0.218285
0.237965,0.199642,-0.227329
0.240967,0.199699,-0.233853
0.241571,0.201280,-0.241255
0.244675,0.199959,-0.249015
0.246220,0.200682,-0.259029
0.245630,0.202040,-0.265228
0.250010,0.202544,-0.275437
0.251538,0.203561,-0.282890
-0.044112,0.198726,-0.196763
-0.041433,0.197879,-0.186276
-0.040616,0.196613,-0.181610
-0.038110,0.197826,-0.178566
-0.036377,0.196436,-0.176017
-0.034931,0.198988,-0.172356
-0.033734,0.194583,-0.170014
-0.031184,0.195482,-0.167215
-0.029175,0.195207,-0.166213
-0.029243,0.196873,-0.162921
-0.028304,0.195980,-0.157420
-0.025959,0.193754,-0.156999
-0.023804,0.194651,-0.155239
-0.021801,0.194375,-0.153064
-0.021582,0.192834,-0.152546
-0.021308,0.196925,-0.150472
-0.017172,0.194613,-0.148018
-0.018127,0.195333,-0.148740
-0.015794,0.196912,-0.146455
-0.014781,0.194600,-0.145803
-0.013496,0.195512,-0.145273
-0.010429,0.195355,-0.143618
-0.009043,0.195917,-0.142895
-0.006803,0.194853,-0.142341
-0.007750,0.194455,-0.141661
-0.005629,0.194097,-0.142715
-0.003674,0.194338,-0.141411
-0.005116,0.195372,-0.138683
-0.001805,0.195929,-0.140984
-0.000648,0.193564,-0.139806
0.001252,0.194490,-0.139066
0.002931,0.193674,-0.139991
0.005395,0.196783,-0.138260
0.006666,0.195051,-0.140495
0.005020,0.193774,-0.137702
0.008000,0.194369,-0.136594
0.009802,0.193774,-0.136221
0.010793,0.194848,-0.133785
0.012023,0.195142,-0.136383
0.013344,0.192593,-0.136564
0.015469,0.196415,-0.134833
0.015399,0.195078,-0.134196
0.017665,0.194543,-0.134027
0.021212,0.191996,-0.135515
0.021794,0.194681,-0.135185
0.023002,0.194517,-0.134637
0.023235,0.193706,-0.134711
0.024833,0.194090,-0.134008
0.027124,0.194962,-0.133481
0.026285,0.192734,-0.131209
0.029328,0.193620,-0.135723
0.031871,0.192263,-0.132593
0.030888,0.192823,-0.133466
0.032907,0.194373,-0.134235
0.035149,0.193047,-0.132205
0.035041,0.194835,-0.132390
0.036267,0.192905,-0.131896
0.038492,0.194565,-0.133119
0.040129,0.195527,-0.130265
0.041807,0.195129,-0.133356
0.042903,0.195001,-0.130138
0.044068,0.194744,-0.132935
0.044999,0.194236,-0.133092
0.047176,0.194139,-0.133254
0.048703,0.192987,-0.133604
0.051777,0.193648,-0.134449
0.051040,0.193532,-0.133592
0.052447,0.195234,-0.134605
0.053760,0.194432,-0.134763
0.055177,0.195742,-0.135666
0.056150,0.194692,-0.135456
0.057503,0.194270,-0.135273
0.059978,0.193333,-0.137726
0.062122,0.195137,-0.135358
0.060925,0.193341,-0.136355
0.064941,0.194787,-0.135476
0.064846,0.196255,-0.136314
0.065356,0.194327,-0.134925
0.067337,0.192703,-0.135718
0.069557,0.194966,-0.134977
0.072435,0.194841,-0.136914
0.072314,0.196522,-0.135838
0.073661,0.193091,-0.135373
0.076216,0.194071,-0.135794
0.074363,0.194547,-0.135986
0.078925,0.194297,-0.136289
0.078699,0.192063,-0.135200
0.082145,0.195805,-0.135159
0.080963,0.193397,-0.134674
0.082577,0.193329,-0.135484
0.084553,0.194923,-0.134129
0.087515,0.193815,-0.132684
0.086434,0.193533,-0.132983
0.087729,0.194720,-0.131177
0.091401,0.195027,-0.130929
0.091710,0.193465,-0.130749
0.091907,0.194085,-0.130712
0.094881,0.194352,-0.130520
0.094737,0.193647,-0.127596
0.098345,0.192228,-0.127956
0.099145,0.193634,-0.126083
0.098838,0.192377,-0.124525
0.100560,0.194577,-0.123500
0.102792,0.194914,-0.124754
0.105484,0.192629,-0.125325
0.105162,0.193923,-0.122367
0.106483,0.193900,-0.123257
0.109492,0.191623,-0.123096
0.110530,0.193339,-0.121202
0.110490,0.193377,-0.121998
0.113478,0.193156,-0.120118
0.112688,0.191670,-0.120558
0.114483,0.193051,-0.120269
0.114785,0.191843,-0.122221
0.116443,0.193801,-0.119647
0.120187,0.194997,-0.120099
0.120543,0.194825,-0.120166
0.122064,0.193751,-0.116978
0.121006,0.191481,-0.119726
0.123900,0.191913,-0.120934
0.126272,0.194366,-0.119969
0.128257,0.193794,-0.119212
0.129265,0.192694,-0.119108
0.130244,0.192899,-0.120026
0.130906,0.193772,-0.117854
0.131939,0.192539,-0.120941
0.134568,0.191884,-0.117449
0.136332,0.192069,-0.120165
0.139605,0.191173,-0.120537
0.138952,0.194323,-0.119004
0.138294,0.194135,-0.119622
0.141113,0.193040,-0.120248
0.140996,0.192296,-0.119608
0.143967,0.193933,-0.119778
0.144043,0.192164,-0.119272
0.145699,0.194002,-0.120101
0.147070,0.192258,-0.121098
0.148752,0.192092,-0.121102
0.152356,0.193840,-0.122295
0.152609,0.195065,-0.122139
0.152617,0.193093,-0.122035
0.154572,0.195227,-0.122823
0.157536,0.191683,-0.122974
0.158364,0.194012,-0.123773
0.160873,0.192706,-0.123425
0.160471,0.193954,-0.125467
0.162408,0.193085,-0.126181
0.163771,0.194641,-0.126983
0.165312,0.194461,-0.126825
0.165801,0.194681,-0.128976
0.167405,0.193247,-0.127467
0.169818,0.192503,-0.130762
0.170108,0.194517,-0.130320
0.172998,0.195362,-0.133263
0.173658,0.193952,-0.133349
0.176020,0.193559,-0.135543
0.176864,0.194473,-0.135525
0.180317,0.193700,-0.138560
0.181185,0.195017,-0.138631
0.180816,0.194946,-0.138641
0.181565,0.194898,-0.140338
0.183172,0.193387,-0.142633
0.185631,0.194706,-0.142719
0.186011,0.197259,-0.145075
0.188882,0.194999,-0.146758
0.191660,0.196343,-0.148743
0.190761,0.195977,-0.150144
0.193379,0.195939,-0.150569
0.192393,0.195363,-0.151810
0.194512,0.194819,-0.154041
0.197076,0.196789,-0.153671
0.199526,0.195736,-0.154732
0.199458,0.195352,-0.158059
0.201097,0.196666,-0.157362
0.203812,0.196754,-0.155999
0.204815,0.194946,-0.158828
0.205739,0.197773,-0.157357
0.206641,0.196177,-0.160189
0.207918,0.196791,-0.159621
0.210778,0.195437,-0.161902
0.210481,0.195307,-0.163578
0.212723,0.197527,-0.165508
0.212841,0.196915,-0.166482
0.217551,0.196760,-0.169063
0.217691,0.196638,-0.171181
0.220236,0.197566,-0.172857
0.219160,0.198156,-0.173308
0.221592,0.196615,-0.175668
0.225375,0.196813,-0.176781
0.225901,0.198032,-0.179394
0.226209,0.198921,-0.179942
0.229172,0.197296,-0.186904
0.229983,0.199919,-0.194793
0.231193,0.200266,-0.203373
0.234751,0.200614,-0.208960
0.233810,0.199525,-0.215838
0.237109,0.200214,-0.227408
0.242477,0.200489,-0.232113
0.241149,0.202264,-0.242174
0.243177,0.203240,-0.250049
0.245972,0.205145,-0.258353
0.247218,0.205558,-0.264246
0.249848,0.203436,-0.274182
0.250643,0.205980,-0.279400
-0.040853,0.200781,-0.196097
-0.037586,0.200019,-0.186575
-0.036314,0.198711,-0.182560
-0.034432,0.199212,-0.177444
-0.035154,0.199243,-0.173558
-0.033344,0.198524,-0.171814
-0.032343,0.196577,-0.169324
-0.028593,0.197922,-0.166405
-0.030978,0.199167,-0.164266
-0.027746,0.198500,-0.161871
-0.025914,0.197806,-0.159415
-0.023277,0.198611,-0.156188
-0.022072,0.196824,-0.152992
-0.022147,0.197842,-0.155312
-0.019155,0.195863,-0.151823
-0.018199,0.197850,-0.149479
-0.017562,0.197904,-0.148246
-0.014960,0.197583,-0.147700
-0.012707,0.196657,-0.149165
-0.013472,0.198701,-0.145629
-0.011674,0.196433,-0.145854
-0.010581,0.194827,-0.143534
-0.008384,0.197119,-0.145475
-0.007430,0.195089,-0.142641
-0.006717,0.197227,-0.142762
-0.003786,0.197755,-0.141966
-0.003150,0.197287,-0.142463
-0.001323,0.197468,-0.141656
-0.001536,0.197109,-0.142494
-0.001182,0.196968,-0.139837
0.002853,0.196679,-0.140549
0.003821,0.195191,-0.138604
0.006229,0.196526,-0.137593
0.005972,0.196873,-0.140381
0.009687,0.195790,-0.137227
0.009290,0.195866,-0.137059
0.011307,0.195634,-0.140132
0.012277,0.196878,-0.136782
0.013589,0.196969,-0.136100
0.015109,0.195089,-0.137795
0.017186,0.196594,-0.136185
0.018401,0.195463,-0.133952
0.017418,0.196004,-0.135325
0.021469,0.194504,-0.136193
0.020946,0.194478,-0.136772
0.024293,0.194550,-0.133444
0.024491,0.194868,-0.135721
0.025282,0.196357,-0.135177
0.027861,0.196072,-0.134534
0.029224,0.194998,-0.133004
0.029416,0.195180,-0.134161
0.033391,0.195761,-0.132801
0.034449,0.196024,-0.133857
0.034584,0.197867,-0.135419
0.034292,0.197480,-0.132675
0.039826,0.196647,-0.134416
0.036723,0.195171,-0.133069
0.041486,0.196901,-0.132615
0.039882,0.194203,-0.133827
0.042725,0.194850,-0.132094
0.044077,0.196549,-0.134644
0.044665,0.194104,-0.135283
0.047967,0.195749,-0.133176
0.048206,0.195485,-0.133894
0.050742,0.196415,-0.136043
0.051161,0.196726,-0.136798
0.052016,0.194589,-0.134891
0.052913,0.195377,-0.135402
0.055983,0.196136,-0.134168
0.055445,0.194791,-0.137089
0.058825,0.195008,-0.137687
0.059703,0.194623,-0.136382
0.060194,0.195962,-0.136869
0.063513,0.196680,-0.137771
0.063052,0.197542,-0.137444
0.063984,0.196598,-0.136389
0.068137,0.197269,-0.137394
0.067486,0.198699,-0.137561
0.070358,0.195978,-0.135101
0.071680,0.196453,-0.136863
0.071581,0.195870,-0.135189
0.073566,0.195251,-0.137722
0.074975,0.194603,-0.134450
0.077058,0.197859,-0.137576
0.077363,0.195879,-0.137166
0.077982,0.195900,-0.136493
0.080815,0.195313,-0.134134
0.081747,0.195242,-0.135543
0.082979,0.195217,-0.134180
0.083491,0.196804,-0.133185
0.085256,0.196598,-0.134365
0.086795,0.195029,-0.133484
0.087060,0.196624,-0.133120
0.089654,0.194127,-0.132382
0.091487,0.194941,-0.132333
0.092678,0.193595,-0.130856
0.093238,0.194651,-0.129639
0.094978,0.193918,-0.129452
0.096642,0.195309,-0.126845
0.098256,0.192883,-0.126864
0.099339,0.195553,-0.125403
0.101513,0.195035,-0.124334
0.104645,0.197299,-0.123924
0.105267,0.195646,-0.123433
0.107651,0.193214,-0.123471
0.107034,0.196114,-0.122405
0.106474,0.197330,-0.123640
0.111087,0.195868,-0.121464
0.108248,0.196696,-0.122372
0.111259,0.194104,-0.120902
0.114516,0.194401,-0.122421
0.115012,0.195011,-0.121169
0.116495,0.194603,-0.119808
0.117539,0.195376,-0.120935
0.119395,0.195317,-0.122596
0.119754,0.194836,-0.120244
0.122987,0.194837,-0.121651
0.122306,0.193602,-0.119899
0.124702,0.192932,-0.120997
0.125320,0.194649,-0.119934
0.126601,0.194451,-0.120984
0.127601,0.196030,-0.122077
0.130171,0.194693,-0.120944
0.131104,0.196158,-0.121567
0.132073,0.193392,-0.120358
0.135638,0.193509,-0.121448
0.135738,0.194617,-0.120964
0.138093,0.193636,-0.120383
0.140861,0.194730,-0.120885
0.139162,0.194859,-0.121022
0.141255,0.195586,-0.120847
0.143724,0.195238,-0.120612
0.144844,0.194935,-0.123096
0.144665,0.195571,-0.121590
0.147558,0.195043,-0.123014
0.149978,0.194692,-0.123390
0.149846,0.196516,-0.123335
0.150736,0.195316,-0.124618
0.152797,0.196159,-0.123632
0.153639,0.195168,-0.125735
0.154577,0.195475,-0.124368
0.156362,0.195271,-0.126368
0.159546,0.195252,-0.126561
0.159821,0.194707,-0.126695
0.161923,0.195088,-0.126947
0.163301,0.195139,-0.128701
0.164544,0.194339,-0.128653
0.165113,0.196724,-0.130600
0.166100,0.194257,-0.131926
0.168444,0.194616,-0.130730
0.169857,0.196584,-0.133050
0.169990,0.194730,-0.135377
0.172433,0.194536,-0.134700
0.173049,0.196216,-0.135867
0.175256,0.196433,-0.139393
0.176795,0.196909,-0.139946
0.179490,0.197360,-0.137934
0.180573,0.194885,-0.140979
0.179358,0.196813,-0.143041
0.182265,0.196196,-0.142357
0.183460,0.194916,-0.144909
0.185088,0.196359,-0.144831
0.187357,0.195993,-0.147402
0.189153,0.195684,-0.147861
0.191059,0.195717,-0.150103
0.189772,0.196640,-0.151662
0.190564,0.196014,-0.152913
0.195661,0.198024,-0.153445
0.196004,0.197676,-0.155352
0.195820,0.197930,-0.154423
0.197645,0.197655,-0.155170
0.199713,0.197631,-0.156245
0.202413,0.196925,-0.156362
0.201045,0.196051,-0.159448
0.203525,0.198455,-0.159083
0.206562,0.196781,-0.159067
0.207091,0.198191,-0.161970
0.207800,0.197991,-0.161573
0.210712,0.197729,-0.162687
0.212686,0.197867,-0.164573
0.212031,0.197753,-0.165716
0.213076,0.197113,-0.169682
0.215475,0.197951,-0.169516
0.216911,0.198510,-0.169507
0.219499,0.197615,-0.173126
0.220589,0.197755,-0.175787
0.223732,0.198824,-0.174726
0.224153,0.199046,-0.175685
0.225817,0.197895,-0.177963
0.228063,0.198030,-0.177908
0.226300,0.198473,-0.186246
0.231824,0.197501,-0.191075
0.232480,0.200880,-0.200989
0.235294,0.200448,-0.207876
0.235920,0.199398,-0.214412
0.239007,0.202580,-0.222457
0.240754,0.204399,-0.233032
0.241235,0.204769,-0.240444
0.244419,0.205289,-0.249532
0.244671,0.206206,-0.256410
0.248330,0.206087,-0.264329
0.247301,0.204462,-0.271541
0.251694,0.206730,-0.281725
-0.037718,0.202438,-0.197711
-0.036686,0.202694,-0.186981
-0.035684,0.200176,-0.181620
-0.033431,0.201272,-0.177931
-0.032620,0.199543,-0.173961
-0.034613,0.199200,-0.172889
-0.031608,0.199016,-0.167559
-0.028565,0.197578,-0.165501
-0.027608,0.198793,-0.164694
-0.027160,0.199844,-0.160107
-0.025296,0.198564,-0.158163
-0.023984,0.197547,-0.155728
-0.021237,0.199876,-0.155120
-0.020094,0.198999,-0.151184
-0.018723,0.200367,-0.152447
-0.016883,0.198626,-0.149888
-0.015916,0.199784,-0.149324
-0.015179,0.198630,-0.147813
-0.011388,0.198195,-0.146396
-0.011400,0.198713,-0.147157
-0.009431,0.197426,-0.144966
-0.008515,0.198114,-0.143902
-0.005715,0.197500,-0.143565
-0.004946,0.196767,-0.144684
-0.004468,0.198887,-0.145196
-0.003556,0.197605,-0.143869
-0.000989,0.198789,-0.142629
-0.000837,0.197823,-0.141182
0.000943,0.197767,-0.142112
0.001094,0.198839,-0.141083
0.004008,0.196582,-0.140568
0.004486,0.196514,-0.140652
0.006312,0.198411,-0.141044
0.007372,0.198076,-0.139417
0.010511,0.197554,-0.138105
0.011499,0.196239,-0.137550
0.010995,0.196308,-0.138181
0.013254,0.199265,-0.137915
0.014828,0.197493,-0.139548
0.015148,0.194926,-0.135808
0.018904,0.198102,-0.136180
0.018910,0.198142,-0.135897
0.020802,0.197011,-0.138014
0.022949,0.198391,-0.136801
0.024316,0.196238,-0.135776
0.024920,0.197836,-0.135535
0.027685,0.196627,-0.135512
0.027269,0.198720,-0.135605
0.027702,0.197521,-0.136332
0.030176,0.197709,-0.135791
0.031636,0.197256,-0.134847
0.032290,0.197168,-0.134626
0.033734,0.198796,-0.133663
0.036038,0.197253,-0.132924
0.037011,0.199081,-0.134624
0.039845,0.196817,-0.132383
0.042108,0.195751,-0.133834
0.042456,0.196154,-0.133720
0.042907,0.197675,-0.133813
0.045345,0.196693,-0.136358
0.046853,0.196255,-0.133433
0.046756,0.198290,-0.134569
0.048412,0.197215,-0.133861
0.049324,0.197614,-0.135357
0.048702,0.196828,-0.134476
0.053494,0.199187,-0.135401
0.053224,0.197475,-0.135028
0.056021,0.197342,-0.136665
0.056701,0.199723,-0.137076
0.059206,0.199480,-0.138322
0.061553,0.196654,-0.137036
0.061151,0.196863,-0.137047
0.062577,0.195679,-0.136845
0.062988,0.196899,-0.137061
0.064657,0.197673,-0.137788
0.066843,0.195177,-0.138555
0.068888,0.196578,-0.137038
0.068828,0.197165,-0.136150
0.068683,0.197867,-0.137616
0.071768,0.196447,-0.138818
0.073755,0.198715,-0.135347
0.073825,0.198374,-0.137858
0.075616,0.195621,-0.134969
0.077418,0.195445,-0.136451
0.079489,0.197784,-0.134946
0.081856,0.196173,-0.136448
0.082777,0.197465,-0.134703
0.081376,0.197797,-0.134438
0.084872,0.196958,-0.134686
0.087012,0.198566,-0.134374
0.088024,0.197715,-0.133985
0.089964,0.198987,-0.135547
0.088766,0.198784,-0.133793
0.092437,0.197672,-0.132768
0.092755,0.198707,-0.129720
0.094356,0.196891,-0.130606
0.096951,0.197114,-0.129313
0.097722,0.197833,-0.129108
0.099450,0.197015,-0.127798
0.101175,0.196452,-0.128720
0.101149,0.197347,-0.126528
0.102792,0.198040,-0.125975
0.104147,0.196505,-0.125471
0.106382,0.194671,-0.125255
0.106497,0.197370,-0.124885
0.107636,0.197993,-0.126053
0.109063,0.196543,-0.122327
0.110981,0.196899,-0.124344
0.113169,0.196880,-0.123442
0.112876,0.199293,-0.123759
0.112088,0.197159,-0.123963
0.118206,0.198159,-0.122089
0.116333,0.196670,-0.123646
0.119858,0.196521,-0.122710
0.122013,0.198001,-0.124798
0.122412,0.197688,-0.123965
0.123558,0.197410,-0.121570
0.124424,0.195843,-0.121090
0.124956,0.196407,-0.122194
0.128100,0.197081,-0.122959
0.128491,0.197406,-0.120884
0.129672,0.194925,-0.122247
0.132778,0.195736,-0.124129
0.133098,0.198376,-0.122373
0.134776,0.195625,-0.122717
0.135065,0.196434,-0.122038
0.137469,0.195690,-0.122755
0.138359,0.197067,-0.122725
0.140042,0.197591,-0.122756
0.143477,0.196350,-0.122560
0.141601,0.196079,-0.124065
0.144112,0.197466,-0.123302
0.145835,0.195385,-0.123845
0.147615,0.195680,-0.123638
0.149784,0.195989,-0.124646
0.148933,0.195814,-0.125614
0.150616,0.195310,-0.126570
0.152926,0.196825,-0.126803
0.154592,0.196425,-0.126829
0.155113,0.195513,-0.127591
0.155761,0.196409,-0.126698
0.156680,0.196298,-0.128007
0.159665,0.195899,-0.130141
0.162976,0.196934,-0.130520
0.164985,0.197039,-0.130830
0.167165,0.197848,-0.131764
0.166559,0.196777,-0.132087
0.166706,0.198324,-0.134094
0.169099,0.197040,-0.134452
0.169221,0.198869,-0.135526
0.171758,0.198420,-0.136266
0.174058,0.198890,-0.137381
0.173758,0.196885,-0.139299
0.176183,0.198539,-0.137728
0.177280,0.198390,-0.141779
0.177689,0.199351,-0.141528
0.178813,0.198140,-0.141086
0.181713,0.197727,-0.144885
0.180262,0.199332,-0.145394
0.184169,0.197355,-0.145504
0.184679,0.198649,-0.149133
0.187190,0.199962,-0.148415
0.188224,0.197566,-0.148912
0.189332,0.199913,-0.150971
0.191300,0.198503,-0.152294
0.191918,0.198990,-0.152680
0.194330,0.200260,-0.153938
0.195310,0.197349,-0.154065
0.196439,0.198318,-0.155969
0.197980,0.198467,-0.156626
0.199669,0.196561,-0.155351
0.201542,0.197990,-0.158404
0.201673,0.199015,-0.157994
0.204226,0.199130,-0.160378
0.205775,0.198020,-0.160482
0.206667,0.200364,-0.162158
0.208947,0.198570,-0.162648
0.209799,0.200853,-0.164394
0.212533,0.200447,-0.165794
0.214744,0.201190,-0.166477
0.215739,0.199552,-0.169853
0.216801,0.199138,-0.169876
0.218109,0.199598,-0.171660
0.220475,0.201262,-0.171032
0.221055,0.199557,-0.173033
0.222368,0.200566,-0.173501
0.225079,0.199781,-0.176846
0.225310,0.202253,-0.177478
0.228152,0.199460,-0.180387
0.228455,0.200964,-0.183282
0.230647,0.201285,-0.192419
0.231856,0.202455,-0.199068
0.233510,0.201924,-0.207542
0.237655,0.204799,-0.215382
0.237197,0.205801,-0.221783
0.239504,0.205071,-0.230457
0.241476,0.204802,-0.239987
0.245324,0.206166,-0.247341
0.245886,0.205480,-0.254525
0.245931,0.206349,-0.261698
0.250422,0.208197,-0.269578
0.252196,0.208859,-0.278533
-0.038507,0.202689,-0.194867
-0.036564,0.201979,-0.186591
-0.035613,0.201171,-0.182380
-0.033283,0.203070,-0.179296
-0.032920,0.202803,-0.175154
-0.029801,0.202289,-0.172459
-0.027908,0.203249,-0.169577
-0.025819,0.200415,-0.166721
-0.027632,0.202197,-0.161489
-0.023525,0.201481,-0.159068
-0.023865,0.199295,-0.157334
-0.020974,0.201589,-0.155786
-0.020752,0.200030,-0.155285
-0.016849,0.199213,-0.153150
-0.015282,0.199306,-0.150797
-0.016381,0.197372,-0.151517
-0.014681,0.201307,-0.148812
-0.013092,0.201567,-0.148010
-0.011699,0.200077,-0.147789
-0.012523,0.199780,-0.146181
-0.008506,0.200072,-0.146657
-0.007621,0.198457,-0.145411
-0.007498,0.198999,-0.144402
-0.003285,0.198152,-0.146131
-0.003627,0.202106,-0.143383
-0.001797,0.198971,-0.143794
-0.000074,0.201142,-0.142589
-0.001043,0.200956,-0.143541
0.001763,0.201058,-0.140708
0.001787,0.203111,-0.141108
0.006065,0.199929,-0.141529
0.007983,0.199788,-0.141432
0.007878,0.199839,-0.140547
0.010428,0.198313,-0.140071
0.010726,0.199903,-0.139160
0.013214,0.200016,-0.139398
0.014329,0.199318,-0.138547
0.016104,0.198432,-0.139402
0.016591,0.200280,-0.137665
0.017929,0.198355,-0.140575
0.021389,0.199042,-0.135852
0.021447,0.201731,-0.137383
0.023420,0.199075,-0.138509
0.023779,0.198200,-0.136782
0.025454,0.198788,-0.136508
0.027936,0.197814,-0.135559
0.027915,0.200100,-0.137475
0.030676,0.198036,-0.136141
0.029417,0.197121,-0.136027
0.031689,0.198956,-0.136089
0.033804,0.198419,-0.136381
0.034857,0.201100,-0.136230
0.036475,0.198085,-0.135482
0.037304,0.197996,-0.134750
0.036393,0.198820,-0.136212
0.040286,0.199758,-0.135446
0.040437,0.198649,-0.135634
0.043347,0.200292,-0.135894
0.044840,0.197095,-0.134819
0.046913,0.199051,-0.135561
0.046538,0.198861,-0.135825
0.047452,0.197341,-0.135939
0.049810,0.200226,-0.134637
0.051899,0.198936,-0.134937
0.052925,0.198688,-0.137071
0.055589,0.197180,-0.137267
0.056669,0.199634,-0.137670
0.057780,0.200551,-0.138461
0.055736,0.200027,-0.138210
0.058900,0.201493,-0.136452
0.060581,0.199325,-0.137365
0.062910,0.198467,-0.136655
0.064360,0.198552,-0.136669
0.065037,0.200053,-0.139000
0.067797,0.199387,-0.137606
0.066943,0.200856,-0.134760
0.068543,0.198500,-0.135708
0.073003,0.197351,-0.138607
0.072035,0.200844,-0.136998
0.073723,0.200068,-0.139393
0.074326,0.199866,-0.139007
0.075292,0.199263,-0.136039
0.078074,0.198993,-0.137163
0.080142,0.198022,-0.136662
0.080115,0.197942,-0.135817
0.083695,0.199537,-0.135153
0.083925,0.199190,-0.136434
0.082377,0.198977,-0.134710
0.085826,0.198920,-0.133920
0.087570,0.198195,-0.132591
0.090799,0.196776,-0.134103
0.090712,0.198747,-0.133854
0.093165,0.200096,-0.132495
0.093791,0.197810,-0.131924
0.096370,0.198752,-0.131433
0.094811,0.198887,-0.131255
0.097012,0.196729,-0.131562
0.098069,0.199546,-0.128935
0.100255,0.198426,-0.128623
0.103018,0.198504,-0.127898
0.103449,0.199034,-0.130442
0.104446,0.197386,-0.128643
0.104995,0.198159,-0.124407
0.106036,0.198907,-0.125224
0.108759,0.199324,-0.124513
0.110770,0.197446,-0.126505
0.111507,0.199553,-0.124965
0.112331,0.197161,-0.124197
0.115669,0.198722,-0.125671
0.114911,0.197515,-0.125320
0.118295,0.197580,-0.125484
0.116399,0.197775,-0.123287
0.119249,0.199020,-0.124626
0.120887,0.200041,-0.124711
0.122635,0.198467,-0.124992
0.122757,0.198743,-0.124155
0.124874,0.197041,-0.124610
0.125739,0.198406,-0.124068
0.126452,0.199727,-0.125587
0.129531,0.198824,-0.124691
0.129675,0.198187,-0.123444
0.133187,0.198576,-0.123864
0.132653,0.198114,-0.125384
0.134108,0.199578,-0.123797
0.135823,0.199370,-0.123970
0.137396,0.197349,-0.124250
0.138529,0.196080,-0.125615
0.139424,0.198451,-0.125889
0.142060,0.198878,-0.125417
0.142347,0.198007,-0.124986
0.142079,0.198550,-0.126060
0.146645,0.197550,-0.127549
0.149634,0.198761,-0.125315
0.147958,0.197905,-0.126927
0.149526,0.198312,-0.129242
0.150629,0.197626,-0.126304
0.152938,0.198099,-0.128191
0.154456,0.198405,-0.127724
0.154288,0.197648,-0.128829
0.157305,0.200716,-0.128437
0.157291,0.199546,-0.130923
0.161197,0.199333,-0.131463
0.161465,0.199366,-0.132816
0.164132,0.200015,-0.132551
0.166123,0.199366,-0.134755
0.164513,0.198617,-0.134193
0.165826,0.200289,-0.134546
0.168181,0.199877,-0.136511
0.167542,0.201214,-0.136663
0.171327,0.196490,-0.137258
0.173468,0.199686,-0.139537
0.174225,0.199467,-0.140578
0.174554,0.199090,-0.141314
0.175282,0.201776,-0.140990
0.177644,0.197601,-0.143457
0.179550,0.200418,-0.145185
0.180287,0.198738,-0.144584
0.185690,0.200456,-0.147375
0.183257,0.199454,-0.149541
0.186816,0.200395,-0.149633
0.187509,0.199073,-0.150677
0.188909,0.201624,-0.150770
0.191476,0.202217,-0.153977
0.191337,0.199454,-0.153167
0.192063,0.199341,-0.153305
0.193762,0.200814,-0.154243
0.195586,0.201370,-0.154676
0.197531,0.198032,-0.156371
0.199542,0.200414,-0.158723
0.199925,0.201631,-0.160426
0.201360,0.202187,-0.161178
0.204602,0.203452,-0.162345
0.203967,0.199828,-0.160216
0.205221,0.199121,-0.161877
0.207995,0.200112,-0.160677
0.209785,0.202392,-0.162423
0.210762,0.200942,-0.164382
0.210220,0.202198,-0.165085
0.212725,0.202256,-0.167670
0.214781,0.200726,-0.168095
0.216532,0.201980,-0.170780
0.217399,0.202772,-0.171389
0.221475,0.201774,-0.171042
0.220162,0.201247,-0.172699
0.223859,0.202635,-0.174596
0.223054,0.201858,-0.175466
0.222405,0.201636,-0.176772
0.225255,0.200149,-0.177388
0.227657,0.202026,-0.183490
0.230288,0.201670,-0.190921
0.231920,0.204622,-0.198568
0.234621,0.205784,-0.203947
0.235824,0.205415,-0.213590
0.238201,0.208409,-0.221086
0.240341,0.206811,-0.229889
0.240661,0.205164,-0.237778
0.242471,0.206375,-0.245864
0.245957,0.208209,-0.253448
0.247174,0.209917,-0.260976
0.249562,0.209463,-0.270015
0.252366,0.210188,-0.276486
0.253840,0.208956,-0.284718
-0.039085,0.206526,-0.200832
-0.038151,0.205445,-0.195716
-0.033562,0.206416,-0.188372
-0.031223,0.204186,-0.184298
-0.032369,0.202824,-0.177914
-0.029634,0.203461,-0.176601
-0.026869,0.204102,-0.175423
-0.026917,0.204427,-0.170374
-0.025123,0.202378,-0.167828
-0.025162,0.202239,-0.163367
-0.024071,0.201618,-0.160425
-0.023224,0.204279,-0.154531
-0.022037,0.202263,-0.153192
-0.018535,0.203389,-0.153270
-0.016236,0.201298,-0.151476
-0.016178,0.202339,-0.151376
-0.014456,0.201164,-0.147954
-0.012618,0.201773,-0.149684
-0.013325,0.200770,-0.148342
-0.010373,0.199908,-0.148999
-0.009357,0.202569,-0.145708
-0.008365,0.201640,-0.144942
-0.005475,0.203151,-0.146323
-0.004750,0.200932,-0.147129
-0.002495,0.201068,-0.146848
-0.002403,0.200060,-0.143357
0.000228,0.202733,-0.143501
0.000174,0.203827,-0.141164
0.003673,0.202414,-0.142973
0.004361,0.201285,-0.144281
0.005920,0.200373,-0.143849
0.004274,0.199702,-0.141771
0.006931,0.199748,-0.139915
0.010211,0.201468,-0.141473
0.009884,0.200225,-0.141170
0.012885,0.201286,-0.140586
0.015928,0.200648,-0.139318
0.016834,0.201495,-0.139883
0.017771,0.201798,-0.139860
0.016243,0.200498,-0.140183
0.018251,0.202024,-0.139373
0.020446,0.200310,-0.140062
0.021551,0.201030,-0.137536
0.023902,0.200235,-0.137753
0.024793,0.201301,-0.135598
0.027129,0.199171,-0.137213
0.028006,0.200983,-0.137850
0.027198,0.202201,-0.138028
0.029124,0.200922,-0.137280
0.031773,0.200453,-0.137946
0.034716,0.201439,-0.136090
0.033273,0.199725,-0.136220
0.035766,0.200446,-0.136334
0.036815,0.201670,-0.135035
0.039388,0.201950,-0.136044
0.039739,0.200987,-0.137361
0.041712,0.201130,-0.137383
0.041936,0.199158,-0.137669
0.044342,0.199908,-0.136878
0.046505,0.200502,-0.136801
0.047278,0.200675,-0.136007
0.047394,0.200099,-0.136043
0.049828,0.201056,-0.136707
0.052355,0.199519,-0.136369
0.052017,0.203923,-0.136227
0.055107,0.200458,-0.136417
0.054065,0.200046,-0.137367
0.056613,0.200774,-0.137814
0.059094,0.199506,-0.137625
0.061148,0.200656,-0.137778
0.061678,0.199690,-0.137816
0.063123,0.202906,-0.139542
0.063218,0.200654,-0.136583
0.064627,0.201575,-0.140333
0.067308,0.201461,-0.139131
0.068372,0.201278,-0.140570
0.069793,0.201281,-0.137671
0.069868,0.199366,-0.138579
0.072175,0.200306,-0.139410
0.072765,0.202415,-0.138151
0.075534,0.200147,-0.140321
0.076745,0.201634,-0.138727
0.078847,0.199486,-0.138573
0.079203,0.201270,-0.137007
0.080311,0.200242,-0.138837
0.083215,0.200097,-0.135255
0.081774,0.200941,-0.135720
0.086217,0.201441,-0.134923
0.085129,0.201648,-0.135266
0.087118,0.197842,-0.133586
0.090670,0.200382,-0.135412
0.091709,0.201251,-0.132928
0.089636,0.199550,-0.134227
0.092764,0.201017,-0.134652
0.094310,0.200193,-0.133252
0.096619,0.199952,-0.129743
0.095266,0.200680,-0.131519
0.098218,0.200629,-0.130783
0.099388,0.200779,-0.128905
0.101817,0.200457,-0.128059
0.103786,0.200848,-0.129102
0.104077,0.200251,-0.128791
0.104890,0.200369,-0.128145
0.107380,0.201266,-0.126310
0.107165,0.200440,-0.127564
0.108495,0.198543,-0.125982
0.110450,0.200220,-0.126489
0.112841,0.200372,-0.126462
0.114258,0.201835,-0.129077
0.114635,0.199940,-0.124970
0.116601,0.201989,-0.127088
0.116007,0.199281,-0.124981
0.119979,0.199722,-0.126602
0.121552,0.200233,-0.124746
0.122202,0.200041,-0.126923
0.123043,0.200935,-0.125864
0.124992,0.198623,-0.125845
0.126042,0.199988,-0.124589
0.129722,0.199888,-0.125958
0.129754,0.197724,-0.124818
0.131701,0.199597,-0.126390
0.133028,0.198642,-0.125812
0.133212,0.199850,-0.124542
0.135521,0.201826,-0.123764
0.135456,0.199164,-0.125916
0.135721,0.198415,-0.126854
0.140069,0.199582,-0.127391
0.140604,0.199695,-0.125907
0.142649,0.200658,-0.130597
0.142138,0.201848,-0.129551
0.146130,0.200304,-0.127617
0.144259,0.201976,-0.128414
0.148109,0.199568,-0.129321
0.148085,0.201016,-0.129507
0.149614,0.200016,-0.129329
0.150022,0.200499,-0.130200
0.151928,0.199445,-0.130641
0.153633,0.198321,-0.131442
0.155098,0.200382,-0.132398
0.157570,0.201989,-0.132539
0.157535,0.201903,-0.132680
0.159091,0.199955,-0.134661
0.160630,0.200684,-0.133684
0.163120,0.200384,-0.137114
0.162850,0.200521,-0.136767
0.165186,0.200075,-0.136771
0.167626,0.200840,-0.137326
0.167932,0.200632,-0.139475
0.168440,0.201879,-0.139846
0.168192,0.201210,-0.140161
0.173579,0.199856,-0.143651
0.172793,0.199870,-0.141732
0.174848,0.202558,-0.142456
0.175960,0.200896,-0.144259
0.178264,0.201715,-0.144310
0.180522,0.203517,-0.148697
0.179472,0.200713,-0.149562
0.181403,0.201441,-0.149460
0.183044,0.201572,-0.150770
0.185704,0.201187,-0.150671
0.188269,0.201091,-0.150103
0.188126,0.200841,-0.150612
0.189091,0.201952,-0.153207
0.190836,0.199690,-0.153483
0.191874,0.203367,-0.155020
0.194859,0.200868,-0.156516
0.194430,0.202696,-0.157079
0.197535,0.202464,-0.158694
0.198903,0.202316,-0.158473
0.198847,0.201918,-0.159953
0.200444,0.202685,-0.160716
0.202252,0.202422,-0.161228
0.204688,0.201548,-0.161824
0.206162,0.203426,-0.160851
0.206384,0.201927,-0.163180
0.209267,0.202496,-0.164157
0.210911,0.203816,-0.164558
0.211723,0.202873,-0.168085
0.212831,0.204022,-0.167892
0.214759,0.202924,-0.169525
0.215064,0.202862,-0.170156
0.217250,0.203733,-0.172675
0.219249,0.203140,-0.171991
0.220162,0.202887,-0.173669
0.221584,0.204329,-0.176565
0.223473,0.203931,-0.173681
0.224680,0.203014,-0.176753
0.225985,0.204367,-0.176892
0.229546,0.206443,-0.180847
0.230541,0.205241,-0.189605
0.232699,0.204016,-0.196887
0.234396,0.205267,-0.205090
0.234333,0.205526,-0.212725
0.237219,0.205534,-0.221152
0.239811,0.206041,-0.230195
0.242224,0.208280,-0.234971
0.243946,0.210393,-0.244235
0.245733,0.210342,-0.251438
0.246584,0.211706,-0.261201
0.247996,0.210640,-0.269807
0.252328,0.211660,-0.277782
0.252138,0.210967,-0.284730
-0.037353,0.208423,-0.199585
-0.034797,0.208399,-0.196319
-0.033651,0.205544,-0.187776
-0.032646,0.206457,-0.183987
-0.030096,0.205019,-0.181717
-0.030237,0.205087,-0.175233
-0.027598,0.206554,-0.173097
-0.025125,0.204010,-0.171515
-0.023499,0.205092,-0.167988
-0.025164,0.204195,-0.165418
-0.021267,0.204177,-0.160224
-0.020068,0.204216,-0.156699
-0.017370,0.205199,-0.156000
-0.016707,0.203999,-0.154087
-0.015003,0.201591,-0.151076
-0.013640,0.202333,-0.151500
-0.014156,0.202002,-0.151023
-0.012050,0.203260,-0.150244
-0.010889,0.204000,-0.149209
-0.007751,0.202792,-0.148848
-0.007717,0.202215,-0.148829
-0.007092,0.199729,-0.147952
-0.006948,0.204360,-0.146924
-0.004473,0.202602,-0.146598
-0.001389,0.202803,-0.146040
-0.000896,0.204951,-0.145348
0.002444,0.204728,-0.146661
0.001914,0.203015,-0.146596
0.004070,0.202692,-0.144928
0.004367,0.202129,-0.144763
0.007584,0.204624,-0.145700
0.007821,0.202848,-0.143002
0.009819,0.203190,-0.141689
0.010464,0.202509,-0.140199
0.012197,0.203264,-0.141359
0.014111,0.201673,-0.143602
0.013594,0.203451,-0.140554
0.016358,0.202335,-0.141377
0.019817,0.201926,-0.138659
0.019219,0.201454,-0.142551
0.019906,0.201639,-0.139745
0.022634,0.202915,-0.138838
0.021939,0.201946,-0.139637
0.024355,0.203887,-0.140137
0.025420,0.202389,-0.138134
0.026106,0.201584,-0.136886
0.029282,0.201891,-0.138020
0.029435,0.201868,-0.137184
0.031389,0.201668,-0.137098
0.034220,0.202059,-0.138688
0.034605,0.202317,-0.138246
0.035018,0.203359,-0.136901
0.037334,0.201238,-0.136656
0.038130,0.202195,-0.135239
0.039315,0.202462,-0.140021
0.042765,0.203249,-0.135675
0.042044,0.202939,-0.136944
0.043756,0.201463,-0.137480
0.044633,0.203373,-0.137311
0.047081,0.203836,-0.135501
0.049419,0.201810,-0.138805
0.049870,0.203834,-0.137355
0.051854,0.202470,-0.138544
0.052467,0.202944,-0.136446
0.053931,0.202251,-0.137186
0.057308,0.203358,-0.138605
0.054555,0.202033,-0.139012
0.058247,0.202637,-0.140925
0.059785,0.201886,-0.136922
0.059602,0.202225,-0.138437
0.063726,0.203190,-0.138304
0.063832,0.204983,-0.138351
0.064942,0.201190,-0.141182
0.067008,0.204203,-0.139512
0.068766,0.202031,-0.141627
0.069390,0.201820,-0.137532
0.070018,0.202916,-0.140004
0.073650,0.201133,-0.139351
0.073087,0.200581,-0.138421
0.074352,0.202469,-0.139803
0.076510,0.202649,-0.139088
0.078750,0.203773,-0.138309
0.080196,0.202309,-0.139762
0.080436,0.201623,-0.137243
0.078722,0.201910,-0.137788
0.082073,0.201768,-0.136823
0.084219,0.203377,-0.137748
0.083078,0.202722,-0.136486
0.087114,0.201872,-0.135599
0.088504,0.202046,-0.134806
0.089549,0.203190,-0.136031
0.090421,0.202423,-0.136025
0.092417,0.201956,-0.135125
0.094055,0.203052,-0.130956
0.094743,0.201264,-0.132966
0.097272,0.202042,-0.133585
0.098865,0.201964,-0.131713
0.101246,0.200470,-0.131499
0.100244,0.201382,-0.130123
0.104143,0.202957,-0.130188
0.102312,0.202472,-0.129226
0.105145,0.201201,-0.128098
0.106739,0.200768,-0.129846
0.108136,0.200146,-0.128154
0.109531,0.202573,-0.126398
0.110516,0.203374,-0.127397
0.112080,0.201846,-0.126756
0.113536,0.201185,-0.129389
0.114626,0.199700,-0.127497
0.116668,0.201241,-0.129102
0.118771,0.201497,-0.127634
0.118263,0.202219,-0.126081
0.119952,0.202416,-0.125543
0.122138,0.203984,-0.127089
0.123186,0.202279,-0.127183
0.125802,0.203245,-0.126346
0.126882,0.200961,-0.127851
0.126791,0.201125,-0.126867
0.129162,0.200180,-0.126718
0.128196,0.201170,-0.127890
0.131082,0.200727,-0.128197
0.131573,0.202821,-0.127495
0.135415,0.200560,-0.128704
0.136826,0.201621,-0.128255
0.138585,0.202793,-0.128320
0.139045,0.202645,-0.128102
0.140121,0.204000,-0.127283
0.141241,0.202047,-0.127888
0.143722,0.202463,-0.128655
0.146186,0.202836,-0.129225
0.146948,0.202745,-0.127879
0.146010,0.201023,-0.129876
0.147543,0.202947,-0.130615
0.149738,0.201180,-0.130632
0.151745,0.201838,-0.133374
0.155241,0.201767,-0.133802
0.153327,0.203393,-0.133737
0.155311,0.201136,-0.134625
0.158124,0.203203,-0.134608
0.160040,0.200959,-0.135023
0.159759,0.203099,-0.136923
0.161005,0.201280,-0.137896
0.165557,0.202910,-0.137903
0.165043,0.204029,-0.137640
0.164824,0.201476,-0.139574
0.168672,0.203084,-0.140609
0.167361,0.201566,-0.139495
0.170597,0.203879,-0.142866
0.172402,0.202277,-0.141507
0.170893,0.201695,-0.141938
0.174023,0.202502,-0.143932
0.177137,0.203905,-0.146061
0.177248,0.203828,-0.148153
0.180118,0.204202,-0.147207
0.180623,0.204094,-0.150582
0.183544,0.204657,-0.149462
0.183279,0.203347,-0.149769
0.183393,0.203525,-0.151641
0.184708,0.204680,-0.150423
0.186396,0.205024,-0.152152
0.185573,0.203890,-0.154150
0.189728,0.203216,-0.155972
0.191289,0.204725,-0.153544
0.191590,0.203847,-0.155127
0.194813,0.205674,-0.157713
0.195517,0.203982,-0.156299
0.197129,0.204012,-0.158023
0.198493,0.204019,-0.160966
0.201185,0.204276,-0.160276
0.201536,0.203658,-0.161489
0.203080,0.204258,-0.160985
0.204099,0.204603,-0.163112
0.207162,0.205103,-0.164771
0.208054,0.203972,-0.163156
0.207060,0.204469,-0.164343
0.210900,0.206623,-0.166947
0.212559,0.206470,-0.167970
0.211523,0.204452,-0.167789
0.215701,0.206261,-0.171133
0.216022,0.206550,-0.170562
0.215168,0.205289,-0.171793
0.217840,0.206447,-0.171788
0.220043,0.205688,-0.175119
0.221355,0.205489,-0.175892
0.224489,0.203811,-0.176891
0.225307,0.205075,-0.176209
0.227701,0.207251,-0.176653
0.227943,0.206027,-0.178963
0.230492,0.206137,-0.187773
0.231458,0.205672,-0.193416
0.235262,0.207222,-0.202800
0.233375,0.207146,-0.213309
0.237772,0.207852,-0.218823
0.240139,0.209389,-0.228379
0.243017,0.210652,-0.236690
0.241971,0.210153,-0.244615
0.244092,0.210892,-0.250705
0.246988,0.213117,-0.259871
0.249712,0.215065,-0.267671
0.252152,0.213389,-0.274723
0.254067,0.212375,-0.283468
-0.035691,0.210094,-0.199761
-0.033747,0.209501,-0.194472
-0.033287,0.208878,-0.190436
-0.029011,0.207727,-0.184667
-0.029875,0.206750,-0.179556
-0.028767,0.207042,-0.178276
-0.027918,0.208030,-0.175004
-0.024362,0.207670,-0.170826
-0.024805,0.207744,-0.169180
-0.023541,0.205338,-0.166860
-0.020200,0.205738,-0.159867
-0.018385,0.204859,-0.157206
-0.017278,0.205925,-0.155533
-0.017362,0.206088,-0.156920
-0.013976,0.204401,-0.151987
-0.012981,0.207283,-0.151288
-0.013270,0.204918,-0.150329
-0.008565,0.203671,-0.151045
-0.011182,0.206945,-0.151433
-0.007404,0.207180,-0.150793
-0.006158,0.204010,-0.149362
-0.003342,0.204173,-0.148069
-0.003667,0.204480,-0.148241
-0.003021,0.203522,-0.149069
0.001048,0.205672,-0.145731
-0.000118,0.205428,-0.146075
0.002075,0.206720,-0.145993
0.004278,0.203096,-0.146820
0.005429,0.204691,-0.144409
0.005842,0.203656,-0.145384
0.007870,0.203744,-0.144648
0.009477,0.204744,-0.145435
0.011040,0.203879,-0.142423
0.012867,0.205557,-0.142387
0.012583,0.205981,-0.143286
0.015900,0.202916,-0.142455
0.015583,0.204377,-0.143013
0.018641,0.205480,-0.141042
0.018903,0.204037,-0.141314
0.020248,0.205178,-0.141464
0.022768,0.203203,-0.139839
0.024131,0.206077,-0.140061
0.024350,0.204553,-0.140901
0.025908,0.203085,-0.140027
0.026177,0.205449,-0.139367
0.030082,0.203777,-0.138790
0.030367,0.204003,-0.139615
0.031561,0.204964,-0.139890
0.034194,0.204686,-0.139392
0.035691,0.204357,-0.138029
0.035999,0.203077,-0.136789
0.038618,0.205196,-0.138161
0.039121,0.203619,-0.137809
0.038373,0.203439,-0.138915
0.040688,0.204293,-0.138256
0.043362,0.203753,-0.137750
0.044014,0.204584,-0.137294
0.045082,0.204141,-0.137911
0.049201,0.202978,-0.137010
0.050208,0.202128,-0.138912
0.049586,0.203909,-0.138163
0.051051,0.205427,-0.136494
0.053589,0.203278,-0.138258
0.055136,0.202876,-0.137273
0.055249,0.203787,-0.138538
0.055463,0.205056,-0.139238
0.057684,0.204410,-0.140256
0.058814,0.203275,-0.137134
0.062493,0.204070,-0.137939
0.061829,0.204049,-0.138463
0.065508,0.204312,-0.138916
0.064091,0.203285,-0.139474
0.067362,0.205149,-0.139551
0.066715,0.203465,-0.139079
0.069282,0.203754,-0.139516
0.069509,0.204365,-0.140166
0.070373,0.204944,-0.140238
0.074863,0.205546,-0.139398
0.074026,0.203156,-0.139577
0.075890,0.204109,-0.139696
0.078354,0.206199,-0.138865
0.080903,0.204554,-0.137547
0.080713,0.204646,-0.137001
0.081603,0.202153,-0.138590
0.083114,0.202851,-0.139514
0.084035,0.204421,-0.138726
0.086492,0.203590,-0.136520
0.089125,0.205933,-0.136588
0.089121,0.203538,-0.137002
0.090767,0.203896,-0.137937
0.090676,0.201409,-0.135039
0.094345,0.204755,-0.133860
0.093809,0.203758,-0.134533
0.095024,0.202469,-0.133963
0.097677,0.203957,-0.132058
0.096903,0.203191,-0.131384
0.099222,0.203684,-0.131153
0.102480,0.204616,-0.132161
0.100557,0.202621,-0.130740
0.102523,0.203881,-0.130479
0.106244,0.201348,-0.128819
0.107092,0.204583,-0.129639
0.107128,0.200892,-0.131405
0.109307,0.202681,-0.128847
0.111567,0.203551,-0.129275
0.114292,0.204128,-0.130293
0.111470,0.201878,-0.128195
0.114937,0.204814,-0.127952
0.117536,0.203073,-0.129854
0.119562,0.204573,-0.129173
0.117916,0.203113,-0.128538
0.118417,0.203106,-0.128823
0.122403,0.203477,-0.128396
0.123461,0.203925,-0.128705
0.125847,0.202448,-0.129478
0.124964,0.204801,-0.129246
0.128521,0.203454,-0.129250
0.129116,0.203808,-0.128491
0.129743,0.201589,-0.129194
0.131756,0.204093,-0.129599
0.131518,0.203877,-0.128989
0.134678,0.203365,-0.130625
0.138677,0.202799,-0.129681
0.138138,0.204821,-0.131471
0.138695,0.203750,-0.127987
0.140191,0.202840,-0.130392
0.143237,0.203198,-0.130983
0.142266,0.201833,-0.130265
0.145014,0.203776,-0.131625
0.146898,0.203811,-0.129847
0.146383,0.204183,-0.132274
0.150701,0.203011,-0.134610
0.149651,0.203940,-0.133893
0.152000,0.205331,-0.134618
0.153280,0.203220,-0.133822
0.152876,0.205038,-0.135410
0.155584,0.202719,-0.137214
0.157154,0.203848,-0.138183
0.158492,0.203378,-0.138498
0.159663,0.205680,-0.138097
0.161583,0.204177,-0.138443
0.162574,0.205624,-0.140210
0.163819,0.205623,-0.139237
0.164345,0.203222,-0.142212
0.166364,0.203507,-0.143248
0.170508,0.203416,-0.141098
0.169997,0.203340,-0.142847
0.171381,0.203745,-0.145218
0.171970,0.207495,-0.146631
0.173632,0.205382,-0.144513
0.176424,0.204235,-0.148758
0.177912,0.205213,-0.146729
0.178479,0.205306,-0.150067
0.178313,0.204402,-0.150018
0.181362,0.204699,-0.150582
0.184068,0.206276,-0.152113
0.182998,0.205957,-0.152038
0.185567,0.205809,-0.153069
0.188337,0.205872,-0.155427
0.188396,0.205144,-0.154610
0.189826,0.204521,-0.156671
0.193073,0.204602,-0.155904
0.193167,0.207128,-0.158485
0.195496,0.203695,-0.157554
0.196495,0.205676,-0.157599
0.197151,0.204833,-0.159631
0.196735,0.205453,-0.159319
0.200533,0.206494,-0.160962
0.202004,0.206461,-0.162852
0.203293,0.207144,-0.162627
0.206055,0.205498,-0.163224
0.206065,0.206318,-0.164099
0.206880,0.204034,-0.166222
0.209456,0.205534,-0.165666
0.210965,0.205882,-0.166097
0.210483,0.206230,-0.166652
0.211229,0.206031,-0.169252
0.213858,0.207261,-0.168476
0.216008,0.205619,-0.170254
0.216966,0.207712,-0.171459
0.218235,0.205849,-0.172399
0.222269,0.206231,-0.172925
0.222418,0.205749,-0.173984
0.222281,0.206551,-0.173188
0.224553,0.206230,-0.177280
0.224854,0.206927,-0.176283
0.229164,0.208055,-0.178451
0.228044,0.206520,-0.187633
0.232186,0.208121,-0.194648
0.233839,0.210485,-0.203731
0.236264,0.207936,-0.210711
0.237043,0.211208,-0.220091
0.238023,0.210564,-0.227635
0.241283,0.212404,-0.233617
0.242238,0.212292,-0.239418
0.246731,0.212572,-0.249046
0.248071,0.213222,-0.259918
0.250019,0.215288,-0.265690
0.250426,0.214264,-0.274309
0.253729,0.215976,-0.280740
-0.035425,0.210762,-0.202512
-0.034603,0.211502,-0.199768
-0.033508,0.210309,-0.195964
-0.029547,0.208261,-0.188400
-0.030437,0.209813,-0.185629
-0.025367,0.208761,-0.180603
-0.027054,0.208601,-0.179204
-0.024579,0.209012,-0.177096
-0.023762,0.208914,-0.172622
-0.022576,0.207512,-0.171671
-0.020718,0.208176,-0.166907
-0.018266,0.208062,-0.163630
-0.017774,0.206812,-0.158864
-0.015156,0.209232,-0.156807
-0.014286,0.207505,-0.155333
-0.013191,0.206912,-0.155573
-0.011779,0.205857,-0.154062
-0.010774,0.207145,-0.154565
-0.010292,0.207064,-0.150775
-0.005943,0.206304,-0.149449
-0.007911,0.206683,-0.149912
-0.005903,0.206293,-0.150921
-0.003244,0.205815,-0.148772
-0.001593,0.206687,-0.148408
-0.000693,0.206030,-0.148748
0.000875,0.206047,-0.146819
0.002028,0.205947,-0.148692
0.003680,0.206317,-0.147090
0.005112,0.207406,-0.147957
0.006510,0.208149,-0.146145
0.006640,0.206675,-0.145758
0.008176,0.205747,-0.146246
0.010459,0.207539,-0.146345
0.010504,0.203890,-0.143966
0.014545,0.206424,-0.143466
0.014402,0.205870,-0.142322
0.014916,0.207406,-0.144310
0.017373,0.206602,-0.143201
0.018875,0.206227,-0.142859
0.019220,0.206770,-0.141683
0.022088,0.203336,-0.142747
0.022847,0.206131,-0.142708
0.023883,0.206541,-0.140890
0.026442,0.206523,-0.145262
0.026979,0.207130,-0.141838
0.030648,0.206005,-0.141656
0.030461,0.205757,-0.141022
0.031407,0.206794,-0.137206
0.033637,0.205180,-0.140052
0.035094,0.205579,-0.139487
0.034884,0.205114,-0.138580
0.036158,0.206641,-0.139876
0.037582,0.204327,-0.138386
0.039370,0.205404,-0.137873
0.041395,0.204668,-0.137831
0.043136,0.205784,-0.138025
0.045143,0.204773,-0.138844
0.045361,0.207156,-0.136342
0.048717,0.204959,-0.139356
0.048442,0.205851,-0.136004
0.051277,0.205746,-0.139708
0.053481,0.207113,-0.138473
0.052444,0.204354,-0.138786
0.054313,0.204908,-0.138962
0.054476,0.204927,-0.140389
0.057767,0.205963,-0.140406
0.058742,0.206695,-0.140227
0.059122,0.206705,-0.140548
0.061942,0.205688,-0.141438
0.061636,0.205513,-0.142107
0.064433,0.206946,-0.142257
0.065278,0.205962,-0.139930
0.066651,0.205008,-0.138930
0.067189,0.208503,-0.139425
0.069107,0.204915,-0.139948
0.070914,0.205526,-0.139879
0.073853,0.203920,-0.140572
0.073066,0.205802,-0.139494
0.075263,0.205552,-0.139500
0.074527,0.205906,-0.140087
0.077631,0.206272,-0.140692
0.078133,0.205622,-0.138583
0.080801,0.206106,-0.139012
0.083292,0.205171,-0.141903
0.081841,0.207412,-0.138696
0.083239,0.207027,-0.137535
0.083830,0.204915,-0.138102
0.088716,0.204802,-0.138739
0.089088,0.203350,-0.136745
0.092397,0.206183,-0.135207
0.091506,0.204088,-0.136242
0.093006,0.206534,-0.136438
0.093075,0.206602,-0.135383
0.094760,0.205341,-0.134583
0.096393,0.206417,-0.133135
0.099643,0.206827,-0.133688
0.101111,0.207440,-0.133335
0.099277,0.205726,-0.133128
0.103900,0.204542,-0.135140
0.103626,0.205174,-0.133699
0.104827,0.205289,-0.131083
0.106823,0.203872,-0.133162
0.108619,0.206576,-0.131684
0.110580,0.205551,-0.130066
0.110817,0.204956,-0.130398
0.111908,0.205760,-0.129361
0.112627,0.206926,-0.129981
0.115447,0.205448,-0.129975
0.118312,0.205231,-0.131949
0.118221,0.206467,-0.131430
0.119746,0.205362,-0.129133
0.120913,0.205768,-0.131084
0.123354,0.205421,-0.130146
0.123327,0.205141,-0.127768
0.124653,0.201895,-0.128884
0.125845,0.205060,-0.129649
0.128735,0.206868,-0.130380
0.128200,0.206014,-0.131034
0.130722,0.206606,-0.131911
0.132739,0.204856,-0.132651
0.131867,0.203594,-0.131210
0.134916,0.205211,-0.131113
0.134507,0.205277,-0.130492
0.138049,0.204371,-0.131132
0.138678,0.206197,-0.131189
0.140334,0.203569,-0.131774
0.142549,0.204905,-0.131644
0.141499,0.204768,-0.132979
0.145720,0.206360,-0.131776
0.146172,0.205799,-0.134032
0.146368,0.205283,-0.135662
0.149613,0.205416,-0.134283
0.150833,0.204903,-0.134985
0.152401,0.205540,-0.135962
0.152996,0.205280,-0.138125
0.153995,0.206088,-0.136671
0.154596,0.204729,-0.137489
0.156574,0.206812,-0.138047
0.158159,0.205934,-0.138321
0.160709,0.204455,-0.140914
0.160742,0.206367,-0.140663
0.164774,0.205500,-0.142106
0.164690,0.204841,-0.142798
0.165855,0.205877,-0.144136
0.167848,0.207191,-0.143877
0.167750,0.207478,-0.144621
0.169713,0.205950,-0.146126
0.169919,0.207138,-0.145181
0.174036,0.207332,-0.145477
0.175294,0.207208,-0.146826
0.177912,0.205770,-0.148766
0.177282,0.207142,-0.150373
0.177950,0.205574,-0.150254
0.180633,0.207525,-0.151066
0.183321,0.206771,-0.152813
0.183528,0.207574,-0.152228
0.185257,0.206196,-0.152467
0.184376,0.207522,-0.155180
0.189179,0.207665,-0.156515
0.189273,0.205811,-0.155970
0.191949,0.207862,-0.158294
0.191962,0.208381,-0.157160
0.193846,0.206559,-0.158228
0.193894,0.206984,-0.157857
0.195806,0.205714,-0.158982
0.197725,0.206000,-0.160793
0.199008,0.207594,-0.161919
0.201823,0.207542,-0.162456
0.201030,0.207851,-0.163175
0.204041,0.208377,-0.163814
0.204304,0.208020,-0.164698
0.206958,0.207782,-0.166315
0.207083,0.207124,-0.165921
0.209885,0.207673,-0.167789
0.208805,0.209245,-0.166720
0.211306,0.208956,-0.167907
0.213338,0.207762,-0.167629
0.214692,0.209056,-0.170990
0.215054,0.206792,-0.172119
0.217624,0.207851,-0.171952
0.218578,0.207434,-0.171813
0.220541,0.207813,-0.173179
0.221503,0.206917,-0.173707
0.223872,0.207775,-0.173868
0.225102,0.205613,-0.173867
0.226188,0.208926,-0.175023
0.228590,0.208435,-0.179618
0.230869,0.209009,-0.187305
0.230141,0.209795,-0.195450
0.234335,0.211208,-0.201112
0.235591,0.212373,-0.209473
0.236821,0.212511,-0.217341
0.241072,0.211382,-0.225472
0.241198,0.212717,-0.231896
0.243146,0.214180,-0.241362
0.242892,0.213404,-0.247621
0.246431,0.214303,-0.257320
0.247681,0.215440,-0.263545
0.250929,0.216275,-0.272740
0.252783,0.216864,-0.281269
-0.035465,0.210155,-0.202383
-0.033223,0.211267,-0.200304
-0.031185,0.211971,-0.193717
-0.029607,0.211964,-0.191817
-0.025802,0.209871,-0.188194
-0.026899,0.210796,-0.182092
-0.026801,0.209299,-0.180899
-0.024061,0.210249,-0.178133
-0.023771,0.209400,-0.173411
-0.020068,0.209349,-0.171539
-0.019641,0.210565,-0.167543
-0.015989,0.207459,-0.166206
-0.015292,0.208633,-0.162448
-0.014597,0.209374,-0.159686
-0.013482,0.208322,-0.158074
-0.011167,0.209176,-0.154497
-0.010424,0.209771,-0.155567
-0.008744,0.209171,-0.153748
-0.006826,0.208482,-0.152666
-0.005974,0.207809,-0.153211
-0.005343,0.209614,-0.152501
-0.003452,0.208435,-0.153008
-0.004035,0.208472,-0.152894
-0.001738,0.208735,-0.150304
0.000589,0.208954,-0.150198
0.002732,0.207682,-0.150325
0.004053,0.206468,-0.151446
0.006115,0.208356,-0.151742
0.006300,0.209666,-0.148496
0.008351,0.208066,-0.148396
0.007575,0.209448,-0.146750
0.011528,0.207845,-0.146768
0.013129,0.209106,-0.147292
0.013214,0.207402,-0.146468
0.014525,0.208418,-0.146451
0.014962,0.208361,-0.146227
0.018113,0.206987,-0.145484
0.017881,0.207275,-0.144899
0.020155,0.206227,-0.144840
0.021510,0.207469,-0.144492
0.023133,0.207459,-0.143851
0.025025,0.207515,-0.143525
0.026364,0.207707,-0.144668
0.027034,0.207879,-0.142687
0.029416,0.207488,-0.143565
0.029773,0.208988,-0.142269
0.032000,0.208527,-0.142519
0.032062,0.207875,-0.143509
0.034363,0.206670,-0.140929
0.035566,0.206836,-0.141272
0.037113,0.206965,-0.140151
0.039720,0.208139,-0.141275
0.039135,0.208115,-0.138889
0.040905,0.206676,-0.142899
0.043230,0.207160,-0.140706
0.043399,0.206561,-0.139212
0.046629,0.207336,-0.137855
0.050291,0.206924,-0.141222
0.048505,0.206756,-0.139808
0.049826,0.206861,-0.140792
0.052334,0.205186,-0.140596
0.052956,0.207446,-0.140579
0.055536,0.205711,-0.140262
0.055579,0.206790,-0.140873
0.056201,0.209604,-0.139740
0.057434,0.206467,-0.141515
0.059381,0.207351,-0.140661
0.062135,0.205638,-0.138796
0.064781,0.207573,-0.140155
0.063095,0.206830,-0.139771
0.066267,0.205914,-0.140480
0.066431,0.207361,-0.141888
0.068341,0.207186,-0.142509
0.069512,0.206439,-0.139604
0.072357,0.206507,-0.143485
0.073460,0.207387,-0.142229
0.074060,0.207636,-0.141621
0.074076,0.208676,-0.140635
0.077465,0.207188,-0.140253
0.077855,0.208250,-0.141488
0.078593,0.208573,-0.139278
0.080570,0.208373,-0.140045
0.082134,0.209672,-0.140116
0.085122,0.206865,-0.139847
0.084787,0.206776,-0.139044
0.086273,0.205068,-0.139656
0.088012,0.207814,-0.137512
0.089151,0.206799,-0.140780
0.090336,0.207512,-0.138997
0.090220,0.206158,-0.135949
0.092526,0.206234,-0.137596
0.092769,0.208204,-0.135671
0.095175,0.207897,-0.135963
0.097119,0.207408,-0.134797
0.097246,0.208186,-0.133908
0.101470,0.206984,-0.135071
0.102941,0.207867,-0.134503
0.102663,0.205821,-0.133703
0.102777,0.204967,-0.134083
0.107054,0.206792,-0.132044
0.107923,0.206136,-0.133286
0.109617,0.206314,-0.132916
0.110126,0.205624,-0.132546
0.113837,0.206083,-0.131537
0.112164,0.207109,-0.131806
0.113624,0.205479,-0.132005
0.115223,0.208763,-0.131007
0.118146,0.208174,-0.130279
0.118497,0.207443,-0.131954
0.120525,0.207954,-0.130002
0.122854,0.207349,-0.132007
0.121935,0.206958,-0.132031
0.121860,0.209177,-0.132257
0.125430,0.205888,-0.132063
0.125684,0.207634,-0.131030
0.126515,0.207378,-0.132184
0.129604,0.206895,-0.131665
0.130810,0.207945,-0.132302
0.132569,0.205916,-0.134141
0.135224,0.207020,-0.133672
0.133815,0.206518,-0.131470
0.136622,0.207320,-0.132048
0.136962,0.205933,-0.133237
0.137660,0.207573,-0.134579
0.140044,0.208786,-0.134795
0.141272,0.206417,-0.135497
0.142680,0.207610,-0.135415
0.143093,0.208212,-0.135640
0.146969,0.207011,-0.136175
0.146660,0.208452,-0.134890
0.149238,0.205511,-0.135135
0.151530,0.208183,-0.137986
0.151364,0.207296,-0.137843
0.152079,0.206273,-0.139063
0.156190,0.207181,-0.140409
0.153034,0.205874,-0.139357
0.156314,0.206656,-0.140176
0.157731,0.205707,-0.141272
0.159608,0.206657,-0.143304
0.160740,0.206726,-0.141514
0.163845,0.208122,-0.142707
0.165921,0.208143,-0.145191
0.166204,0.206935,-0.146382
0.167265,0.207682,-0.144200
0.167550,0.207235,-0.148113
0.171242,0.208556,-0.147509
0.171207,0.208168,-0.148831
0.174285,0.208322,-0.149389
0.174512,0.209486,-0.149440
0.174513,0.208603,-0.151768
0.178552,0.209135,-0.150552
0.178806,0.209798,-0.153012
0.180009,0.208363,-0.153662
0.183211,0.208591,-0.153497
0.184838,0.210458,-0.154729
0.185396,0.209947,-0.156067
0.184681,0.209043,-0.155717
0.188976,0.208990,-0.155904
0.188815,0.208169,-0.157416
0.190936,0.208824,-0.158417
0.194082,0.209900,-0.160120
0.193474,0.209412,-0.160138
0.192797,0.208177,-0.158957
0.197486,0.208695,-0.158699
0.197136,0.208645,-0.161743
0.198458,0.209810,-0.161496
0.199474,0.210555,-0.162567
0.201941,0.207508,-0.162778
0.202297,0.209345,-0.165198
0.204947,0.210371,-0.165757
0.206371,0.207684,-0.167687
0.208933,0.209696,-0.167779
0.210060,0.208074,-0.168568
0.210837,0.212143,-0.168221
0.212865,0.211821,-0.167006
0.212895,0.210129,-0.169391
0.213799,0.209061,-0.170929
0.216508,0.210376,-0.169713
0.216442,0.210259,-0.172740
0.218312,0.209775,-0.173158
0.221860,0.210121,-0.174473
0.220690,0.210961,-0.174482
0.223735,0.211462,-0.176127
0.224511,0.210351,-0.178471
0.226949,0.212863,-0.176595
0.227415,0.210738,-0.180255
0.229630,0.212745,-0.184206
0.234579,0.211611,-0.194356
0.234248,0.212876,-0.200488
0.234861,0.212922,-0.209515
0.236721,0.213744,-0.216226
0.240326,0.212457,-0.221396
0.239519,0.213223,-0.232973
0.241764,0.215005,-0.239899
0.244962,0.215179,-0.247249
0.245977,0.216882,-0.253638
0.248854,0.216573,-0.262800
0.250472,0.218047,-0.272917
0.251447,0.216335,-0.280074
-0.035180,0.215699,-0.220356
-0.031060,0.214755,-0.203043
-0.032101,0.213447,-0.196770
-0.031562,0.214470,-0.194217
-0.027618,0.211129,-0.191281
-0.027564,0.212175,-0.187177
-0.024281,0.212053,-0.184715
-0.025242,0.213226,-0.181172
-0.022323,0.211865,-0.179921
-0.021193,0.213183,-0.176518
-0.019504,0.212493,-0.173533
-0.017032,0.213123,-0.171579
-0.017559,0.210189,-0.167044
-0.015475,0.211666,-0.166291
-0.015688,0.210844,-0.163420
-0.012860,0.210886,-0.160841
-0.010492,0.210568,-0.159262
-0.009341,0.209575,-0.157248
-0.008165,0.210545,-0.154167
-0.005896,0.210606,-0.154990
-0.004867,0.210140,-0.157384
-0.006107,0.209010,-0.155590
-0.002254,0.209846,-0.153335
-0.000947,0.211180,-0.155597
-0.000621,0.209945,-0.153147
0.002838,0.209228,-0.153065
0.004420,0.209695,-0.152286
0.006297,0.211560,-0.151640
0.007601,0.211337,-0.151939
0.008912,0.210495,-0.150329
0.007503,0.209863,-0.149967
0.010753,0.210217,-0.148337
0.013237,0.210270,-0.148793
0.013764,0.208116,-0.149101
0.012847,0.209627,-0.146984
0.018309,0.209023,-0.145960
0.017569,0.209996,-0.146634
0.020326,0.209247,-0.146267
0.020274,0.209324,-0.147360
0.022379,0.208022,-0.147377
0.023845,0.209097,-0.143910
0.024165,0.210189,-0.145166
0.025010,0.209446,-0.142778
0.027644,0.208863,-0.142068
0.028792,0.211093,-0.143258
0.029179,0.210233,-0.142542
0.031222,0.209129,-0.142543
0.033403,0.209695,-0.143453
0.034670,0.209955,-0.144528
0.035287,0.209401,-0.141788
0.037692,0.210044,-0.142191
0.039945,0.209533,-0.141636
0.040323,0.207706,-0.142210
0.040607,0.208469,-0.143963
0.042288,0.209747,-0.142492
0.044353,0.208643,-0.144275
0.045907,0.208773,-0.140788
0.046390,0.209277,-0.142154
0.048459,0.207434,-0.141650
0.050219,0.207858,-0.142748
0.051870,0.210378,-0.141944
0.051706,0.207501,-0.141224
0.053816,0.209028,-0.140216
0.055020,0.209370,-0.138302
0.056711,0.208128,-0.143062
0.058744,0.209428,-0.141453
0.060246,0.209561,-0.140816
0.060865,0.207737,-0.141701
0.063306,0.207612,-0.140890
0.064116,0.209752,-0.140385
0.065417,0.209653,-0.140693
0.067724,0.209966,-0.141847
0.069435,0.208718,-0.143306
0.069036,0.208849,-0.141450
0.072797,0.207901,-0.141191
0.073749,0.208433,-0.140638
0.072981,0.207781,-0.140526
0.075093,0.211115,-0.140257
0.076764,0.209004,-0.140425
0.077770,0.209269,-0.141799
0.076872,0.209667,-0.141199
0.081602,0.207950,-0.139845
0.082571,0.209177,-0.139244
0.084459,0.208773,-0.141603
0.086654,0.207060,-0.139825
0.086277,0.209449,-0.140164
0.087651,0.209521,-0.138543
0.089133,0.208850,-0.139510
0.089407,0.208146,-0.139605
0.090736,0.210491,-0.138225
0.092783,0.209710,-0.137582
0.094855,0.208793,-0.135224
0.094634,0.206923,-0.136937
0.096857,0.208441,-0.134537
0.097598,0.209058,-0.134831
0.098936,0.208857,-0.136476
0.102931,0.208623,-0.134659
0.101320,0.208121,-0.133466
0.103537,0.207835,-0.135382
0.105006,0.207917,-0.133336
0.107787,0.209730,-0.131015
0.108357,0.208135,-0.133792
0.111365,0.208598,-0.132183
0.111260,0.209145,-0.130849
0.111203,0.208052,-0.135417
0.114954,0.209393,-0.132495
0.116067,0.208510,-0.133146
0.117143,0.207772,-0.133388
0.119317,0.208602,-0.131972
0.120500,0.207637,-0.132260
0.120062,0.208787,-0.132774
0.123225,0.207904,-0.133460
0.123941,0.208645,-0.134997
0.124943,0.208758,-0.132889
0.125722,0.207220,-0.132373
0.127733,0.208511,-0.133487
0.128720,0.209555,-0.135643
0.130075,0.207935,-0.133975
0.130880,0.209158,-0.133487
0.132359,0.209779,-0.135320
0.134035,0.207311,-0.133469
0.135131,0.207928,-0.134899
0.137946,0.209767,-0.135379
0.136249,0.207958,-0.137986
0.142720,0.209429,-0.135616
0.143134,0.208707,-0.135694
0.145773,0.210336,-0.136320
0.145723,0.207077,-0.135551
0.145582,0.209008,-0.139462
0.144996,0.208573,-0.137461
0.148256,0.208528,-0.138942
0.152234,0.208503,-0.140442
0.153477,0.209606,-0.140868
0.151874,0.207075,-0.139972
0.152453,0.212682,-0.140772
0.155348,0.210420,-0.142357
0.156996,0.209972,-0.140473
0.159996,0.208798,-0.143209
0.159645,0.207678,-0.141267
0.161116,0.208100,-0.145753
0.163055,0.210082,-0.144763
0.164987,0.207633,-0.146366
0.164395,0.209438,-0.145381
0.168341,0.210395,-0.149223
0.168935,0.207391,-0.147642
0.168436,0.210007,-0.148764
0.172151,0.211272,-0.150041
0.172928,0.210745,-0.149459
0.174160,0.210414,-0.151205
0.176093,0.210458,-0.149615
0.178620,0.210132,-0.153627
0.177373,0.208578,-0.152580
0.179233,0.207307,-0.153267
0.181120,0.210831,-0.155881
0.180293,0.210419,-0.156091
0.185049,0.210482,-0.156378
0.185832,0.210073,-0.157809
0.187452,0.210516,-0.157486
0.190302,0.210604,-0.159836
0.190622,0.209298,-0.162009
0.191009,0.210551,-0.158755
0.193776,0.209517,-0.160357
0.194057,0.210564,-0.161499
0.195720,0.211771,-0.160913
0.196946,0.211580,-0.162133
0.198699,0.210929,-0.161390
0.200799,0.211114,-0.163286
0.202292,0.209523,-0.164190
0.203075,0.211044,-0.167084
0.204409,0.212114,-0.165971
0.205177,0.212389,-0.164777
0.207032,0.211917,-0.165659
0.208047,0.210567,-0.168996
0.210213,0.211822,-0.166844
0.211375,0.211806,-0.168528
0.213499,0.210334,-0.169363
0.214960,0.212210,-0.171343
0.216080,0.213420,-0.171071
0.217436,0.212022,-0.171185
0.217736,0.211632,-0.172297
0.219803,0.213474,-0.173084
0.220259,0.211938,-0.175255
0.223422,0.211843,-0.174501
0.226447,0.211771,-0.176477
0.227021,0.210115,-0.174483
0.228092,0.213743,-0.178131
0.229833,0.211219,-0.183245
0.232673,0.212662,-0.190885
0.234174,0.214723,-0.200033
0.235057,0.215306,-0.206132
0.238134,0.214743,-0.213659
0.239742,0.217777,-0.221220
0.240794,0.217411,-0.230992
0.242839,0.218076,-0.238235
0.245279,0.218967,-0.246542
0.248062,0.218040,-0.254129
0.249154,0.217724,-0.261707
0.250898,0.220039,-0.270738
0.252735,0.219270,-0.278472
0.252994,0.221821,-0.285470
-0.034798,0.217187,-0.222976
-0.032660,0.216229,-0.206543
-0.029060,0.215452,-0.203083
-0.029662,0.215310,-0.200065
-0.029672,0.215896,-0.196202
-0.027990,0.217370,-0.193270
-0.024968,0.215477,-0.190045
-0.024347,0.214720,-0.186022
-0.022417,0.214608,-0.183531
-0.021691,0.213475,-0.180485
-0.019688,0.213585,-0.178210
-0.016369,0.214846,-0.176126
-0.018362,0.215767,-0.173507
-0.016023,0.214320,-0.171662
-0.011166,0.213975,-0.169182
-0.012817,0.212355,-0.165530
-0.012177,0.212980,-0.164844
-0.008555,0.212450,-0.163071
-0.005395,0.210697,-0.159748
-0.008146,0.213712,-0.159601
-0.003807,0.212387,-0.157979
-0.003174,0.210525,-0.157575
-0.001023,0.212991,-0.156991
-0.000236,0.211444,-0.156022
0.001515,0.211092,-0.156697
0.002606,0.211790,-0.156486
0.004130,0.212733,-0.155642
0.004229,0.212679,-0.153187
0.005244,0.212438,-0.155088
0.008147,0.211791,-0.152073
0.007807,0.210870,-0.151935
0.010911,0.213128,-0.151159
0.011408,0.211516,-0.151209
0.012020,0.212709,-0.150253
0.012911,0.211220,-0.147060
0.017464,0.211106,-0.148411
0.017566,0.211744,-0.147622
0.019582,0.210483,-0.147882
0.021746,0.213233,-0.148829
0.020292,0.210461,-0.147399
0.023463,0.212671,-0.145786
0.024135,0.211256,-0.146082
0.025121,0.211953,-0.144601
0.028213,0.211546,-0.146157
0.028315,0.210927,-0.145512
0.029937,0.210728,-0.145225
0.030500,0.211112,-0.145309
0.034688,0.208882,-0.143833
0.035946,0.213965,-0.145889
0.036108,0.212437,-0.145241
0.038114,0.210010,-0.144708
0.039348,0.210260,-0.144950
0.040200,0.210300,-0.143253
0.043455,0.210860,-0.146525
0.042686,0.210111,-0.144000
0.044208,0.209664,-0.143097
0.046697,0.209708,-0.144029
0.047168,0.208655,-0.142646
0.047678,0.213740,-0.143585
0.048946,0.210246,-0.141589
0.052054,0.210451,-0.141795
0.052586,0.212869,-0.141951
0.052873,0.210852,-0.141040
0.056710,0.210871,-0.141617
0.057843,0.211864,-0.141997
0.057787,0.209544,-0.142964
0.059360,0.211231,-0.142755
0.060614,0.210467,-0.143232
0.064970,0.211752,-0.142077
0.064478,0.210865,-0.143479
0.067429,0.210139,-0.141682
0.065560,0.212352,-0.144045
0.066415,0.210983,-0.143475
0.069092,0.210186,-0.142114
0.071226,0.210855,-0.142240
0.071870,0.212002,-0.142962
0.073274,0.209407,-0.143465
0.074544,0.210475,-0.141608
0.075923,0.212853,-0.142227
0.078311,0.211460,-0.141285
0.080601,0.211008,-0.141528
0.080240,0.211603,-0.141728
0.082193,0.210579,-0.141078
0.083521,0.209607,-0.142496
0.085243,0.209797,-0.139861
0.085985,0.210995,-0.140055
0.087625,0.210636,-0.140936
0.089885,0.210579,-0.139413
0.091330,0.209475,-0.141738
0.091118,0.209677,-0.138637
0.091685,0.208795,-0.137173
0.096700,0.208905,-0.137408
0.097670,0.211288,-0.136953
0.098300,0.211257,-0.133722
0.099929,0.209458,-0.136693
0.099770,0.210390,-0.136186
0.101160,0.210175,-0.136316
0.105090,0.210972,-0.135958
0.105990,0.211000,-0.135723
0.105695,0.209623,-0.134587
0.106412,0.209020,-0.135234
0.108211,0.209243,-0.134228
0.109434,0.209092,-0.134030
0.110989,0.210194,-0.134576
0.112195,0.210266,-0.134396
0.111941,0.208176,-0.133925
0.116409,0.209203,-0.133461
0.116362,0.211221,-0.135169
0.118744,0.212079,-0.134419
0.118843,0.210615,-0.132878
0.119898,0.209540,-0.135984
0.122109,0.210984,-0.133778
0.123441,0.210455,-0.136010
0.124653,0.209771,-0.135875
0.125579,0.209860,-0.134831
0.126523,0.209846,-0.135329
0.127631,0.210010,-0.135570
0.130333,0.210188,-0.137834
0.131661,0.211300,-0.134974
0.133446,0.210452,-0.136966
0.134114,0.209766,-0.135615
0.134697,0.209632,-0.136871
0.138033,0.209577,-0.137570
0.138139,0.210035,-0.136339
0.141182,0.211103,-0.137360
0.143077,0.209314,-0.138479
0.143729,0.208632,-0.138023
0.146099,0.210637,-0.138324
0.146024,0.210880,-0.140346
0.147531,0.211280,-0.143060
0.149994,0.210214,-0.141162
0.150440,0.210928,-0.142473
0.153562,0.211401,-0.142719
0.152057,0.210985,-0.142051
0.155170,0.211162,-0.143289
0.155843,0.210538,-0.143998
0.157776,0.212100,-0.143698
0.160959,0.210094,-0.145030
0.159992,0.210709,-0.145274
0.161582,0.211871,-0.143590
0.162473,0.209286,-0.148801
0.164892,0.210411,-0.146344
0.165940,0.211464,-0.149417
0.168580,0.210421,-0.149807
0.169144,0.211054,-0.152057
0.170603,0.211841,-0.150625
0.172003,0.211221,-0.152043
0.172749,0.210938,-0.152306
0.174407,0.210914,-0.152289
0.175871,0.211751,-0.152335
0.178971,0.212051,-0.153197
0.178640,0.211323,-0.153567
0.179386,0.212334,-0.154943
0.182620,0.210747,-0.156088
0.182775,0.214169,-0.155453
0.185941,0.210837,-0.158681
0.185369,0.212263,-0.156302
0.187612,0.212840,-0.157797
0.188649,0.211116,-0.159597
0.190966,0.212924,-0.159822
0.193287,0.211078,-0.161035
0.194158,0.213374,-0.161100
0.194303,0.212428,-0.160208
0.195972,0.214178,-0.162715
0.197138,0.212234,-0.161451
0.199288,0.211523,-0.162043
0.200334,0.214000,-0.164984
0.202341,0.212224,-0.164740
0.203116,0.213853,-0.167084
0.203852,0.211236,-0.166651
0.206336,0.213258,-0.168171
0.208081,0.211513,-0.167819
0.208751,0.212930,-0.168174
0.211084,0.213783,-0.169790
0.209985,0.211565,-0.169886
0.213959,0.213912,-0.170193
0.213310,0.212390,-0.171619
0.214524,0.212713,-0.170450
0.218171,0.211731,-0.170544
0.218582,0.214037,-0.171641
0.220752,0.213019,-0.174186
0.223606,0.215526,-0.175619
0.225518,0.213574,-0.176217
0.224665,0.215157,-0.176464
0.225778,0.213381,-0.175340
0.226692,0.215159,-0.179489
0.229607,0.213087,-0.181739
0.230929,0.216140,-0.189153
0.230268,0.215902,-0.198194
0.236096,0.215154,-0.204406
0.236587,0.215866,-0.213300
0.238178,0.215663,-0.221743
0.238640,0.217845,-0.228838
0.244598,0.218217,-0.237442
0.243593,0.218598,-0.243950
0.245816,0.219668,-0.252844
0.248567,0.218453,-0.261894
0.249876,0.220235,-0.268303
0.252082,0.221749,-0.276990
0.254022,0.224008,-0.285768
-0.034400,0.219536,-0.226452
-0.031769,0.219589,-0.218024
-0.032542,0.215310,-0.205447
-0.030872,0.218724,-0.204060
-0.027486,0.217006,-0.197975
-0.027637,0.217247,-0.197313
-0.025212,0.216531,-0.194361
-0.026603,0.216115,-0.191829
-0.021225,0.216675,-0.187755
-0.023173,0.215332,-0.185598
-0.019865,0.215229,-0.183706
-0.016573,0.216153,-0.179660
-0.016462,0.215386,-0.177882
-0.013609,0.216173,-0.176281
-0.013646,0.214506,-0.174165
-0.012588,0.214731,-0.170993
-0.011331,0.216787,-0.169152
-0.009922,0.214908,-0.167793
-0.006831,0.215179,-0.165215
-0.007701,0.213449,-0.163719
-0.004756,0.213133,-0.162233
-0.003292,0.213561,-0.161186
-0.003212,0.212837,-0.159933
-0.001412,0.213884,-0.159953
-0.000971,0.214001,-0.157265
0.001691,0.213530,-0.157515
0.005295,0.212531,-0.156373
0.004410,0.213235,-0.155807
0.007297,0.214254,-0.155404
0.008788,0.212945,-0.154454
0.010352,0.214082,-0.152410
0.009578,0.214507,-0.152020
0.012560,0.214457,-0.153055
0.012026,0.211749,-0.153102
0.014053,0.214012,-0.151982
0.016307,0.212873,-0.150631
0.019837,0.213242,-0.148826
0.021006,0.212634,-0.149658
0.018551,0.211872,-0.148686
0.022979,0.211220,-0.148677
0.022461,0.213529,-0.145266
0.024477,0.210788,-0.146122
0.024565,0.214250,-0.148830
0.027005,0.212837,-0.146597
0.028180,0.212438,-0.147658
0.029026,0.213391,-0.144368
0.030748,0.211104,-0.145726
0.033395,0.211954,-0.148032
0.034587,0.212128,-0.146677
0.035246,0.211581,-0.146551
0.037510,0.214174,-0.145834
0.037755,0.212043,-0.146433
0.039490,0.211703,-0.145379
0.042755,0.211201,-0.144022
0.043294,0.212324,-0.145331
0.044583,0.214366,-0.144986
0.045082,0.213120,-0.146083
0.045497,0.212860,-0.142808
0.047023,0.211981,-0.143323
0.051133,0.212104,-0.145090
0.052057,0.211099,-0.145985
0.053674,0.211708,-0.145419
0.053664,0.212761,-0.143482
0.053803,0.212501,-0.141228
0.056938,0.213694,-0.142865
0.058345,0.211848,-0.142996
0.059717,0.211075,-0.142260
0.059493,0.212439,-0.144001
0.061462,0.213721,-0.145441
0.064206,0.212720,-0.142220
0.065879,0.212662,-0.142628
0.064289,0.212367,-0.143128
0.068718,0.212252,-0.142301
0.068088,0.213717,-0.143488
0.069886,0.214027,-0.142393
0.072758,0.213271,-0.144356
0.073082,0.211328,-0.142818
0.074951,0.214221,-0.142962
0.076292,0.212440,-0.142917
0.076974,0.214286,-0.142240
0.079956,0.212701,-0.141493
0.081821,0.214228,-0.142865
0.081515,0.212664,-0.141321
0.082817,0.211573,-0.141512
0.085806,0.212780,-0.142349
0.086021,0.213348,-0.138840
0.087816,0.211088,-0.140478
0.088188,0.211882,-0.140546
0.090676,0.212431,-0.139627
0.091338,0.211404,-0.139785
0.091724,0.212297,-0.139325
0.095316,0.210383,-0.140309
0.096214,0.212677,-0.138123
0.096032,0.213781,-0.134623
0.098638,0.211498,-0.138375
0.100086,0.212244,-0.136239
0.100605,0.211994,-0.137338
0.102441,0.211500,-0.138252
0.103249,0.211425,-0.137842
0.106002,0.213469,-0.134894
0.105742,0.212872,-0.136024
0.107887,0.211082,-0.137352
0.110287,0.210783,-0.137045
0.111322,0.212042,-0.135408
0.114012,0.211777,-0.134034
0.113736,0.210073,-0.135316
0.118278,0.210272,-0.133852
0.116384,0.212072,-0.135041
0.118905,0.212255,-0.136762
0.119679,0.211386,-0.137157
0.120611,0.212894,-0.134859
0.119575,0.210909,-0.137679
0.122295,0.213790,-0.138000
0.127110,0.211441,-0.137416
0.126227,0.212048,-0.137173
0.128400,0.211511,-0.134268
0.128926,0.214532,-0.137091
0.130905,0.213650,-0.137952
0.132959,0.211333,-0.135050
0.134187,0.212613,-0.138026
0.135930,0.211838,-0.138971
0.138726,0.210786,-0.139239
0.135163,0.211761,-0.138911
0.138315,0.211505,-0.140286
0.140503,0.213443,-0.139890
0.139997,0.214904,-0.141107
0.144111,0.213219,-0.141525
0.144133,0.210631,-0.141430
0.145532,0.211491,-0.141660
0.146091,0.214305,-0.140059
0.150188,0.211352,-0.143212
0.149519,0.210824,-0.141822
0.152726,0.212506,-0.143444
0.151112,0.213918,-0.145676
0.155622,0.213374,-0.144906
0.156157,0.213140,-0.144878
0.158124,0.212961,-0.146314
0.158047,0.212498,-0.145821
0.159823,0.213808,-0.147508
0.162372,0.212941,-0.148274
0.165142,0.212628,-0.148080
0.163672,0.213125,-0.149066
0.166838,0.212987,-0.151361
0.166671,0.213890,-0.148791
0.169122,0.214298,-0.149460
0.171963,0.213105,-0.150630
0.170819,0.213813,-0.153173
0.172179,0.214228,-0.153274
0.173863,0.212976,-0.153492
0.175567,0.214429,-0.154138
0.175408,0.213839,-0.155098
0.179055,0.213250,-0.156894
0.179809,0.212936,-0.156011
0.181458,0.213931,-0.157516
0.182840,0.213481,-0.160440
0.183912,0.213594,-0.158070
0.186909,0.212134,-0.160369
0.188387,0.212563,-0.160211
0.187582,0.213688,-0.160858
0.190977,0.214050,-0.161259
0.189697,0.214306,-0.159877
0.192748,0.213676,-0.161073
0.194512,0.212071,-0.161046
0.195443,0.214201,-0.164086
0.196722,0.215297,-0.164970
0.198751,0.214742,-0.163981
0.200217,0.214389,-0.166258
0.203861,0.215320,-0.166679
0.204667,0.213425,-0.165685
0.202721,0.213942,-0.168762
0.206621,0.213348,-0.167357
0.208723,0.213479,-0.166389
0.209418,0.214977,-0.169268
0.209759,0.212560,-0.168983
0.211796,0.213222,-0.171726
0.213357,0.216159,-0.170040
0.214631,0.213678,-0.169541
0.217757,0.214883,-0.172746
0.218292,0.214151,-0.172657
0.220745,0.213466,-0.173409
0.221254,0.213941,-0.172876
0.221734,0.213574,-0.176363
0.223217,0.215213,-0.175041
0.224080,0.214162,-0.177219
0.227517,0.214527,-0.178077
0.227415,0.215354,-0.178700
0.231038,0.214283,-0.182093
0.231678,0.217175,-0.189624
0.233569,0.215955,-0.199112
0.232851,0.217058,-0.203594
0.237074,0.219397,-0.213628
0.239803,0.219428,-0.220428
0.240750,0.217366,-0.228503
0.242765,0.220686,-0.235367
0.241835,0.219353,-0.245499
0.247014,0.222762,-0.252785
0.247794,0.222007,-0.259941
0.250305,0.221627,-0.270313
0.251781,0.222756,-0.277519
0.254232,0.223414,-0.283540
-0.036020,0.221016,-0.228654
-0.032570,0.221059,-0.217938
-0.032195,0.219158,-0.211271
-0.031780,0.218576,-0.208026
-0.029326,0.219622,-0.204214
-0.026472,0.219888,-0.201255
-0.026716,0.219243,-0.199532
-0.024269,0.218802,-0.195896
-0.023460,0.216147,-0.193658
-0.023119,0.219438,-0.190275
-0.018999,0.217128,-0.186569
-0.018743,0.215886,-0.185074
-0.017433,0.217345,-0.181687
-0.014394,0.216894,-0.179907
-0.012728,0.217061,-0.176624
-0.013839,0.215736,-0.175968
-0.010940,0.215406,-0.175554
-0.008902,0.215818,-0.172038
-0.009872,0.216823,-0.170774
-0.006359,0.215473,-0.168054
-0.004286,0.214738,-0.164992
-0.005006,0.217954,-0.164985
-0.001747,0.217892,-0.162885
-0.001663,0.217142,-0.162493
-0.000440,0.215109,-0.160424
0.002110,0.214578,-0.161322
0.002800,0.216637,-0.158581
0.004740,0.215620,-0.159641
0.006015,0.215694,-0.157478
0.007612,0.215302,-0.155870
0.010581,0.216188,-0.155541
0.009489,0.212462,-0.154892
0.011820,0.214473,-0.155370
0.014254,0.215758,-0.154451
0.017168,0.215516,-0.152173
0.017070,0.215662,-0.151333
0.017845,0.214494,-0.150898
0.018483,0.214342,-0.152254
0.019982,0.215509,-0.151998
0.023128,0.215197,-0.149403
0.023401,0.216073,-0.150237
0.026453,0.215893,-0.148177
0.026226,0.215230,-0.150432
0.029035,0.216405,-0.151366
0.028191,0.214427,-0.147545
0.028420,0.215331,-0.147609
0.030171,0.214629,-0.147737
0.032882,0.213581,-0.147353
0.033645,0.212639,-0.147595
0.034728,0.214579,-0.146389
0.038525,0.215911,-0.145969
0.039789,0.216113,-0.145045
0.040535,0.214411,-0.146539
0.039975,0.214184,-0.148620
0.043171,0.214048,-0.145327
0.043596,0.213643,-0.146325
0.044810,0.213653,-0.146104
0.047662,0.214373,-0.145548
0.047893,0.215175,-0.144776
0.050928,0.212499,-0.145721
0.052306,0.212663,-0.142940
0.052127,0.213928,-0.143745
0.054968,0.213583,-0.143100
0.056288,0.212782,-0.144289
0.056336,0.214221,-0.145846
0.057332,0.214396,-0.144278
0.060739,0.215756,-0.145296
0.061841,0.214893,-0.144843
0.063001,0.215669,-0.144448
0.062414,0.213311,-0.143141
0.066153,0.214305,-0.143625
0.066999,0.213666,-0.144542
0.068620,0.214909,-0.144617
0.069924,0.214306,-0.142845
0.071256,0.215624,-0.147516
0.072843,0.214194,-0.144698
0.071699,0.213951,-0.143031
0.074334,0.212683,-0.143523
0.076344,0.214760,-0.144296
0.077387,0.212134,-0.142840
0.079456,0.215067,-0.143817
0.079454,0.213872,-0.144306
0.081770,0.213434,-0.141752
0.083211,0.215007,-0.141648
0.085075,0.215641,-0.143288
0.085076,0.213376,-0.141108
0.087983,0.213876,-0.142024
0.090387,0.211856,-0.140781
0.090976,0.213597,-0.141433
0.091044,0.213869,-0.140835
0.093323,0.212747,-0.138949
0.094327,0.213977,-0.138956
0.096385,0.214971,-0.138619
0.096391,0.212767,-0.138219
0.100931,0.213930,-0.137853
0.099517,0.214070,-0.140644
0.099184,0.213280,-0.138595
0.103153,0.212216,-0.137927
0.105419,0.212326,-0.138354
0.104627,0.213947,-0.137099
0.107133,0.212860,-0.138269
0.108488,0.213917,-0.136704
0.111601,0.212585,-0.137213
0.112089,0.213833,-0.135898
0.111437,0.211934,-0.134336
0.115725,0.212735,-0.136568
0.118109,0.213357,-0.136950
0.118905,0.213364,-0.135486
0.118185,0.215344,-0.137919
0.118624,0.214222,-0.137812
0.120556,0.212775,-0.136935
0.121211,0.214729,-0.138411
0.122758,0.214447,-0.137709
0.125114,0.214765,-0.138915
0.124536,0.214303,-0.137794
0.127164,0.213322,-0.139000
0.130739,0.214392,-0.138724
0.131492,0.214460,-0.138884
0.132490,0.213696,-0.139120
0.133502,0.213672,-0.139019
0.133423,0.214382,-0.140410
0.136297,0.214057,-0.139571
0.136571,0.214351,-0.141665
0.138703,0.214766,-0.140286
0.140732,0.212646,-0.142101
0.143271,0.214828,-0.141034
0.144764,0.211842,-0.142115
0.145616,0.214310,-0.143448
0.144443,0.213394,-0.141886
0.148149,0.215701,-0.143413
0.150171,0.214675,-0.142761
0.150341,0.215204,-0.144522
0.153133,0.211125,-0.145302
0.153323,0.214243,-0.144198
0.154620,0.214817,-0.147559
0.154760,0.214363,-0.147734
0.158502,0.214134,-0.150181
0.159722,0.213805,-0.150041
0.160538,0.212919,-0.147124
0.162128,0.216060,-0.151063
0.162272,0.214254,-0.148865
0.164848,0.214445,-0.150152
0.165016,0.213788,-0.152841
0.165909,0.214008,-0.151516
0.170699,0.215701,-0.152906
0.170245,0.215606,-0.152763
0.171700,0.215022,-0.153603
0.174789,0.214469,-0.152635
0.175688,0.214786,-0.155086
0.176527,0.216501,-0.155974
0.176239,0.213681,-0.155872
0.178102,0.216872,-0.157177
0.180967,0.215952,-0.158279
0.180878,0.215097,-0.157333
0.184224,0.216269,-0.159104
0.185485,0.215903,-0.158862
0.186141,0.216246,-0.159420
0.187075,0.216138,-0.159494
0.188986,0.216688,-0.159637
0.190065,0.215693,-0.162850
0.191726,0.214395,-0.163568
0.193337,0.215600,-0.164011
0.194398,0.216414,-0.162877
0.195622,0.215474,-0.163076
0.196867,0.216103,-0.164599
0.198794,0.216180,-0.164628
0.200239,0.215459,-0.165448
0.201193,0.215811,-0.167560
0.203539,0.216279,-0.166581
0.203509,0.216235,-0.166714
0.206790,0.215781,-0.169295
0.207268,0.217194,-0.169481
0.209456,0.215951,-0.169467
0.210821,0.214859,-0.170924
0.213222,0.215466,-0.170913
0.213247,0.215148,-0.171196
0.216602,0.215467,-0.171291
0.216189,0.217199,-0.172318
0.217126,0.217469,-0.172323
0.218892,0.216402,-0.173348
0.222836,0.216269,-0.173258
0.222264,0.217086,-0.174698
0.224698,0.216064,-0.176100
0.225758,0.216809,-0.176696
0.224808,0.215704,-0.175239
0.227775,0.217873,-0.178833
0.230319,0.217373,-0.181366
0.230609,0.217724,-0.188566
0.233572,0.219492,-0.195625
0.234164,0.220089,-0.203650
0.236247,0.219545,-0.211472
0.238727,0.218766,-0.219155
0.238781,0.220935,-0.228473
0.242916,0.221917,-0.233577
0.243435,0.220109,-0.242862
0.245483,0.223250,-0.251142
0.248471,0.224616,-0.258915
0.249783,0.224159,-0.267484
0.252721,0.225566,-0.276717
0.254040,0.225307,-0.282107
-0.035078,0.220875,-0.233078
-0.034175,0.221315,-0.220005
-0.029991,0.222714,-0.213209
-0.032043,0.221715,-0.208524
-0.029585,0.221617,-0.206138
-0.027069,0.220074,-0.204846
-0.024914,0.219856,-0.202780
-0.024521,0.218442,-0.198686
-0.021875,0.219996,-0.197229
-0.021493,0.221311,-0.194600
-0.020074,0.219160,-0.193471
-0.019064,0.218264,-0.189400
-0.018460,0.216257,-0.184065
-0.016178,0.219470,-0.184325
-0.013620,0.219746,-0.180273
-0.012099,0.219128,-0.179430
-0.010513,0.216500,-0.178433
-0.009572,0.219765,-0.175798
-0.005542,0.218030,-0.174001
-0.006335,0.219477,-0.172168
-0.005988,0.216276,-0.171814
-0.003772,0.215748,-0.169253
-0.002939,0.216899,-0.168224
-0.000807,0.216395,-0.167520
0.000762,0.218795,-0.166379
0.001550,0.218203,-0.162759
0.003725,0.217185,-0.161408
0.004817,0.216593,-0.161045
0.007616,0.215988,-0.159135
0.006724,0.217451,-0.160288
0.010511,0.215813,-0.159917
0.009507,0.216303,-0.159913
0.012807,0.216041,-0.156425
0.012510,0.216213,-0.159873
0.013241,0.215065,-0.156551
0.016678,0.216998,-0.154857
0.017893,0.217988,-0.154496
0.021003,0.216209,-0.155012
0.022645,0.218169,-0.153812
0.021547,0.216703,-0.151830
0.023783,0.215845,-0.152382
0.024304,0.216182,-0.152649
0.023480,0.217184,-0.151689
0.027644,0.217186,-0.151089
0.027713,0.217661,-0.151831
0.030569,0.214995,-0.149865
0.032082,0.216130,-0.149382
0.033384,0.214584,-0.149089
0.033832,0.214699,-0.148184
0.035829,0.216171,-0.148332
0.038832,0.214191,-0.148067
0.039882,0.216198,-0.147576
0.040711,0.215112,-0.148817
0.040807,0.218340,-0.147634
0.044453,0.216563,-0.147084
0.044022,0.215411,-0.147635
0.046720,0.214329,-0.146523
0.046034,0.215955,-0.146850
0.048452,0.216693,-0.146765
0.048991,0.216671,-0.143716
0.052332,0.213950,-0.145581
0.054376,0.216857,-0.144151
0.053642,0.216697,-0.147547
0.057197,0.215800,-0.144224
0.058335,0.216335,-0.147032
0.058864,0.216217,-0.146743
0.058823,0.217519,-0.146352
0.060827,0.215799,-0.144734
0.060864,0.217220,-0.144280
0.064543,0.215291,-0.144043
0.064879,0.216650,-0.143102
0.067596,0.214686,-0.147664
0.069400,0.215115,-0.144653
0.068402,0.215722,-0.146259
0.072311,0.216855,-0.144576
0.072980,0.214963,-0.143386
0.071752,0.216371,-0.145570
0.075482,0.216487,-0.143426
0.077633,0.215630,-0.144105
0.078904,0.215119,-0.144285
0.079678,0.216658,-0.144341
0.079838,0.217402,-0.144501
0.080895,0.215429,-0.143130
0.082136,0.215440,-0.141964
0.086088,0.214722,-0.142942
0.086809,0.214863,-0.143306
0.087858,0.216149,-0.141063
0.090249,0.215449,-0.141836
0.090776,0.216129,-0.143387
0.090140,0.216482,-0.142551
0.093592,0.215208,-0.139566
0.096058,0.215121,-0.141678
0.095060,0.214724,-0.139482
0.096602,0.213251,-0.138881
0.100443,0.216579,-0.138099
0.101958,0.214422,-0.139970
0.101985,0.213620,-0.139706
0.103401,0.214459,-0.138480
0.102602,0.216251,-0.137074
0.103967,0.215874,-0.136845
0.106799,0.217231,-0.138336
0.109618,0.214823,-0.138545
0.110406,0.215740,-0.138213
0.109999,0.215082,-0.138952
0.112611,0.211731,-0.138895
0.114894,0.214359,-0.136887
0.117717,0.216022,-0.136688
0.116091,0.215008,-0.138178
0.116872,0.214213,-0.137496
0.119587,0.214969,-0.138627
0.120618,0.214568,-0.138684
0.122309,0.213800,-0.138964
0.124393,0.216469,-0.138533
0.124607,0.215889,-0.139964
0.127929,0.216169,-0.142011
0.128755,0.215383,-0.140054
0.129038,0.215325,-0.140096
0.132385,0.214613,-0.140437
0.132662,0.214893,-0.142304
0.134253,0.216294,-0.142271
0.133562,0.216351,-0.140305
0.138110,0.216174,-0.141904
0.140121,0.216390,-0.141901
0.140523,0.213326,-0.143453
0.138746,0.214297,-0.143327
0.141489,0.215761,-0.144048
0.143304,0.217488,-0.145803
0.145741,0.215067,-0.144029
0.146009,0.215491,-0.145721
0.149334,0.217558,-0.144212
0.150342,0.215775,-0.145783
0.151203,0.218152,-0.146270
0.151202,0.216182,-0.147010
0.153156,0.215468,-0.146873
0.155576,0.214608,-0.149284
0.156151,0.214507,-0.146417
0.156669,0.217490,-0.149173
0.158664,0.216842,-0.149102
0.160588,0.214812,-0.151165
0.163246,0.218132,-0.151140
0.162947,0.216464,-0.150552
0.164199,0.213953,-0.150565
0.165574,0.217054,-0.153041
0.169377,0.215253,-0.153741
0.170458,0.217020,-0.154542
0.171626,0.219352,-0.155145
0.173073,0.216224,-0.155553
0.171990,0.217175,-0.157282
0.174284,0.217242,-0.157213
0.176721,0.216524,-0.158050
0.178283,0.217651,-0.157418
0.179986,0.217707,-0.160597
0.178559,0.217754,-0.158411
0.180998,0.218984,-0.160498
0.182864,0.216842,-0.158398
0.183950,0.214731,-0.160757
0.186993,0.217942,-0.160786
0.187639,0.216232,-0.160945
0.188586,0.218918,-0.161375
0.191504,0.216639,-0.162376
0.190590,0.217626,-0.163537
0.194899,0.218846,-0.163454
0.193889,0.217159,-0.165137
0.196455,0.219364,-0.165113
0.198047,0.218478,-0.165276
0.198847,0.219623,-0.164073
0.200731,0.217253,-0.167726
0.201280,0.216812,-0.165101
0.204168,0.218932,-0.166955
0.202618,0.218174,-0.170825
0.206810,0.218460,-0.169384
0.206729,0.217687,-0.169543
0.207921,0.219413,-0.170580
0.211574,0.216301,-0.170213
0.212094,0.216240,-0.172271
0.212975,0.216653,-0.171270
0.215249,0.218048,-0.170485
0.217282,0.217125,-0.171149
0.215966,0.216481,-0.174649
0.218169,0.218419,-0.173010
0.221587,0.218171,-0.173384
0.221120,0.216617,-0.174000
0.222988,0.218204,-0.174607
0.224617,0.220327,-0.175691
0.226161,0.218325,-0.178643
0.226638,0.217616,-0.176855
0.228778,0.219611,-0.180884
0.230043,0.220386,-0.189068
0.233971,0.221442,-0.193676
0.234054,0.220956,-0.202545
0.234310,0.221594,-0.210612
0.238622,0.222237,-0.218414
0.240365,0.223789,-0.225810
0.241184,0.223894,-0.233951
0.246152,0.224117,-0.242532
0.246996,0.223751,-0.249452
0.248556,0.224164,-0.258447
0.250313,0.222314,-0.265640
0.250989,0.225802,-0.275111
0.252283,0.226947,-0.281409
-0.037931,0.224487,-0.242534
-0.035975,0.223938,-0.234177
-0.034307,0.221887,-0.223400
-0.032931,0.222321,-0.217293
-0.029194,0.222608,-0.210578
-0.028362,0.222228,-0.209778
-0.028295,0.223243,-0.206731
-0.027127,0.223353,-0.206483
-0.023819,0.223452,-0.204997
-0.021572,0.222002,-0.203537
-0.023173,0.221862,-0.197008
-0.020190,0.221325,-0.197451
-0.018608,0.221185,-0.194142
-0.017605,0.220698,-0.190207
-0.016342,0.221737,-0.188004
-0.016140,0.219486,-0.188409
-0.013278,0.222574,-0.184512
-0.011092,0.218830,-0.183484
-0.011097,0.222324,-0.181182
-0.010534,0.219547,-0.178550
-0.007205,0.220735,-0.176819
-0.006203,0.221337,-0.173643
-0.004275,0.220019,-0.173313
-0.000725,0.217983,-0.172630
-0.002478,0.220548,-0.171022
0.000177,0.220188,-0.169695
0.002545,0.218058,-0.165927
0.002923,0.220011,-0.165759
0.005730,0.218448,-0.164013
0.005819,0.218995,-0.163724
0.007863,0.218739,-0.163969
0.009777,0.219222,-0.160361
0.011043,0.217007,-0.160084
0.011580,0.219741,-0.159616
0.013534,0.219422,-0.158599
0.015920,0.217856,-0.157998
0.012890,0.217448,-0.157879
0.017849,0.217537,-0.156610
0.019431,0.217918,-0.155826
0.019975,0.220233,-0.156606
0.023056,0.219343,-0.154213
0.024554,0.218070,-0.155415
0.025783,0.217327,-0.154843
0.024722,0.216985,-0.152453
0.026299,0.218245,-0.152718
0.028346,0.217251,-0.150837
0.029802,0.218960,-0.152345
0.032200,0.217481,-0.151293
0.032717,0.216978,-0.152115
0.034011,0.217741,-0.148589
0.035188,0.218689,-0.151452
0.038272,0.217492,-0.149540
0.039079,0.217088,-0.149561
0.040129,0.215889,-0.146911
0.040314,0.220011,-0.147933
0.042899,0.218540,-0.148544
0.045025,0.214790,-0.147570
0.046126,0.217646,-0.148599
0.046921,0.215930,-0.148524
0.047767,0.217742,-0.146886
0.049998,0.218440,-0.145762
0.051251,0.217635,-0.147738
0.052349,0.217659,-0.147589
0.054185,0.218536,-0.146625
0.055333,0.217825,-0.146528
0.058329,0.217851,-0.148260
0.059442,0.220145,-0.147321
0.059592,0.217383,-0.145793
0.061588,0.217952,-0.145691
0.061821,0.217505,-0.146751
0.063406,0.215118,-0.144922
0.064775,0.217328,-0.145841
0.068086,0.218113,-0.145989
0.068600,0.217688,-0.147375
0.069003,0.218928,-0.146725
0.070814,0.218732,-0.146900
0.070678,0.216387,-0.145974
0.074570,0.217268,-0.147111
0.076340,0.217363,-0.145919
0.077091,0.216341,-0.145982
0.077309,0.216959,-0.144264
0.077179,0.216590,-0.142346
0.081069,0.218710,-0.143722
0.081884,0.216965,-0.144155
0.083304,0.216751,-0.143885
0.084935,0.218077,-0.144484
0.085477,0.217687,-0.144100
0.087115,0.217309,-0.144266
0.088809,0.217157,-0.141820
0.089270,0.216796,-0.142868
0.091948,0.218277,-0.142967
0.092296,0.217209,-0.142143
0.095626,0.215933,-0.141253
0.096699,0.218922,-0.142396
0.099380,0.218375,-0.142625
0.098580,0.218259,-0.142167
0.099814,0.216412,-0.141142
0.102201,0.217845,-0.140902
0.102592,0.218267,-0.140352
0.105597,0.216447,-0.138328
0.104263,0.216667,-0.138879
0.105440,0.217111,-0.138996
0.107948,0.216218,-0.139090
0.110085,0.214877,-0.139190
0.111117,0.217212,-0.138279
0.111921,0.218082,-0.140048
0.115286,0.216686,-0.141098
0.115083,0.216150,-0.140478
0.116594,0.217024,-0.138678
0.117678,0.216492,-0.139561
0.118826,0.217030,-0.140296
0.120570,0.215782,-0.139568
0.123283,0.216417,-0.140580
0.125372,0.215465,-0.139920
0.124928,0.216809,-0.140757
0.125000,0.218322,-0.139878
0.127751,0.216349,-0.139347
0.130395,0.218930,-0.142244
0.131256,0.218506,-0.140906
0.133325,0.218613,-0.141242
0.134293,0.216943,-0.141788
0.134880,0.217723,-0.143472
0.135026,0.219020,-0.144397
0.137672,0.216667,-0.142937
0.138902,0.218365,-0.144262
0.142044,0.216711,-0.145052
0.141124,0.215633,-0.143448
0.143920,0.216177,-0.143721
0.145837,0.215384,-0.145252
0.145875,0.217783,-0.146665
0.147483,0.217745,-0.144935
0.148671,0.219076,-0.146249
0.151790,0.216708,-0.148097
0.152786,0.219198,-0.147901
0.151259,0.216865,-0.149124
0.156177,0.217143,-0.147092
0.154933,0.217732,-0.149538
0.157643,0.217848,-0.149554
0.158781,0.218717,-0.149777
0.160864,0.218690,-0.150457
0.162147,0.219206,-0.151833
0.164664,0.218597,-0.151676
0.164789,0.219531,-0.151259
0.166431,0.217211,-0.154748
0.167813,0.218388,-0.154109
0.168205,0.217910,-0.155113
0.170919,0.216945,-0.155351
0.172831,0.219400,-0.155944
0.172943,0.218196,-0.155859
0.175218,0.218581,-0.158611
0.175996,0.218075,-0.157337
0.178893,0.217810,-0.157830
0.178442,0.217255,-0.160314
0.181645,0.217660,-0.159683
0.182984,0.218904,-0.158899
0.182573,0.219489,-0.161024
0.185263,0.218241,-0.161781
0.185088,0.219234,-0.160973
0.186786,0.218621,-0.161671
0.187628,0.219746,-0.162708
0.191599,0.218254,-0.162763
0.192812,0.219157,-0.162913
0.195190,0.218424,-0.163294
0.193574,0.219329,-0.164197
0.198426,0.219563,-0.164964
0.196566,0.218798,-0.165448
0.198833,0.217738,-0.166050
0.200452,0.219673,-0.168105
0.202281,0.220303,-0.166987
0.201604,0.220889,-0.168870
0.203600,0.220796,-0.167733
0.206905,0.218357,-0.167834
0.208870,0.217693,-0.170323
0.209313,0.220406,-0.170017
0.210797,0.219074,-0.171291
0.211554,0.219738,-0.173623
0.214864,0.220829,-0.170086
0.214489,0.217900,-0.171466
0.216755,0.218766,-0.173245
0.216558,0.219606,-0.172285
0.218686,0.218334,-0.173839
0.221977,0.220082,-0.175108
0.221582,0.220073,-0.174294
0.222966,0.220147,-0.175691
0.224675,0.218673,-0.176031
0.226372,0.220413,-0.176732
0.226331,0.219084,-0.179008
0.230152,0.220634,-0.178545
0.230981,0.221438,-0.186149
0.232905,0.224126,-0.192997
0.235771,0.223239,-0.202967
0.237584,0.222961,-0.209026
0.237709,0.223739,-0.218981
0.240655,0.225400,-0.223161
0.242435,0.224798,-0.233228
0.243339,0.227454,-0.240269
0.246597,0.224634,-0.249462
0.249001,0.227947,-0.256439
0.250122,0.227600,-0.264275
0.252795,0.227750,-0.272135
0.254513,0.227797,-0.280760
-0.036580,0.226918,-0.243698
-0.035846,0.224706,-0.237163
-0.032650,0.224459,-0.224966
-0.031991,0.224343,-0.218437
-0.031147,0.223422,-0.213643
-0.028472,0.225164,-0.211400
-0.028740,0.223974,-0.207898
-0.025917,0.224997,-0.207622
-0.024921,0.224437,-0.206276
-0.023151,0.224777,-0.204335
-0.022297,0.224842,-0.201726
-0.018054,0.223225,-0.200470
-0.018436,0.224498,-0.197028
-0.017006,0.222502,-0.197060
-0.015153,0.222431,-0.190870
-0.014048,0.221350,-0.189678
-0.013870,0.222698,-0.187745
-0.010792,0.223103,-0.185678
-0.009303,0.221952,-0.185812
-0.007520,0.223046,-0.181375
-0.005807,0.220055,-0.179372
-0.008120,0.220752,-0.178491
-0.002791,0.222205,-0.177274
-0.002841,0.220857,-0.174723
0.000123,0.220849,-0.174365
0.000493,0.221296,-0.172290
0.002142,0.219266,-0.172797
0.005474,0.219391,-0.170274
0.004301,0.221790,-0.167587
0.005944,0.218963,-0.166068
0.007701,0.220916,-0.165505
0.008918,0.220870,-0.162829
0.009296,0.220401,-0.164978
0.012478,0.219537,-0.163362
0.011274,0.219763,-0.161407
0.014382,0.221696,-0.160246
0.015238,0.220244,-0.159885
0.017373,0.218676,-0.158852
0.020324,0.219666,-0.157151
0.020361,0.221761,-0.157052
0.022960,0.219175,-0.157051
0.022405,0.219207,-0.156924
0.023681,0.220349,-0.155503
0.026575,0.220397,-0.155729
0.026724,0.218879,-0.155312
0.028359,0.220336,-0.156899
0.030589,0.218203,-0.153349
0.031900,0.219250,-0.154198
0.033395,0.220596,-0.152156
0.033032,0.220203,-0.153239
0.036904,0.221569,-0.152134
0.038341,0.219659,-0.151265
0.039495,0.221416,-0.151035
0.041560,0.219430,-0.148898
0.041478,0.218908,-0.151490
0.042481,0.218876,-0.149773
0.045640,0.217922,-0.149358
0.044151,0.218267,-0.147155
0.046744,0.218137,-0.148066
0.047426,0.219862,-0.150136
0.050916,0.219012,-0.149255
0.050013,0.218673,-0.148591
0.053078,0.219498,-0.146689
0.054330,0.217900,-0.147690
0.056560,0.219564,-0.147640
0.057645,0.217152,-0.146946
0.056823,0.217954,-0.148008
0.061095,0.219280,-0.146414
0.061873,0.217269,-0.146354
0.064157,0.220479,-0.147395
0.062346,0.219768,-0.147387
0.064821,0.220294,-0.148308
0.066129,0.219737,-0.146357
0.068045,0.218659,-0.146455
0.069296,0.218870,-0.145472
0.070899,0.220648,-0.146385
0.073182,0.220901,-0.147755
0.074935,0.219940,-0.145281
0.075517,0.219595,-0.146389
0.075835,0.219693,-0.144909
0.079805,0.219329,-0.145793
0.079981,0.219887,-0.145015
0.081574,0.219570,-0.145006
0.080627,0.218441,-0.145896
0.082674,0.219412,-0.145307
0.083846,0.217867,-0.144605
0.086604,0.219832,-0.146231
0.087734,0.218749,-0.142917
0.088800,0.218906,-0.143244
0.089107,0.219445,-0.141896
0.090861,0.219690,-0.142411
0.094096,0.218295,-0.144093
0.095530,0.219622,-0.143771
0.097212,0.217461,-0.143312
0.098119,0.219131,-0.142084
0.099616,0.218224,-0.140834
0.099687,0.218594,-0.141190
0.100664,0.216827,-0.143879
0.101689,0.219814,-0.141697
0.105049,0.220103,-0.140073
0.105891,0.219984,-0.141340
0.107034,0.217814,-0.140800
0.109226,0.217464,-0.141307
0.110395,0.218295,-0.138948
0.112300,0.218914,-0.138576
0.113471,0.218315,-0.140154
0.114323,0.218026,-0.140816
0.116089,0.219444,-0.140071
0.116556,0.219332,-0.142549
0.119325,0.216778,-0.140750
0.120326,0.218327,-0.142565
0.120859,0.218305,-0.141034
0.121687,0.219531,-0.141477
0.123885,0.217534,-0.142356
0.122507,0.218334,-0.142653
0.127296,0.218591,-0.143140
0.128515,0.217535,-0.142672
0.129733,0.219576,-0.143062
0.131741,0.220453,-0.142595
0.133030,0.219385,-0.144558
0.131809,0.217779,-0.143466
0.134844,0.219180,-0.144899
0.136969,0.217726,-0.145719
0.137600,0.215908,-0.146355
0.141137,0.219648,-0.143874
0.141032,0.219959,-0.146373
0.142809,0.218622,-0.147020
0.143069,0.218928,-0.145123
0.143736,0.219377,-0.147002
0.146690,0.219627,-0.147631
0.147401,0.218322,-0.146460
0.149843,0.221272,-0.148661
0.150088,0.219899,-0.151097
0.151251,0.219919,-0.149835
0.152366,0.220760,-0.150403
0.155336,0.218964,-0.150641
0.155893,0.219152,-0.152999
0.159813,0.220668,-0.152052
0.161122,0.219640,-0.150894
0.161046,0.216779,-0.152572
0.161165,0.219219,-0.151548
0.163302,0.219364,-0.154672
0.166717,0.220591,-0.155742
0.167629,0.219073,-0.154228
0.168199,0.220080,-0.156461
0.169193,0.219706,-0.157117
0.172240,0.221210,-0.156960
0.170671,0.220337,-0.155278
0.173382,0.219988,-0.157508
0.173928,0.219451,-0.156043
0.178069,0.220545,-0.159717
0.175572,0.220764,-0.158583
0.177875,0.220874,-0.160116
0.181657,0.220080,-0.159446
0.182238,0.221674,-0.159817
0.184932,0.220205,-0.161682
0.184132,0.219047,-0.160758
0.188281,0.220939,-0.161671
0.187685,0.220860,-0.163503
0.187998,0.221867,-0.163374
0.189586,0.219130,-0.162089
0.193801,0.220859,-0.165370
0.193283,0.219411,-0.164133
0.194003,0.221999,-0.165423
0.197359,0.220234,-0.166882
0.196405,0.220301,-0.166137
0.200532,0.220461,-0.167189
0.200931,0.220904,-0.167370
0.200970,0.221485,-0.168482
0.202555,0.221460,-0.166937
0.203893,0.220227,-0.170938
0.206903,0.221484,-0.170573
0.207208,0.221456,-0.168828
0.209237,0.219462,-0.170015
0.211023,0.220444,-0.168921
0.212074,0.221040,-0.174737
0.213491,0.220895,-0.174220
0.216456,0.220460,-0.173298
0.216620,0.220559,-0.173155
0.218474,0.220216,-0.175160
0.219451,0.221162,-0.175706
0.220015,0.221804,-0.174652
0.221570,0.219707,-0.175718
0.224302,0.221658,-0.176905
0.223574,0.223132,-0.177633
0.226386,0.222342,-0.178745
0.227367,0.220401,-0.178193
0.228550,0.221507,-0.178734
0.231243,0.220980,-0.185536
0.233356,0.225736,-0.191605
0.235589,0.223993,-0.199731
0.236974,0.224260,-0.207672
0.238572,0.224944,-0.216431
0.240880,0.223468,-0.222945
0.241452,0.225703,-0.232235
0.244767,0.226792,-0.237751
0.246896,0.226079,-0.246890
0.247192,0.228984,-0.253944
0.250340,0.227003,-0.265102
0.252583,0.229096,-0.271197
0.253852,0.230225,-0.279773
0.255806,0.230450,-0.288661
-0.036038,0.228864,-0.242921
-0.034996,0.227922,-0.234463
-0.032415,0.225435,-0.225474
-0.032287,0.226291,-0.222449
-0.030782,0.226381,-0.216959
-0.029834,0.226164,-0.210873
-0.029825,0.224918,-0.211862
-0.025679,0.226974,-0.208011
-0.025289,0.225659,-0.207675
-0.022368,0.225057,-0.206001
-0.019844,0.225868,-0.205011
-0.021041,0.223799,-0.201136
-0.018498,0.224980,-0.200777
-0.015010,0.226517,-0.196590
-0.015656,0.224772,-0.196250
-0.015059,0.225210,-0.193749
-0.012007,0.224141,-0.191813
-0.011622,0.224595,-0.190770
-0.009843,0.224313,-0.187827
-0.008249,0.226035,-0.186323
-0.006906,0.224876,-0.183839
-0.003947,0.224029,-0.181999
-0.005247,0.223715,-0.180621
-0.003783,0.223534,-0.179401
-0.001635,0.222984,-0.177712
0.000461,0.223635,-0.176603
0.002880,0.223743,-0.172647
0.002411,0.222720,-0.169264
0.003857,0.222348,-0.170492
0.006901,0.222765,-0.168656
0.008877,0.222353,-0.169209
0.008747,0.224144,-0.168382
0.010068,0.222989,-0.166206
0.012592,0.222708,-0.165311
0.010890,0.222485,-0.165183
0.014216,0.221501,-0.163898
0.018376,0.221246,-0.161341
0.017636,0.222153,-0.162235
0.016457,0.220419,-0.161682
0.019301,0.220567,-0.159796
0.020715,0.221716,-0.158372
0.025505,0.221261,-0.158167
0.024198,0.221246,-0.159067
0.025571,0.220739,-0.155667
0.027271,0.221156,-0.157530
0.029256,0.218799,-0.154747
0.029997,0.221863,-0.155516
0.031246,0.222546,-0.155142
0.033544,0.220695,-0.155081
0.034687,0.220900,-0.153509
0.036407,0.221301,-0.155740
0.038061,0.219461,-0.153608
0.039316,0.220115,-0.153640
0.040639,0.221124,-0.153526
0.040969,0.221716,-0.152729
0.042193,0.221375,-0.150160
0.045148,0.220800,-0.151676
0.045534,0.223034,-0.149523
0.045871,0.221553,-0.150216
0.048683,0.221324,-0.148299
0.050042,0.219621,-0.148107
0.052993,0.219795,-0.149471
0.052603,0.221281,-0.148361
0.055917,0.220350,-0.148344
0.054370,0.220795,-0.148995
0.057809,0.220284,-0.148076
0.058902,0.220915,-0.149136
0.059905,0.221294,-0.147389
0.060786,0.221615,-0.147106
0.062996,0.223105,-0.147981
0.065466,0.220108,-0.147913
0.066329,0.220508,-0.150151
0.070165,0.220899,-0.145405
0.066766,0.222262,-0.146935
0.068838,0.221571,-0.148147
0.070476,0.221515,-0.148869
0.072310,0.220466,-0.149608
0.072942,0.220306,-0.145213
0.077063,0.220232,-0.146017
0.077769,0.221439,-0.147022
0.077788,0.220942,-0.145618
0.079259,0.219348,-0.147480
0.081740,0.220470,-0.146017
0.082673,0.220431,-0.145909
0.082795,0.220604,-0.144332
0.085876,0.221034,-0.145073
0.085557,0.220463,-0.145084
0.088838,0.219621,-0.142767
0.088703,0.222407,-0.144963
0.089973,0.221776,-0.144067
0.091595,0.220709,-0.144262
0.093074,0.221948,-0.144583
0.094694,0.219631,-0.143505
0.096350,0.220586,-0.143118
0.096601,0.222269,-0.141995
0.096732,0.221352,-0.142164
0.099725,0.220645,-0.142410
0.101925,0.220630,-0.140933
0.102642,0.222052,-0.143242
0.103910,0.218446,-0.140998
0.104590,0.221458,-0.141581
0.105771,0.220603,-0.143850
0.108784,0.221831,-0.140285
0.110387,0.219160,-0.140865
0.112170,0.220009,-0.139936
0.113187,0.221398,-0.142871
0.113835,0.219969,-0.140682
0.117231,0.220572,-0.143221
0.115595,0.221626,-0.141447
0.118219,0.220793,-0.144476
0.118799,0.220758,-0.142165
0.120717,0.219166,-0.143802
0.121374,0.219695,-0.142721
0.124055,0.218800,-0.141420
0.125470,0.220630,-0.142683
0.127669,0.221440,-0.142809
0.128980,0.221375,-0.145294
0.130316,0.218963,-0.143960
0.132888,0.220894,-0.147002
0.131961,0.220133,-0.143961
0.134991,0.222027,-0.145717
0.135536,0.223248,-0.145072
0.135923,0.220911,-0.147318
0.137149,0.221908,-0.146905
0.138941,0.220495,-0.146584
0.141661,0.219619,-0.147779
0.142705,0.220688,-0.147812
0.142206,0.221348,-0.147858
0.144939,0.221087,-0.148415
0.146273,0.220869,-0.148644
0.148602,0.221315,-0.151239
0.149802,0.221224,-0.150516
0.151572,0.223142,-0.150986
0.152539,0.221527,-0.152509
0.155423,0.220398,-0.151616
0.154365,0.220920,-0.152145
0.156843,0.221960,-0.152011
0.156183,0.220308,-0.154233
0.159916,0.221612,-0.154494
0.161053,0.222256,-0.153532
0.161324,0.221180,-0.154939
0.162100,0.222356,-0.155085
0.164047,0.220803,-0.153417
0.165798,0.221065,-0.153876
0.168679,0.222231,-0.156298
0.168684,0.224004,-0.157707
0.171429,0.220387,-0.158371
0.174913,0.221635,-0.157549
0.172807,0.220910,-0.158349
0.174899,0.222419,-0.158562
0.176494,0.221451,-0.161040
0.179296,0.222896,-0.159041
0.179444,0.221041,-0.158596
0.180436,0.221638,-0.161800
0.180819,0.223591,-0.160656
0.183939,0.220738,-0.161824
0.184749,0.224111,-0.162047
0.183918,0.224166,-0.164206
0.188053,0.221921,-0.162807
0.187668,0.222279,-0.164668
0.191329,0.223147,-0.164528
0.191830,0.222646,-0.164506
0.194404,0.221107,-0.165520
0.196490,0.222532,-0.166618
0.195183,0.222625,-0.165964
0.198828,0.221792,-0.166456
0.197227,0.222166,-0.168104
0.200021,0.220075,-0.168028
0.202066,0.222410,-0.167818
0.202528,0.222797,-0.168386
0.204725,0.222613,-0.169242
0.206626,0.223269,-0.170693
0.208993,0.223993,-0.172132
0.208213,0.222223,-0.170032
0.212189,0.222417,-0.171003
0.212190,0.224131,-0.172979
0.213960,0.222494,-0.172207
0.214970,0.223960,-0.174278
0.214041,0.223564,-0.174785
0.220933,0.223302,-0.176102
0.220433,0.223796,-0.174919
0.220875,0.222913,-0.176024
0.221863,0.224980,-0.177924
0.223745,0.222859,-0.176185
0.225783,0.223236,-0.179214
0.227762,0.223306,-0.177234
0.227728,0.222254,-0.177650
0.230490,0.222826,-0.179155
0.230703,0.224458,-0.181886
0.232842,0.224077,-0.191806
0.235866,0.223887,-0.198809
0.235674,0.225531,-0.207380
0.238311,0.226371,-0.214670
0.242799,0.226232,-0.223935
0.244062,0.227375,-0.230984
0.243188,0.227671,-0.236721
0.245607,0.226688,-0.247350
0.252052,0.228117,-0.254068
0.250454,0.230111,-0.263376
0.251909,0.231629,-0.271241
0.254084,0.231572,-0.278239
0.256451,0.231796,-0.286584
-0.037358,0.230349,-0.241627
-0.035378,0.229241,-0.234284
-0.033118,0.228310,-0.227024
-0.031580,0.227816,-0.223377
-0.029265,0.229271,-0.218296
-0.031098,0.227112,-0.215959
-0.028004,0.227535,-0.211218
-0.024841,0.227565,-0.210862
-0.025064,0.227124,-0.209430
-0.022354,0.228338,-0.209971
-0.021262,0.228219,-0.205407
-0.020745,0.225981,-0.203982
-0.019487,0.226737,-0.202988
-0.016744,0.224721,-0.200364
-0.015544,0.227141,-0.197868
-0.014360,0.228001,-0.197163
-0.013485,0.225319,-0.192643
-0.010307,0.225467,-0.191575
-0.009253,0.225193,-0.190545
-0.006605,0.224595,-0.188672
-0.006971,0.225730,-0.186182
-0.005180,0.224716,-0.183985
-0.005070,0.225968,-0.181193
-0.002126,0.224988,-0.180485
-0.001725,0.225870,-0.180765
-0.000362,0.224346,-0.178861
0.001393,0.224625,-0.176808
0.002206,0.223502,-0.175657
0.004065,0.223781,-0.174938
0.007676,0.224756,-0.172220
0.007644,0.226512,-0.171279
0.009582,0.225430,-0.171365
0.010530,0.224927,-0.168898
0.012468,0.222968,-0.166697
0.011479,0.222688,-0.166819
0.015172,0.223172,-0.167825
0.015657,0.224777,-0.165563
0.017693,0.223303,-0.162958
0.018185,0.223049,-0.164060
0.020619,0.223124,-0.160743
0.021670,0.222573,-0.159568
0.021445,0.224398,-0.159686
0.024984,0.223230,-0.161906
0.026458,0.222106,-0.160030
0.027040,0.224278,-0.160023
0.028008,0.224507,-0.157219
0.031294,0.223471,-0.158206
0.030032,0.221759,-0.159061
0.033219,0.224863,-0.154432
0.034997,0.223290,-0.155820
0.035718,0.223769,-0.155507
0.035446,0.221863,-0.152825
0.039378,0.223114,-0.154017
0.039770,0.221881,-0.155998
0.042717,0.225503,-0.153594
0.042712,0.222599,-0.150943
0.045044,0.222640,-0.152382
0.046680,0.222133,-0.151957
0.046130,0.222704,-0.149407
0.049858,0.222561,-0.150873
0.049155,0.223445,-0.150894
0.050198,0.221929,-0.150779
0.052894,0.224775,-0.150187
0.054787,0.222219,-0.149648
0.054630,0.225195,-0.150417
0.057503,0.222664,-0.149212
0.058263,0.224186,-0.148291
0.060304,0.223074,-0.149579
0.060880,0.223257,-0.148670
0.060760,0.221475,-0.149458
0.062949,0.222009,-0.149338
0.065608,0.221684,-0.146931
0.067435,0.222740,-0.149178
0.068870,0.222336,-0.148681
0.068976,0.222726,-0.148649
0.072279,0.222424,-0.146604
0.071100,0.223019,-0.146571
0.071950,0.222396,-0.148187
0.073721,0.222651,-0.148434
0.076486,0.222634,-0.149536
0.078110,0.223555,-0.147618
0.080052,0.223592,-0.146840
0.080624,0.223783,-0.146690
0.081774,0.221364,-0.146980
0.083629,0.222381,-0.146391
0.083581,0.223696,-0.147847
0.084754,0.222883,-0.145804
0.088406,0.221638,-0.146067
0.089601,0.222965,-0.145785
0.090980,0.223710,-0.145846
0.091933,0.222582,-0.144169
0.094367,0.220915,-0.144809
0.094223,0.221668,-0.144943
0.094324,0.222909,-0.143833
0.098049,0.221677,-0.145370
0.098229,0.220580,-0.146997
0.099899,0.221809,-0.142758
0.100521,0.221441,-0.143759
0.101912,0.221764,-0.143570
0.104901,0.223975,-0.144174
0.105892,0.220268,-0.142377
0.107579,0.222834,-0.142963
0.108773,0.223041,-0.141958
0.109239,0.221934,-0.141425
0.108719,0.221295,-0.142502
0.113153,0.221035,-0.140553
0.112831,0.222153,-0.144020
0.114810,0.221450,-0.142862
0.115542,0.221939,-0.144501
0.117389,0.221950,-0.143846
0.118877,0.222852,-0.144042
0.120513,0.222016,-0.145192
0.123150,0.224216,-0.142643
0.124722,0.222510,-0.145447
0.125876,0.222640,-0.144020
0.125496,0.222661,-0.146518
0.127431,0.221328,-0.145088
0.130160,0.223453,-0.146277
0.130950,0.223800,-0.145408
0.133403,0.221636,-0.143046
0.132815,0.221424,-0.146566
0.133801,0.222337,-0.145826
0.135194,0.222071,-0.146958
0.137855,0.222026,-0.146566
0.140553,0.221317,-0.148490
0.138350,0.221968,-0.147559
0.141950,0.223798,-0.149434
0.142363,0.224038,-0.150593
0.145351,0.221763,-0.150278
0.146336,0.221952,-0.151695
0.148123,0.223013,-0.149901
0.147287,0.221411,-0.150840
0.150701,0.223406,-0.151895
0.151949,0.223129,-0.151400
0.154274,0.222917,-0.153860
0.153825,0.223314,-0.152853
0.156810,0.222157,-0.151998
0.156409,0.224268,-0.154086
0.159621,0.225028,-0.154928
0.160412,0.223400,-0.154553
0.161190,0.224739,-0.156632
0.164448,0.223929,-0.154693
0.165118,0.223208,-0.158090
0.166255,0.222701,-0.156255
0.168343,0.221867,-0.157934
0.168234,0.222199,-0.160084
0.171450,0.222793,-0.159927
0.172829,0.223041,-0.159291
0.175237,0.223295,-0.161181
0.176527,0.224954,-0.161574
0.176770,0.224836,-0.160001
0.176621,0.222367,-0.161695
0.178762,0.222954,-0.160580
0.180253,0.224658,-0.161571
0.183746,0.223280,-0.162672
0.185034,0.224419,-0.162077
0.184155,0.223700,-0.163542
0.186094,0.226079,-0.163881
0.185723,0.225401,-0.164555
0.187706,0.224399,-0.164480
0.189935,0.222977,-0.164328
0.191653,0.225067,-0.164814
0.192549,0.225628,-0.167231
0.196416,0.223518,-0.165840
0.196030,0.223588,-0.167017
0.197790,0.225166,-0.168783
0.199071,0.222477,-0.168064
0.200653,0.224424,-0.169245
0.202852,0.222923,-0.171396
0.203572,0.223755,-0.171438
0.205686,0.223414,-0.169144
0.205835,0.223692,-0.171153
0.206279,0.224721,-0.171117
0.210565,0.223513,-0.171703
0.211113,0.223465,-0.172996
0.212476,0.226028,-0.173532
0.214065,0.224052,-0.173545
0.214515,0.226295,-0.177034
0.215997,0.223669,-0.174837
0.219881,0.227863,-0.175433
0.218126,0.223967,-0.174775
0.219697,0.226480,-0.176472
0.223224,0.224535,-0.176005
0.223223,0.226563,-0.176507
0.225252,0.225205,-0.178963
0.225999,0.225585,-0.177272
0.229791,0.226945,-0.179568
0.228930,0.225371,-0.179771
0.229452,0.225398,-0.183533
0.232712,0.226455,-0.190555
0.234395,0.225313,-0.198271
0.237032,0.226026,-0.205069
0.239327,0.227984,-0.211451
0.240553,0.229209,-0.221770
0.242878,0.228819,-0.229612
0.244469,0.232781,-0.237031
0.247083,0.230998,-0.244512
0.247501,0.229798,-0.253654
0.250680,0.231051,-0.260076
0.252421,0.232381,-0.268523
0.255353,0.233500,-0.278095
0.255981,0.234048,-0.284052
-0.037245,0.232256,-0.241290
-0.033357,0.231906,-0.234604
-0.034932,0.230841,-0.231068
-0.031846,0.230239,-0.226012
-0.030942,0.229378,-0.221557
-0.029439,0.229584,-0.216444
-0.028163,0.227908,-0.215377
-0.026762,0.229539,-0.212471
-0.024757,0.228610,-0.209904
-0.022821,0.229413,-0.208771
-0.023066,0.230275,-0.208735
-0.021010,0.230838,-0.205106
-0.019490,0.229398,-0.204186
-0.016455,0.228948,-0.202029
-0.013875,0.227919,-0.199768
-0.015161,0.230031,-0.198476
-0.012593,0.229728,-0.196358
-0.012149,0.229282,-0.196131
-0.010426,0.227195,-0.193943
-0.009200,0.228920,-0.192786
-0.007786,0.227800,-0.190982
-0.005297,0.228044,-0.189330
-0.004921,0.227454,-0.184884
-0.004602,0.226814,-0.185575
-0.000322,0.225527,-0.183510
0.000312,0.226324,-0.181432
0.002043,0.226941,-0.181000
0.004402,0.225470,-0.178905
0.004029,0.226546,-0.176483
0.007235,0.227728,-0.176246
0.007752,0.227248,-0.174180
0.009553,0.224986,-0.173783
0.010151,0.223376,-0.171595
0.013088,0.226933,-0.170470
0.012484,0.224260,-0.170978
0.015093,0.226623,-0.168870
0.015609,0.224906,-0.165094
0.017836,0.226762,-0.168475
0.019009,0.225648,-0.166531
0.018335,0.225150,-0.164742
0.023748,0.225848,-0.164312
0.024345,0.224611,-0.163642
0.025012,0.227010,-0.160698
0.026661,0.225224,-0.162214
0.027733,0.225675,-0.161572
0.029069,0.224845,-0.160360
0.029826,0.226409,-0.157254
0.030487,0.226620,-0.160561
0.033218,0.224845,-0.158558
0.032586,0.225862,-0.158109
0.035954,0.225575,-0.157637
0.037576,0.225228,-0.158034
0.038628,0.225049,-0.155820
0.040690,0.224775,-0.155566
0.041787,0.224904,-0.153034
0.044071,0.225996,-0.156357
0.044916,0.225125,-0.154438
0.045848,0.224615,-0.152562
0.047211,0.225217,-0.154543
0.049209,0.224035,-0.151911
0.051827,0.225874,-0.149810
0.051345,0.225111,-0.151941
0.051807,0.222453,-0.150573
0.053446,0.225986,-0.151628
0.055468,0.225258,-0.151975
0.056015,0.223914,-0.150690
0.058676,0.225069,-0.151105
0.059461,0.224027,-0.150370
0.061462,0.224263,-0.149270
0.061462,0.223232,-0.148744
0.063597,0.224273,-0.150199
0.066440,0.224604,-0.150181
0.065593,0.223853,-0.148445
0.067382,0.224416,-0.149125
0.070337,0.223598,-0.149941
0.072075,0.224212,-0.149431
0.073491,0.223265,-0.148142
0.072544,0.225016,-0.149176
0.075453,0.223000,-0.148455
0.077130,0.224493,-0.148982
0.079261,0.223676,-0.149524
0.079442,0.224440,-0.146194
0.082529,0.223066,-0.148496
0.081171,0.223219,-0.146625
0.084443,0.225668,-0.148292
0.084482,0.223986,-0.148588
0.086486,0.224375,-0.148648
0.086874,0.223942,-0.145348
0.090986,0.223234,-0.145887
0.090868,0.224329,-0.145176
0.090834,0.224129,-0.144539
0.090975,0.222651,-0.145440
0.094244,0.221808,-0.145822
0.097206,0.224644,-0.145514
0.098398,0.225241,-0.145328
0.097443,0.223984,-0.145740
0.098725,0.224503,-0.144354
0.102390,0.223591,-0.144699
0.103324,0.223769,-0.144163
0.104130,0.223627,-0.142465
0.106040,0.224570,-0.144404
0.107875,0.223810,-0.142277
0.108401,0.224030,-0.143613
0.110576,0.223551,-0.143951
0.110565,0.226046,-0.143175
0.112755,0.223686,-0.146157
0.114473,0.223546,-0.145146
0.117074,0.223453,-0.142737
0.117682,0.222690,-0.144542
0.119710,0.223602,-0.144644
0.119526,0.224499,-0.144573
0.120528,0.223388,-0.145598
0.122526,0.223401,-0.144240
0.124413,0.224723,-0.145101
0.125390,0.224934,-0.145906
0.124623,0.224546,-0.145464
0.128091,0.222549,-0.147754
0.128897,0.226065,-0.148004
0.130343,0.225202,-0.147573
0.133862,0.224643,-0.146476
0.133400,0.225721,-0.147649
0.134154,0.223359,-0.149281
0.135859,0.224061,-0.148460
0.136733,0.222822,-0.148811
0.138451,0.226083,-0.149988
0.139805,0.226689,-0.151577
0.142883,0.223972,-0.149372
0.144375,0.224585,-0.150767
0.144216,0.225520,-0.150173
0.146027,0.225327,-0.151943
0.148015,0.223806,-0.153526
0.149559,0.225240,-0.151384
0.151366,0.225108,-0.153079
0.152910,0.224896,-0.153056
0.152738,0.223823,-0.153112
0.152951,0.225086,-0.154020
0.157905,0.225905,-0.155535
0.157028,0.222745,-0.156740
0.158506,0.226512,-0.154274
0.160819,0.223060,-0.155690
0.162177,0.225809,-0.156974
0.163586,0.225239,-0.156514
0.165640,0.225716,-0.157460
0.165602,0.225281,-0.158052
0.168621,0.224912,-0.160067
0.169888,0.224301,-0.159731
0.170076,0.224638,-0.160212
0.171197,0.225052,-0.160610
0.174885,0.225048,-0.159164
0.175005,0.224506,-0.160533
0.176075,0.222951,-0.160711
0.176578,0.226153,-0.162638
0.179555,0.224505,-0.162082
0.181743,0.225580,-0.162927
0.181786,0.225085,-0.163143
0.182781,0.226849,-0.161911
0.184271,0.224552,-0.163075
0.187753,0.223764,-0.164050
0.186199,0.225852,-0.165050
0.187696,0.224396,-0.166194
0.190576,0.225877,-0.166895
0.193766,0.226122,-0.167139
0.192878,0.228490,-0.167790
0.195110,0.225126,-0.166720
0.195532,0.225902,-0.168042
0.199116,0.227090,-0.167895
0.199706,0.226129,-0.168225
0.199278,0.225869,-0.171912
0.200548,0.225952,-0.169268
0.203079,0.224083,-0.171792
0.206946,0.224497,-0.171485
0.207175,0.225586,-0.171414
0.209543,0.225719,-0.170325
0.208844,0.226465,-0.173779
0.210649,0.226942,-0.174316
0.211726,0.226114,-0.175281
0.212539,0.225294,-0.175438
0.215812,0.227379,-0.175143
0.217367,0.225219,-0.177154
0.218532,0.225665,-0.175385
0.219919,0.229451,-0.176018
0.219567,0.225623,-0.178028
0.221871,0.226291,-0.177837
0.224012,0.226455,-0.178227
0.226909,0.224042,-0.179606
0.224911,0.225814,-0.177144
0.228376,0.227978,-0.179796
0.228979,0.226581,-0.179862
0.231484,0.225736,-0.181692
0.231944,0.226629,-0.188595
0.235722,0.227948,-0.198264
0.236471,0.229638,-0.203922
0.239007,0.230702,-0.213547
0.239981,0.229065,-0.218931
0.244044,0.230886,-0.227677
0.243852,0.232142,-0.235648
0.247263,0.233141,-0.241927
0.246173,0.232788,-0.250706
0.250484,0.232013,-0.259081
0.252860,0.235678,-0.267902
0.253444,0.232289,-0.275409
0.257418,0.236820,-0.283130
-0.037215,0.233743,-0.247837
-0.035414,0.234882,-0.240359
-0.035420,0.231961,-0.235347
-0.033760,0.233252,-0.229927
-0.031732,0.233324,-0.228524
-0.031831,0.232147,-0.222704
-0.028964,0.232222,-0.217891
-0.028160,0.231385,-0.216665
-0.026952,0.232096,-0.212000
-0.024686,0.232205,-0.213845
-0.023512,0.230470,-0.209951
-0.020452,0.230220,-0.210181
-0.019217,0.229587,-0.207537
-0.018674,0.231332,-0.206558
-0.017348,0.230396,-0.202905
-0.015050,0.228825,-0.201529
-0.013412,0.230361,-0.201511
-0.012615,0.230575,-0.197870
-0.011724,0.229586,-0.197249
-0.008945,0.229660,-0.196587
-0.008749,0.230346,-0.193910
-0.007857,0.230356,-0.192450
-0.006196,0.228683,-0.192186
-0.002242,0.228499,-0.190144
-0.003637,0.229378,-0.185708
-0.001744,0.228404,-0.185122
0.001366,0.229599,-0.185475
0.003042,0.227512,-0.185536
0.004380,0.228601,-0.182139
0.005079,0.227818,-0.180426
0.004720,0.228460,-0.177880
0.007044,0.228347,-0.177220
0.009430,0.229053,-0.177587
0.010771,0.228115,-0.174955
0.010948,0.228762,-0.175561
0.013431,0.227910,-0.171915
0.014228,0.228148,-0.171464
0.014021,0.229609,-0.170798
0.017429,0.228487,-0.168297
0.018074,0.228227,-0.169170
0.020560,0.228395,-0.167900
0.021145,0.227353,-0.167421
0.022811,0.227656,-0.164084
0.023851,0.227997,-0.166382
0.025165,0.226580,-0.163069
0.027112,0.227112,-0.163435
0.028948,0.228183,-0.162902
0.031711,0.226642,-0.162360
0.030746,0.228899,-0.159760
0.034447,0.227485,-0.159709
0.033978,0.226099,-0.161188
0.034445,0.226046,-0.160091
0.036255,0.225067,-0.157944
0.037938,0.224209,-0.158078
0.040474,0.226133,-0.157343
0.042154,0.225508,-0.157064
0.041517,0.226471,-0.156043
0.045564,0.224837,-0.155496
0.044660,0.224838,-0.156008
0.048147,0.225780,-0.153943
0.050690,0.226518,-0.154895
0.049477,0.226639,-0.154916
0.052495,0.228292,-0.154794
0.051375,0.225774,-0.154426
0.055621,0.226473,-0.153581
0.054769,0.226455,-0.152718
0.056131,0.224307,-0.152320
0.059932,0.225011,-0.153807
0.059926,0.226382,-0.151372
0.061179,0.224817,-0.151211
0.063001,0.225723,-0.151099
0.064163,0.226633,-0.152713
0.064647,0.225624,-0.151147
0.067449,0.227535,-0.149641
0.068810,0.225607,-0.150364
0.068947,0.224772,-0.149528
0.070027,0.226204,-0.150465
0.072779,0.225900,-0.149432
0.074421,0.226308,-0.149638
0.076317,0.225358,-0.147130
0.076797,0.226614,-0.151183
0.077784,0.225647,-0.149688
0.077233,0.225572,-0.148302
0.082357,0.225965,-0.148797
0.080952,0.226620,-0.148938
0.085748,0.226277,-0.149824
0.085281,0.226725,-0.147507
0.087989,0.226948,-0.148185
0.087737,0.225233,-0.148656
0.089125,0.224100,-0.148321
0.088466,0.224252,-0.148690
0.092279,0.226355,-0.146547
0.092824,0.224770,-0.147255
0.094966,0.226217,-0.145431
0.096417,0.226001,-0.145902
0.096879,0.223502,-0.146603
0.098542,0.225324,-0.145432
0.099010,0.223512,-0.145326
0.100284,0.225762,-0.145701
0.101114,0.224897,-0.145308
0.102320,0.224792,-0.145889
0.103376,0.226369,-0.145458
0.107667,0.224722,-0.145564
0.110335,0.225553,-0.146162
0.108760,0.225584,-0.146273
0.110580,0.223859,-0.145103
0.112323,0.224357,-0.144760
0.113727,0.225580,-0.144130
0.115342,0.225175,-0.145284
0.116503,0.223406,-0.146848
0.116557,0.224682,-0.146642
0.121117,0.225719,-0.144997
0.119868,0.224016,-0.146862
0.123310,0.227598,-0.147061
0.123701,0.225193,-0.146778
0.125480,0.226712,-0.149137
0.127056,0.224657,-0.146678
0.126873,0.226240,-0.149419
0.128485,0.225073,-0.147898
0.129236,0.226330,-0.147163
0.132964,0.225215,-0.147672
0.132789,0.225762,-0.148483
0.135271,0.225440,-0.148780
0.135889,0.225448,-0.150591
0.136954,0.225610,-0.151189
0.137711,0.224824,-0.150902
0.140885,0.225453,-0.148745
0.142598,0.226683,-0.151815
0.142816,0.224472,-0.152321
0.144107,0.224127,-0.153007
0.145008,0.227121,-0.152037
0.146914,0.224588,-0.151231
0.149126,0.226836,-0.154999
0.149981,0.226240,-0.153994
0.151913,0.224571,-0.155686
0.152662,0.225503,-0.155591
0.154557,0.226504,-0.154247
0.157139,0.226366,-0.156809
0.155925,0.227334,-0.156905
0.161502,0.224872,-0.157033
0.161122,0.226185,-0.158523
0.162478,0.226201,-0.156880
0.163240,0.225298,-0.159139
0.164926,0.227743,-0.158974
0.165698,0.226531,-0.160706
0.166792,0.225431,-0.161051
0.170022,0.226373,-0.160793
0.171087,0.227200,-0.161959
0.172449,0.226493,-0.161856
0.172905,0.225667,-0.160083
0.176440,0.225716,-0.161387
0.178166,0.224880,-0.160297
0.176123,0.228056,-0.161436
0.179181,0.228074,-0.164634
0.179327,0.227332,-0.162830
0.182603,0.226216,-0.163079
0.182044,0.225549,-0.163591
0.184637,0.227927,-0.165454
0.185106,0.227785,-0.165450
0.187561,0.226336,-0.164530
0.189142,0.230054,-0.167966
0.190849,0.225468,-0.167442
0.190298,0.226624,-0.167802
0.195620,0.229005,-0.168279
0.194550,0.227033,-0.169306
0.198390,0.227717,-0.168822
0.197988,0.229698,-0.168710
0.200490,0.226885,-0.170493
0.202188,0.227708,-0.170730
0.202412,0.225635,-0.171241
0.201748,0.227861,-0.172238
0.206202,0.226200,-0.171391
0.205045,0.227771,-0.173272
0.206379,0.229469,-0.173574
0.208734,0.228291,-0.173498
0.209733,0.229524,-0.175494
0.211450,0.226984,-0.174704
0.212330,0.229667,-0.175316
0.214953,0.227739,-0.173632
0.216661,0.226353,-0.175461
0.218011,0.228537,-0.177676
0.219403,0.227678,-0.177862
0.222552,0.226843,-0.177504
0.222477,0.229901,-0.178155
0.225090,0.230243,-0.178708
0.225615,0.228506,-0.180696
0.227402,0.226221,-0.180644
0.227945,0.225812,-0.178825
0.229802,0.227444,-0.181298
0.229084,0.227620,-0.181070
0.233306,0.229479,-0.189231
0.233996,0.231023,-0.195904
0.237284,0.229873,-0.202672
0.238311,0.230777,-0.211649
0.239377,0.231769,-0.216568
0.241689,0.234457,-0.225955
0.244578,0.233415,-0.234573
0.244792,0.233498,-0.243204
0.248196,0.234101,-0.250947
0.251452,0.232370,-0.259765
0.250691,0.235575,-0.266461
0.253075,0.236480,-0.274916
0.255573,0.237621,-0.281922
-0.040535,0.236017,-0.246706
-0.035396,0.235001,-0.240685
-0.034827,0.235903,-0.233280
-0.033241,0.234660,-0.230887
-0.032722,0.235115,-0.227807
-0.031112,0.234058,-0.226496
-0.029807,0.233755,-0.219752
-0.024995,0.233418,-0.217753
-0.025811,0.234401,-0.214714
-0.024915,0.232556,-0.214163
-0.022653,0.233730,-0.213347
-0.021891,0.233976,-0.210274
-0.020132,0.232261,-0.207973
-0.019912,0.232993,-0.207624
-0.017803,0.232559,-0.205031
-0.015778,0.232432,-0.204587
-0.013605,0.233225,-0.201658
-0.012060,0.232660,-0.202006
-0.011960,0.230696,-0.199079
-0.009434,0.233150,-0.198482
-0.007141,0.233281,-0.196403
-0.007325,0.229665,-0.193229
-0.006392,0.230459,-0.194441
-0.002456,0.231477,-0.192777
-0.004280,0.231883,-0.191880
-0.002055,0.233085,-0.189324
-0.000002,0.231260,-0.189737
0.001613,0.233092,-0.184713
0.003625,0.231437,-0.183931
0.002383,0.229463,-0.184188
0.005775,0.229231,-0.183634
0.005140,0.230263,-0.180189
0.008362,0.230918,-0.177479
0.008419,0.228763,-0.176584
0.012354,0.228566,-0.175576
0.013912,0.230545,-0.176550
0.015588,0.230112,-0.172357
0.016620,0.227906,-0.172863
0.017116,0.230295,-0.173790
0.019764,0.229241,-0.170351
0.018793,0.226637,-0.170316
0.021460,0.228263,-0.168195
0.022477,0.230479,-0.168361
0.024060,0.228919,-0.167287
0.025152,0.227564,-0.167379
0.026868,0.229808,-0.165123
0.028434,0.229418,-0.166990
0.030146,0.230225,-0.165011
0.031995,0.228243,-0.165162
0.032991,0.226418,-0.165310
0.032906,0.227523,-0.161971
0.034929,0.228600,-0.162104
0.037174,0.229203,-0.160965
0.038603,0.228536,-0.158893
0.040795,0.228084,-0.160037
0.043659,0.228792,-0.158477
0.042307,0.227899,-0.157619
0.044067,0.228883,-0.156325
0.045485,0.226420,-0.157631
0.047552,0.228721,-0.156050
0.048997,0.227309,-0.156351
0.050623,0.228525,-0.155212
0.051325,0.229457,-0.156417
0.052057,0.227859,-0.153419
0.054271,0.226570,-0.153861
0.055494,0.227141,-0.154907
0.057140,0.228750,-0.152260
0.059529,0.227207,-0.153683
0.060338,0.228247,-0.153882
0.062476,0.228777,-0.152428
0.063114,0.224594,-0.152812
0.063468,0.227861,-0.152296
0.064986,0.227709,-0.152052
0.067546,0.227206,-0.151828
0.068165,0.227821,-0.150921
0.070911,0.227689,-0.150737
0.070518,0.227607,-0.153050
0.072532,0.225052,-0.150917
0.072489,0.227589,-0.150514
0.075473,0.226878,-0.149563
0.075805,0.226083,-0.151384
0.077598,0.227774,-0.149709
0.079853,0.226307,-0.150470
0.079529,0.227690,-0.150670
0.081024,0.227666,-0.150207
0.083396,0.227017,-0.149593
0.085677,0.226830,-0.148877
0.087036,0.227529,-0.148673
0.088062,0.228142,-0.149204
0.088795,0.227495,-0.148811
0.089791,0.226817,-0.147230
0.093262,0.229350,-0.149065
0.092818,0.225742,-0.147889
0.094244,0.227171,-0.146628
0.096216,0.227589,-0.148003
0.095874,0.226723,-0.145373
0.098549,0.227242,-0.145512
0.100446,0.226725,-0.147565
0.102812,0.227832,-0.146616
0.101867,0.227115,-0.147704
0.104934,0.226930,-0.145008
0.103897,0.228499,-0.146636
0.107425,0.227127,-0.147680
0.109225,0.226722,-0.145788
0.109124,0.227578,-0.146621
0.111414,0.227684,-0.148226
0.112851,0.227555,-0.146349
0.115177,0.229071,-0.146789
0.116495,0.228788,-0.146121
0.116847,0.226450,-0.148158
0.117512,0.227262,-0.147965
0.118376,0.227525,-0.148759
0.122869,0.226061,-0.149539
0.122162,0.227240,-0.149324
0.123661,0.226606,-0.149094
0.125151,0.226744,-0.148220
0.125884,0.227495,-0.146845
0.128957,0.225880,-0.148372
0.129593,0.228873,-0.148536
0.132999,0.226848,-0.148259
0.133108,0.228128,-0.150071
0.134313,0.227780,-0.149827
0.134149,0.227108,-0.150800
0.136886,0.227770,-0.151106
0.137524,0.227343,-0.152216
0.138868,0.227844,-0.152822
0.139656,0.226088,-0.151863
0.142743,0.228218,-0.154524
0.145481,0.225849,-0.153986
0.144413,0.230044,-0.152157
0.147392,0.229834,-0.153206
0.148879,0.227433,-0.154199
0.148961,0.226539,-0.153587
0.151907,0.226732,-0.155671
0.152948,0.227311,-0.155956
0.152194,0.227996,-0.154961
0.155406,0.227715,-0.156333
0.157592,0.226740,-0.157490
0.156796,0.226996,-0.158932
0.160025,0.227319,-0.156803
0.160730,0.228933,-0.160108
0.162372,0.228251,-0.160396
0.164302,0.228926,-0.158456
0.165360,0.228623,-0.157724
0.168381,0.229572,-0.159181
0.167393,0.229483,-0.160851
0.170257,0.226743,-0.161103
0.172464,0.227892,-0.162720
0.170845,0.227984,-0.161999
0.173769,0.229742,-0.162608
0.173921,0.230531,-0.161898
0.173916,0.228270,-0.163156
0.177325,0.228079,-0.162807
0.179112,0.229430,-0.163121
0.180460,0.228845,-0.164770
0.181473,0.227942,-0.164611
0.184782,0.228153,-0.165450
0.185029,0.229429,-0.166295
0.187141,0.228686,-0.165998
0.186675,0.228404,-0.166575
0.192774,0.227978,-0.166585
0.189615,0.229448,-0.165894
0.192016,0.227899,-0.167969
0.194263,0.231019,-0.168055
0.195964,0.230751,-0.168649
0.197452,0.230254,-0.171049
0.198920,0.230065,-0.170347
0.200408,0.229953,-0.171240
0.199945,0.228494,-0.171740
0.200421,0.229162,-0.171566
0.202930,0.228205,-0.171801
0.207281,0.229392,-0.173488
0.206353,0.229524,-0.173378
0.208182,0.228077,-0.172494
0.210067,0.231716,-0.174373
0.210714,0.229724,-0.173296
0.209270,0.230306,-0.175787
0.212507,0.229582,-0.176277
0.215314,0.229211,-0.175578
0.216939,0.228253,-0.174048
0.217493,0.231024,-0.176059
0.217839,0.229748,-0.177073
0.221977,0.230393,-0.177928
0.221931,0.230593,-0.178850
0.224287,0.231017,-0.181481
0.225007,0.228432,-0.179104
0.226869,0.228290,-0.181175
0.226422,0.229757,-0.182494
0.229619,0.229160,-0.179573
0.231326,0.229897,-0.180669
0.232671,0.231182,-0.186807
0.234835,0.232498,-0.193734
0.238072,0.234237,-0.202750
0.237593,0.234753,-0.210136
0.241235,0.232812,-0.217076
0.241984,0.233897,-0.226670
0.243905,0.235788,-0.233125
0.245903,0.235394,-0.242616
0.247886,0.236740,-0.248905
0.251489,0.239447,-0.257566
0.252855,0.237872,-0.265228
0.254257,0.238946,-0.273020
0.255070,0.239309,-0.281374
-0.041054,0.237501,-0.248276
-0.037025,0.237687,-0.240047
-0.034875,0.238398,-0.236488
-0.033457,0.236142,-0.232472
-0.033242,0.237547,-0.229351
-0.031874,0.234908,-0.227037
-0.029333,0.236171,-0.223409
-0.027524,0.233846,-0.218860
-0.027052,0.236167,-0.220325
-0.024597,0.235505,-0.216710
-0.023293,0.234987,-0.214358
-0.021995,0.234499,-0.211253
-0.019395,0.234682,-0.210507
-0.018918,0.234411,-0.208718
-0.019530,0.233766,-0.208222
-0.017058,0.233968,-0.206371
-0.014615,0.234043,-0.205934
-0.012716,0.233635,-0.204261
-0.011568,0.232893,-0.203224
-0.009482,0.233898,-0.200272
-0.008044,0.233404,-0.197512
-0.008577,0.234129,-0.197309
-0.005352,0.232819,-0.196091
-0.002625,0.234191,-0.194374
-0.003041,0.234173,-0.194013
-0.001787,0.232248,-0.192545
-0.001488,0.232402,-0.190888
0.001323,0.232881,-0.188366
0.003073,0.234310,-0.187418
0.004786,0.231600,-0.186828
0.007129,0.233117,-0.183729
0.007257,0.230841,-0.184014
0.008517,0.232410,-0.181754
0.009577,0.232260,-0.180510
0.010987,0.230956,-0.177976
0.012172,0.232371,-0.175963
0.017080,0.231492,-0.177503
0.015647,0.232054,-0.174839
0.016497,0.230721,-0.175077
0.020316,0.231617,-0.171614
0.019837,0.231472,-0.173936
0.020840,0.230298,-0.169918
0.024245,0.231165,-0.173275
0.024427,0.231056,-0.169609
0.026493,0.230880,-0.167738
0.026135,0.230132,-0.167954
0.028559,0.230914,-0.167685
0.032585,0.232008,-0.165514
0.032413,0.228858,-0.167151
0.032064,0.230777,-0.166321
0.035497,0.231917,-0.163103
0.035403,0.230610,-0.161652
0.037544,0.229456,-0.163902
0.040581,0.229343,-0.160993
0.041834,0.227626,-0.161787
0.040838,0.229990,-0.160150
0.042882,0.229376,-0.160197
0.042777,0.231100,-0.159236
0.044535,0.230623,-0.160278
0.048155,0.231313,-0.157535
0.048537,0.230224,-0.157701
0.051006,0.229703,-0.157638
0.050075,0.228822,-0.156719
0.052261,0.227959,-0.156977
0.056082,0.230400,-0.157958
0.055265,0.228705,-0.154559
0.057247,0.231152,-0.155288
0.059520,0.231512,-0.152943
0.058035,0.230212,-0.155299
0.063757,0.229327,-0.152665
0.063100,0.229995,-0.153956
0.065463,0.228012,-0.153349
0.066832,0.229663,-0.153632
0.066640,0.228421,-0.153827
0.068688,0.231014,-0.152757
0.068580,0.230102,-0.152966
0.069908,0.230250,-0.151968
0.071754,0.227847,-0.151452
0.073002,0.230447,-0.151344
0.076604,0.228387,-0.150678
0.076103,0.229212,-0.151529
0.078176,0.228324,-0.149805
0.080876,0.228673,-0.152072
0.080138,0.229337,-0.153914
0.082335,0.228347,-0.151180
0.083203,0.229468,-0.151849
0.085193,0.230878,-0.149241
0.085135,0.229709,-0.151496
0.086933,0.229412,-0.148890
0.089957,0.229725,-0.148559
0.091504,0.228938,-0.149735
0.092530,0.230737,-0.148547
0.090232,0.229622,-0.149170
0.093876,0.228243,-0.147298
0.094516,0.229092,-0.147851
0.097167,0.228023,-0.147119
0.099584,0.229426,-0.148077
0.100488,0.229152,-0.147387
0.099822,0.229142,-0.147700
0.103286,0.228459,-0.148332
0.105489,0.229271,-0.148024
0.105241,0.229364,-0.146994
0.106104,0.227893,-0.147741
0.107992,0.227690,-0.146751
0.110460,0.229929,-0.148114
0.112832,0.228089,-0.146323
0.112877,0.229744,-0.147740
0.114053,0.228125,-0.147844
0.115870,0.228492,-0.147575
0.117380,0.227963,-0.146005
0.117915,0.229475,-0.146020
0.118701,0.231027,-0.147521
0.121014,0.228660,-0.147649
0.122685,0.228013,-0.149752
0.123207,0.230558,-0.147379
0.125828,0.228899,-0.148228
0.127377,0.229331,-0.148767
0.128652,0.229209,-0.150398
0.130246,0.229783,-0.150220
0.130092,0.230131,-0.150509
0.132607,0.229942,-0.151798
0.133584,0.230362,-0.150322
0.137179,0.227405,-0.152322
0.137915,0.229250,-0.151947
0.138457,0.228892,-0.153461
0.140296,0.230472,-0.152886
0.138577,0.227692,-0.155464
0.141435,0.230292,-0.153199
0.145713,0.227074,-0.157048
0.145373,0.230525,-0.155459
0.145061,0.228953,-0.157398
0.148357,0.230388,-0.153440
0.149442,0.229274,-0.154329
0.151669,0.230742,-0.155550
0.151574,0.231131,-0.157421
0.154710,0.229461,-0.159469
0.156315,0.231881,-0.159054
0.154519,0.229616,-0.157086
0.158417,0.228312,-0.159621
0.157095,0.228934,-0.157929
0.160278,0.229841,-0.159365
0.159901,0.230124,-0.159340
0.164907,0.230217,-0.159619
0.164241,0.230534,-0.161314
0.167245,0.230742,-0.159588
0.169039,0.230675,-0.160521
0.168899,0.229481,-0.162099
0.171317,0.228961,-0.163208
0.174691,0.231447,-0.162494
0.172479,0.229782,-0.163282
0.174979,0.230896,-0.163414
0.176902,0.231490,-0.163473
0.178638,0.230529,-0.163213
0.179750,0.229479,-0.166328
0.179972,0.231737,-0.164483
0.183385,0.231394,-0.166728
0.184999,0.231499,-0.165173
0.185539,0.230955,-0.166145
0.185807,0.231815,-0.170176
0.187593,0.229711,-0.168125
0.189907,0.229737,-0.167487
0.191036,0.230240,-0.167851
0.192964,0.230488,-0.168806
0.193751,0.234105,-0.168806
0.195649,0.231649,-0.172338
0.196276,0.228796,-0.171002
0.198600,0.230569,-0.172119
0.198152,0.230503,-0.172494
0.199673,0.231382,-0.174287
0.202295,0.231746,-0.170670
0.203795,0.232540,-0.173220
0.205253,0.230276,-0.173926
0.205656,0.232057,-0.174868
0.209404,0.229876,-0.174309
0.208610,0.230909,-0.174661
0.211973,0.229739,-0.174665
0.211743,0.231579,-0.176164
0.215510,0.230487,-0.177359
0.214612,0.231274,-0.178349
0.217933,0.232008,-0.177980
0.219143,0.232373,-0.179050
0.220094,0.231919,-0.178388
0.220759,0.232016,-0.178264
0.223452,0.232113,-0.179278
0.222635,0.230240,-0.180406
0.226118,0.230797,-0.182359
0.227348,0.229526,-0.183034
0.229879,0.233756,-0.181957
0.230231,0.232912,-0.179907
0.231085,0.231888,-0.180671
0.234308,0.231630,-0.184743
0.233636,0.233034,-0.193893
0.237491,0.234039,-0.200602
0.237579,0.233316,-0.208092
0.240712,0.233463,-0.215392
0.240218,0.233384,-0.224334
0.243815,0.234775,-0.232924
0.247062,0.236657,-0.241834
0.247474,0.238363,-0.247811
0.251352,0.237761,-0.255826
0.251482,0.240929,-0.263031
0.253879,0.238264,-0.273208
0.256497,0.239800,-0.279992
-0.039591,0.239981,-0.246348
-0.038857,0.237746,-0.240181
-0.033998,0.240516,-0.235018
-0.033044,0.238415,-0.233816
-0.030515,0.237493,-0.231743
-0.032292,0.237720,-0.228764
-0.030503,0.237114,-0.223500
-0.029969,0.238629,-0.219048
-0.027083,0.237064,-0.217279
-0.025301,0.237581,-0.215825
-0.022232,0.237234,-0.215652
-0.021367,0.235731,-0.213364
-0.020346,0.235723,-0.211623
-0.019002,0.235748,-0.209776
-0.016135,0.235342,-0.207588
-0.016423,0.237716,-0.208130
-0.014136,0.235472,-0.206145
-0.012926,0.234634,-0.203658
-0.012390,0.234727,-0.202612
-0.009458,0.236004,-0.200745
-0.007775,0.235151,-0.199511
-0.007977,0.235048,-0.200045
-0.006729,0.234544,-0.197303
-0.005539,0.235695,-0.195735
-0.001789,0.233928,-0.196394
-0.001152,0.234431,-0.194552
-0.000157,0.234354,-0.192078
0.001587,0.236545,-0.189150
0.000790,0.234789,-0.190132
0.005319,0.235282,-0.187960
0.005856,0.233035,-0.186684
0.008471,0.235056,-0.185971
0.008943,0.233523,-0.183338
0.011514,0.233147,-0.182281
0.011433,0.234430,-0.182104
0.012034,0.234356,-0.180055
0.014494,0.234518,-0.178213
0.014953,0.234402,-0.176078
0.016757,0.231826,-0.178181
0.017912,0.232399,-0.174764
0.021343,0.232756,-0.174304
0.020046,0.232402,-0.173248
0.022341,0.231741,-0.173372
0.024752,0.232274,-0.173952
0.026038,0.232472,-0.169741
0.027692,0.233336,-0.170825
0.026897,0.232062,-0.169533
0.029758,0.232251,-0.169053
0.030839,0.232743,-0.167147
0.032382,0.231603,-0.166436
0.034415,0.233122,-0.164835
0.037044,0.233673,-0.163620
0.038595,0.231731,-0.164377
0.038911,0.233192,-0.163712
0.039711,0.231803,-0.160125
0.042663,0.233067,-0.163094
0.041372,0.231172,-0.161052
0.042895,0.231902,-0.159913
0.045178,0.230926,-0.159543
0.047706,0.230939,-0.160749
0.049760,0.231633,-0.158410
0.048955,0.232487,-0.158151
0.051077,0.231167,-0.158509
0.053623,0.231499,-0.157523
0.053241,0.232041,-0.157519
0.055348,0.230114,-0.157531
0.056734,0.231281,-0.157322
0.058407,0.230845,-0.154635
0.061515,0.231692,-0.155013
0.061128,0.231894,-0.154817
0.060658,0.230572,-0.154236
0.064121,0.230933,-0.154229
0.064615,0.231438,-0.153531
0.066258,0.230329,-0.152737
0.069592,0.231353,-0.155600
0.071031,0.229601,-0.153193
0.071477,0.230628,-0.154530
0.072397,0.230425,-0.152277
0.073696,0.230681,-0.153010
0.074635,0.231022,-0.151811
0.076267,0.230321,-0.154291
0.076449,0.229434,-0.152697
0.079742,0.229762,-0.150452
0.079485,0.231311,-0.153172
0.083070,0.231024,-0.153088
0.085010,0.231338,-0.149945
0.085952,0.231271,-0.151450
0.086387,0.229002,-0.150779
0.088368,0.230027,-0.152099
0.088717,0.230233,-0.149444
0.091439,0.230022,-0.150059
0.091559,0.230043,-0.150317
0.093987,0.229847,-0.148267
0.092793,0.229685,-0.150887
0.095297,0.229667,-0.149421
0.097160,0.229208,-0.148506
0.098028,0.228460,-0.149781
0.099271,0.230971,-0.148919
0.102557,0.229759,-0.151592
0.101019,0.229386,-0.147528
0.105338,0.231658,-0.148933
0.106134,0.230162,-0.147168
0.106101,0.231493,-0.148156
0.108999,0.230865,-0.147905
0.112432,0.230118,-0.147871
0.110304,0.231927,-0.148565
0.113442,0.232861,-0.148005
0.113044,0.231997,-0.147891
0.115497,0.229072,-0.148449
0.116285,0.230858,-0.147309
0.117852,0.230384,-0.149911
0.117923,0.229923,-0.149486
0.122524,0.230880,-0.150215
0.122911,0.231412,-0.149491
0.122802,0.230066,-0.149271
0.124457,0.230373,-0.149078
0.126498,0.229658,-0.149969
0.129702,0.230231,-0.151111
0.129438,0.231497,-0.150016
0.133371,0.231040,-0.151489
0.133356,0.230432,-0.154052
0.135137,0.230973,-0.153976
0.134988,0.230328,-0.152743
0.136443,0.231082,-0.153381
0.137458,0.232171,-0.154480
0.138541,0.230738,-0.153784
0.142868,0.229997,-0.154592
0.141667,0.230306,-0.155381
0.145904,0.230453,-0.155065
0.146546,0.231730,-0.154379
0.145886,0.232082,-0.155924
0.148589,0.231216,-0.155512
0.150144,0.229400,-0.156980
0.150922,0.231374,-0.158199
0.153480,0.231746,-0.158589
0.153346,0.230683,-0.157908
0.156770,0.230030,-0.157164
0.157589,0.231241,-0.159749
0.157177,0.231311,-0.159532
0.159604,0.231714,-0.158753
0.161987,0.231126,-0.159925
0.161891,0.230414,-0.159138
0.163568,0.232820,-0.162003
0.163383,0.231421,-0.162424
0.167952,0.230991,-0.161618
0.167624,0.231170,-0.163010
0.168362,0.233247,-0.163107
0.169230,0.232590,-0.161363
0.171291,0.230573,-0.164498
0.173071,0.233626,-0.164583
0.174798,0.232473,-0.164915
0.176603,0.229625,-0.163328
0.179159,0.232124,-0.166536
0.179417,0.233915,-0.165037
0.179501,0.232634,-0.167056
0.182164,0.231695,-0.165744
0.184580,0.233370,-0.167705
0.183921,0.234105,-0.167183
0.185570,0.232993,-0.169451
0.188364,0.232865,-0.167992
0.188429,0.232154,-0.168475
0.191328,0.231240,-0.168944
0.193507,0.231606,-0.170974
0.194162,0.232637,-0.170641
0.195639,0.233307,-0.170119
0.195246,0.232444,-0.169906
0.198001,0.232482,-0.171187
0.199241,0.230942,-0.171649
0.202328,0.232701,-0.172439
0.201394,0.234061,-0.172223
0.203789,0.233203,-0.173287
0.204859,0.232671,-0.175551
0.207315,0.233197,-0.173771
0.207927,0.232266,-0.175285
0.210552,0.231720,-0.175363
0.211039,0.232813,-0.176636
0.212710,0.232046,-0.177473
0.214433,0.234047,-0.177360
0.215167,0.234344,-0.178488
0.218467,0.233942,-0.177925
0.217278,0.231627,-0.178277
0.219574,0.233512,-0.179468
0.221315,0.234114,-0.180409
0.221463,0.233951,-0.179431
0.224219,0.233319,-0.181699
0.224314,0.232328,-0.181382
0.228842,0.233185,-0.181676
0.225977,0.234757,-0.181621
0.230228,0.234822,-0.181219
0.231915,0.233162,-0.181959
0.233152,0.233510,-0.184478
0.235022,0.235040,-0.192213
0.236778,0.236575,-0.200151
0.238886,0.235958,-0.207238
0.240937,0.234873,-0.215077
0.242474,0.238332,-0.223404
0.245080,0.236717,-0.230116
0.246623,0.238814,-0.237759
0.247303,0.240166,-0.246286
0.250468,0.241215,-0.256893
0.252001,0.238934,-0.263504
0.251907,0.241057,-0.272246
0.255778,0.242521,-0.278664
0.258866,0.241680,-0.287626
-0.038739,0.242467,-0.247858
-0.035694,0.237697,-0.240392
-0.034739,0.239068,-0.237042
-0.033611,0.238074,-0.232926
-0.031259,0.239627,-0.232446
-0.030678,0.240300,-0.228545
-0.029668,0.239888,-0.224180
-0.027193,0.238041,-0.222990
-0.026391,0.238626,-0.219885
-0.026142,0.238594,-0.219871
-0.022889,0.239003,-0.217507
-0.022039,0.238640,-0.215013
-0.019562,0.237029,-0.215283
-0.017502,0.237607,-0.214614
-0.017541,0.240590,-0.209990
-0.017824,0.236794,-0.208302
-0.014129,0.236401,-0.207622
-0.012684,0.238661,-0.206222
-0.011825,0.237687,-0.205107
-0.012032,0.235672,-0.202633
-0.009303,0.236557,-0.201337
-0.008494,0.236423,-0.200286
-0.003260,0.236280,-0.198040
-0.002496,0.236768,-0.199403
-0.004056,0.236221,-0.200829
0.000095,0.236277,-0.197524
-0.000575,0.234194,-0.193297
0.000043,0.235451,-0.193616
0.003852,0.235397,-0.191116
0.004763,0.236432,-0.191906
0.006573,0.236031,-0.188897
0.006852,0.236337,-0.187028
0.009928,0.237109,-0.184792
0.009491,0.235794,-0.185292
0.011849,0.235048,-0.183517
0.012449,0.234968,-0.182342
0.014201,0.234042,-0.179635
0.015230,0.235050,-0.180732
0.017114,0.232948,-0.178538
0.018006,0.234687,-0.178250
0.019954,0.233551,-0.176501
0.021837,0.235320,-0.175772
0.024545,0.234689,-0.176505
0.023723,0.234131,-0.172892
0.026095,0.235047,-0.173050
0.025532,0.235361,-0.172181
0.027781,0.234551,-0.171915
0.028161,0.232964,-0.171220
0.031614,0.233181,-0.169634
0.032739,0.232393,-0.168694
0.033519,0.234198,-0.167322
0.034518,0.232724,-0.167231
0.036258,0.232885,-0.165936
0.038017,0.233590,-0.164406
0.038984,0.234136,-0.163635
0.040883,0.233579,-0.163197
0.043511,0.231587,-0.161944
0.044018,0.232682,-0.162363
0.045641,0.234241,-0.161064
0.044810,0.232518,-0.160046
0.049122,0.233002,-0.163370
0.051870,0.233746,-0.160554
0.051047,0.232923,-0.161095
0.051365,0.231240,-0.158908
0.053356,0.233501,-0.160208
0.055611,0.231446,-0.156760
0.056512,0.233897,-0.157135
0.060140,0.234159,-0.156117
0.060060,0.234035,-0.156855
0.062454,0.232315,-0.157629
0.062635,0.231642,-0.157140
0.061461,0.233888,-0.157076
0.063134,0.232017,-0.156093
0.066921,0.232677,-0.154193
0.067569,0.231338,-0.154872
0.071138,0.231521,-0.153268
0.070279,0.232522,-0.154875
0.073128,0.233852,-0.154260
0.072388,0.233929,-0.154244
0.075939,0.232299,-0.152189
0.077310,0.232425,-0.152788
0.077656,0.233295,-0.154883
0.079511,0.232693,-0.153253
0.080179,0.231533,-0.152288
0.080768,0.234149,-0.152792
0.082686,0.230198,-0.153913
0.083724,0.233338,-0.153660
0.085152,0.233792,-0.152237
0.088572,0.231375,-0.153087
0.088188,0.233205,-0.151589
0.090259,0.231721,-0.152883
0.091533,0.232857,-0.151676
0.093822,0.232467,-0.149218
0.093842,0.231471,-0.149686
0.095626,0.233139,-0.152051
0.097503,0.231705,-0.149119
0.099740,0.232200,-0.150533
0.101232,0.232830,-0.149972
0.102861,0.231270,-0.149779
0.102659,0.232886,-0.150797
0.105508,0.231307,-0.148977
0.107251,0.231556,-0.149356
0.108388,0.232607,-0.150314
0.108151,0.229405,-0.150454
0.111263,0.232002,-0.150549
0.111869,0.232091,-0.148595
0.113209,0.232196,-0.150487
0.113607,0.232281,-0.149924
0.114393,0.232556,-0.151024
0.117274,0.232696,-0.149625
0.119082,0.233019,-0.150547
0.121625,0.232462,-0.150058
0.121694,0.233950,-0.150240
0.122184,0.232351,-0.150287
0.124485,0.230872,-0.151702
0.127300,0.232224,-0.152686
0.126781,0.232095,-0.150729
0.129062,0.233353,-0.151177
0.128377,0.231738,-0.152629
0.130746,0.232286,-0.152086
0.132578,0.231104,-0.153294
0.134861,0.232813,-0.154291
0.135215,0.231162,-0.154545
0.135647,0.232128,-0.154326
0.138562,0.232829,-0.156680
0.138988,0.233608,-0.153741
0.142004,0.231530,-0.158256
0.141656,0.231245,-0.154106
0.143926,0.233884,-0.155026
0.145233,0.232814,-0.155586
0.145636,0.232834,-0.156413
0.148054,0.231681,-0.157060
0.149591,0.231642,-0.157545
0.150604,0.231775,-0.158674
0.154761,0.233667,-0.159298
0.153092,0.232857,-0.156828
0.154116,0.233975,-0.158638
0.154991,0.235308,-0.160988
0.158671,0.231979,-0.157833
0.157301,0.233100,-0.159204
0.161051,0.235362,-0.161388
0.163161,0.234432,-0.160353
0.162388,0.233114,-0.161129
0.165211,0.235940,-0.162645
0.165077,0.234885,-0.164056
0.167488,0.235238,-0.164416
0.169518,0.233388,-0.162977
0.170403,0.234812,-0.162217
0.172306,0.233934,-0.164424
0.173327,0.233864,-0.164912
0.173795,0.233314,-0.163448
0.175951,0.234222,-0.164877
0.177023,0.233290,-0.167556
0.178468,0.233228,-0.166840
0.179553,0.234047,-0.167815
0.182659,0.233643,-0.166416
0.182480,0.233687,-0.168418
0.185276,0.234355,-0.168979
0.185533,0.233204,-0.169629
0.188560,0.234722,-0.167603
0.188947,0.235761,-0.170145
0.190636,0.234279,-0.169504
0.192495,0.234653,-0.170306
0.194412,0.235312,-0.171993
0.194570,0.233840,-0.171751
0.196823,0.235103,-0.170556
0.198577,0.232441,-0.172507
0.199177,0.234880,-0.172982
0.200025,0.235585,-0.172684
0.200667,0.235326,-0.173282
0.202922,0.234198,-0.174590
0.206567,0.233558,-0.175129
0.207506,0.235979,-0.174442
0.207099,0.235629,-0.174722
0.210021,0.233101,-0.175589
0.210452,0.233393,-0.179060
0.212898,0.234188,-0.176311
0.212032,0.234912,-0.177618
0.213646,0.233742,-0.178267
0.215598,0.235159,-0.177681
0.218271,0.235436,-0.180097
0.220431,0.234462,-0.178388
0.220285,0.236340,-0.181349
0.223036,0.235619,-0.180636
0.224112,0.236990,-0.180305
0.226591,0.236134,-0.182513
0.226401,0.234455,-0.183189
0.229386,0.234208,-0.181797
0.228253,0.235479,-0.182369
0.230414,0.236923,-0.183225
0.233316,0.234969,-0.182460
0.233638,0.237131,-0.190078
0.235220,0.237240,-0.197451
0.238921,0.239135,-0.206554
0.239597,0.238383,-0.214575
0.241868,0.238346,-0.224101
0.244996,0.238054,-0.228112
0.246187,0.240147,-0.238867
0.246834,0.239138,-0.245301
0.248968,0.240263,-0.253740
0.251092,0.241043,-0.261586
0.253460,0.242020,-0.270535
0.256013,0.243006,-0.277330
0.258100,0.244264,-0.286502
-0.040781,0.242962,-0.253177
-0.040087,0.242827,-0.245656
-0.036640,0.242375,-0.239542
-0.035350,0.241196,-0.236626
-0.033905,0.242008,-0.233409
-0.034292,0.242438,-0.232789
-0.030310,0.242002,-0.228039
-0.027302,0.239991,-0.224897
-0.026606,0.240798,-0.221344
-0.026444,0.239419,-0.221578
-0.025175,0.240362,-0.219941
-0.023259,0.239140,-0.218043
-0.021339,0.238433,-0.217852
-0.019496,0.239221,-0.216113
-0.017757,0.241242,-0.213102
-0.017886,0.239832,-0.213296
-0.017332,0.238641,-0.209652
-0.013830,0.240458,-0.210486
-0.012153,0.240453,-0.208761
-0.012009,0.238265,-0.206792
-0.009840,0.236827,-0.207528
-0.008895,0.236894,-0.203192
-0.005668,0.238233,-0.202417
-0.005382,0.239290,-0.203180
-0.003565,0.238138,-0.202184
-0.001888,0.237859,-0.199165
-0.002002,0.237281,-0.197149
-0.000574,0.239059,-0.195207
0.002717,0.238728,-0.196049
0.003285,0.234841,-0.195130
0.006319,0.238106,-0.192401
0.006546,0.236986,-0.191175
0.007990,0.239173,-0.189298
0.009174,0.239853,-0.189266
0.010775,0.238679,-0.186765
0.009352,0.237896,-0.186636
0.011436,0.237017,-0.186708
0.012810,0.235214,-0.183344
0.016315,0.236192,-0.182063
0.016646,0.236610,-0.183581
0.019346,0.237421,-0.181366
0.019972,0.235923,-0.180018
0.020118,0.235993,-0.177741
0.023392,0.236369,-0.178761
0.025871,0.237014,-0.177075
0.025001,0.236816,-0.176249
0.027368,0.235672,-0.171860
0.029592,0.234610,-0.172735
0.031251,0.236048,-0.172625
0.032008,0.234973,-0.171095
0.034205,0.235769,-0.170280
0.033094,0.236367,-0.166944
0.035683,0.235726,-0.168158
0.035969,0.234766,-0.168314
0.038683,0.235058,-0.167444
0.040500,0.236742,-0.165950
0.040837,0.234497,-0.164209
0.042229,0.235814,-0.163453
0.044977,0.234208,-0.164649
0.046354,0.235451,-0.164606
0.045692,0.235059,-0.163327
0.048823,0.233760,-0.164116
0.048311,0.235309,-0.162788
0.050836,0.234204,-0.161673
0.052954,0.233454,-0.162478
0.054198,0.234815,-0.161430
0.055082,0.233849,-0.159129
0.056636,0.233603,-0.159453
0.056553,0.235530,-0.157733
0.059716,0.234886,-0.159121
0.062385,0.235070,-0.158779
0.062191,0.235756,-0.156716
0.064279,0.236173,-0.156119
0.065646,0.235031,-0.155547
0.067467,0.234114,-0.156273
0.067710,0.233482,-0.155330
0.068959,0.234277,-0.154318
0.071162,0.232929,-0.154402
0.072333,0.233270,-0.153629
0.074526,0.234697,-0.153639
0.074222,0.233233,-0.155583
0.077367,0.234636,-0.153816
0.077110,0.235054,-0.153157
0.078292,0.231815,-0.155099
0.078784,0.234924,-0.154608
0.083160,0.235270,-0.155473
0.082947,0.231629,-0.153782
0.084706,0.235088,-0.153542
0.086866,0.233343,-0.153635
0.087321,0.236018,-0.153466
0.089224,0.233449,-0.151669
0.090040,0.235227,-0.153083
0.091267,0.234317,-0.152636
0.092170,0.234193,-0.150490
0.095972,0.234472,-0.151186
0.096289,0.234902,-0.150630
0.098758,0.234540,-0.152416
0.099066,0.234087,-0.150739
0.098854,0.232868,-0.151742
0.101304,0.233139,-0.150621
0.103072,0.235016,-0.150490
0.104399,0.233463,-0.151876
0.106495,0.233057,-0.151487
0.108560,0.234439,-0.151268
0.110443,0.233618,-0.150194
0.110758,0.234124,-0.152021
0.112065,0.234197,-0.150563
0.111343,0.234084,-0.150506
0.112836,0.234446,-0.149570
0.116288,0.233337,-0.149763
0.116939,0.235022,-0.151151
0.120186,0.233317,-0.152447
0.120583,0.237079,-0.152189
0.121741,0.236035,-0.151946
0.124222,0.234980,-0.154145
0.124760,0.233869,-0.152324
0.125909,0.235592,-0.150382
0.127367,0.234236,-0.153904
0.129688,0.234334,-0.151493
0.131122,0.234361,-0.153852
0.131879,0.234354,-0.153356
0.132672,0.233625,-0.152974
0.133451,0.236926,-0.154556
0.135405,0.234274,-0.154222
0.136286,0.235219,-0.155222
0.138850,0.234684,-0.154013
0.138533,0.233984,-0.156644
0.141314,0.233928,-0.156345
0.142279,0.235060,-0.154931
0.146022,0.232883,-0.158835
0.143819,0.235749,-0.157482
0.146289,0.235820,-0.157451
0.146880,0.234190,-0.159964
0.148129,0.235674,-0.158109
0.152318,0.234943,-0.159357
0.152308,0.233643,-0.159040
0.153642,0.235599,-0.160037
0.155246,0.232999,-0.161020
0.157616,0.233998,-0.161011
0.158497,0.235918,-0.160943
0.160036,0.236471,-0.160902
0.160716,0.234893,-0.162079
0.162928,0.233215,-0.162036
0.163754,0.236276,-0.162039
0.165454,0.234483,-0.162729
0.166826,0.234463,-0.164587
0.167081,0.235277,-0.164571
0.168540,0.233843,-0.166531
0.171555,0.236344,-0.163458
0.172736,0.237853,-0.163296
0.173020,0.234392,-0.164629
0.175200,0.239231,-0.167649
0.174044,0.236400,-0.167874
0.177860,0.235821,-0.165968
0.179620,0.234381,-0.167135
0.181269,0.235395,-0.168569
0.183332,0.234752,-0.166687
0.185399,0.234934,-0.166762
0.185819,0.236226,-0.168820
0.187042,0.235382,-0.168099
0.186965,0.236081,-0.170001
0.188470,0.235427,-0.168988
0.191431,0.233976,-0.171275
0.193546,0.236111,-0.170248
0.194318,0.236479,-0.170959
0.195758,0.235413,-0.171257
0.195847,0.235322,-0.172367
0.199205,0.235825,-0.173510
0.198291,0.235019,-0.174433
0.201295,0.237104,-0.175526
0.203107,0.233377,-0.173984
0.203115,0.233825,-0.176267
0.206038,0.236466,-0.174746
0.205281,0.234441,-0.177410
0.208082,0.237881,-0.176449
0.212139,0.236234,-0.178750
0.210105,0.236433,-0.179428
0.210660,0.236141,-0.177832
0.214395,0.235979,-0.178667
0.214853,0.237059,-0.180204
0.217199,0.237274,-0.179087
0.217246,0.236578,-0.180112
0.219193,0.236879,-0.179200
0.221520,0.237602,-0.180474
0.222709,0.236534,-0.179691
0.224126,0.235589,-0.182140
0.224155,0.236735,-0.180772
0.226655,0.237407,-0.182132
0.228490,0.236627,-0.183509
0.230287,0.236785,-0.181829
0.230389,0.233931,-0.183841
0.232495,0.238775,-0.182256
0.234460,0.238511,-0.190069
0.237179,0.237699,-0.196454
0.234560,0.238012,-0.204644
0.240308,0.240754,-0.212559
0.240873,0.239365,-0.220451
0.243876,0.242682,-0.228094
0.245136,0.240621,-0.237101
0.247687,0.241198,-0.244536
0.249680,0.242521,-0.253507
0.253107,0.244275,-0.262983
0.252515,0.244643,-0.268838
0.255389,0.246058,-0.275399
0.255940,0.245239,-0.285090
-0.040686,0.242869,-0.250584
-0.037749,0.242452,-0.244577
-0.036337,0.241664,-0.240508
-0.034358,0.243642,-0.236592
-0.034928,0.243634,-0.234845
-0.032802,0.243667,-0.233693
-0.030907,0.242783,-0.229943
-0.029152,0.241006,-0.228553
-0.029182,0.242194,-0.223945
-0.026419,0.244127,-0.224244
-0.025815,0.243072,-0.222017
-0.022889,0.240938,-0.220657
-0.022603,0.242895,-0.218574
-0.021899,0.241160,-0.215958
-0.019423,0.240426,-0.217007
-0.018930,0.239428,-0.212073
-0.017431,0.241724,-0.212484
-0.015832,0.240068,-0.211739
-0.013691,0.240844,-0.209945
-0.011708,0.241042,-0.208123
-0.010127,0.240441,-0.207250
-0.006869,0.242153,-0.204344
-0.005692,0.238528,-0.204851
-0.006213,0.241555,-0.201894
-0.006660,0.239495,-0.199887
-0.002502,0.240195,-0.200024
-0.000682,0.241164,-0.200495
0.001625,0.237004,-0.197313
0.002781,0.239138,-0.196862
0.003350,0.240014,-0.196067
0.002019,0.238305,-0.193552
0.006592,0.242016,-0.194342
0.007269,0.238051,-0.191311
0.009852,0.239195,-0.190942
0.009347,0.239616,-0.188609
0.013574,0.238709,-0.188888
0.015391,0.238799,-0.186658
0.011749,0.237701,-0.185294
0.017210,0.237821,-0.184260
0.017054,0.240250,-0.183561
0.018122,0.238194,-0.184118
0.018927,0.238042,-0.180478
0.021382,0.237458,-0.180949
0.022962,0.238559,-0.179851
0.024639,0.239558,-0.178599
0.026573,0.237328,-0.175532
0.026642,0.237904,-0.177655
0.027300,0.238227,-0.176772
0.028826,0.239601,-0.177115
0.030568,0.238157,-0.175223
0.032322,0.238041,-0.171278
0.033667,0.236903,-0.172212
0.035633,0.236964,-0.170338
0.037157,0.237677,-0.170597
0.037457,0.238149,-0.169342
0.039686,0.236472,-0.168241
0.042688,0.238091,-0.167183
0.042452,0.237740,-0.165670
0.042300,0.238741,-0.166756
0.046113,0.236252,-0.163241
0.048541,0.237602,-0.163940
0.046608,0.236066,-0.163454
0.048678,0.236606,-0.161989
0.052836,0.237551,-0.161891
0.053285,0.236396,-0.160846
0.053749,0.236352,-0.162587
0.055912,0.236248,-0.160847
0.058343,0.235805,-0.159740
0.057732,0.236383,-0.159177
0.060353,0.238398,-0.159547
0.060496,0.237005,-0.157594
0.062289,0.236222,-0.158263
0.063957,0.236427,-0.157419
0.065005,0.235403,-0.156630
0.066315,0.237366,-0.156965
0.068216,0.236036,-0.157294
0.069247,0.235447,-0.156700
0.071790,0.236027,-0.155576
0.072633,0.235382,-0.155779
0.074374,0.235931,-0.154907
0.074949,0.236647,-0.157471
0.074825,0.235497,-0.156024
0.077576,0.236757,-0.155034
0.079086,0.236566,-0.153133
0.080838,0.235396,-0.155094
0.083143,0.235716,-0.153881
0.084141,0.234625,-0.152627
0.084055,0.236738,-0.155105
0.085770,0.236256,-0.153106
0.089085,0.236524,-0.153302
0.089810,0.235936,-0.152508
0.090738,0.237896,-0.153789
0.091988,0.235300,-0.152557
0.094933,0.238559,-0.152624
0.092866,0.235757,-0.153363
0.094427,0.235355,-0.151782
0.098470,0.236194,-0.152493
0.099745,0.235449,-0.152736
0.099369,0.235542,-0.152138
0.101932,0.234221,-0.151568
0.102252,0.235396,-0.152762
0.104385,0.236141,-0.152164
0.107972,0.233979,-0.151727
0.107765,0.236138,-0.153378
0.108455,0.235723,-0.151762
0.109095,0.235163,-0.151783
0.112628,0.235264,-0.152194
0.115234,0.236055,-0.153764
0.114284,0.236868,-0.152398
0.117272,0.234884,-0.152515
0.117625,0.235788,-0.151481
0.117665,0.236303,-0.153209
0.121608,0.234911,-0.152978
0.120248,0.236021,-0.152329
0.121210,0.236125,-0.152365
0.123543,0.237513,-0.153810
0.124819,0.234947,-0.154560
0.128075,0.235846,-0.155018
0.127539,0.237546,-0.153503
0.130529,0.237078,-0.153869
0.130790,0.236487,-0.154036
0.133174,0.237170,-0.156511
0.134410,0.235266,-0.155542
0.134888,0.236956,-0.155334
0.135984,0.236551,-0.157168
0.138670,0.236459,-0.155035
0.139332,0.236816,-0.157417
0.140800,0.236796,-0.157061
0.141562,0.236395,-0.158790
0.144032,0.237031,-0.159478
0.147290,0.235572,-0.158638
0.146999,0.236853,-0.160273
0.147299,0.235829,-0.159506
0.149198,0.236788,-0.158540
0.150764,0.235860,-0.160800
0.152216,0.235932,-0.161218
0.154082,0.235083,-0.162346
0.157005,0.237882,-0.162457
0.158400,0.235692,-0.162136
0.158369,0.237134,-0.161991
0.159095,0.237889,-0.164207
0.160948,0.238211,-0.163566
0.161765,0.237427,-0.161999
0.161387,0.236425,-0.163481
0.166338,0.239329,-0.164718
0.167879,0.235446,-0.164825
0.168291,0.236133,-0.165496
0.169282,0.236785,-0.165587
0.171029,0.237252,-0.166364
0.173576,0.237256,-0.166674
0.175230,0.236331,-0.166229
0.175299,0.236560,-0.166916
0.176718,0.235520,-0.166978
0.177003,0.237018,-0.167829
0.178661,0.236832,-0.168868
0.181382,0.238763,-0.168649
0.182982,0.236877,-0.169624
0.183002,0.236457,-0.168749
0.185021,0.236955,-0.170668
0.185392,0.238070,-0.170895
0.186574,0.236864,-0.171049
0.188351,0.237958,-0.171617
0.192064,0.239372,-0.172256
0.191423,0.238030,-0.172628
0.195529,0.236442,-0.173407
0.195315,0.238483,-0.176016
0.195554,0.239060,-0.173780
0.199055,0.237511,-0.174225
0.199407,0.238941,-0.172653
0.201619,0.237150,-0.175570
0.202616,0.235258,-0.177165
0.204756,0.238719,-0.176611
0.203603,0.236818,-0.178689
0.206506,0.238311,-0.178489
0.208773,0.236649,-0.177610
0.210512,0.237360,-0.179293
0.212242,0.238810,-0.179664
0.213341,0.238758,-0.180089
0.214922,0.238726,-0.179555
0.215341,0.237475,-0.180468
0.215504,0.238411,-0.180408
0.217459,0.239039,-0.178382
0.219093,0.237724,-0.181332
0.221193,0.239474,-0.181082
0.222380,0.237477,-0.181106
0.224378,0.239446,-0.182122
0.225745,0.238997,-0.182987
0.225851,0.239155,-0.183106
0.228621,0.239440,-0.182873
0.229493,0.239179,-0.183396
0.231531,0.238170,-0.183192
0.231900,0.238665,-0.185663
0.234259,0.238710,-0.189773
0.235908,0.240495,-0.196785
0.235983,0.240169,-0.204548
0.240138,0.240879,-0.211033
0.241263,0.240259,-0.220408
0.242720,0.243709,-0.227358
0.245726,0.242710,-0.235446
0.247484,0.245578,-0.244002
0.251641,0.244465,-0.252669
0.252063,0.246137,-0.259548
0.252456,0.246968,-0.266903
0.255765,0.246197,-0.275863
0.256984,0.248556,-0.283834
-0.039769,0.246589,-0.252418
-0.037074,0.245514,-0.243426
-0.036991,0.245214,-0.240902
-0.036927,0.244738,-0.238903
-0.034812,0.246074,-0.236126
-0.032581,0.244601,-0.233015
-0.031567,0.245287,-0.230969
-0.029360,0.245319,-0.227536
-0.026961,0.244926,-0.226008
-0.027920,0.243869,-0.222656
-0.024292,0.245129,-0.222412
-0.021866,0.241744,-0.222590
-0.021824,0.243278,-0.219609
-0.021571,0.242815,-0.218937
-0.019713,0.243650,-0.215949
-0.017297,0.242960,-0.216228
-0.014676,0.242080,-0.212204
-0.015036,0.242540,-0.213685
-0.012325,0.242916,-0.210979
-0.010215,0.244358,-0.208270
-0.009285,0.244481,-0.209629
-0.009247,0.243782,-0.208428
-0.007100,0.240558,-0.205641
-0.005707,0.241820,-0.204963
-0.002526,0.242748,-0.203349
-0.003252,0.241733,-0.200898
-0.001977,0.241028,-0.200822
-0.000031,0.240817,-0.199130
0.001246,0.242477,-0.195995
0.002064,0.239666,-0.198718
0.004330,0.241687,-0.197165
0.006666,0.239788,-0.195461
0.005880,0.241034,-0.194391
0.009133,0.242440,-0.192800
0.009840,0.240311,-0.190441
0.012600,0.241288,-0.190252
0.012782,0.241390,-0.188620
0.012341,0.240755,-0.187778
0.015180,0.240708,-0.185950
0.016351,0.239995,-0.186629
0.019265,0.241223,-0.183875
0.019661,0.240175,-0.184262
0.022477,0.239183,-0.182185
0.022338,0.240156,-0.181109
0.024198,0.239951,-0.179979
0.025438,0.238937,-0.178408
0.028330,0.240289,-0.177893
0.029069,0.240181,-0.177349
0.028614,0.239934,-0.177133
0.031100,0.240177,-0.177722
0.033828,0.237984,-0.174004
0.033855,0.241039,-0.171780
0.036362,0.240191,-0.172077
0.036211,0.239482,-0.171821
0.035900,0.239220,-0.171401
0.039743,0.239035,-0.168565
0.042261,0.239042,-0.170686
0.044302,0.238699,-0.169055
0.043675,0.238254,-0.167506
0.044966,0.238726,-0.167063
0.047626,0.237962,-0.165164
0.047836,0.237856,-0.165229
0.050559,0.239894,-0.161919
0.051710,0.238492,-0.164915
0.051472,0.239729,-0.163710
0.054086,0.237360,-0.163059
0.055857,0.237562,-0.162709
0.059130,0.238640,-0.161664
0.059496,0.237333,-0.160688
0.059231,0.237917,-0.160224
0.061071,0.238705,-0.161396
0.061823,0.239232,-0.159620
0.063895,0.237352,-0.158398
0.066359,0.236993,-0.157905
0.066853,0.239605,-0.158423
0.067320,0.237567,-0.157512
0.067998,0.239746,-0.157199
0.071278,0.237429,-0.157602
0.072213,0.236404,-0.155464
0.074052,0.239080,-0.157710
0.074986,0.237175,-0.155249
0.075486,0.237932,-0.156894
0.078290,0.237193,-0.155622
0.080212,0.239093,-0.156185
0.082568,0.237601,-0.154675
0.081985,0.236965,-0.154908
0.084361,0.238134,-0.157160
0.085136,0.237580,-0.154965
0.087290,0.238435,-0.152976
0.087515,0.237662,-0.155364
0.088814,0.237968,-0.154864
0.092583,0.236677,-0.155444
0.089962,0.236796,-0.154559
0.092135,0.238310,-0.154524
0.094735,0.237410,-0.154293
0.096495,0.237589,-0.153502
0.098303,0.238108,-0.153238
0.099845,0.238165,-0.151960
0.099012,0.237554,-0.153366
0.100389,0.236706,-0.154192
0.102015,0.237682,-0.153151
0.104900,0.235854,-0.150709
0.105840,0.236335,-0.152542
0.108782,0.235527,-0.152846
0.110055,0.237698,-0.153737
0.110472,0.235390,-0.151829
0.111362,0.239485,-0.153015
0.114408,0.238526,-0.154376
0.112814,0.237564,-0.154112
0.116085,0.237046,-0.151713
0.118088,0.237730,-0.153444
0.119377,0.237971,-0.152904
0.119894,0.239408,-0.155098
0.120677,0.236701,-0.154754
0.122832,0.235364,-0.154421
0.124983,0.240422,-0.152708
0.123244,0.237079,-0.153939
0.126695,0.236897,-0.155162
0.129484,0.237934,-0.155461
0.129853,0.236978,-0.154390
0.130381,0.236641,-0.157217
0.131514,0.238338,-0.156163
0.133878,0.236525,-0.157434
0.136427,0.237777,-0.157538
0.136504,0.237654,-0.158465
0.138096,0.240466,-0.157088
0.141902,0.236855,-0.157788
0.140705,0.236760,-0.158046
0.143821,0.237728,-0.160141
0.144950,0.238784,-0.158884
0.146822,0.236791,-0.159466
0.148591,0.235874,-0.158043
0.147310,0.237567,-0.158829
0.149765,0.238393,-0.161249
0.151088,0.238160,-0.160524
0.149764,0.237979,-0.161387
0.152706,0.238280,-0.161181
0.156601,0.239222,-0.161830
0.158410,0.239062,-0.162408
0.155922,0.236665,-0.163909
0.157734,0.237556,-0.163758
0.160778,0.238045,-0.164447
0.162319,0.238928,-0.164494
0.164992,0.238679,-0.164294
0.166283,0.239045,-0.165330
0.167962,0.239776,-0.163582
0.167705,0.240192,-0.165332
0.168409,0.237988,-0.167068
0.171145,0.238068,-0.164535
0.172425,0.238892,-0.166079
0.173387,0.239590,-0.166386
0.175453,0.241131,-0.168569
0.176827,0.237703,-0.167270
0.178098,0.240285,-0.170170
0.177724,0.237981,-0.169607
0.181952,0.241107,-0.168900
0.182276,0.238509,-0.169898
0.185260,0.238103,-0.172278
0.185451,0.240550,-0.170220
0.185739,0.239627,-0.172092
0.187105,0.239195,-0.171052
0.189602,0.237968,-0.172240
0.189976,0.239584,-0.174228
0.193212,0.239273,-0.173237
0.193377,0.238740,-0.174200
0.194615,0.239639,-0.174286
0.195915,0.239492,-0.175583
0.196853,0.240441,-0.174487
0.200426,0.238410,-0.175920
0.200588,0.238146,-0.176890
0.203290,0.240176,-0.179120
0.203270,0.240190,-0.177961
0.204779,0.238655,-0.178692
0.206598,0.238524,-0.179552
0.207417,0.240072,-0.179743
0.210880,0.238916,-0.180719
0.211619,0.239410,-0.180153
0.211010,0.240168,-0.180352
0.214707,0.241152,-0.180038
0.214774,0.240270,-0.181399
0.215341,0.240818,-0.182093
0.216723,0.239247,-0.183370
0.218079,0.239782,-0.182527
0.221454,0.240193,-0.183196
0.221163,0.240206,-0.181871
0.223677,0.241126,-0.183471
0.225155,0.241841,-0.182360
0.227754,0.240745,-0.184148
0.227974,0.240882,-0.183594
0.227664,0.241963,-0.185150
0.233630,0.241060,-0.184597
0.235165,0.241037,-0.184166
0.234082,0.238972,-0.186302
0.234632,0.240805,-0.195002
0.238752,0.241608,-0.202407
0.241641,0.243295,-0.209583
0.242794,0.246373,-0.219935
0.244869,0.244637,-0.228114
0.246281,0.245268,-0.233663
0.247102,0.245202,-0.241448
0.252673,0.247155,-0.251207
0.251014,0.246739,-0.258261
0.252632,0.248115,-0.265171
0.254000,0.246659,-0.277177
0.257285,0.249045,-0.281319
-0.040337,0.247856,-0.250141
-0.039798,0.247567,-0.243727
-0.038211,0.246750,-0.241213
-0.035585,0.245503,-0.239201
-0.036175,0.248075,-0.235113
-0.032898,0.246279,-0.234486
-0.031605,0.245004,-0.232632
-0.026627,0.246276,-0.231667
-0.028711,0.245751,-0.227430
-0.026875,0.246521,-0.226236
-0.025027,0.246596,-0.225542
-0.023840,0.244861,-0.223584
-0.021366,0.244994,-0.221285
-0.020346,0.246480,-0.220092
-0.018010,0.245223,-0.216549
-0.018855,0.245791,-0.215754
-0.017010,0.244564,-0.216457
-0.014928,0.242835,-0.214020
-0.012669,0.244442,-0.214079
-0.010325,0.243733,-0.210968
-0.008977,0.245654,-0.208494
-0.008244,0.244101,-0.208392
-0.005607,0.242547,-0.207856
-0.006811,0.243467,-0.205119
-0.004549,0.244227,-0.204455
-0.001492,0.242370,-0.202870
-0.002796,0.244250,-0.199314
-0.000499,0.241454,-0.200992
-0.000120,0.241488,-0.199587
0.003563,0.243239,-0.198727
0.003535,0.243783,-0.195994
0.005738,0.244412,-0.195177
0.007860,0.242377,-0.196256
0.009993,0.241927,-0.194812
0.010663,0.242311,-0.192817
0.011194,0.244135,-0.190301
0.013621,0.242517,-0.190669
0.014701,0.242398,-0.188453
0.016073,0.243016,-0.188018
0.016571,0.242205,-0.186812
0.018165,0.242148,-0.185781
0.020136,0.241270,-0.183433
0.020009,0.240958,-0.182727
0.023062,0.241417,-0.183291
0.023503,0.241146,-0.184153
0.024782,0.242067,-0.182047
0.028931,0.241017,-0.180868
0.028380,0.241801,-0.176908
0.031318,0.240801,-0.176679
0.032282,0.241340,-0.177543
0.032580,0.240056,-0.175558
0.035642,0.240723,-0.175701
0.034287,0.240147,-0.174789
0.036660,0.240789,-0.173799
0.038680,0.241268,-0.172663
0.039280,0.241400,-0.171814
0.042238,0.240515,-0.169447
0.042453,0.238601,-0.169858
0.043666,0.241544,-0.169868
0.046811,0.239826,-0.169990
0.047603,0.240768,-0.168397
0.047314,0.239542,-0.168797
0.048895,0.238832,-0.167224
0.052915,0.239973,-0.166425
0.050299,0.239815,-0.166519
0.054172,0.239923,-0.165665
0.055396,0.238968,-0.164025
0.057845,0.239742,-0.163095
0.059686,0.241293,-0.162309
0.062248,0.241896,-0.164056
0.061569,0.238398,-0.159272
0.062774,0.238968,-0.161587
0.065150,0.238975,-0.160348
0.066966,0.242170,-0.161348
0.065386,0.240367,-0.160385
0.067882,0.239344,-0.159887
0.068166,0.238994,-0.157543
0.069655,0.240587,-0.159626
0.071836,0.241596,-0.159726
0.074532,0.240331,-0.156934
0.072640,0.240677,-0.157720
0.075145,0.238912,-0.158689
0.075837,0.239256,-0.157680
0.078826,0.238752,-0.158572
0.079202,0.239778,-0.156426
0.082536,0.238561,-0.155477
0.084127,0.240407,-0.155707
0.084317,0.241231,-0.157866
0.087295,0.238932,-0.158190
0.086960,0.240272,-0.157852
0.089896,0.239347,-0.156510
0.091078,0.238074,-0.155796
0.091962,0.239195,-0.157180
0.093911,0.239979,-0.153741
0.094435,0.238411,-0.155444
0.097426,0.240108,-0.154979
0.097980,0.239527,-0.154440
0.097519,0.238705,-0.155742
0.101626,0.239338,-0.154103
0.102058,0.241174,-0.151512
0.102432,0.237894,-0.154560
0.105486,0.240788,-0.154113
0.104716,0.238283,-0.155460
0.106043,0.239615,-0.155453
0.109745,0.239139,-0.152276
0.109803,0.239680,-0.153311
0.109852,0.239295,-0.153952
0.114099,0.240669,-0.156790
0.114013,0.238347,-0.154257
0.117020,0.239406,-0.152440
0.117446,0.239871,-0.152388
0.120051,0.237565,-0.155648
0.122090,0.238799,-0.156189
0.121027,0.239270,-0.156092
0.122827,0.238986,-0.154911
0.125532,0.238914,-0.155375
0.126229,0.241056,-0.157222
0.126055,0.238610,-0.155453
0.128555,0.240174,-0.157321
0.129302,0.239061,-0.158950
0.130492,0.238325,-0.158023
0.132347,0.239390,-0.157553
0.133459,0.239731,-0.157986
0.134435,0.239752,-0.158234
0.138088,0.239475,-0.159415
0.140194,0.239757,-0.158686
0.139736,0.239079,-0.159063
0.141678,0.240907,-0.160820
0.142438,0.239770,-0.158246
0.144532,0.238970,-0.161780
0.146158,0.239446,-0.160153
0.144401,0.238310,-0.161332
0.146790,0.239446,-0.159333
0.150790,0.240774,-0.160867
0.151800,0.239633,-0.161931
0.151809,0.238970,-0.162193
0.152406,0.240674,-0.162333
0.156965,0.240989,-0.161627
0.159203,0.239887,-0.163983
0.158927,0.238831,-0.165449
0.160204,0.241960,-0.165181
0.159742,0.241759,-0.165195
0.164578,0.241680,-0.164662
0.161975,0.241223,-0.165884
0.164153,0.240344,-0.167421
0.166046,0.240350,-0.165181
0.168380,0.239824,-0.166686
0.168906,0.241817,-0.166337
0.170778,0.240434,-0.165741
0.173427,0.240800,-0.168981
0.173368,0.241015,-0.168689
0.173465,0.239526,-0.169638
0.175260,0.241946,-0.171022
0.178572,0.240734,-0.168410
0.180301,0.242228,-0.170365
0.180346,0.241088,-0.169840
0.182118,0.242274,-0.171067
0.184786,0.240272,-0.172570
0.184820,0.239669,-0.173152
0.186948,0.240865,-0.173994
0.187669,0.241070,-0.172290
0.191139,0.240860,-0.173727
0.192442,0.239766,-0.173795
0.191827,0.240229,-0.174313
0.193533,0.242360,-0.174223
0.194942,0.242238,-0.175454
0.195826,0.242338,-0.174904
0.197929,0.241125,-0.176919
0.199485,0.242011,-0.176042
0.200256,0.239804,-0.176919
0.202416,0.240584,-0.177824
0.203167,0.240860,-0.180891
0.204770,0.239086,-0.178957
0.205264,0.242360,-0.181052
0.207164,0.240454,-0.180865
0.210024,0.241493,-0.181437
0.213603,0.240831,-0.181088
0.213297,0.242705,-0.181501
0.212975,0.239417,-0.181715
0.215380,0.241184,-0.182861
0.216504,0.241522,-0.182393
0.217907,0.241120,-0.183051
0.220676,0.242434,-0.183982
0.220633,0.241002,-0.183430
0.222659,0.243627,-0.182500
0.224511,0.241672,-0.184700
0.225090,0.240964,-0.184472
0.226875,0.243048,-0.183505
0.227580,0.243319,-0.184921
0.231761,0.241884,-0.183952
0.231106,0.243521,-0.185143
0.233215,0.242620,-0.184923
0.233612,0.242196,-0.183868
0.235769,0.242877,-0.194969
0.240147,0.244551,-0.201612
0.240662,0.243011,-0.210223
0.242144,0.246283,-0.215861
0.244802,0.247485,-0.226203
0.244443,0.245779,-0.233081
0.245957,0.249173,-0.241714
0.248304,0.248788,-0.250021
0.250731,0.250070,-0.257096
0.254126,0.249664,-0.266486
0.255653,0.249694,-0.273363
0.258052,0.251544,-0.279924
-0.040824,0.249996,-0.252026
-0.038413,0.247502,-0.245955
-0.038475,0.248774,-0.243657
-0.034590,0.249835,-0.239218
-0.033012,0.250192,-0.237702
-0.032756,0.248321,-0.235329
-0.030465,0.249436,-0.233047
-0.029141,0.247907,-0.229944
-0.028717,0.248325,-0.227164
-0.026097,0.247956,-0.225421
-0.022902,0.246339,-0.224685
-0.022599,0.245887,-0.223234
-0.023473,0.245394,-0.223322
-0.018694,0.245292,-0.220456
-0.018722,0.247294,-0.219096
-0.017293,0.244565,-0.220769
-0.016545,0.246330,-0.217291
-0.013553,0.244887,-0.215980
-0.013577,0.245728,-0.215029
-0.012168,0.245135,-0.210748
-0.009839,0.247087,-0.208837
-0.007420,0.246133,-0.208889
-0.005512,0.244607,-0.209723
-0.004003,0.243963,-0.208069
-0.005081,0.245646,-0.206198
-0.003029,0.246651,-0.203809
-0.001041,0.244664,-0.204031
-0.000690,0.244544,-0.204134
0.002267,0.244672,-0.202475
0.001512,0.244736,-0.201021
0.003076,0.244494,-0.198093
0.004799,0.246542,-0.196605
0.007372,0.243186,-0.195123
0.007647,0.242802,-0.197129
0.010666,0.243006,-0.195105
0.011373,0.244198,-0.192241
0.012610,0.243863,-0.193474
0.014981,0.244207,-0.190670
0.016239,0.243548,-0.189450
0.016827,0.245542,-0.188433
0.019102,0.243932,-0.188300
0.021927,0.245227,-0.185062
0.021239,0.243430,-0.185846
0.022345,0.243484,-0.186268
0.023466,0.242454,-0.182427
0.027115,0.242512,-0.183984
0.027397,0.243545,-0.184210
0.029922,0.242823,-0.181924
0.029957,0.243414,-0.179119
0.031813,0.244769,-0.180850
0.031020,0.243348,-0.178059
0.032903,0.241392,-0.175425
0.037867,0.242707,-0.177275
0.038214,0.241490,-0.175558
0.038726,0.245507,-0.175064
0.039178,0.242568,-0.172544
0.040838,0.242992,-0.172524
0.042476,0.241042,-0.171287
0.044518,0.245044,-0.170734
0.046836,0.242829,-0.170260
0.045936,0.243579,-0.171510
0.048254,0.243509,-0.168643
0.050349,0.243029,-0.169547
0.050951,0.242327,-0.167512
0.053008,0.241742,-0.165319
0.054020,0.240967,-0.166635
0.056519,0.240380,-0.164463
0.057227,0.241942,-0.166237
0.057926,0.241203,-0.163904
0.060265,0.243087,-0.164216
0.061913,0.240817,-0.163766
0.062462,0.239881,-0.163677
0.063891,0.240445,-0.160726
0.066602,0.241491,-0.162264
0.068176,0.239954,-0.160832
0.067455,0.241891,-0.160480
0.068243,0.243768,-0.159189
0.069695,0.241771,-0.161365
0.074338,0.239927,-0.158780
0.073391,0.240839,-0.159356
0.074384,0.240771,-0.159966
0.077116,0.242300,-0.158725
0.077746,0.241939,-0.158120
0.078382,0.242395,-0.158346
0.080397,0.240172,-0.157161
0.081604,0.243166,-0.157996
0.083008,0.242309,-0.158336
0.083826,0.242299,-0.156847
0.087235,0.240747,-0.157892
0.088715,0.242163,-0.154729
0.090027,0.238904,-0.155389
0.089786,0.240934,-0.156657
0.091059,0.240582,-0.156581
0.094109,0.241325,-0.155595
0.095622,0.240858,-0.155370
0.096684,0.239747,-0.156551
0.098196,0.240613,-0.156866
0.097914,0.240506,-0.154800
0.101719,0.241734,-0.156457
0.100305,0.240984,-0.156933
0.101585,0.241653,-0.154936
0.104417,0.240233,-0.154884
0.106322,0.240167,-0.153892
0.107744,0.241137,-0.154813
0.107667,0.241347,-0.155699
0.110285,0.240529,-0.155457
0.112573,0.241060,-0.153785
0.112913,0.239487,-0.155104
0.113033,0.241398,-0.154608
0.116354,0.239721,-0.156873
0.119234,0.240936,-0.156937
0.118689,0.240870,-0.155619
0.120257,0.241398,-0.155794
0.122135,0.240833,-0.155986
0.122716,0.241222,-0.156539
0.123304,0.241166,-0.156579
0.126549,0.240708,-0.156910
0.127500,0.242407,-0.156283
0.127763,0.240291,-0.158108
0.129500,0.242025,-0.158255
0.132456,0.243487,-0.158914
0.132009,0.241891,-0.158727
0.133780,0.241130,-0.158425
0.135331,0.239772,-0.157888
0.138408,0.240011,-0.159269
0.138573,0.242712,-0.158527
0.141107,0.240680,-0.159920
0.142547,0.242104,-0.160974
0.140611,0.241150,-0.162329
0.145321,0.242083,-0.162065
0.145244,0.241616,-0.163225
0.147975,0.242152,-0.161796
0.148859,0.240917,-0.160646
0.150875,0.240618,-0.161968
0.150845,0.239851,-0.161505
0.152979,0.243011,-0.164208
0.153700,0.240883,-0.162967
0.156252,0.242267,-0.163016
0.157038,0.243143,-0.164790
0.157035,0.241987,-0.164464
0.157936,0.240662,-0.164736
0.160737,0.241360,-0.166221
0.162412,0.242729,-0.167158
0.162216,0.241676,-0.166083
0.164720,0.242008,-0.164437
0.167572,0.241580,-0.168155
0.168908,0.240848,-0.168295
0.169431,0.242406,-0.168339
0.170938,0.240136,-0.168630
0.172882,0.241976,-0.168901
0.173886,0.239761,-0.169468
0.175867,0.242700,-0.170731
0.177932,0.241936,-0.170450
0.178743,0.241683,-0.170107
0.179043,0.242656,-0.170840
0.180363,0.242690,-0.172695
0.183049,0.243095,-0.170111
0.182869,0.241861,-0.171345
0.186118,0.241900,-0.171883
0.185241,0.242113,-0.172080
0.187230,0.241334,-0.174528
0.189638,0.241818,-0.173992
0.189706,0.241713,-0.175218
0.192989,0.242904,-0.174635
0.193357,0.242195,-0.177780
0.194150,0.242326,-0.176431
0.196780,0.242572,-0.176442
0.198868,0.244442,-0.178383
0.201080,0.243508,-0.179317
0.202509,0.242552,-0.178452
0.200913,0.243940,-0.178321
0.204908,0.243488,-0.180254
0.204762,0.244696,-0.182442
0.206083,0.242164,-0.181075
0.208263,0.244825,-0.181564
0.211702,0.243742,-0.181631
0.209097,0.244335,-0.184183
0.213144,0.243019,-0.182068
0.213996,0.243453,-0.181982
0.214936,0.243957,-0.180657
0.216573,0.242734,-0.183332
0.216660,0.242505,-0.182888
0.217435,0.243410,-0.184684
0.222745,0.243617,-0.183435
0.224253,0.242526,-0.184798
0.224509,0.242702,-0.185142
0.224403,0.244215,-0.185894
0.229992,0.242304,-0.186800
0.227878,0.242764,-0.186113
0.230710,0.244588,-0.188301
0.231572,0.243205,-0.188455
0.232371,0.244846,-0.187018
0.233267,0.242642,-0.186660
0.235092,0.244882,-0.193639
0.238040,0.245596,-0.199237
0.238991,0.244279,-0.209098
0.241227,0.246503,-0.214038
0.242440,0.247305,-0.223241
0.245624,0.247579,-0.233191
0.247719,0.249361,-0.240314
0.248332,0.249965,-0.247072
0.251886,0.249703,-0.256708
0.252472,0.249430,-0.262848
0.253252,0.249624,-0.272582
0.255194,0.250929,-0.279361
-0.040001,0.251126,-0.247340
-0.038117,0.250735,-0.244405
-0.036305,0.249774,-0.242958
-0.036446,0.250189,-0.241209
-0.033602,0.250283,-0.239655
-0.031748,0.248776,-0.237690
-0.030206,0.249962,-0.233261
-0.029290,0.249579,-0.232096
-0.028491,0.248804,-0.230873
-0.026512,0.248359,-0.229322
-0.026044,0.248604,-0.225031
-0.022091,0.249626,-0.225780
-0.021283,0.249407,-0.223079
-0.020790,0.248074,-0.221798
-0.019201,0.247735,-0.220263
-0.015282,0.249661,-0.220306
-0.014892,0.247213,-0.218409
-0.014077,0.248001,-0.215966
-0.012371,0.246380,-0.214542
-0.010269,0.247675,-0.215012
-0.011345,0.247815,-0.211782
-0.007380,0.246652,-0.209758
-0.007955,0.247955,-0.207815
-0.006650,0.246893,-0.208256
-0.004459,0.246062,-0.206754
-0.001686,0.246736,-0.206635
-0.001417,0.248757,-0.206419
-0.001300,0.247372,-0.204538
0.000295,0.247153,-0.200282
0.001702,0.245510,-0.200953
0.004591,0.245320,-0.201510
0.005747,0.245657,-0.198820
0.005120,0.245511,-0.198160
0.006374,0.245348,-0.196221
0.009701,0.245171,-0.195449
0.010740,0.246565,-0.195123
0.010369,0.247679,-0.193738
0.014556,0.245237,-0.193323
0.015763,0.245393,-0.190599
0.016980,0.246026,-0.190373
0.017973,0.245051,-0.188221
0.020097,0.247011,-0.188607
0.022157,0.246098,-0.186985
0.024258,0.244419,-0.185339
0.024724,0.243164,-0.185454
0.026207,0.244663,-0.183773
0.027259,0.245606,-0.183476
0.028887,0.245063,-0.182451
0.030086,0.244299,-0.182291
0.032234,0.245471,-0.180696
0.032975,0.244624,-0.179120
0.032094,0.243837,-0.177611
0.033882,0.244965,-0.178619
0.037551,0.244927,-0.175863
0.039658,0.242928,-0.174906
0.038595,0.244798,-0.176058
0.041048,0.242624,-0.173601
0.042125,0.242324,-0.173360
0.043036,0.245646,-0.171652
0.046965,0.242978,-0.172511
0.045763,0.245715,-0.171834
0.048897,0.244784,-0.171395
0.048373,0.243235,-0.171117
0.051547,0.243448,-0.169153
0.052698,0.245069,-0.169067
0.053154,0.243551,-0.167339
0.057513,0.242266,-0.165317
0.055907,0.243084,-0.164219
0.058108,0.244075,-0.165363
0.060968,0.242309,-0.166438
0.061606,0.244800,-0.163820
0.063637,0.242878,-0.164069
0.063183,0.244448,-0.162133
0.066846,0.242963,-0.162442
0.065999,0.243217,-0.161560
0.066023,0.244049,-0.161778
0.070557,0.242286,-0.162078
0.071458,0.242832,-0.161181
0.072281,0.243495,-0.161538
0.074714,0.243964,-0.159310
0.075105,0.244944,-0.158304
0.077108,0.241655,-0.158368
0.079143,0.241358,-0.159986
0.080322,0.243073,-0.158921
0.080982,0.241682,-0.159536
0.082465,0.242767,-0.157876
0.083464,0.244075,-0.159874
0.084044,0.243619,-0.158376
0.086243,0.242497,-0.158312
0.088312,0.242426,-0.159953
0.089079,0.243388,-0.158126
0.089722,0.243265,-0.158381
0.092432,0.242426,-0.158339
0.093746,0.243266,-0.157948
0.094497,0.244085,-0.158994
0.096521,0.243389,-0.158678
0.098465,0.243750,-0.155634
0.099706,0.242116,-0.155597
0.100055,0.243013,-0.156669
0.102215,0.241489,-0.158377
0.101432,0.242905,-0.153449
0.102713,0.242839,-0.154918
0.104431,0.243418,-0.156429
0.105711,0.241984,-0.155657
0.109376,0.242930,-0.154021
0.109295,0.242097,-0.155894
0.112101,0.241521,-0.155502
0.113723,0.243879,-0.154084
0.115233,0.242664,-0.157908
0.115836,0.243811,-0.155485
0.117249,0.241316,-0.155471
0.117889,0.242515,-0.157457
0.118894,0.242723,-0.155979
0.121159,0.241181,-0.157350
0.124668,0.240672,-0.157830
0.124396,0.244506,-0.155859
0.127137,0.242150,-0.157477
0.126738,0.242160,-0.155966
0.129925,0.243267,-0.157730
0.129788,0.242782,-0.158150
0.131421,0.242197,-0.158800
0.131279,0.241225,-0.159843
0.134566,0.242883,-0.159510
0.135370,0.243781,-0.160105
0.138578,0.240953,-0.160561
0.139137,0.243886,-0.159265
0.140916,0.243117,-0.160749
0.142751,0.241764,-0.160455
0.143192,0.242514,-0.162411
0.144953,0.242617,-0.160435
0.146012,0.243264,-0.161637
0.146592,0.242102,-0.161053
0.148670,0.243301,-0.162127
0.149900,0.242938,-0.165366
0.152597,0.241532,-0.162924
0.153456,0.243005,-0.165039
0.155363,0.244311,-0.163471
0.155589,0.242018,-0.165501
0.157671,0.243088,-0.166199
0.159002,0.244906,-0.165993
0.159850,0.243439,-0.165698
0.160712,0.243793,-0.168704
0.161083,0.244074,-0.166971
0.163821,0.244839,-0.166408
0.166889,0.245197,-0.169893
0.165966,0.242532,-0.169127
0.168294,0.244094,-0.169432
0.168661,0.243984,-0.170626
0.171117,0.243347,-0.171375
0.170032,0.243611,-0.169701
0.174865,0.242722,-0.171069
0.174180,0.241377,-0.169532
0.176007,0.243150,-0.171701
0.179104,0.244868,-0.173252
0.181006,0.244462,-0.171559
0.180847,0.244342,-0.173023
0.184551,0.245482,-0.172261
0.183157,0.245320,-0.173644
0.184696,0.242257,-0.176345
0.185601,0.244050,-0.174020
0.189058,0.244213,-0.175603
0.190403,0.243198,-0.176188
0.190062,0.244860,-0.177060
0.193134,0.245866,-0.175988
0.193767,0.244276,-0.175585
0.194932,0.245710,-0.177461
0.197114,0.243959,-0.178925
0.198621,0.244538,-0.178937
0.200801,0.245517,-0.180717
0.201633,0.243944,-0.179989
0.202829,0.245461,-0.180345
0.205341,0.243486,-0.179937
0.205648,0.245021,-0.181951
0.205692,0.243583,-0.184100
0.208374,0.245433,-0.182085
0.210800,0.244417,-0.183439
0.211097,0.245486,-0.183694
0.214345,0.245832,-0.183498
0.214187,0.246045,-0.183825
0.216016,0.244297,-0.183234
0.217116,0.245198,-0.183463
0.219825,0.244111,-0.184954
0.221167,0.245275,-0.185340
0.220459,0.244414,-0.185327
0.222843,0.246499,-0.186864
0.223559,0.244596,-0.184368
0.226274,0.246182,-0.188006
0.228326,0.246612,-0.186412
0.227612,0.245729,-0.187802
0.229711,0.247233,-0.188270
0.231533,0.243885,-0.186422
0.233212,0.244836,-0.186445
0.233271,0.245586,-0.187159
0.236582,0.245961,-0.194104
0.237088,0.247305,-0.200731
0.239562,0.246963,-0.205778
0.243401,0.247227,-0.213589
0.243750,0.247869,-0.224051
0.245197,0.247904,-0.232830
0.249150,0.250631,-0.238336
0.250233,0.249215,-0.247678
0.250385,0.252053,-0.256748
0.251682,0.251911,-0.264030
0.254791,0.252737,-0.271628
0.258276,0.253732,-0.278186
-0.042064,0.251809,-0.245896
-0.038754,0.251875,-0.246503
-0.036665,0.253449,-0.243304
-0.034513,0.252803,-0.242960
-0.034099,0.251026,-0.237229
-0.033259,0.250735,-0.237795
-0.031885,0.251092,-0.236588
-0.029735,0.251219,-0.231625
-0.028319,0.249820,-0.230664
-0.026941,0.251183,-0.227368
-0.025329,0.251965,-0.227636
-0.023190,0.251564,-0.227895
-0.022081,0.249282,-0.224111
-0.019156,0.249186,-0.224493
-0.018303,0.249237,-0.222852
-0.016379,0.250567,-0.221302
-0.017913,0.249512,-0.219769
-0.014335,0.250222,-0.217570
-0.014669,0.247425,-0.217606
-0.011023,0.252388,-0.215042
-0.007351,0.247127,-0.213837
-0.007447,0.247837,-0.214609
-0.006520,0.249083,-0.211906
-0.005369,0.248982,-0.209596
-0.005316,0.248765,-0.211204
-0.003170,0.248098,-0.206995
-0.000965,0.249044,-0.207561
-0.000182,0.249318,-0.205261
0.002617,0.249269,-0.202710
0.001065,0.249090,-0.202395
0.006127,0.246633,-0.199993
0.007029,0.247322,-0.201154
0.007066,0.248013,-0.200635
0.008279,0.249539,-0.198101
0.011324,0.248614,-0.197963
0.010519,0.248095,-0.196290
0.012765,0.248940,-0.196048
0.015044,0.247518,-0.193204
0.015615,0.247412,-0.195752
0.016920,0.249561,-0.193027
0.018791,0.246063,-0.190556
0.018786,0.248696,-0.188270
0.020980,0.246659,-0.188358
0.022312,0.247216,-0.187951
0.022815,0.248451,-0.187818
0.023974,0.245622,-0.186282
0.026787,0.247248,-0.183632
0.029590,0.244118,-0.182467
0.030549,0.246804,-0.181889
0.031740,0.245983,-0.183202
0.034428,0.245463,-0.182211
0.035033,0.245408,-0.178867
0.034458,0.247926,-0.178322
0.036393,0.247414,-0.177678
0.038910,0.247686,-0.177359
0.040449,0.245934,-0.176088
0.038966,0.244039,-0.177352
0.043150,0.246067,-0.175966
0.043297,0.247408,-0.173342
0.046199,0.244788,-0.174332
0.047821,0.245207,-0.173889
0.047560,0.246075,-0.170730
0.049849,0.246289,-0.170978
0.051066,0.243206,-0.171296
0.052675,0.244140,-0.168307
0.052841,0.243994,-0.168074
0.055245,0.244801,-0.167292
0.057303,0.245220,-0.166583
0.057334,0.245550,-0.167596
0.059440,0.245157,-0.167869
0.061853,0.245061,-0.165678
0.060830,0.246288,-0.162977
0.063372,0.246018,-0.164279
0.066347,0.246222,-0.163202
0.065517,0.244052,-0.162262
0.067113,0.244813,-0.162141
0.070366,0.244768,-0.162733
0.069375,0.244712,-0.162992
0.072776,0.244698,-0.162427
0.074981,0.246351,-0.160758
0.075912,0.245715,-0.160795
0.075504,0.243925,-0.161101
0.078257,0.243344,-0.160409
0.081161,0.243245,-0.161017
0.082663,0.245126,-0.159656
0.082498,0.243187,-0.161327
0.084619,0.243028,-0.158019
0.085456,0.245465,-0.159571
0.086762,0.243382,-0.160181
0.088305,0.243994,-0.159946
0.090216,0.243313,-0.162089
0.091094,0.243097,-0.157152
0.090893,0.244622,-0.158540
0.094292,0.245309,-0.159211
0.094968,0.244859,-0.157896
0.096428,0.244886,-0.158213
0.099092,0.244962,-0.156628
0.098869,0.243448,-0.158261
0.101093,0.244390,-0.155688
0.101880,0.244383,-0.157468
0.103354,0.244875,-0.157088
0.103168,0.244209,-0.156469
0.105822,0.244107,-0.157325
0.107712,0.245680,-0.158254
0.107234,0.242837,-0.156510
0.109852,0.244497,-0.156756
0.112091,0.244433,-0.156791
0.113253,0.243208,-0.158066
0.114413,0.244808,-0.159683
0.115127,0.244568,-0.157924
0.116953,0.244873,-0.157558
0.117815,0.245436,-0.158026
0.121000,0.244973,-0.157393
0.120663,0.244046,-0.158307
0.121798,0.245860,-0.160130
0.123284,0.244494,-0.159278
0.124550,0.244565,-0.156459
0.126687,0.243782,-0.160722
0.126884,0.244985,-0.160648
0.130699,0.245373,-0.159919
0.130658,0.244785,-0.158234
0.132524,0.243771,-0.159304
0.133703,0.245465,-0.161412
0.134737,0.243966,-0.160312
0.138040,0.245122,-0.162148
0.138845,0.242565,-0.161560
0.141353,0.244748,-0.160395
0.141457,0.244325,-0.162334
0.143684,0.244223,-0.160792
0.145729,0.243338,-0.162381
0.144893,0.246522,-0.164801
0.147625,0.244076,-0.164174
0.147644,0.243890,-0.163473
0.151078,0.244204,-0.163908
0.150721,0.247081,-0.163796
0.154338,0.245574,-0.165855
0.152009,0.245809,-0.166034
0.155189,0.245312,-0.166830
0.157595,0.243344,-0.168504
0.157605,0.246658,-0.168391
0.157331,0.243930,-0.166816
0.159623,0.246586,-0.169887
0.162826,0.245374,-0.168987
0.166169,0.244804,-0.168559
0.166606,0.245630,-0.168968
0.165283,0.245740,-0.168689
0.167810,0.243363,-0.169500
0.170500,0.246740,-0.170812
0.170801,0.247135,-0.169540
0.173203,0.244522,-0.171275
0.173872,0.246468,-0.172770
0.174373,0.244730,-0.171725
0.177107,0.247363,-0.172593
0.179520,0.245977,-0.174394
0.180271,0.247057,-0.172668
0.180642,0.247145,-0.174598
0.182984,0.246548,-0.174372
0.182830,0.245241,-0.175448
0.184771,0.245554,-0.175734
0.186717,0.244570,-0.176106
0.187590,0.245854,-0.175977
0.190133,0.247434,-0.177454
0.190829,0.246966,-0.175527
0.192452,0.245591,-0.177945
0.193244,0.245485,-0.177144
0.194129,0.244180,-0.177944
0.196204,0.248937,-0.180611
0.197149,0.247248,-0.178053
0.199516,0.247137,-0.178829
0.200552,0.246071,-0.179375
0.202282,0.248094,-0.182906
0.205026,0.246052,-0.181059
0.205071,0.246090,-0.181953
0.207850,0.245643,-0.182998
0.206806,0.247748,-0.181757
0.210672,0.246450,-0.183448
0.212119,0.246820,-0.186512
0.211468,0.248381,-0.185182
0.214605,0.247650,-0.187684
0.215366,0.246078,-0.184189
0.216420,0.247975,-0.186355
0.218424,0.248406,-0.186850
0.219474,0.246209,-0.184383
0.220994,0.246839,-0.187879
0.221506,0.246993,-0.186575
0.222519,0.247441,-0.188285
0.225517,0.248305,-0.188352
0.226573,0.247711,-0.188521
0.227904,0.247814,-0.187627
0.229417,0.249073,-0.187620
0.231160,0.244756,-0.188108
0.233600,0.247837,-0.188056
0.234647,0.245892,-0.187932
0.234987,0.248657,-0.190483
0.236717,0.248670,-0.198106
0.238705,0.247595,-0.206823
0.241720,0.249213,-0.214775
0.242026,0.250284,-0.221481
0.245229,0.250757,-0.230116
0.248445,0.250463,-0.235374
0.249907,0.253988,-0.245109
0.251202,0.251967,-0.255518
0.253121,0.253282,-0.261212
0.256249,0.255620,-0.270080
0.257723,0.254661,-0.278835
0.259555,0.256967,-0.286234
-0.040619,0.252950,-0.247387
-0.040038,0.253657,-0.245241
-0.036872,0.254680,-0.242937
-0.035923,0.254464,-0.241274
-0.034434,0.253892,-0.239588
-0.032339,0.252841,-0.238331
-0.033175,0.251141,-0.236747
-0.029979,0.253041,-0.231668
-0.027758,0.253751,-0.230233
-0.025357,0.250852,-0.230806
-0.024111,0.251474,-0.227768
-0.022778,0.252666,-0.227538
-0.021981,0.253636,-0.226983
-0.020852,0.253535,-0.225175
-0.019607,0.250713,-0.223012
-0.016898,0.252127,-0.221510
-0.016668,0.250276,-0.217841
-0.014346,0.250306,-0.220289
-0.013892,0.252871,-0.217716
-0.011476,0.253200,-0.215128
-0.009614,0.250629,-0.214779
-0.009367,0.250965,-0.214250
-0.007892,0.250108,-0.213597
-0.006581,0.251134,-0.212800
-0.005947,0.252207,-0.210011
-0.004201,0.249366,-0.208078
-0.000677,0.251657,-0.207527
-0.001727,0.250168,-0.205339
0.001160,0.249799,-0.204648
0.003693,0.251531,-0.204099
0.005586,0.250607,-0.203934
0.005463,0.249361,-0.202680
0.007961,0.249952,-0.200294
0.008329,0.250203,-0.197455
0.010457,0.249914,-0.200640
0.013025,0.248488,-0.197270
0.010930,0.248748,-0.196385
0.013129,0.251229,-0.194225
0.014454,0.249677,-0.194175
0.017479,0.249453,-0.194316
0.018000,0.249515,-0.193205
0.021466,0.248695,-0.193881
0.020521,0.249443,-0.191218
0.023028,0.248681,-0.190207
0.025923,0.248534,-0.188760
0.025112,0.248916,-0.187203
0.027799,0.248292,-0.185537
0.030788,0.250141,-0.185362
0.030385,0.249770,-0.182801
0.030358,0.248519,-0.182984
0.033199,0.248089,-0.180904
0.033205,0.249376,-0.182017
0.037425,0.249428,-0.181475
0.037568,0.247831,-0.178430
0.037875,0.246629,-0.178763
0.040346,0.248001,-0.178793
0.042345,0.249176,-0.175762
0.041698,0.249178,-0.174997
0.042489,0.247592,-0.176179
0.046433,0.247641,-0.176020
0.046347,0.248333,-0.173599
0.049496,0.247228,-0.171958
0.050993,0.246534,-0.172836
0.052040,0.246402,-0.170466
0.053409,0.247784,-0.170976
0.053886,0.246856,-0.171080
0.055964,0.247789,-0.170092
0.056286,0.247014,-0.168913
0.059176,0.247961,-0.169717
0.060326,0.248054,-0.167520
0.060421,0.245985,-0.166474
0.064422,0.246687,-0.166190
0.064190,0.246685,-0.165926
0.065196,0.246358,-0.165835
0.066310,0.247379,-0.166741
0.069177,0.246746,-0.164562
0.070348,0.245412,-0.163587
0.071411,0.245959,-0.162094
0.072228,0.247635,-0.162631
0.071931,0.246166,-0.163663
0.076100,0.246662,-0.162012
0.075756,0.246764,-0.162332
0.078638,0.246374,-0.162187
0.078624,0.244144,-0.161902
0.080760,0.246676,-0.160740
0.082969,0.245966,-0.160375
0.084171,0.245857,-0.161931
0.085163,0.247032,-0.161619
0.085650,0.245739,-0.159876
0.086343,0.247393,-0.160129
0.087461,0.247263,-0.160381
0.091019,0.246097,-0.159774
0.089918,0.247742,-0.158753
0.093009,0.246047,-0.158825
0.095300,0.247020,-0.159159
0.096133,0.244759,-0.160696
0.096171,0.246999,-0.157710
0.097980,0.247218,-0.158714
0.099357,0.247895,-0.157296
0.102613,0.246180,-0.155792
0.103630,0.247357,-0.157195
0.105281,0.247660,-0.158275
0.104858,0.244889,-0.157327
0.107729,0.246351,-0.159342
0.110168,0.247226,-0.159269
0.109191,0.245594,-0.157639
0.111679,0.247276,-0.155344
0.112421,0.246007,-0.157680
0.114010,0.245241,-0.160003
0.117488,0.244759,-0.159416
0.119281,0.246063,-0.157992
0.120192,0.245131,-0.159279
0.120657,0.245757,-0.157365
0.122440,0.245239,-0.159279
0.123390,0.245396,-0.159326
0.123332,0.246656,-0.160582
0.126551,0.247805,-0.159499
0.126349,0.246649,-0.159120
0.128954,0.246576,-0.160816
0.129818,0.245978,-0.161134
0.130460,0.246356,-0.161773
0.132082,0.245963,-0.160564
0.134171,0.246377,-0.160909
0.136164,0.245529,-0.160686
0.135775,0.246530,-0.163636
0.138539,0.246486,-0.162635
0.139701,0.246031,-0.165110
0.142151,0.246444,-0.163445
0.144750,0.246150,-0.162990
0.144102,0.246937,-0.165301
0.144621,0.245265,-0.164222
0.146406,0.246741,-0.163829
0.150379,0.246184,-0.162989
0.150063,0.245050,-0.165206
0.150766,0.245930,-0.163553
0.151477,0.244133,-0.163996
0.153512,0.247583,-0.166750
0.155966,0.246137,-0.167933
0.157965,0.250347,-0.167635
0.158677,0.246284,-0.168500
0.158860,0.245991,-0.166513
0.159299,0.246332,-0.168776
0.161382,0.247069,-0.168933
0.165448,0.245835,-0.169553
0.165574,0.246876,-0.170584
0.166879,0.246253,-0.168500
0.168132,0.247119,-0.169632
0.169147,0.247304,-0.171181
0.171074,0.249064,-0.170885
0.170969,0.246815,-0.173255
0.173760,0.246538,-0.172129
0.174752,0.247385,-0.172523
0.177475,0.249388,-0.174338
0.177732,0.246430,-0.173081
0.179177,0.246144,-0.175788
0.181670,0.247814,-0.174376
0.184398,0.248193,-0.175598
0.184143,0.247772,-0.175356
0.184462,0.247557,-0.177546
0.187326,0.246495,-0.175653
0.189329,0.248434,-0.178297
0.189474,0.248258,-0.175145
0.190320,0.247458,-0.179585
0.191517,0.247274,-0.178768
0.194234,0.247230,-0.178211
0.195927,0.249524,-0.178607
0.197202,0.248661,-0.181340
0.199216,0.247374,-0.180775
0.201209,0.247521,-0.181773
0.202915,0.248202,-0.183071
0.204802,0.248726,-0.183838
0.205645,0.248060,-0.184660
0.205183,0.249062,-0.184800
0.208230,0.249537,-0.184551
0.207470,0.249757,-0.185300
0.210993,0.248853,-0.185494
0.211301,0.248919,-0.185355
0.213152,0.248785,-0.186979
0.213162,0.248271,-0.185970
0.214127,0.248605,-0.186655
0.217201,0.248183,-0.187397
0.219249,0.248303,-0.187600
0.218953,0.246967,-0.187710
0.221475,0.248867,-0.187499
0.222985,0.247318,-0.187774
0.222888,0.247639,-0.188613
0.224616,0.247216,-0.188315
0.227215,0.249040,-0.189348
0.228569,0.249165,-0.188287
0.229180,0.248052,-0.189056
0.231906,0.249064,-0.189543
0.233779,0.248426,-0.189586
0.234911,0.247820,-0.188697
0.234512,0.249879,-0.187656
0.236211,0.249785,-0.197087
0.239883,0.248770,-0.204016
0.240160,0.250902,-0.213357
0.241678,0.250586,-0.221354
0.246085,0.252139,-0.227332
0.247933,0.252606,-0.237822
0.248116,0.255180,-0.245219
0.251679,0.253400,-0.253366
0.251471,0.256241,-0.260742
0.254004,0.258044,-0.268273
0.256223,0.258783,-0.275873
0.259446,0.258102,-0.283318
-0.040402,0.256801,-0.247110
-0.038939,0.255666,-0.245471
-0.035873,0.257019,-0.244156
-0.035275,0.255689,-0.241823
-0.033028,0.253637,-0.238611
-0.033348,0.254540,-0.237730
-0.030291,0.255018,-0.236607
-0.027358,0.253482,-0.236465
-0.027022,0.254671,-0.232924
-0.027420,0.253790,-0.232085
-0.025168,0.253531,-0.230122
-0.021869,0.256052,-0.225817
-0.021406,0.254439,-0.226882
-0.021148,0.253837,-0.226686
-0.018919,0.254475,-0.223978
-0.016606,0.254087,-0.223713
-0.017154,0.254297,-0.220945
-0.014651,0.253440,-0.220178
-0.014323,0.254203,-0.218056
-0.010669,0.253250,-0.218223
-0.011532,0.253791,-0.215437
-0.008085,0.252516,-0.217854
-0.006305,0.252445,-0.213497
-0.003399,0.252096,-0.211717
-0.005180,0.252697,-0.211769
-0.002957,0.253437,-0.211393
-0.003679,0.253651,-0.210611
0.000117,0.251397,-0.209241
0.001699,0.253775,-0.205523
0.003229,0.252657,-0.204440
0.005153,0.252471,-0.202366
0.002353,0.251875,-0.202972
0.007837,0.253822,-0.203341
0.009694,0.251115,-0.201989
0.012331,0.249941,-0.201909
0.012111,0.252146,-0.200093
0.012740,0.250852,-0.197941
0.015385,0.254189,-0.196195
0.015825,0.249409,-0.197021
0.017703,0.250989,-0.195281
0.017292,0.251883,-0.192605
0.020143,0.250942,-0.194294
0.021060,0.250281,-0.192702
0.021756,0.250771,-0.191030
0.025618,0.250948,-0.190374
0.024549,0.252551,-0.191123
0.029431,0.251589,-0.187595
0.028427,0.250156,-0.186584
0.030231,0.250139,-0.186736
0.030973,0.251490,-0.184554
0.031969,0.250681,-0.184198
0.033296,0.248867,-0.183001
0.035529,0.250934,-0.179933
0.036148,0.250133,-0.179631
0.038613,0.249595,-0.180277
0.040483,0.249240,-0.178492
0.039846,0.249628,-0.180013
0.043966,0.249194,-0.176114
0.043087,0.250084,-0.175952
0.046752,0.248044,-0.175181
0.045369,0.248628,-0.175028
0.049555,0.249434,-0.175039
0.049469,0.248984,-0.172864
0.049516,0.249026,-0.171929
0.052032,0.249409,-0.172827
0.054638,0.250217,-0.171656
0.054446,0.247951,-0.171997
0.058117,0.250154,-0.168300
0.057717,0.249799,-0.167553
0.058150,0.249334,-0.168566
0.061545,0.247289,-0.167499
0.062854,0.247844,-0.167542
0.064188,0.248893,-0.166509
0.063743,0.249508,-0.166910
0.067471,0.249205,-0.166243
0.068290,0.248400,-0.165925
0.068973,0.246538,-0.164848
0.071712,0.251617,-0.164719
0.074260,0.249039,-0.165288
0.073672,0.246353,-0.165147
0.075102,0.248075,-0.163089
0.075577,0.248496,-0.162440
0.078173,0.247532,-0.163442
0.078568,0.249306,-0.161811
0.079416,0.249837,-0.162519
0.083776,0.248499,-0.161791
0.082984,0.248308,-0.161554
0.084543,0.248262,-0.163236
0.085722,0.249099,-0.162003
0.088150,0.245324,-0.161647
0.089279,0.247981,-0.160128
0.089672,0.248224,-0.158136
0.089940,0.248645,-0.160566
0.093296,0.247193,-0.160751
0.094767,0.248556,-0.159605
0.096974,0.248005,-0.160435
0.097070,0.249008,-0.160908
0.099672,0.248707,-0.159659
0.100373,0.246631,-0.158033
0.101343,0.249853,-0.159643
0.104716,0.248813,-0.159785
0.104868,0.248297,-0.159154
0.105363,0.248340,-0.158622
0.107933,0.247981,-0.159847
0.108977,0.247494,-0.158654
0.109278,0.247284,-0.159695
0.110631,0.245861,-0.159146
0.113584,0.248446,-0.159561
0.115716,0.247630,-0.158602
0.116018,0.246879,-0.158966
0.117496,0.247384,-0.159474
0.118440,0.248557,-0.159495
0.119589,0.247065,-0.158969
0.120961,0.247427,-0.161029
0.122295,0.247371,-0.161601
0.124716,0.246916,-0.159082
0.126932,0.247957,-0.160765
0.126551,0.249292,-0.162239
0.127430,0.246990,-0.161599
0.130333,0.246822,-0.162116
0.129986,0.248855,-0.163039
0.132034,0.248291,-0.162289
0.133776,0.247764,-0.161583
0.136972,0.246366,-0.161043
0.137324,0.248223,-0.163406
0.140015,0.246732,-0.163736
0.139148,0.247274,-0.161665
0.140424,0.248775,-0.165091
0.142785,0.249212,-0.164721
0.144775,0.247488,-0.165367
0.145234,0.248481,-0.165005
0.148557,0.248856,-0.163004
0.147202,0.248226,-0.164902
0.149689,0.247174,-0.165856
0.152200,0.247474,-0.166646
0.152439,0.250487,-0.165158
0.152618,0.248520,-0.166592
0.154276,0.248562,-0.166004
0.157848,0.248342,-0.168147
0.155843,0.249209,-0.168875
0.159161,0.248469,-0.171572
0.161050,0.249345,-0.168079
0.163812,0.248502,-0.171962
0.165771,0.249455,-0.169926
0.167853,0.249345,-0.170642
0.167076,0.248315,-0.170433
0.168210,0.248916,-0.170829
0.169436,0.247199,-0.174324
0.169480,0.246731,-0.173954
0.171110,0.249325,-0.174544
0.174330,0.248683,-0.174189
0.177262,0.248841,-0.174030
0.177401,0.250826,-0.175799
0.176953,0.248993,-0.176015
0.180559,0.248045,-0.177442
0.180569,0.250765,-0.176924
0.183774,0.247814,-0.175997
0.182080,0.249799,-0.175640
0.186135,0.250618,-0.175011
0.185597,0.249218,-0.179046
0.190226,0.248421,-0.178186
0.189088,0.248421,-0.177770
0.190254,0.248574,-0.179291
0.193195,0.248898,-0.180902
0.193638,0.250151,-0.182114
0.195618,0.247633,-0.180828
0.198595,0.250062,-0.181151
0.198728,0.251106,-0.181708
0.201684,0.248659,-0.183636
0.200693,0.251496,-0.183633
0.202675,0.249429,-0.182659
0.204276,0.251469,-0.184068
0.207621,0.249924,-0.184888
0.207619,0.252197,-0.185391
0.207212,0.250437,-0.185646
0.210772,0.248621,-0.187345
0.212321,0.249096,-0.185220
0.212664,0.249436,-0.187537
0.214706,0.249698,-0.188281
0.214168,0.250193,-0.188578
0.217043,0.249401,-0.190025
0.218287,0.249782,-0.189606
0.218708,0.249018,-0.188914
0.220523,0.251611,-0.189034
0.223659,0.248595,-0.190020
0.224001,0.249874,-0.188114
0.225278,0.250553,-0.190313
0.227483,0.251159,-0.191026
0.227284,0.249851,-0.188759
0.230176,0.251435,-0.189472
0.230421,0.248546,-0.189062
0.234418,0.250073,-0.190003
0.233254,0.250760,-0.188960
0.237448,0.250878,-0.190289
0.237722,0.251118,-0.197304
0.239029,0.251617,-0.203280
0.238794,0.252977,-0.210953
0.244060,0.252953,-0.220035
0.243520,0.254288,-0.226321
0.246463,0.254414,-0.236070
0.248311,0.254266,-0.241189
0.249915,0.256730,-0.252218
0.255067,0.258121,-0.256952
0.254804,0.258296,-0.265507
0.257866,0.257070,-0.275891
0.258017,0.257941,-0.284784
-0.040841,0.257018,-0.247365
-0.040087,0.257614,-0.245921
-0.036855,0.257313,-0.245172
-0.035470,0.257050,-0.242191
-0.034225,0.255927,-0.239976
-0.033041,0.257956,-0.239086
-0.030211,0.255688,-0.236348
-0.029958,0.257754,-0.233989
-0.027759,0.256464,-0.232751
-0.026622,0.256036,-0.232618
-0.024399,0.257772,-0.232103
-0.023008,0.255069,-0.230089
-0.022460,0.256819,-0.228475
-0.022605,0.255939,-0.226578
-0.017754,0.257080,-0.225023
-0.017125,0.253564,-0.222887
-0.016322,0.255215,-0.222128
-0.014678,0.255241,-0.223969
-0.014346,0.256762,-0.220430
-0.011701,0.256634,-0.219366
-0.010267,0.255689,-0.218804
-0.008475,0.254667,-0.218637
-0.008542,0.255220,-0.215656
-0.007351,0.254891,-0.215043
-0.004497,0.254391,-0.213490
-0.001465,0.254490,-0.212246
-0.002369,0.254134,-0.211470
-0.001053,0.253962,-0.211414
0.001515,0.254396,-0.207715
0.002712,0.253471,-0.207322
0.004937,0.252539,-0.205653
0.007672,0.252997,-0.204243
0.007093,0.254340,-0.203192
0.009867,0.254853,-0.203671
0.012004,0.254243,-0.202319
0.011817,0.252458,-0.199871
0.013848,0.252469,-0.199742
0.014482,0.252821,-0.198734
0.015005,0.251149,-0.198268
0.017770,0.251700,-0.196322
0.018308,0.253763,-0.195911
0.019465,0.252004,-0.195375
0.020122,0.253551,-0.193878
0.022584,0.252519,-0.193248
0.022826,0.251020,-0.193445
0.025267,0.252157,-0.189939
0.027677,0.252325,-0.189770
0.029773,0.252242,-0.189160
0.029575,0.250470,-0.186267
0.034303,0.252670,-0.186554
0.033181,0.251425,-0.186561
0.036634,0.252346,-0.184051
0.036491,0.251496,-0.184018
0.037033,0.252392,-0.184391
0.038771,0.251512,-0.182355
0.038587,0.252208,-0.181898
0.039454,0.250136,-0.179369
0.042443,0.251127,-0.178755
0.044893,0.249198,-0.177639
0.046348,0.252007,-0.177528
0.047348,0.251377,-0.177025
0.047391,0.249773,-0.173545
0.053238,0.250919,-0.175924
0.048406,0.251043,-0.173276
0.053035,0.251043,-0.173564
0.054752,0.250734,-0.172962
0.056653,0.251622,-0.172266
0.056107,0.251543,-0.170108
0.056342,0.250734,-0.170546
0.058690,0.251112,-0.169566
0.060801,0.251546,-0.170690
0.063494,0.252303,-0.169525
0.063073,0.250812,-0.169454
0.065072,0.249866,-0.169772
0.065930,0.251282,-0.166616
0.066807,0.251711,-0.166613
0.070782,0.250344,-0.166039
0.070064,0.250473,-0.163391
0.073877,0.249804,-0.165777
0.073619,0.250003,-0.165636
0.074247,0.249406,-0.163515
0.077043,0.251132,-0.162493
0.077042,0.252318,-0.164052
0.079931,0.248538,-0.163660
0.082141,0.248861,-0.162438
0.082200,0.248165,-0.164719
0.083683,0.249928,-0.163312
0.085213,0.249113,-0.163609
0.086359,0.249455,-0.162105
0.088329,0.247408,-0.165479
0.088878,0.249492,-0.163573
0.091063,0.250372,-0.161702
0.091875,0.249128,-0.161166
0.093733,0.249019,-0.162410
0.093895,0.251069,-0.162037
0.097193,0.248387,-0.159723
0.097257,0.247947,-0.160417
0.098144,0.249972,-0.161799
0.100083,0.250429,-0.160082
0.102992,0.249733,-0.160068
0.102544,0.247742,-0.160824
0.102357,0.248178,-0.161574
0.105693,0.249787,-0.160899
0.108860,0.248181,-0.159447
0.108428,0.248351,-0.160018
0.110704,0.251384,-0.160429
0.110874,0.250277,-0.160815
0.114878,0.250548,-0.162101
0.115466,0.249522,-0.160057
0.116543,0.249507,-0.159829
0.117374,0.248421,-0.161342
0.116145,0.249664,-0.159858
0.120449,0.248985,-0.160393
0.122012,0.247133,-0.159754
0.121264,0.250256,-0.161492
0.125810,0.247286,-0.161255
0.127609,0.249161,-0.162769
0.126867,0.249548,-0.162267
0.126539,0.250468,-0.164173
0.132835,0.250656,-0.163346
0.132821,0.250675,-0.162349
0.133194,0.249061,-0.163070
0.134469,0.248374,-0.162603
0.135355,0.250018,-0.164219
0.136948,0.248221,-0.163513
0.138477,0.249822,-0.163288
0.138914,0.250264,-0.164715
0.141514,0.249779,-0.166572
0.144406,0.250939,-0.166156
0.145322,0.249189,-0.166934
0.146255,0.251458,-0.166086
0.146722,0.250065,-0.166998
0.149187,0.250841,-0.167164
0.149228,0.249179,-0.168738
0.150189,0.249890,-0.167475
0.151951,0.249725,-0.167489
0.153809,0.250958,-0.168318
0.155467,0.250785,-0.168060
0.158061,0.250720,-0.170395
0.157206,0.250566,-0.171042
0.160671,0.250382,-0.168544
0.162303,0.251200,-0.171144
0.163057,0.251780,-0.172154
0.162194,0.251425,-0.172985
0.165653,0.250364,-0.171514
0.166432,0.251172,-0.173734
0.168748,0.251573,-0.175012
0.170134,0.252229,-0.175382
0.173320,0.248872,-0.174063
0.174095,0.249865,-0.174593
0.171562,0.253759,-0.174501
0.174117,0.250590,-0.175734
0.176444,0.250166,-0.177919
0.177682,0.250021,-0.176255
0.179120,0.250821,-0.174631
0.182071,0.250984,-0.178044
0.181330,0.248947,-0.177499
0.183604,0.250662,-0.177839
0.185980,0.253518,-0.179868
0.187214,0.252361,-0.179700
0.187944,0.250849,-0.181012
0.190889,0.249264,-0.179548
0.191159,0.252507,-0.180431
0.192155,0.253309,-0.181583
0.196001,0.250888,-0.181396
0.195641,0.251974,-0.184245
0.196897,0.251418,-0.182574
0.198222,0.253372,-0.183161
0.200031,0.251934,-0.182693
0.202213,0.252671,-0.184237
0.202302,0.251556,-0.186120
0.204417,0.249822,-0.184685
0.206569,0.252251,-0.185236
0.206750,0.251319,-0.186468
0.207452,0.251237,-0.186855
0.212050,0.250568,-0.186379
0.210886,0.252367,-0.186099
0.211917,0.251055,-0.186437
0.213087,0.252148,-0.187501
0.216603,0.252439,-0.188505
0.217433,0.251799,-0.186921
0.217348,0.251051,-0.189895
0.218455,0.253123,-0.187986
0.221658,0.252471,-0.190961
0.222310,0.251762,-0.190172
0.224113,0.252991,-0.190670
0.226954,0.249878,-0.190429
0.227368,0.252735,-0.191060
0.229522,0.251920,-0.189479
0.231080,0.251093,-0.190774
0.231674,0.252334,-0.191826
0.232992,0.253685,-0.189048
0.231258,0.250138,-0.190296
0.236516,0.251686,-0.189499
0.238620,0.252019,-0.196357
0.238438,0.254035,-0.202372
0.242287,0.253258,-0.209504
0.243138,0.254469,-0.218908
0.245565,0.254447,-0.225850
0.245409,0.255450,-0.233506
0.247772,0.256908,-0.243487
0.250279,0.257146,-0.251694
0.252203,0.257925,-0.257365
0.254691,0.258332,-0.266174
0.255990,0.261914,-0.272977
0.258651,0.260455,-0.281105
-0.037669,0.258208,-0.245280
-0.039130,0.258965,-0.246016
-0.038419,0.258278,-0.247866
-0.037017,0.259078,-0.243615
-0.034714,0.259958,-0.241264
-0.031648,0.257127,-0.237777
-0.030863,0.258471,-0.236791
-0.029392,0.257453,-0.237013
-0.029070,0.257374,-0.234501
-0.026841,0.258157,-0.234710
-0.025613,0.256930,-0.232924
-0.025298,0.259464,-0.231219
-0.021363,0.257277,-0.229540
-0.020880,0.257465,-0.229330
-0.018067,0.257420,-0.227857
-0.017986,0.257139,-0.226787
-0.017597,0.255520,-0.222426
-0.015726,0.258687,-0.222160
-0.013242,0.255944,-0.221045
-0.009883,0.256289,-0.222055
-0.010918,0.255955,-0.219097
-0.008360,0.256276,-0.218796
-0.007780,0.256525,-0.217812
-0.005549,0.255699,-0.216993
-0.003223,0.255153,-0.212091
-0.002724,0.255620,-0.213816
-0.002877,0.254508,-0.210360
0.002558,0.256282,-0.210252
0.000847,0.257890,-0.208915
0.001573,0.255434,-0.209079
0.003786,0.255567,-0.206559
0.006666,0.257928,-0.206453
0.006596,0.256313,-0.205574
0.008179,0.254891,-0.205632
0.010469,0.254061,-0.204871
0.010425,0.253333,-0.202295
0.013035,0.256759,-0.200725
0.014107,0.252517,-0.201351
0.015155,0.255006,-0.200575
0.020416,0.254969,-0.197135
0.019858,0.254634,-0.197138
0.019787,0.254951,-0.196380
0.021175,0.254782,-0.193681
0.022470,0.254509,-0.194276
0.024541,0.256467,-0.194328
0.024471,0.252086,-0.194765
0.026711,0.254506,-0.192162
0.028253,0.252899,-0.189043
0.031316,0.254145,-0.187843
0.029503,0.254992,-0.187897
0.032570,0.252972,-0.186658
0.035135,0.252801,-0.186420
0.034351,0.253029,-0.185749
0.036102,0.253407,-0.184442
0.037880,0.254449,-0.184207
0.040094,0.251905,-0.182619
0.041061,0.253518,-0.180661
0.043553,0.253018,-0.181562
0.043494,0.253635,-0.179371
0.045880,0.253320,-0.178595
0.047444,0.253376,-0.178994
0.048389,0.253163,-0.177035
0.050287,0.251364,-0.175967
0.051339,0.253157,-0.176989
0.052873,0.251290,-0.173423
0.052992,0.252516,-0.172741
0.054902,0.252594,-0.174109
0.057397,0.252517,-0.172043
0.057536,0.250641,-0.173357
0.060671,0.251657,-0.170285
0.061157,0.251458,-0.169637
0.063290,0.250776,-0.171012
0.063295,0.251380,-0.170003
0.065814,0.251923,-0.168952
0.067494,0.250331,-0.168134
0.069341,0.251184,-0.168981
0.069147,0.251815,-0.167590
0.072265,0.252635,-0.169520
0.071629,0.252613,-0.166784
0.073762,0.252483,-0.164851
0.073062,0.249782,-0.165647
0.075072,0.251545,-0.166210
0.078131,0.251533,-0.164918
0.079272,0.251151,-0.164896
0.080200,0.250856,-0.165905
0.081418,0.252007,-0.165820
0.083661,0.250443,-0.164463
0.084925,0.251319,-0.165387
0.086026,0.252322,-0.163310
0.087730,0.251124,-0.163509
0.090476,0.250935,-0.163361
0.090090,0.250491,-0.162105
0.091634,0.250836,-0.161983
0.094471,0.252120,-0.161800
0.096150,0.251764,-0.160911
0.097476,0.250511,-0.162121
0.098081,0.251221,-0.162476
0.099017,0.250483,-0.161575
0.101100,0.250800,-0.161229
0.100665,0.252728,-0.162528
0.101631,0.249934,-0.162129
0.103180,0.250398,-0.161225
0.105736,0.250759,-0.162262
0.108049,0.251924,-0.161852
0.108697,0.250177,-0.161155
0.109673,0.251935,-0.163325
0.111485,0.251880,-0.160603
0.111357,0.252019,-0.161975
0.115340,0.250880,-0.161887
0.117230,0.249835,-0.163633
0.117461,0.251099,-0.162721
0.119137,0.251755,-0.160075
0.119716,0.252285,-0.160933
0.121747,0.250131,-0.161625
0.122828,0.250206,-0.162067
0.124583,0.252555,-0.164246
0.125673,0.251700,-0.162408
0.127360,0.250855,-0.162753
0.130030,0.251384,-0.163015
0.129080,0.251414,-0.163771
0.130890,0.252908,-0.165560
0.132270,0.252925,-0.163858
0.134794,0.250812,-0.163382
0.136031,0.250979,-0.162223
0.136922,0.250934,-0.165875
0.136713,0.250532,-0.164368
0.139190,0.253547,-0.166109
0.140092,0.251348,-0.166037
0.141376,0.250479,-0.166088
0.144347,0.252064,-0.168630
0.144884,0.251238,-0.168071
0.146885,0.250421,-0.166398
0.148247,0.252920,-0.167687
0.148965,0.251705,-0.167013
0.152968,0.252818,-0.166964
0.152409,0.253301,-0.169746
0.154213,0.252057,-0.169700
0.155534,0.250865,-0.170351
0.158029,0.251444,-0.170259
0.159363,0.252978,-0.171986
0.160576,0.251104,-0.172481
0.160575,0.251152,-0.172755
0.162491,0.254617,-0.174656
0.164471,0.252678,-0.173397
0.168333,0.251106,-0.172384
0.166767,0.250576,-0.173510
0.169424,0.252312,-0.174189
0.168781,0.252220,-0.176420
0.171025,0.252448,-0.176949
0.172920,0.251918,-0.174931
0.176023,0.253227,-0.176661
0.174747,0.253083,-0.178961
0.176142,0.253092,-0.178652
0.178837,0.253960,-0.178329
0.178994,0.253551,-0.180490
0.181015,0.253078,-0.179002
0.183289,0.253351,-0.178932
0.183841,0.253211,-0.180719
0.185870,0.253065,-0.181118
0.187419,0.252896,-0.178684
0.188634,0.251530,-0.181670
0.189058,0.253808,-0.181310
0.191535,0.254787,-0.180056
0.192646,0.252096,-0.183252
0.194474,0.252018,-0.180554
0.194276,0.251804,-0.183440
0.197792,0.253318,-0.183712
0.197891,0.251301,-0.185070
0.200969,0.253454,-0.186073
0.200817,0.251832,-0.184774
0.202757,0.251816,-0.187094
0.204167,0.252886,-0.188016
0.206418,0.254058,-0.188275
0.207125,0.254207,-0.189346
0.208383,0.254314,-0.188715
0.208422,0.253995,-0.188827
0.212157,0.254372,-0.188496
0.212391,0.253682,-0.189069
0.213918,0.254227,-0.187748
0.215287,0.254982,-0.190611
0.216996,0.253771,-0.192257
0.219770,0.252432,-0.190020
0.220703,0.253945,-0.189323
0.223027,0.253139,-0.190225
0.222724,0.253948,-0.190925
0.223689,0.254299,-0.191711
0.225759,0.253547,-0.192659
0.226775,0.253582,-0.191083
0.228711,0.253812,-0.191714
0.230121,0.254494,-0.192578
0.231789,0.255098,-0.190897
0.232680,0.253385,-0.190966
0.234319,0.254571,-0.191405
0.235753,0.253442,-0.192670
0.237810,0.254358,-0.195409
0.238414,0.255324,-0.200829
0.242185,0.256367,-0.208600
0.244237,0.256482,-0.217936
0.245196,0.256830,-0.224708
0.247854,0.258001,-0.232987
0.249131,0.257420,-0.242247
0.250327,0.258904,-0.250032
0.252597,0.260578,-0.256182
0.253859,0.262350,-0.265205
0.256894,0.260561,-0.271936
0.258401,0.262919,-0.281838
-0.040986,0.261169,-0.247107
-0.039477,0.260891,-0.246469
-0.037438,0.260713,-0.245943
-0.036330,0.261035,-0.244314
-0.035524,0.261323,-0.240771
-0.029948,0.259528,-0.239382
-0.032610,0.259002,-0.236955
-0.030508,0.260973,-0.237181
-0.029504,0.258805,-0.235792
-0.026081,0.260777,-0.234048
-0.025214,0.259959,-0.230070
-0.024241,0.259293,-0.232501
-0.021423,0.259783,-0.232878
-0.020897,0.259581,-0.228463
-0.020370,0.259575,-0.229206
-0.017669,0.258326,-0.225406
-0.016283,0.258008,-0.226378
-0.015292,0.258869,-0.224123
-0.013044,0.258335,-0.224203
-0.011914,0.258879,-0.221170
-0.010438,0.258324,-0.220476
-0.007274,0.256909,-0.219543
-0.008685,0.258324,-0.218144
-0.007502,0.258226,-0.216232
-0.004306,0.257197,-0.216110
-0.001616,0.258277,-0.213697
-0.002102,0.260219,-0.213286
-0.000148,0.257520,-0.212818
0.000435,0.255996,-0.210778
0.002986,0.257890,-0.209510
0.004982,0.256899,-0.208137
0.005916,0.256738,-0.206738
0.007321,0.256476,-0.206825
0.008530,0.257247,-0.205317
0.008236,0.257789,-0.206027
0.012212,0.256414,-0.202538
0.011775,0.256543,-0.202898
0.013134,0.256193,-0.201582
0.015695,0.255050,-0.202078
0.018113,0.256059,-0.199967
0.017473,0.256825,-0.197138
0.019307,0.255416,-0.197418
0.020643,0.256438,-0.198097
0.020035,0.257040,-0.196027
0.024390,0.255529,-0.195057
0.024628,0.256850,-0.195228
0.027240,0.257774,-0.192780
0.028928,0.254257,-0.191711
0.030158,0.256175,-0.190544
0.030424,0.255432,-0.189799
0.032898,0.258499,-0.189192
0.035085,0.256272,-0.189598
0.035090,0.254019,-0.186459
0.036956,0.254518,-0.186953
0.037905,0.255240,-0.185778
0.039996,0.252702,-0.184188
0.040280,0.252767,-0.183262
0.044750,0.255337,-0.184099
0.043774,0.256464,-0.180225
0.046175,0.255332,-0.180443
0.049286,0.254460,-0.179305
0.047636,0.254934,-0.178041
0.048585,0.255346,-0.177376
0.050594,0.254796,-0.177759
0.051057,0.255531,-0.175556
0.053513,0.254742,-0.175144
0.057586,0.253945,-0.174186
0.055578,0.253484,-0.175154
0.057900,0.256067,-0.172839
0.058049,0.253806,-0.172072
0.060295,0.254365,-0.171146
0.062506,0.253420,-0.169166
0.061896,0.252505,-0.170782
0.064593,0.252302,-0.170537
0.067130,0.253611,-0.169565
0.067267,0.253714,-0.169385
0.070579,0.253232,-0.169829
0.072721,0.252043,-0.169827
0.072892,0.253925,-0.166811
0.072493,0.252805,-0.168220
0.075507,0.255006,-0.168520
0.077806,0.252271,-0.167370
0.079195,0.253694,-0.165867
0.080648,0.254940,-0.164484
0.080705,0.251745,-0.165507
0.081521,0.256277,-0.164741
0.084585,0.252654,-0.164183
0.082942,0.253391,-0.165062
0.086769,0.252438,-0.164439
0.089989,0.252081,-0.165505
0.088908,0.252661,-0.165820
0.089183,0.253629,-0.165669
0.092959,0.253162,-0.164902
0.093208,0.252639,-0.163505
0.093365,0.251536,-0.163667
0.095605,0.254773,-0.163512
0.095324,0.253516,-0.164643
0.099957,0.252941,-0.162115
0.101016,0.252587,-0.163383
0.102148,0.252343,-0.162271
0.102464,0.251952,-0.161293
0.104382,0.253952,-0.163513
0.106174,0.251714,-0.163501
0.109245,0.253339,-0.163308
0.110051,0.254158,-0.163579
0.111932,0.253871,-0.161487
0.110829,0.250064,-0.162806
0.113690,0.252927,-0.163028
0.114724,0.252799,-0.161699
0.116741,0.252716,-0.163989
0.117464,0.253241,-0.164963
0.118007,0.253510,-0.164443
0.120521,0.253146,-0.161765
0.121234,0.253411,-0.164277
0.123442,0.253830,-0.163397
0.123197,0.254561,-0.164612
0.125677,0.252246,-0.163507
0.126242,0.252042,-0.163961
0.130782,0.251100,-0.165033
0.130500,0.253121,-0.166074
0.131522,0.253497,-0.164482
0.129483,0.253685,-0.166297
0.132961,0.253462,-0.165717
0.135051,0.253675,-0.165214
0.136860,0.253996,-0.164761
0.137931,0.252500,-0.168277
0.139534,0.253055,-0.167005
0.142001,0.253147,-0.168366
0.143332,0.255043,-0.168085
0.145396,0.253196,-0.167586
0.143333,0.253821,-0.169904
0.146447,0.253334,-0.168509
0.149431,0.252308,-0.169958
0.149222,0.256270,-0.170626
0.151255,0.253919,-0.170437
0.152406,0.253836,-0.169928
0.154415,0.253017,-0.170497
0.156228,0.252034,-0.171240
0.156640,0.252771,-0.171498
0.158756,0.254841,-0.172918
0.159761,0.253487,-0.171921
0.161670,0.254291,-0.173695
0.162560,0.252966,-0.173099
0.165201,0.254662,-0.174624
0.165260,0.253450,-0.174661
0.169111,0.253847,-0.176328
0.169649,0.254187,-0.174196
0.171307,0.254879,-0.176641
0.169861,0.256029,-0.176946
0.171094,0.253935,-0.176298
0.174308,0.255267,-0.179362
0.176182,0.253252,-0.179006
0.176822,0.256166,-0.180160
0.178198,0.255022,-0.180423
0.181026,0.254571,-0.181691
0.181391,0.255337,-0.181152
0.182063,0.254624,-0.180633
0.185694,0.253785,-0.180365
0.185563,0.252367,-0.182092
0.187697,0.254561,-0.180050
0.188440,0.254376,-0.182556
0.189444,0.255076,-0.184664
0.192527,0.255123,-0.182697
0.190534,0.256347,-0.183196
0.195279,0.255805,-0.182256
0.195347,0.255604,-0.184097
0.195499,0.254983,-0.186794
0.198986,0.255021,-0.184595
0.200656,0.255361,-0.184753
0.201197,0.254547,-0.187060
0.201833,0.255080,-0.187928
0.204176,0.256128,-0.188057
0.207714,0.254931,-0.187645
0.206248,0.258225,-0.188295
0.208994,0.256266,-0.188141
0.209611,0.257251,-0.189556
0.211745,0.255051,-0.191202
0.212218,0.255562,-0.191302
0.213475,0.255775,-0.190842
0.216986,0.255057,-0.188675
0.216906,0.254577,-0.190334
0.219020,0.257232,-0.191318
0.220317,0.255005,-0.193087
0.220467,0.254524,-0.194335
0.222621,0.255536,-0.192680
0.223695,0.255859,-0.191003
0.225894,0.255189,-0.192823
0.227650,0.256308,-0.195340
0.228320,0.256261,-0.192292
0.230715,0.256247,-0.191825
0.230113,0.253759,-0.193382
0.231941,0.255354,-0.191980
0.233584,0.255056,-0.192332
0.235228,0.256674,-0.193117
0.237967,0.257023,-0.192800
0.239465,0.256283,-0.201055
0.242836,0.257545,-0.208149
0.244176,0.257746,-0.217769
0.244646,0.258160,-0.224960
0.246356,0.259441,-0.231167
0.248462,0.261460,-0.241036
0.250135,0.261371,-0.247614
0.253015,0.261305,-0.253598
0.253682,0.262295,-0.264006
0.256359,0.260300,-0.272060
0.257794,0.263236,-0.279783
-0.038398,0.263615,-0.247394
-0.037456,0.262303,-0.246975
-0.039140,0.261551,-0.244870
-0.035229,0.261648,-0.244567
-0.034935,0.261330,-0.243156
-0.033759,0.261876,-0.239710
-0.030674,0.260573,-0.238399
-0.028679,0.261496,-0.238198
-0.028344,0.261983,-0.237011
-0.028351,0.260071,-0.236765
-0.025378,0.260965,-0.234410
-0.023386,0.261716,-0.232826
-0.022683,0.261756,-0.231384
-0.019194,0.261856,-0.229439
-0.018950,0.261785,-0.229796
-0.017220,0.259787,-0.230996
-0.015598,0.258284,-0.226355
-0.014444,0.261755,-0.224587
-0.014335,0.261658,-0.224843
-0.011573,0.261643,-0.223693
-0.010360,0.260950,-0.222522
-0.009751,0.258945,-0.220075
-0.006918,0.261734,-0.219249
-0.005343,0.262274,-0.219208
-0.003643,0.258137,-0.218448
-0.003131,0.258279,-0.215863
-0.000054,0.259021,-0.216253
-0.000887,0.259026,-0.212357
0.000779,0.259167,-0.212879
0.001996,0.259470,-0.210131
0.003208,0.258507,-0.209690
0.006907,0.260909,-0.208511
0.006356,0.258454,-0.209895
0.008418,0.258877,-0.207774
0.011933,0.257425,-0.205086
0.011278,0.257896,-0.205199
0.011625,0.261133,-0.204080
0.012639,0.257479,-0.202935
0.014863,0.258912,-0.203272
0.016957,0.259586,-0.200623
0.020740,0.256787,-0.201866
0.020065,0.260144,-0.199803
0.022704,0.258137,-0.198137
0.021940,0.257808,-0.197810
0.025452,0.257769,-0.194458
0.025109,0.256950,-0.196477
0.026586,0.258348,-0.194197
0.027508,0.256621,-0.192332
0.030638,0.255129,-0.192235
0.030648,0.257850,-0.193353
0.033217,0.259578,-0.189765
0.035212,0.255334,-0.189259
0.034327,0.255921,-0.190052
0.036649,0.259909,-0.185842
0.037416,0.256418,-0.185247
0.038368,0.257665,-0.185881
0.039260,0.256147,-0.185746
0.044638,0.256265,-0.184628
0.043213,0.257044,-0.183591
0.046234,0.254770,-0.183565
0.045166,0.257093,-0.181080
0.048090,0.256823,-0.182488
0.050703,0.255944,-0.179819
0.051435,0.254707,-0.179432
0.051621,0.256113,-0.177756
0.055488,0.256883,-0.178707
0.055896,0.255909,-0.175033
0.056169,0.255599,-0.174113
0.057148,0.254946,-0.175014
0.061079,0.256493,-0.174981
0.059577,0.255709,-0.171734
0.063240,0.255264,-0.172986
0.065465,0.257114,-0.171799
0.064653,0.254555,-0.171849
0.066975,0.253888,-0.170710
0.069457,0.255333,-0.170619
0.069026,0.257126,-0.169525
0.071273,0.255534,-0.169956
0.072210,0.255920,-0.168753
0.075433,0.255150,-0.169042
0.075227,0.255882,-0.168646
0.077145,0.254872,-0.167887
0.078621,0.255497,-0.168847
0.079393,0.253830,-0.167727
0.079998,0.254599,-0.168504
0.083718,0.254428,-0.165971
0.084500,0.254689,-0.166714
0.083456,0.254494,-0.165935
0.086265,0.254579,-0.166175
0.088271,0.255590,-0.165598
0.088371,0.253694,-0.164409
0.090287,0.255323,-0.164357
0.091492,0.255467,-0.165219
0.091924,0.256300,-0.163997
0.095504,0.255279,-0.164183
0.096205,0.255148,-0.165182
0.097172,0.254584,-0.165432
0.100219,0.256213,-0.164162
0.100057,0.254585,-0.165839
0.099660,0.253882,-0.163672
0.102314,0.254432,-0.163418
0.106254,0.254057,-0.165687
0.105300,0.254905,-0.163759
0.107598,0.255704,-0.165168
0.107791,0.253592,-0.164132
0.109078,0.255517,-0.162533
0.112897,0.256068,-0.163457
0.112801,0.255592,-0.163724
0.114461,0.254937,-0.166027
0.115410,0.255809,-0.164057
0.117398,0.253899,-0.164278
0.116816,0.254070,-0.161503
0.119248,0.255603,-0.162770
0.123649,0.257125,-0.163890
0.121846,0.255215,-0.162942
0.124573,0.252708,-0.166184
0.126602,0.256101,-0.165974
0.125584,0.254759,-0.164422
0.126464,0.254502,-0.165190
0.130072,0.254382,-0.165525
0.132286,0.253425,-0.166659
0.133967,0.255764,-0.167919
0.133559,0.256768,-0.166649
0.137727,0.255249,-0.165992
0.137462,0.255912,-0.164751
0.138242,0.257533,-0.168434
0.139934,0.254718,-0.167566
0.142312,0.255557,-0.168449
0.143219,0.254680,-0.169809
0.143812,0.253667,-0.168749
0.144918,0.254606,-0.167238
0.147743,0.257104,-0.168389
0.147622,0.255314,-0.169695
0.150076,0.255780,-0.170671
0.150381,0.255526,-0.170363
0.152197,0.255128,-0.172017
0.154520,0.254227,-0.174706
0.154971,0.255805,-0.173897
0.157462,0.254701,-0.172521
0.158198,0.255194,-0.174522
0.160716,0.256533,-0.174758
0.160988,0.254018,-0.175563
0.162102,0.256698,-0.175910
0.163562,0.256606,-0.174894
0.166227,0.255587,-0.177628
0.167338,0.258179,-0.178592
0.168556,0.257008,-0.177939
0.170630,0.257366,-0.177544
0.172251,0.256725,-0.178375
0.170800,0.257389,-0.179169
0.172174,0.255757,-0.177627
0.177986,0.257294,-0.180153
0.177992,0.255256,-0.181610
0.179809,0.258748,-0.181930
0.180942,0.258922,-0.181012
0.182632,0.256450,-0.182247
0.180875,0.255384,-0.182307
0.185802,0.255852,-0.182110
0.187044,0.256402,-0.184318
0.189623,0.256208,-0.183273
0.188877,0.257024,-0.184525
0.190230,0.256744,-0.187002
0.191296,0.257664,-0.185994
0.192295,0.257232,-0.184400
0.193402,0.254768,-0.184281
0.195071,0.256174,-0.187149
0.197088,0.256854,-0.184785
0.199261,0.257555,-0.187150
0.201311,0.258064,-0.187108
0.201067,0.258403,-0.187199
0.202207,0.258682,-0.189282
0.205352,0.256328,-0.188834
0.204181,0.254804,-0.188812
0.208224,0.255670,-0.190629
0.210101,0.256446,-0.190096
0.210022,0.258256,-0.189712
0.212108,0.256018,-0.188995
0.213992,0.257256,-0.191573
0.214907,0.257301,-0.191465
0.215843,0.259142,-0.192600
0.217843,0.256685,-0.192877
0.218427,0.257432,-0.193386
0.218881,0.259369,-0.191609
0.222351,0.258738,-0.193428
0.225360,0.257753,-0.194060
0.224384,0.258512,-0.192933
0.227053,0.257151,-0.194069
0.228384,0.256413,-0.192747
0.228831,0.258850,-0.193406
0.231022,0.257312,-0.192902
0.229550,0.256938,-0.194138
0.232559,0.257102,-0.194427
0.234082,0.256597,-0.192926
0.235174,0.258732,-0.192615
0.238345,0.257693,-0.194071
0.238671,0.258427,-0.198715
0.240808,0.258250,-0.207437
0.242377,0.259481,-0.213241
0.242727,0.259287,-0.222234
0.246353,0.261106,-0.229343
0.247907,0.260336,-0.241028
0.249339,0.263496,-0.246722
0.251653,0.263639,-0.252496
0.254047,0.262565,-0.260997
0.254905,0.265386,-0.269716
0.259206,0.266399,-0.278883
-0.039142,0.263468,-0.247042
-0.038014,0.263636,-0.244621
-0.033755,0.263249,-0.245038
-0.033981,0.264634,-0.241192
-0.032929,0.264365,-0.240450
-0.031987,0.264255,-0.240127
-0.029638,0.263546,-0.238416
-0.028173,0.263202,-0.237520
-0.027661,0.262146,-0.236766
-0.024274,0.262245,-0.233487
-0.025058,0.261122,-0.234629
-0.021996,0.262721,-0.233776
-0.022758,0.260888,-0.230928
-0.019884,0.263974,-0.229556
-0.018036,0.259979,-0.229193
-0.017231,0.261970,-0.227378
-0.014298,0.261809,-0.226384
-0.013719,0.262865,-0.227518
-0.011201,0.261230,-0.223776
-0.011198,0.263140,-0.223064
-0.008483,0.260960,-0.224243
-0.007481,0.261156,-0.221346
-0.006611,0.261700,-0.217964
-0.004627,0.258683,-0.217884
-0.002553,0.260251,-0.217847
-0.001285,0.260761,-0.217523
-0.000298,0.261331,-0.214653
0.002051,0.262408,-0.213371
0.001480,0.259777,-0.212101
0.003840,0.260268,-0.211851
0.005341,0.261677,-0.210683
0.006346,0.259848,-0.210927
0.007297,0.259982,-0.207791
0.008885,0.260496,-0.207860
0.012641,0.258708,-0.205233
0.012381,0.260079,-0.206345
0.013499,0.260472,-0.207560
0.015065,0.259282,-0.205118
0.016312,0.260868,-0.201361
0.018454,0.261192,-0.200484
0.017434,0.259859,-0.199600
0.021435,0.259852,-0.197805
0.022522,0.258544,-0.198782
0.024766,0.258887,-0.198435
0.025662,0.259932,-0.196253
0.028297,0.257852,-0.197249
0.029758,0.258853,-0.195194
0.029872,0.257120,-0.193758
0.030710,0.258778,-0.192258
0.032021,0.259657,-0.191318
0.037007,0.260154,-0.192623
0.035588,0.258541,-0.190203
0.036614,0.258715,-0.189118
0.038273,0.257913,-0.187349
0.039094,0.257971,-0.186049
0.042423,0.257991,-0.186125
0.041369,0.257776,-0.185803
0.043157,0.259446,-0.186253
0.045463,0.258025,-0.184330
0.045689,0.259376,-0.181200
0.049499,0.257872,-0.180172
0.049907,0.256987,-0.179524
0.052082,0.257416,-0.178932
0.051339,0.258416,-0.178740
0.053567,0.256988,-0.177595
0.056644,0.258923,-0.177368
0.055224,0.257614,-0.176565
0.057963,0.258308,-0.176376
0.059406,0.257953,-0.175981
0.058586,0.257863,-0.176226
0.063386,0.258220,-0.175367
0.062161,0.256726,-0.172609
0.065381,0.256794,-0.172641
0.067128,0.258737,-0.172080
0.067518,0.258104,-0.172284
0.070320,0.255977,-0.170720
0.071276,0.255654,-0.169610
0.073464,0.257998,-0.173118
0.074257,0.258507,-0.169856
0.073326,0.259862,-0.169870
0.077167,0.256500,-0.169280
0.078702,0.257038,-0.168802
0.079298,0.257535,-0.167774
0.079603,0.257804,-0.167328
0.082764,0.255728,-0.167444
0.083178,0.256270,-0.168046
0.084788,0.256289,-0.166726
0.086511,0.255519,-0.168705
0.088929,0.257681,-0.168009
0.087416,0.256808,-0.164796
0.090265,0.256041,-0.168184
0.090952,0.257325,-0.166639
0.091507,0.257072,-0.166892
0.094589,0.256679,-0.167761
0.094689,0.257322,-0.165263
0.097955,0.258061,-0.166316
0.100565,0.256616,-0.165546
0.102079,0.257880,-0.164899
0.101905,0.257268,-0.166234
0.102704,0.256969,-0.165092
0.104417,0.256730,-0.164771
0.106218,0.254642,-0.164986
0.107779,0.255342,-0.164822
0.109869,0.254742,-0.165496
0.112085,0.259190,-0.164976
0.110627,0.255709,-0.164666
0.113137,0.254971,-0.163616
0.113054,0.257418,-0.165826
0.117039,0.256086,-0.164418
0.116754,0.256055,-0.165471
0.118810,0.255411,-0.164143
0.120660,0.255831,-0.163737
0.121044,0.257958,-0.166453
0.124130,0.256036,-0.163486
0.125136,0.256719,-0.166934
0.125842,0.256825,-0.164715
0.128422,0.256204,-0.168135
0.130393,0.255800,-0.166737
0.129154,0.255660,-0.166906
0.130694,0.256853,-0.166219
0.133613,0.255539,-0.167616
0.133183,0.259469,-0.167267
0.134883,0.257578,-0.169232
0.136521,0.257082,-0.168168
0.139097,0.256407,-0.167450
0.141947,0.256214,-0.169932
0.141664,0.256162,-0.171062
0.140841,0.256539,-0.169714
0.146314,0.257655,-0.172417
0.145533,0.257918,-0.170449
0.146301,0.257427,-0.170077
0.147968,0.258040,-0.174295
0.149962,0.259086,-0.173683
0.150987,0.255596,-0.171772
0.151386,0.255940,-0.173552
0.152181,0.256146,-0.173442
0.156517,0.259232,-0.175247
0.156420,0.256906,-0.175190
0.158781,0.256263,-0.175640
0.159417,0.257396,-0.175801
0.161144,0.257043,-0.174231
0.163089,0.259022,-0.176679
0.164283,0.257231,-0.177044
0.166512,0.258607,-0.177494
0.166149,0.256646,-0.177452
0.169238,0.257838,-0.178842
0.169642,0.256891,-0.179887
0.173615,0.258311,-0.179350
0.171944,0.258175,-0.180335
0.174380,0.257418,-0.180302
0.176302,0.258117,-0.180553
0.177176,0.257089,-0.179061
0.178160,0.259543,-0.183359
0.180160,0.258909,-0.184106
0.183222,0.257945,-0.182133
0.183473,0.256501,-0.182683
0.183820,0.260078,-0.184884
0.185103,0.258962,-0.187822
0.186682,0.258042,-0.184430
0.189224,0.257803,-0.184321
0.189580,0.257555,-0.186981
0.193109,0.258525,-0.184865
0.192914,0.256993,-0.185822
0.195180,0.257833,-0.187379
0.195097,0.259414,-0.188100
0.196753,0.258379,-0.187671
0.198389,0.258172,-0.188526
0.198965,0.260008,-0.188373
0.200361,0.257716,-0.191049
0.203652,0.257204,-0.189719
0.204164,0.258625,-0.191062
0.206572,0.258238,-0.192946
0.206126,0.257607,-0.190890
0.208504,0.258368,-0.190131
0.209883,0.257917,-0.190825
0.211774,0.258609,-0.193588
0.212045,0.257287,-0.191975
0.212729,0.259415,-0.192889
0.216040,0.256215,-0.191957
0.219332,0.257425,-0.193623
0.219894,0.259841,-0.193119
0.220292,0.259564,-0.195607
0.221300,0.260031,-0.196676
0.222817,0.261652,-0.194295
0.223312,0.258115,-0.193745
0.225152,0.258467,-0.193713
0.227595,0.259282,-0.195078
0.227963,0.257606,-0.194877
0.231387,0.259470,-0.196954
0.230596,0.259987,-0.195747
0.234099,0.258315,-0.196288
0.234112,0.257761,-0.195189
0.235170,0.258953,-0.194062
0.238900,0.260105,-0.193647
0.238600,0.258268,-0.199805
0.240414,0.259873,-0.205333
0.242025,0.260524,-0.214650
0.244148,0.261247,-0.222561
0.247458,0.263077,-0.230560
0.249622,0.263784,-0.235722
0.248424,0.265118,-0.245141
0.253115,0.265978,-0.252907
0.254173,0.264444,-0.261722
0.256354,0.267032,-0.268548
0.258140,0.266693,-0.278677
-0.037787,0.265441,-0.248499
-0.035762,0.265960,-0.246659
-0.036629,0.266619,-0.245076
-0.035011,0.265867,-0.242006
-0.034386,0.266101,-0.243306
-0.031669,0.264395,-0.240247
-0.029928,0.266124,-0.240548
-0.029179,0.264820,-0.237858
-0.027305,0.264323,-0.237216
-0.025421,0.263471,-0.236838
-0.023684,0.264669,-0.235333
-0.022198,0.264581,-0.235167
-0.020516,0.264714,-0.233754
-0.019854,0.264815,-0.232859
-0.015489,0.264970,-0.232432
-0.015692,0.263236,-0.228225
-0.014159,0.263749,-0.228734
-0.012699,0.263306,-0.229485
-0.012656,0.262595,-0.224843
-0.008999,0.264122,-0.225915
-0.011125,0.263892,-0.225083
-0.008267,0.263332,-0.220945
-0.005087,0.263302,-0.222377
-0.003959,0.263664,-0.220142
-0.003469,0.263785,-0.218632
-0.000979,0.263093,-0.217376
-0.000957,0.262832,-0.217884
0.000982,0.261415,-0.213694
0.003125,0.263466,-0.214709
0.004888,0.262883,-0.213901
0.004359,0.259791,-0.212909
0.005945,0.262207,-0.211946
0.007933,0.262117,-0.210039
0.009220,0.263979,-0.208394
0.011961,0.263230,-0.208306
0.012480,0.263829,-0.207779
0.013857,0.260958,-0.207374
0.014715,0.261539,-0.204818
0.017729,0.262343,-0.203383
0.018328,0.261740,-0.204124
0.018871,0.260985,-0.204597
0.020338,0.262521,-0.201140
0.022826,0.260395,-0.198904
0.023093,0.260879,-0.198696
0.027592,0.262007,-0.196875
0.027385,0.261901,-0.197290
0.028953,0.262778,-0.196348
0.031779,0.261010,-0.195218
0.029919,0.261712,-0.195893
0.033379,0.260738,-0.192579
0.033836,0.260930,-0.192492
0.034646,0.260649,-0.191577
0.036847,0.259865,-0.190420
0.039456,0.259480,-0.189810
0.038620,0.260903,-0.189020
0.038986,0.259371,-0.187937
0.042766,0.259384,-0.188024
0.044312,0.261092,-0.184849
0.045987,0.260050,-0.184360
0.047239,0.262376,-0.185939
0.046634,0.259761,-0.183122
0.050948,0.259798,-0.181209
0.049706,0.258689,-0.180271
0.053572,0.260324,-0.181782
0.053819,0.259378,-0.180497
0.055898,0.260154,-0.179981
0.055653,0.258146,-0.178882
0.058937,0.258112,-0.177596
0.058952,0.258952,-0.177763
0.059355,0.259587,-0.175349
0.062884,0.259619,-0.175081
0.063071,0.259103,-0.174818
0.066022,0.258055,-0.175070
0.067684,0.258943,-0.174391
0.068766,0.257319,-0.172407
0.069271,0.258615,-0.173340
0.071834,0.258483,-0.173744
0.072175,0.259172,-0.171874
0.073854,0.258518,-0.171819
0.074635,0.257516,-0.171519
0.075143,0.258523,-0.170353
0.078221,0.259545,-0.170547
0.078484,0.258490,-0.170253
0.082561,0.260629,-0.169162
0.083136,0.258878,-0.169947
0.081972,0.256173,-0.168606
0.085264,0.258808,-0.168905
0.084966,0.258760,-0.167509
0.088674,0.257366,-0.168504
0.090672,0.258573,-0.168095
0.089164,0.256806,-0.169027
0.091679,0.260761,-0.168225
0.094068,0.260695,-0.167197
0.094308,0.259103,-0.167727
0.093093,0.256470,-0.168851
0.099159,0.257724,-0.167014
0.099058,0.257899,-0.168250
0.099642,0.258401,-0.167575
0.102093,0.258738,-0.165740
0.103517,0.260131,-0.167248
0.105041,0.258123,-0.166418
0.105477,0.259816,-0.164408
0.107823,0.258767,-0.166856
0.108156,0.259800,-0.166772
0.110470,0.259792,-0.167363
0.110459,0.258373,-0.163520
0.110871,0.257849,-0.167150
0.113190,0.256859,-0.167449
0.116153,0.259807,-0.166912
0.117784,0.258270,-0.166921
0.119235,0.258754,-0.165726
0.119020,0.256585,-0.166966
0.121451,0.259285,-0.166190
0.123673,0.257067,-0.167489
0.123957,0.258724,-0.168886
0.127183,0.255757,-0.166379
0.127444,0.256114,-0.167781
0.127916,0.257881,-0.167809
0.130466,0.259488,-0.167506
0.133177,0.258543,-0.168539
0.133159,0.257118,-0.168535
0.133529,0.258591,-0.169977
0.136374,0.260428,-0.168972
0.136844,0.259302,-0.170242
0.139538,0.257813,-0.170028
0.139374,0.258979,-0.171950
0.139633,0.257291,-0.172868
0.143316,0.257381,-0.172212
0.144580,0.259785,-0.172821
0.145692,0.258236,-0.172568
0.147308,0.260213,-0.172778
0.148346,0.258346,-0.171658
0.150606,0.260704,-0.173469
0.150534,0.258826,-0.175134
0.153621,0.258736,-0.174264
0.156082,0.259685,-0.173446
0.155556,0.259397,-0.177464
0.157049,0.258463,-0.177085
0.156577,0.258495,-0.176093
0.159458,0.260254,-0.177530
0.160926,0.258845,-0.179020
0.161918,0.258901,-0.176867
0.165015,0.259302,-0.178246
0.165488,0.258413,-0.180805
0.166984,0.259981,-0.179415
0.169099,0.258848,-0.179467
0.170200,0.258778,-0.181967
0.172398,0.257355,-0.181163
0.172085,0.260585,-0.180127
0.174155,0.261318,-0.183360
0.174288,0.260503,-0.183901
0.177782,0.259553,-0.183667
0.181570,0.259198,-0.181890
0.180950,0.260704,-0.184092
0.183091,0.260430,-0.185109
0.182870,0.259785,-0.185677
0.185547,0.259418,-0.184373
0.185455,0.258056,-0.187074
0.185722,0.258827,-0.186921
0.187634,0.259539,-0.187230
0.190475,0.259515,-0.187243
0.192269,0.261172,-0.188677
0.192284,0.260633,-0.187769
0.194160,0.260588,-0.189544
0.195524,0.260272,-0.187071
0.198045,0.259546,-0.188307
0.197344,0.259906,-0.188828
0.197750,0.261451,-0.191369
0.200950,0.261018,-0.191210
0.204586,0.260340,-0.192346
0.203329,0.259992,-0.190750
0.204401,0.259742,-0.192589
0.206578,0.259736,-0.192024
0.208429,0.260779,-0.190352
0.210679,0.261515,-0.192528
0.211422,0.261794,-0.192817
0.212370,0.259923,-0.194564
0.214226,0.260533,-0.194684
0.216027,0.262301,-0.194461
0.218067,0.261101,-0.194716
0.218183,0.259134,-0.197263
0.220664,0.260847,-0.195077
0.222251,0.261993,-0.195849
0.224037,0.259872,-0.194451
0.225737,0.260466,-0.196365
0.226868,0.259809,-0.197568
0.228747,0.260134,-0.195833
0.229267,0.260459,-0.196608
0.230740,0.260543,-0.195891
0.233363,0.262942,-0.196053
0.233027,0.260013,-0.195940
0.235874,0.259979,-0.194681
0.235461,0.260390,-0.196124
0.236102,0.261832,-0.195345
0.241802,0.261907,-0.196271
0.240610,0.261027,-0.203676
0.243327,0.263785,-0.212771
0.243570,0.263242,-0.220562
0.245477,0.261239,-0.228246
0.250333,0.266626,-0.235295
0.249894,0.264995,-0.243650
0.252135,0.266406,-0.253789
0.254835,0.266313,-0.260902
0.257300,0.267256,-0.269104
0.256055,0.270796,-0.275182
0.260667,0.267575,-0.284917
-0.038832,0.266544,-0.248215
-0.037218,0.266628,-0.248176
-0.034081,0.267143,-0.248056
-0.034721,0.268472,-0.246381
-0.033774,0.265073,-0.241993
-0.031127,0.267800,-0.241981
-0.031304,0.265669,-0.241318
-0.027918,0.267695,-0.239309
-0.028130,0.265570,-0.239470
-0.023946,0.265979,-0.238107
-0.024612,0.267425,-0.236694
-0.022090,0.267400,-0.235107
-0.020869,0.268305,-0.233953
-0.017741,0.265972,-0.232922
-0.017747,0.266410,-0.232335
-0.017982,0.266581,-0.231638
-0.013800,0.265842,-0.229180
-0.013661,0.265905,-0.229125
-0.012676,0.265847,-0.229309
-0.009671,0.264736,-0.226896
-0.009443,0.265037,-0.227944
-0.008246,0.265664,-0.225700
-0.007082,0.264957,-0.224065
-0.005654,0.264765,-0.222925
-0.003516,0.267258,-0.222057
-0.002418,0.262861,-0.219007
0.000149,0.264518,-0.218712
0.000684,0.262650,-0.218509
0.000596,0.263714,-0.216483
0.003973,0.265546,-0.212596
0.006158,0.265304,-0.215283
0.005365,0.262097,-0.213740
0.007339,0.264001,-0.212050
0.010881,0.262947,-0.211263
0.011901,0.263173,-0.211381
0.012663,0.264396,-0.210006
0.014133,0.263841,-0.207348
0.015653,0.263931,-0.208114
0.015967,0.264820,-0.207720
0.018575,0.264781,-0.206356
0.020042,0.262349,-0.204698
0.020712,0.264865,-0.203111
0.022548,0.264502,-0.202089
0.024393,0.262382,-0.199681
0.025761,0.262758,-0.200235
0.027209,0.262766,-0.200943
0.028379,0.261083,-0.199549
0.030328,0.263670,-0.197765
0.031071,0.262098,-0.196098
0.032765,0.261516,-0.195058
0.035417,0.263463,-0.195619
0.036357,0.260432,-0.193379
0.037094,0.262611,-0.192790
0.039354,0.261284,-0.190527
0.040460,0.261115,-0.189781
0.040793,0.261983,-0.187638
0.043147,0.263394,-0.187176
0.043065,0.261631,-0.188461
0.044788,0.261474,-0.187214
0.049019,0.261971,-0.185807
0.048119,0.261381,-0.186282
0.049118,0.261312,-0.184104
0.052340,0.261103,-0.183680
0.052203,0.261424,-0.183802
0.054513,0.260493,-0.180966
0.054787,0.259698,-0.181039
0.057836,0.260266,-0.180538
0.058911,0.262312,-0.179892
0.061969,0.263223,-0.179284
0.060737,0.260155,-0.178745
0.062169,0.260007,-0.177141
0.062445,0.260529,-0.176266
0.065786,0.259020,-0.176428
0.066731,0.259897,-0.174443
0.066784,0.261625,-0.173113
0.068623,0.258965,-0.174398
0.069591,0.261683,-0.172183
0.070260,0.259762,-0.174702
0.073549,0.260454,-0.174173
0.075976,0.262790,-0.174250
0.077218,0.263141,-0.171563
0.078104,0.260857,-0.171472
0.078725,0.259814,-0.172066
0.080265,0.259598,-0.171605
0.081867,0.261156,-0.171867
0.082600,0.257611,-0.172630
0.082453,0.260675,-0.171373
0.087020,0.260912,-0.170396
0.086164,0.259265,-0.170062
0.089146,0.261484,-0.170115
0.090366,0.262144,-0.168433
0.092204,0.260562,-0.170652
0.093993,0.261318,-0.169602
0.094054,0.259108,-0.170397
0.096563,0.260253,-0.169431
0.098827,0.258265,-0.168317
0.099208,0.262369,-0.165917
0.101025,0.259380,-0.166126
0.099572,0.260018,-0.168902
0.103684,0.262784,-0.168295
0.102720,0.261061,-0.168660
0.106696,0.261602,-0.167469
0.107881,0.260328,-0.166796
0.110000,0.260447,-0.165309
0.109269,0.260276,-0.167932
0.110835,0.259712,-0.167904
0.114051,0.259110,-0.167946
0.113520,0.259934,-0.167047
0.118016,0.258389,-0.167036
0.116261,0.259149,-0.166621
0.119465,0.259580,-0.168495
0.120830,0.259064,-0.169055
0.121452,0.258461,-0.166594
0.123301,0.261139,-0.167979
0.124582,0.261017,-0.168564
0.126471,0.260972,-0.168823
0.127341,0.261444,-0.167773
0.130285,0.258990,-0.168891
0.131659,0.258690,-0.170088
0.130853,0.258595,-0.169383
0.131652,0.260455,-0.171829
0.135712,0.262038,-0.171284
0.132380,0.260701,-0.170731
0.136803,0.260911,-0.171852
0.138511,0.261264,-0.169809
0.139427,0.260259,-0.171537
0.140423,0.261404,-0.174243
0.143308,0.260179,-0.172878
0.144930,0.260654,-0.173917
0.145450,0.260862,-0.174233
0.145985,0.260310,-0.175180
0.148769,0.261966,-0.174991
0.149773,0.259710,-0.175376
0.151381,0.260060,-0.174768
0.151265,0.260631,-0.174644
0.152822,0.260443,-0.177907
0.155443,0.261772,-0.178413
0.157660,0.261684,-0.177180
0.159860,0.262048,-0.177124
0.159717,0.261745,-0.179031
0.161696,0.259629,-0.180018
0.161116,0.261095,-0.179150
0.162986,0.261520,-0.180106
0.163469,0.261298,-0.178951
0.166764,0.259152,-0.180315
0.169198,0.259942,-0.181990
0.169740,0.261673,-0.182529
0.171923,0.260543,-0.181381
0.171752,0.261467,-0.183570
0.174033,0.260085,-0.183679
0.175058,0.261099,-0.184746
0.175963,0.262525,-0.184504
0.179862,0.262650,-0.184721
0.180642,0.261513,-0.186582
0.182114,0.261550,-0.185041
0.182849,0.261122,-0.185742
0.184267,0.261930,-0.186735
0.184064,0.261547,-0.186622
0.187408,0.260194,-0.187917
0.187908,0.262349,-0.189350
0.190841,0.262112,-0.186516
0.191230,0.262197,-0.189259
0.192217,0.262600,-0.190397
0.196213,0.261171,-0.189090
0.195344,0.262072,-0.189909
0.197039,0.260744,-0.190766
0.199080,0.261426,-0.192110
0.200905,0.263650,-0.192092
0.202942,0.262626,-0.191547
0.202713,0.260836,-0.190114
0.204353,0.262813,-0.191957
0.206295,0.261575,-0.193368
0.207920,0.261377,-0.195030
0.209373,0.260538,-0.194725
0.211438,0.262367,-0.194861
0.210873,0.261752,-0.196768
0.213826,0.262760,-0.196751
0.214610,0.260524,-0.194108
0.215419,0.262933,-0.197509
0.217661,0.263179,-0.198037
0.219871,0.259838,-0.195983
0.219335,0.262955,-0.196391
0.220373,0.263822,-0.195774
0.222553,0.261839,-0.196820
0.224713,0.264248,-0.197570
0.227774,0.263313,-0.197275
0.228620,0.265278,-0.195582
0.229445,0.262307,-0.197616
0.232199,0.263374,-0.199498
0.232283,0.263962,-0.194542
0.233127,0.261618,-0.198534
0.235387,0.263029,-0.198229
0.237108,0.264591,-0.197424
0.239358,0.261744,-0.196356
0.239849,0.265105,-0.195578
0.241681,0.262313,-0.202539
0.242874,0.263579,-0.211223
0.244491,0.263857,-0.218480
0.248099,0.265626,-0.226871
0.250569,0.266297,-0.234865
0.250697,0.267648,-0.244133
0.252047,0.268022,-0.251778
0.255457,0.268345,-0.257927
0.257608,0.269930,-0.266827
0.257894,0.270936,-0.276640
0.258607,0.270368,-0.283567
-0.038041,0.271368,-0.250738
-0.037748,0.271203,-0.248587
-0.036037,0.266868,-0.246570
-0.034834,0.270390,-0.243718
-0.034014,0.267878,-0.244006
-0.031346,0.270986,-0.244932
-0.029583,0.269638,-0.244210
-0.029572,0.268748,-0.238763
-0.025473,0.268093,-0.240628
-0.026729,0.267336,-0.239116
-0.022558,0.268932,-0.235639
-0.021368,0.268784,-0.237452
-0.020996,0.269563,-0.234650
-0.019589,0.268726,-0.233748
-0.017597,0.269018,-0.233147
-0.015958,0.267414,-0.232905
-0.016272,0.265876,-0.231215
-0.014474,0.268038,-0.230344
-0.011563,0.266976,-0.230899
-0.009201,0.266798,-0.226728
-0.007706,0.267948,-0.228209
-0.008047,0.268732,-0.225772
-0.005365,0.267595,-0.226469
-0.005233,0.266122,-0.225170
-0.002609,0.268220,-0.225417
-0.002189,0.265026,-0.221651
-0.000813,0.266394,-0.220522
-0.000241,0.266048,-0.220103
0.001572,0.267144,-0.218332
0.003616,0.267159,-0.216653
0.004752,0.265912,-0.215411
0.006010,0.266018,-0.212623
0.009234,0.265128,-0.214508
0.007360,0.265064,-0.212077
0.010872,0.264337,-0.212277
0.013754,0.266511,-0.211353
0.015097,0.266256,-0.210070
0.016220,0.265326,-0.208545
0.016584,0.264489,-0.210130
0.019842,0.265628,-0.204326
0.017743,0.265519,-0.207451
0.021194,0.265703,-0.204756
0.021051,0.264187,-0.205014
0.025817,0.265205,-0.203854
0.025105,0.264278,-0.202631
0.027113,0.266368,-0.202042
0.026753,0.266164,-0.198777
0.030074,0.264037,-0.197521
0.030397,0.262639,-0.197406
0.033950,0.264705,-0.196507
0.034049,0.263001,-0.195477
0.033777,0.265520,-0.193878
0.037924,0.264986,-0.192724
0.037748,0.262707,-0.190428
0.040762,0.264010,-0.191382
0.041401,0.263122,-0.190765
0.042385,0.264225,-0.189801
0.044386,0.263623,-0.189534
0.045595,0.262510,-0.188415
0.047321,0.264203,-0.188061
0.046859,0.262104,-0.184871
0.050276,0.262447,-0.184097
0.051088,0.262185,-0.183872
0.051926,0.262608,-0.180670
0.055135,0.262304,-0.183497
0.054746,0.264542,-0.180871
0.055236,0.261452,-0.180660
0.058348,0.264175,-0.181357
0.060170,0.261712,-0.180547
0.062462,0.261908,-0.179307
0.061685,0.260640,-0.177914
0.061915,0.263907,-0.176316
0.063972,0.261444,-0.177680
0.067959,0.263069,-0.176180
0.067516,0.261031,-0.175061
0.069179,0.262022,-0.175954
0.071446,0.260685,-0.173733
0.072758,0.262746,-0.175979
0.076122,0.261504,-0.174990
0.076375,0.262503,-0.174399
0.074656,0.260569,-0.174307
0.078167,0.262189,-0.173054
0.077858,0.262840,-0.171790
0.082318,0.260511,-0.172176
0.081330,0.262529,-0.172881
0.081585,0.262881,-0.172974
0.085082,0.260716,-0.172620
0.087221,0.261017,-0.170631
0.087258,0.260374,-0.170200
0.088976,0.259880,-0.170853
0.090183,0.262441,-0.170709
0.092160,0.262988,-0.168557
0.094001,0.262661,-0.168781
0.095156,0.262640,-0.170288
0.098201,0.262522,-0.169864
0.096228,0.260876,-0.169284
0.097266,0.262115,-0.171633
0.099705,0.261603,-0.170412
0.101087,0.263976,-0.170167
0.104920,0.260455,-0.168921
0.104222,0.262146,-0.167667
0.105265,0.262783,-0.168221
0.106411,0.261776,-0.169458
0.107890,0.262228,-0.168140
0.109647,0.262537,-0.169943
0.112303,0.262024,-0.169909
0.112103,0.261744,-0.170717
0.115164,0.262322,-0.168402
0.116427,0.260733,-0.168214
0.117699,0.261387,-0.168433
0.119668,0.262662,-0.168382
0.121091,0.262634,-0.169867
0.123362,0.261862,-0.169833
0.124982,0.261721,-0.167804
0.125428,0.260504,-0.169038
0.127104,0.261927,-0.168819
0.128070,0.262482,-0.169204
0.130540,0.261653,-0.169176
0.130194,0.262147,-0.170639
0.131644,0.263333,-0.171593
0.135619,0.263689,-0.171810
0.133767,0.261682,-0.172346
0.135880,0.263045,-0.170677
0.137341,0.262781,-0.172503
0.138437,0.261285,-0.172977
0.140029,0.260569,-0.173503
0.142027,0.263672,-0.174087
0.143059,0.261786,-0.173436
0.143871,0.261492,-0.173748
0.147435,0.261552,-0.176798
0.146127,0.262201,-0.175351
0.148222,0.262300,-0.177782
0.150500,0.262536,-0.175098
0.150620,0.262498,-0.177141
0.151733,0.264141,-0.178843
0.154635,0.264681,-0.177352
0.155744,0.263261,-0.179713
0.158366,0.263408,-0.176429
0.157561,0.261970,-0.178728
0.158573,0.262162,-0.179192
0.161427,0.264287,-0.177852
0.161791,0.260748,-0.180671
0.164044,0.261973,-0.180432
0.165490,0.262173,-0.181647
0.166513,0.264617,-0.181693
0.171602,0.259658,-0.182205
0.169207,0.262737,-0.182273
0.170973,0.263201,-0.182744
0.173614,0.262945,-0.184688
0.173854,0.264559,-0.183397
0.176778,0.262261,-0.183492
0.176537,0.262544,-0.184790
0.177403,0.262816,-0.187394
0.180127,0.262181,-0.186290
0.183130,0.264995,-0.186678
0.181613,0.263793,-0.188065
0.184855,0.262259,-0.190476
0.186026,0.264608,-0.187657
0.187093,0.263469,-0.188940
0.186965,0.264117,-0.190363
0.190070,0.264232,-0.190082
0.192164,0.263655,-0.190947
0.194025,0.262909,-0.191514
0.194080,0.263939,-0.191712
0.194300,0.263690,-0.191763
0.197572,0.263758,-0.193170
0.199407,0.264504,-0.190806
0.200755,0.263799,-0.193773
0.200678,0.264782,-0.193831
0.201032,0.263850,-0.194543
0.204438,0.262406,-0.194249
0.204710,0.263201,-0.196573
0.207188,0.264608,-0.195802
0.211028,0.263780,-0.195039
0.210776,0.263188,-0.195546
0.211478,0.265216,-0.195991
0.213144,0.263690,-0.198494
0.215193,0.262852,-0.198521
0.214431,0.264693,-0.197507
0.217851,0.264277,-0.197749
0.217600,0.264035,-0.198050
0.219953,0.265147,-0.196639
0.221775,0.264613,-0.198355
0.224487,0.265473,-0.198454
0.223924,0.263897,-0.197143
0.225616,0.263088,-0.198100
0.228999,0.264113,-0.198261
0.230383,0.262979,-0.197433
0.230528,0.263840,-0.198134
0.232822,0.263236,-0.199200
0.231752,0.263216,-0.200495
0.235731,0.265102,-0.197383
0.236728,0.263709,-0.197507
0.239152,0.264227,-0.197644
0.240097,0.264491,-0.196701
0.240848,0.264239,-0.200395
0.242379,0.264243,-0.208161
0.244960,0.266626,-0.217754
0.246781,0.266033,-0.225109
0.249077,0.269905,-0.234951
0.250254,0.268621,-0.242693
0.252148,0.268131,-0.249101
0.255824,0.270108,-0.258109
0.254716,0.270289,-0.266005
0.257742,0.271654,-0.271475
0.258858,0.271822,-0.282464
-0.038394,0.270708,-0.249452
-0.039375,0.270804,-0.248315
-0.034536,0.271222,-0.247051
-0.034731,0.271586,-0.249104
-0.031893,0.270593,-0.245510
-0.030542,0.271244,-0.244747
-0.029021,0.269994,-0.242973
-0.027122,0.270294,-0.242687
-0.025088,0.269375,-0.241809
-0.026131,0.268738,-0.241716
-0.023439,0.268587,-0.237804
-0.023453,0.270505,-0.238368
-0.021403,0.269288,-0.238365
-0.021455,0.269120,-0.235705
-0.018366,0.270196,-0.234671
-0.015957,0.269058,-0.233787
-0.016946,0.269966,-0.232882
-0.013072,0.267975,-0.233898
-0.012876,0.269205,-0.231545
-0.010940,0.267304,-0.230969
-0.009436,0.269738,-0.229511
-0.008568,0.269561,-0.230563
-0.008342,0.268718,-0.227414
-0.003568,0.268383,-0.226123
-0.003064,0.268490,-0.226188
-0.000925,0.267821,-0.224088
0.000698,0.267064,-0.224623
-0.000500,0.266752,-0.223112
0.002205,0.268496,-0.220353
0.004840,0.267870,-0.219721
0.005781,0.269003,-0.217837
0.004657,0.265956,-0.216704
0.008779,0.267326,-0.216008
0.009544,0.268026,-0.214459
0.011921,0.267588,-0.213578
0.012470,0.264601,-0.212754
0.012243,0.266083,-0.210436
0.012342,0.265897,-0.209279
0.017475,0.268364,-0.210139
0.018841,0.268180,-0.207685
0.020324,0.266360,-0.208326
0.021900,0.266021,-0.206149
0.023477,0.266712,-0.205510
0.024761,0.266816,-0.205417
0.027812,0.268152,-0.202963
0.024593,0.267139,-0.202914
0.027297,0.265013,-0.203155
0.028572,0.268046,-0.202790
0.031368,0.265648,-0.198457
0.033661,0.265616,-0.199764
0.033475,0.265280,-0.196410
0.034231,0.265156,-0.196259
0.038075,0.266590,-0.194582
0.036564,0.264723,-0.194837
0.039185,0.264554,-0.193335
0.040369,0.266521,-0.192613
0.043638,0.265081,-0.189650
0.045343,0.264911,-0.191310
0.044858,0.264974,-0.190421
0.047759,0.265164,-0.188078
0.048349,0.263406,-0.187763
0.050431,0.265371,-0.187406
0.051908,0.264659,-0.183279
0.053040,0.265076,-0.185609
0.054412,0.265166,-0.182724
0.055613,0.264776,-0.182876
0.056298,0.265742,-0.182670
0.059186,0.263438,-0.183158
0.059559,0.264164,-0.180527
0.063016,0.262694,-0.180922
0.062342,0.262932,-0.180787
0.063453,0.263256,-0.180227
0.064497,0.263802,-0.178421
0.068075,0.264488,-0.178754
0.068931,0.266563,-0.176501
0.071952,0.264211,-0.176895
0.071807,0.263887,-0.177432
0.070992,0.262705,-0.176191
0.074182,0.264009,-0.175107
0.074187,0.262871,-0.174837
0.075281,0.263767,-0.174849
0.078936,0.265006,-0.172431
0.079098,0.262970,-0.174128
0.080150,0.264645,-0.173134
0.081801,0.261787,-0.172914
0.082330,0.263627,-0.172379
0.083807,0.265144,-0.173341
0.088466,0.262855,-0.172476
0.088844,0.265179,-0.173061
0.089129,0.264009,-0.171969
0.091515,0.262751,-0.170006
0.090931,0.262032,-0.173962
0.094010,0.263528,-0.171476
0.096544,0.265500,-0.172559
0.097367,0.263832,-0.171685
0.098090,0.262910,-0.169924
0.098982,0.263652,-0.171951
0.100465,0.265609,-0.172476
0.103638,0.265138,-0.169874
0.103282,0.264604,-0.172085
0.102018,0.264890,-0.169112
0.105270,0.262353,-0.168611
0.107408,0.262275,-0.169441
0.109596,0.264291,-0.171675
0.109087,0.263727,-0.169329
0.111663,0.262689,-0.169396
0.113902,0.263370,-0.169485
0.116534,0.263784,-0.170553
0.115352,0.263416,-0.170819
0.116026,0.265430,-0.170014
0.119545,0.264400,-0.171093
0.122167,0.261936,-0.170965
0.121678,0.264350,-0.171133
0.123171,0.263099,-0.170055
0.125194,0.263775,-0.172431
0.124117,0.263052,-0.172011
0.127266,0.263846,-0.171196
0.129284,0.264022,-0.172198
0.129163,0.264383,-0.173669
0.130291,0.264241,-0.172603
0.132825,0.262683,-0.172275
0.134041,0.263670,-0.174257
0.135630,0.264124,-0.174581
0.136947,0.265030,-0.174136
0.139433,0.263660,-0.173524
0.141020,0.263263,-0.175236
0.142141,0.264820,-0.174485
0.143544,0.263237,-0.174867
0.144158,0.263115,-0.176906
0.145654,0.263756,-0.175624
0.145099,0.265716,-0.177246
0.149313,0.261785,-0.178906
0.149359,0.265693,-0.178403
0.151370,0.265938,-0.179498
0.152448,0.264846,-0.178216
0.154087,0.265599,-0.178119
0.155129,0.266114,-0.178749
0.157755,0.264328,-0.178728
0.158298,0.263742,-0.181962
0.159835,0.264469,-0.180825
0.160292,0.265040,-0.182247
0.161894,0.262998,-0.182040
0.161507,0.264270,-0.182884
0.166043,0.263626,-0.183529
0.165355,0.265668,-0.183229
0.168526,0.263503,-0.182409
0.168856,0.263919,-0.183860
0.171366,0.263876,-0.184686
0.173062,0.263847,-0.183913
0.173977,0.265365,-0.185244
0.175569,0.265404,-0.187519
0.176948,0.266153,-0.186690
0.178451,0.265608,-0.187585
0.181240,0.265398,-0.188421
0.182105,0.265401,-0.187055
0.182632,0.266132,-0.190640
0.185210,0.265098,-0.188713
0.187150,0.265572,-0.190207
0.188175,0.264832,-0.190465
0.188367,0.265709,-0.191687
0.191137,0.264823,-0.191171
0.193517,0.264738,-0.190654
0.193781,0.266716,-0.192176
0.194329,0.265939,-0.193773
0.196609,0.266775,-0.193659
0.197877,0.266264,-0.194868
0.199089,0.266363,-0.194957
0.199874,0.266588,-0.194217
0.202430,0.266912,-0.196411
0.203641,0.263773,-0.196069
0.205725,0.266100,-0.195638
0.205243,0.264262,-0.199098
0.207945,0.263714,-0.196371
0.209950,0.266840,-0.196894
0.207793,0.264281,-0.197572
0.212456,0.265119,-0.199056
0.213720,0.265567,-0.197173
0.214232,0.265964,-0.198533
0.216219,0.266107,-0.200138
0.218367,0.266862,-0.199130
0.220903,0.266490,-0.199022
0.220106,0.264813,-0.197883
0.222989,0.266668,-0.199935
0.223077,0.266511,-0.200832
0.226302,0.264512,-0.200072
0.225946,0.265439,-0.200352
0.228660,0.266203,-0.199655
0.229652,0.264983,-0.198322
0.230218,0.266640,-0.198412
0.231586,0.266418,-0.198644
0.233552,0.266868,-0.201367
0.234207,0.266566,-0.198480
0.236406,0.265557,-0.199049
0.235603,0.266208,-0.197824
0.239382,0.265391,-0.200235
0.241538,0.265329,-0.200017
0.243492,0.267904,-0.210675
0.245225,0.267493,-0.214555
0.245945,0.269586,-0.225609
0.247644,0.269617,-0.234176
0.250255,0.270721,-0.239902
0.252314,0.271074,-0.249474
0.255188,0.271229,-0.256296
0.256879,0.270845,-0.265122
0.257336,0.272582,-0.274176
0.261161,0.274716,-0.279903
-0.037712,0.274204,-0.250378
-0.036706,0.272034,-0.246420
-0.032640,0.271608,-0.248142
-0.032076,0.270708,-0.246042
-0.031968,0.271908,-0.245580
-0.029203,0.272402,-0.243290
-0.028559,0.273092,-0.244830
-0.028173,0.271322,-0.243320
-0.025436,0.272848,-0.242967
-0.022105,0.271639,-0.241415
-0.022772,0.273241,-0.240372
-0.021229,0.271572,-0.240030
-0.019306,0.273398,-0.238461
-0.017748,0.271625,-0.237897
-0.015917,0.270810,-0.235048
-0.015349,0.270470,-0.235960
-0.013640,0.272418,-0.234558
-0.013414,0.270004,-0.234084
-0.011582,0.270300,-0.230761
-0.010986,0.271254,-0.231293
-0.007805,0.271328,-0.230817
-0.005597,0.272141,-0.230728
-0.004715,0.272498,-0.230029
-0.003806,0.272634,-0.226826
-0.002190,0.270806,-0.225719
0.000680,0.268694,-0.224725
0.002567,0.269298,-0.223173
0.003180,0.271824,-0.219737
0.002964,0.270605,-0.221322
0.004816,0.268207,-0.219237
0.006466,0.269266,-0.219358
0.007384,0.270708,-0.217179
0.008659,0.268640,-0.216690
0.009853,0.267873,-0.215626
0.013205,0.269858,-0.214791
0.016824,0.267719,-0.213545
0.015237,0.269081,-0.212201
0.017303,0.268561,-0.211299
0.016793,0.269178,-0.210124
0.020337,0.268639,-0.208904
0.020510,0.268460,-0.207253
0.021655,0.269405,-0.207617
0.023455,0.267559,-0.208893
0.026310,0.266995,-0.206479
0.028221,0.267606,-0.205724
0.027649,0.267827,-0.203035
0.029254,0.270858,-0.201232
0.032348,0.268778,-0.202030
0.033783,0.266592,-0.200023
0.032737,0.269353,-0.200551
0.035129,0.267557,-0.196678
0.037064,0.267979,-0.197453
0.039161,0.267664,-0.196283
0.040682,0.267559,-0.195104
0.039689,0.267088,-0.194765
0.042545,0.266606,-0.191932
0.044817,0.267124,-0.193879
0.045678,0.266659,-0.190537
0.046252,0.265609,-0.190730
0.047876,0.267835,-0.190626
0.051584,0.266311,-0.188146
0.051158,0.265352,-0.188297
0.053609,0.265713,-0.188507
0.053288,0.267070,-0.184209
0.055265,0.266127,-0.185755
0.056516,0.265833,-0.184187
0.058091,0.267544,-0.182164
0.058098,0.266153,-0.185267
0.060294,0.267001,-0.181062
0.063784,0.265865,-0.180175
0.063395,0.266287,-0.180132
0.065619,0.264748,-0.180709
0.066158,0.267386,-0.179936
0.068524,0.267357,-0.180264
0.069308,0.266462,-0.178647
0.071147,0.265056,-0.177020
0.074029,0.265563,-0.177065
0.074039,0.264509,-0.176118
0.074316,0.265923,-0.177704
0.076578,0.266077,-0.176485
0.078691,0.266079,-0.175380
0.079650,0.266831,-0.174363
0.080347,0.266660,-0.176082
0.083765,0.265310,-0.173919
0.085554,0.265358,-0.177426
0.083811,0.264961,-0.174176
0.084858,0.267331,-0.173473
0.087997,0.265899,-0.173500
0.090739,0.264382,-0.173535
0.090023,0.266158,-0.174129
0.093546,0.263979,-0.172504
0.092979,0.265203,-0.175128
0.094989,0.263632,-0.171364
0.096240,0.264308,-0.170827
0.097607,0.266876,-0.170922
0.097619,0.267055,-0.175056
0.099177,0.263605,-0.174354
0.101163,0.262971,-0.172210
0.102431,0.264855,-0.171493
0.104957,0.264721,-0.169905
0.105584,0.265504,-0.171494
0.107373,0.266359,-0.171397
0.108044,0.265252,-0.172204
0.111405,0.266167,-0.171309
0.110292,0.266053,-0.172634
0.111999,0.264490,-0.172230
0.112828,0.265078,-0.171129
0.117527,0.264149,-0.170391
0.117561,0.264813,-0.171082
0.118882,0.267650,-0.171883
0.120278,0.265618,-0.172452
0.121590,0.264671,-0.171889
0.122193,0.267228,-0.173401
0.124134,0.263697,-0.173384
0.127528,0.265176,-0.174038
0.126281,0.264218,-0.171969
0.130053,0.263958,-0.171780
0.130462,0.266481,-0.175785
0.131276,0.266462,-0.173843
0.132402,0.266280,-0.175165
0.134659,0.265255,-0.175332
0.134943,0.266054,-0.172754
0.136968,0.264494,-0.174404
0.140766,0.267254,-0.176003
0.139331,0.266342,-0.174623
0.142400,0.263824,-0.176374
0.143799,0.265774,-0.177313
0.144093,0.264489,-0.177643
0.145837,0.265082,-0.178310
0.148567,0.263710,-0.178631
0.148773,0.265372,-0.180670
0.151250,0.266819,-0.180359
0.151247,0.264405,-0.180498
0.151290,0.264435,-0.179384
0.154286,0.265872,-0.180452
0.155102,0.266236,-0.180578
0.158154,0.265429,-0.180256
0.157651,0.266604,-0.183907
0.161405,0.268050,-0.182728
0.161552,0.265489,-0.182096
0.161360,0.266207,-0.181941
0.164788,0.265212,-0.184354
0.165079,0.266068,-0.186161
0.167371,0.266633,-0.184950
0.170501,0.265933,-0.184633
0.171208,0.265290,-0.183948
0.172823,0.265977,-0.187001
0.174233,0.267402,-0.188345
0.173741,0.267747,-0.187887
0.175883,0.266536,-0.186232
0.176687,0.265779,-0.188716
0.179026,0.265773,-0.187996
0.179540,0.267480,-0.189846
0.180561,0.265715,-0.189671
0.181430,0.267359,-0.189795
0.184032,0.266263,-0.192215
0.187388,0.263611,-0.193795
0.188904,0.267783,-0.193619
0.189512,0.265439,-0.191613
0.190550,0.268072,-0.194497
0.192321,0.266797,-0.193746
0.193615,0.267910,-0.194574
0.194337,0.266914,-0.195037
0.197327,0.268132,-0.196013
0.197513,0.266365,-0.194571
0.198574,0.268253,-0.195103
0.199475,0.268187,-0.195373
0.200466,0.267106,-0.195065
0.203783,0.268138,-0.195880
0.204384,0.267805,-0.195805
0.205424,0.267072,-0.194452
0.206700,0.268171,-0.197182
0.208098,0.267980,-0.200929
0.211130,0.268860,-0.198580
0.210197,0.267934,-0.198247
0.213295,0.267689,-0.199134
0.213480,0.270026,-0.199320
0.216056,0.268876,-0.201275
0.218774,0.266720,-0.199282
0.219442,0.267869,-0.200630
0.220187,0.267400,-0.199246
0.220828,0.270585,-0.199179
0.224208,0.267564,-0.200236
0.226746,0.267301,-0.200642
0.227496,0.267393,-0.201543
0.226969,0.266120,-0.202334
0.229296,0.268041,-0.199858
0.230660,0.269534,-0.201044
0.231864,0.267546,-0.199822
0.232247,0.267520,-0.200983
0.234861,0.268838,-0.202885
0.235987,0.267626,-0.200591
0.238760,0.266959,-0.198616
0.238737,0.268105,-0.199877
0.239527,0.267126,-0.200098
0.243669,0.267884,-0.208731
0.242623,0.270518,-0.216358
0.247591,0.271951,-0.224324
0.247975,0.269915,-0.233289
0.250873,0.272283,-0.239000
0.251579,0.272067,-0.246056
0.255665,0.275469,-0.255323
0.255686,0.275494,-0.264675
0.258844,0.273596,-0.272259
0.259939,0.277614,-0.280238
-0.037494,0.274433,-0.248916
-0.036138,0.273077,-0.249688
-0.034768,0.274931,-0.249531
-0.032540,0.272791,-0.248501
-0.032081,0.272366,-0.248038
-0.032223,0.273913,-0.247376
-0.029334,0.272940,-0.243064
-0.026433,0.275218,-0.242596
-0.026173,0.272835,-0.244131
-0.022459,0.273589,-0.241139
-0.022621,0.275801,-0.241030
-0.021965,0.273579,-0.239778
-0.019350,0.273743,-0.240490
-0.016687,0.274113,-0.239094
-0.016249,0.271980,-0.237161
-0.015412,0.273847,-0.235607
-0.014899,0.272028,-0.235392
-0.011994,0.273171,-0.236010
-0.010487,0.273751,-0.233579
-0.008533,0.273618,-0.232735
-0.008659,0.272579,-0.232072
-0.006690,0.275615,-0.229770
-0.003069,0.272815,-0.230623
-0.003772,0.273982,-0.229792
-0.001056,0.272199,-0.227039
-0.001875,0.273009,-0.226760
0.002353,0.272026,-0.225311
0.002968,0.270435,-0.223749
0.003681,0.271067,-0.222472
0.005503,0.271009,-0.221940
0.005217,0.271009,-0.220139
0.007736,0.271582,-0.221012
0.010019,0.270912,-0.219253
0.010742,0.271927,-0.218495
0.010816,0.271193,-0.217066
0.013836,0.272195,-0.216420
0.013262,0.271711,-0.216834
0.017430,0.271761,-0.213073
0.019700,0.270910,-0.213735
0.019698,0.271383,-0.209499
0.021955,0.270525,-0.209875
0.020776,0.270090,-0.209493
0.023907,0.269956,-0.208303
0.025558,0.269161,-0.208392
0.024977,0.269929,-0.205334
0.028842,0.270036,-0.205231
0.029006,0.271065,-0.205409
0.032196,0.270478,-0.203630
0.030890,0.267438,-0.202571
0.033419,0.268835,-0.201096
0.035678,0.267951,-0.200527
0.036153,0.269894,-0.200663
0.039214,0.269116,-0.197308
0.040411,0.267969,-0.197707
0.040803,0.270160,-0.195591
0.042892,0.269415,-0.195104
0.043598,0.269796,-0.193865
0.045295,0.269974,-0.193835
0.047774,0.270145,-0.193059
0.049095,0.268295,-0.192425
0.050108,0.267966,-0.191097
0.050797,0.269475,-0.190723
0.052353,0.268014,-0.190885
0.054072,0.269431,-0.188334
0.054650,0.267537,-0.187757
0.058252,0.268072,-0.188850
0.058180,0.267925,-0.184338
0.059745,0.267462,-0.186114
0.060980,0.266491,-0.183735
0.062594,0.269023,-0.184521
0.063244,0.265599,-0.179989
0.066570,0.269307,-0.179113
0.068375,0.266657,-0.181235
0.067872,0.270760,-0.180183
0.070163,0.267425,-0.179856
0.070193,0.266625,-0.178868
0.072599,0.268455,-0.179327
0.074024,0.267886,-0.178229
0.076019,0.266711,-0.177277
0.076485,0.266871,-0.177818
0.079320,0.267295,-0.176709
0.079651,0.266773,-0.178040
0.080611,0.267771,-0.176643
0.080170,0.266169,-0.176596
0.084103,0.267523,-0.177285
0.085926,0.266927,-0.176200
0.085537,0.268710,-0.176796
0.086619,0.268500,-0.175159
0.086577,0.267594,-0.174504
0.091447,0.265479,-0.174181
0.091206,0.266924,-0.173193
0.092382,0.265947,-0.173855
0.094592,0.268825,-0.175789
0.096788,0.267907,-0.175312
0.098454,0.266001,-0.174157
0.099179,0.267636,-0.173063
0.100805,0.266307,-0.171444
0.102652,0.265092,-0.172997
0.102855,0.265524,-0.172206
0.103240,0.266659,-0.173523
0.106314,0.266694,-0.172363
0.108018,0.267034,-0.172573
0.108092,0.266981,-0.173069
0.109473,0.267487,-0.172756
0.110413,0.266885,-0.173103
0.113258,0.268311,-0.173946
0.113979,0.265293,-0.173758
0.116416,0.266720,-0.173865
0.117136,0.266361,-0.172278
0.117365,0.268024,-0.173949
0.120975,0.268573,-0.172484
0.122436,0.266222,-0.175192
0.121434,0.266186,-0.173066
0.124417,0.265864,-0.174075
0.125609,0.268644,-0.172801
0.127137,0.266750,-0.174472
0.128477,0.266981,-0.173524
0.130054,0.266760,-0.175064
0.132166,0.266160,-0.176012
0.134131,0.266961,-0.175718
0.135126,0.265596,-0.177154
0.134976,0.266015,-0.175637
0.138801,0.266498,-0.176784
0.137724,0.266752,-0.176518
0.140610,0.267755,-0.176637
0.141847,0.267654,-0.176918
0.141329,0.267108,-0.176868
0.144049,0.269159,-0.179181
0.147131,0.266547,-0.180200
0.146763,0.267873,-0.179531
0.148865,0.267654,-0.180389
0.149821,0.267142,-0.179930
0.151807,0.268615,-0.182964
0.154437,0.266837,-0.181661
0.153701,0.268295,-0.182224
0.155334,0.268189,-0.178913
0.157875,0.266867,-0.182121
0.158005,0.268640,-0.181891
0.159224,0.268282,-0.185008
0.161970,0.266907,-0.184793
0.162410,0.266723,-0.184058
0.165018,0.267363,-0.184430
0.166243,0.268288,-0.185318
0.168081,0.268203,-0.186438
0.168850,0.269484,-0.186547
0.170856,0.267973,-0.188065
0.171996,0.267921,-0.187073
0.173889,0.269217,-0.187614
0.172938,0.267317,-0.188530
0.174230,0.269029,-0.187486
0.177833,0.270087,-0.190921
0.178566,0.269034,-0.188218
0.180142,0.268149,-0.189875
0.180529,0.268438,-0.193327
0.185130,0.268119,-0.191231
0.185154,0.268655,-0.192486
0.186394,0.268510,-0.192449
0.187723,0.266353,-0.192272
0.189530,0.268286,-0.193515
0.190235,0.268034,-0.194607
0.192312,0.268853,-0.193537
0.192623,0.268762,-0.195284
0.193652,0.270668,-0.193636
0.195864,0.268942,-0.196776
0.198797,0.269138,-0.196876
0.199334,0.269941,-0.197037
0.200834,0.270050,-0.197250
0.201392,0.272158,-0.198067
0.202820,0.267871,-0.198465
0.204786,0.269976,-0.200443
0.206909,0.269544,-0.198706
0.207446,0.269937,-0.198893
0.210618,0.269929,-0.201618
0.212367,0.268937,-0.199654
0.213772,0.269892,-0.201127
0.212584,0.269564,-0.199175
0.216799,0.269281,-0.201496
0.216495,0.270497,-0.199878
0.217395,0.268177,-0.199312
0.218457,0.268393,-0.201535
0.220272,0.270054,-0.202171
0.224521,0.269797,-0.201282
0.224765,0.268603,-0.201131
0.225031,0.269108,-0.200706
0.228793,0.268768,-0.200599
0.229682,0.270093,-0.202122
0.229439,0.269393,-0.202380
0.231369,0.271164,-0.200727
0.230530,0.269549,-0.201533
0.233029,0.268943,-0.200898
0.234036,0.270162,-0.201198
0.235797,0.270139,-0.200783
0.237694,0.270525,-0.201108
0.239114,0.268263,-0.201735
0.240520,0.271749,-0.201024
0.242375,0.271090,-0.205624
0.242875,0.271087,-0.214869
0.248701,0.271222,-0.221193
0.247058,0.271730,-0.230705
0.252720,0.272908,-0.238107
0.251603,0.273490,-0.247167
0.254106,0.274822,-0.253234
0.257744,0.275621,-0.262611
0.257554,0.277565,-0.270767
0.260200,0.277451,-0.278033
-0.038114,0.274081,-0.248992
-0.034893,0.276030,-0.248377
-0.033529,0.275933,-0.248620
-0.036173,0.274579,-0.249043
-0.031523,0.275270,-0.246376
-0.029451,0.275161,-0.247628
-0.027902,0.276820,-0.245457
-0.026387,0.274352,-0.245116
-0.024648,0.275316,-0.243335
-0.024740,0.273590,-0.242050
-0.021599,0.275204,-0.242773
-0.019769,0.274359,-0.243980
-0.019224,0.274436,-0.241447
-0.017967,0.277052,-0.240083
-0.017041,0.274945,-0.237288
-0.015832,0.274944,-0.236965
-0.013708,0.274281,-0.238053
-0.013611,0.272598,-0.238426
-0.010423,0.274246,-0.236699
-0.008417,0.274406,-0.235758
-0.007564,0.274497,-0.232847
-0.004882,0.274725,-0.232726
-0.005253,0.273827,-0.231937
-0.003290,0.275973,-0.230476
-0.001839,0.275280,-0.229507
-0.000580,0.273559,-0.227021
0.001214,0.272780,-0.227449
0.002997,0.272745,-0.227246
0.005008,0.273745,-0.225477
0.005078,0.273823,-0.224479
0.006545,0.275255,-0.223927
0.007644,0.273288,-0.222415
0.007855,0.273400,-0.221798
0.010494,0.271727,-0.219860
0.011363,0.272002,-0.218711
0.012831,0.274333,-0.217329
0.014269,0.273321,-0.215819
0.016766,0.272603,-0.216846
0.017856,0.271566,-0.213950
0.018302,0.273520,-0.213189
0.021401,0.273832,-0.212490
0.022912,0.273142,-0.212032
0.025101,0.273334,-0.211978
0.023901,0.272555,-0.209972
0.025748,0.271115,-0.210190
0.029815,0.270364,-0.205983
0.028654,0.271054,-0.207608
0.032419,0.269394,-0.204102
0.030436,0.269955,-0.202517
0.034442,0.272226,-0.203742
0.035224,0.269580,-0.202485
0.035964,0.271620,-0.200195
0.038881,0.270194,-0.200870
0.040515,0.271152,-0.198958
0.042118,0.270243,-0.198254
0.041577,0.270236,-0.196793
0.044500,0.271974,-0.196936
0.045992,0.270318,-0.196682
0.047437,0.271167,-0.194338
0.048014,0.271054,-0.194689
0.051518,0.270788,-0.193484
0.051396,0.268834,-0.190482
0.053445,0.271261,-0.191797
0.053642,0.269618,-0.189984
0.056456,0.271433,-0.189061
0.055679,0.270440,-0.187496
0.057713,0.272648,-0.187038
0.060570,0.269615,-0.188557
0.061642,0.270572,-0.184834
0.060449,0.269537,-0.185386
0.063601,0.271887,-0.184035
0.066707,0.269526,-0.184446
0.066705,0.269174,-0.182155
0.069323,0.268827,-0.184089
0.071653,0.270164,-0.182394
0.071864,0.270772,-0.181536
0.072655,0.268750,-0.178467
0.074538,0.267647,-0.180602
0.076509,0.268913,-0.181145
0.076492,0.271109,-0.178984
0.078390,0.268306,-0.179894
0.078028,0.269625,-0.177478
0.080537,0.269010,-0.178432
0.083605,0.269088,-0.178624
0.084660,0.270270,-0.176074
0.085270,0.267921,-0.175593
0.084766,0.269458,-0.176681
0.088594,0.269817,-0.176156
0.089068,0.268755,-0.176994
0.089652,0.269308,-0.176452
0.093888,0.268395,-0.174494
0.092370,0.268320,-0.174951
0.094329,0.267391,-0.175644
0.097105,0.268941,-0.175651
0.096829,0.268175,-0.175407
0.102489,0.268679,-0.175162
0.100421,0.267502,-0.175812
0.102914,0.268281,-0.174173
0.104309,0.267917,-0.173378
0.102552,0.268505,-0.174843
0.105619,0.268101,-0.174590
0.108742,0.268723,-0.174833
0.110192,0.269116,-0.174248
0.109402,0.267917,-0.173200
0.111670,0.270332,-0.174749
0.111899,0.268630,-0.173034
0.114584,0.269774,-0.174945
0.114989,0.268061,-0.174923
0.115558,0.268215,-0.174124
0.118696,0.269715,-0.174231
0.119997,0.267952,-0.173689
0.121090,0.267377,-0.174832
0.121770,0.267983,-0.174488
0.124566,0.270224,-0.175452
0.125886,0.268014,-0.176034
0.127505,0.269562,-0.175723
0.130440,0.269403,-0.174335
0.129708,0.269070,-0.176981
0.132187,0.270303,-0.178433
0.133277,0.267849,-0.175830
0.135887,0.270664,-0.176873
0.134856,0.270192,-0.179266
0.136345,0.269441,-0.177306
0.139749,0.270504,-0.176770
0.140177,0.268982,-0.177154
0.141778,0.269396,-0.179691
0.141298,0.268850,-0.179812
0.144142,0.268354,-0.178052
0.145423,0.270836,-0.181372
0.146501,0.269701,-0.180567
0.147832,0.268550,-0.180208
0.149988,0.269545,-0.182752
0.152572,0.268879,-0.181339
0.152812,0.268751,-0.182595
0.153856,0.269178,-0.181501
0.156594,0.269975,-0.183481
0.159139,0.270223,-0.184182
0.158269,0.269112,-0.183931
0.160016,0.271296,-0.183891
0.162455,0.268224,-0.183612
0.163226,0.268653,-0.183396
0.164914,0.270108,-0.186009
0.165953,0.270290,-0.188042
0.164885,0.269427,-0.187978
0.169366,0.269858,-0.188152
0.169631,0.269744,-0.189164
0.170664,0.269237,-0.189454
0.172803,0.270189,-0.189370
0.176174,0.270281,-0.189228
0.174997,0.272332,-0.190877
0.176632,0.270768,-0.190225
0.177299,0.269721,-0.191325
0.179680,0.270537,-0.192716
0.181835,0.270935,-0.193194
0.181425,0.268717,-0.193770
0.186355,0.271657,-0.194305
0.186982,0.271352,-0.195686
0.188003,0.270425,-0.194974
0.189874,0.270678,-0.196073
0.189435,0.270625,-0.195062
0.192500,0.270817,-0.196432
0.192146,0.270531,-0.195829
0.194808,0.270377,-0.197119
0.196215,0.270140,-0.197125
0.198180,0.270198,-0.198839
0.199535,0.270290,-0.198640
0.200297,0.269770,-0.197480
0.202429,0.270594,-0.197348
0.203595,0.270798,-0.197477
0.203284,0.271510,-0.199744
0.206241,0.271526,-0.201315
0.207394,0.270583,-0.200201
0.208025,0.272336,-0.200287
0.210368,0.272449,-0.200785
0.210976,0.272980,-0.201536
0.213013,0.271309,-0.200328
0.214220,0.272656,-0.201000
0.218003,0.273823,-0.203280
0.218101,0.272449,-0.200990
0.219589,0.270238,-0.201909
0.222016,0.271004,-0.202092
0.222032,0.272898,-0.201994
0.223091,0.271766,-0.200077
0.225948,0.272143,-0.202737
0.227099,0.270360,-0.202205
0.228272,0.271232,-0.202005
0.229096,0.272254,-0.202613
0.232053,0.269654,-0.201234
0.232568,0.270770,-0.202913
0.234465,0.272157,-0.200672
0.232353,0.268846,-0.203616
0.235994,0.270842,-0.202801
0.238462,0.268945,-0.203275
0.239351,0.271919,-0.201077
0.241540,0.269665,-0.202198
0.242727,0.270801,-0.206046
0.245742,0.273439,-0.212232
0.247249,0.273165,-0.221851
0.248538,0.273474,-0.229537
0.250483,0.274115,-0.236654
0.252419,0.275917,-0.244541
0.254449,0.277768,-0.252905
0.255172,0.275467,-0.260897
0.257666,0.278628,-0.268397
0.258931,0.279204,-0.279259
-0.038547,0.278714,-0.251548
-0.035991,0.278015,-0.251127
-0.035864,0.278611,-0.250914
-0.032982,0.277485,-0.249889
-0.032316,0.276991,-0.248760
-0.028175,0.276590,-0.246379
-0.027939,0.278605,-0.246373
-0.027705,0.278066,-0.248232
-0.027676,0.276070,-0.244961
-0.023293,0.276405,-0.243791
-0.022304,0.275896,-0.245223
-0.020616,0.276379,-0.245501
-0.020300,0.278883,-0.243664
-0.019168,0.278512,-0.241094
-0.015480,0.277065,-0.240708
-0.016141,0.276846,-0.241497
-0.014636,0.276749,-0.238081
-0.012431,0.275682,-0.237657
-0.010072,0.276102,-0.238632
-0.010120,0.277579,-0.235532
-0.007801,0.276264,-0.235366
-0.008190,0.276032,-0.234532
-0.003379,0.275437,-0.233612
-0.003801,0.275227,-0.230388
-0.000863,0.275174,-0.230168
-0.000113,0.274946,-0.231302
0.001144,0.274715,-0.228216
0.003147,0.275146,-0.228862
0.003461,0.273213,-0.227453
0.002412,0.276290,-0.226185
0.007394,0.275368,-0.224814
0.009255,0.274875,-0.224617
0.009069,0.275488,-0.223153
0.012398,0.274529,-0.222642
0.013165,0.274918,-0.219396
0.014112,0.275298,-0.220132
0.014937,0.273849,-0.218196
0.015553,0.274918,-0.216444
0.019861,0.274788,-0.216095
0.021326,0.274962,-0.215224
0.021253,0.274099,-0.214484
0.022753,0.274556,-0.212739
0.022645,0.275801,-0.212482
0.027221,0.273243,-0.211584
0.026590,0.276401,-0.211364
0.028659,0.273357,-0.209662
0.028988,0.274799,-0.208201
0.032379,0.274431,-0.207344
0.032623,0.272748,-0.207039
0.035557,0.274283,-0.206438
0.036689,0.274776,-0.203477
0.036598,0.270330,-0.203990
0.039817,0.274682,-0.202739
0.040223,0.273575,-0.201674
0.040679,0.271880,-0.202076
0.045242,0.272566,-0.198465
0.044355,0.273105,-0.198589
0.044507,0.273413,-0.198633
0.045909,0.273370,-0.195245
0.046729,0.271962,-0.196580
0.048391,0.270959,-0.194040
0.051062,0.271811,-0.193067
0.051922,0.272865,-0.194353
0.051964,0.272231,-0.193123
0.055938,0.271947,-0.191201
0.056788,0.271312,-0.189788
0.058027,0.272021,-0.190457
0.061570,0.269705,-0.189424
0.061128,0.271040,-0.186494
0.063998,0.271271,-0.185576
0.063798,0.271697,-0.185422
0.066441,0.272264,-0.185480
0.067761,0.269158,-0.184022
0.068859,0.269068,-0.183684
0.067951,0.272561,-0.183496
0.070422,0.272447,-0.181192
0.072553,0.271015,-0.184015
0.072944,0.271901,-0.183432
0.075244,0.271095,-0.181796
0.075734,0.269338,-0.182015
0.079759,0.270626,-0.180899
0.078874,0.270517,-0.180769
0.079032,0.269654,-0.178063
0.081761,0.271213,-0.179064
0.083068,0.268999,-0.178063
0.083429,0.271096,-0.178492
0.087123,0.269365,-0.179787
0.086576,0.271053,-0.178945
0.090342,0.272330,-0.179365
0.092497,0.270321,-0.175508
0.092120,0.270102,-0.178510
0.094769,0.272468,-0.176541
0.093751,0.270764,-0.177803
0.094211,0.272332,-0.178221
0.098294,0.271554,-0.177463
0.099002,0.270207,-0.178143
0.101898,0.271357,-0.174843
0.101649,0.270770,-0.178003
0.105516,0.271770,-0.177076
0.105249,0.271367,-0.176670
0.107977,0.270269,-0.176434
0.108849,0.271457,-0.175091
0.109863,0.268596,-0.177405
0.111250,0.269577,-0.176161
0.111980,0.269397,-0.176572
0.113902,0.272174,-0.175270
0.113927,0.270433,-0.175140
0.114942,0.271104,-0.178315
0.118474,0.270002,-0.175772
0.118804,0.271070,-0.176019
0.122485,0.271675,-0.175977
0.120632,0.269090,-0.176647
0.123439,0.270847,-0.176177
0.123628,0.270064,-0.177296
0.126200,0.269480,-0.177415
0.129835,0.268840,-0.179361
0.129055,0.268358,-0.177024
0.129889,0.270220,-0.176955
0.130965,0.270685,-0.178350
0.134226,0.271785,-0.180288
0.134896,0.270574,-0.178528
0.136654,0.269845,-0.178058
0.137515,0.270371,-0.177946
0.138608,0.271280,-0.179662
0.140279,0.270588,-0.179226
0.141384,0.272749,-0.180478
0.141222,0.270427,-0.182287
0.144437,0.271575,-0.181371
0.145269,0.271452,-0.180582
0.148321,0.270717,-0.182449
0.149262,0.270155,-0.184621
0.151342,0.270727,-0.183518
0.150341,0.268159,-0.185024
0.152863,0.270778,-0.184204
0.154889,0.270092,-0.184379
0.154385,0.271640,-0.183406
0.159880,0.271713,-0.184155
0.159233,0.270990,-0.186716
0.159566,0.270839,-0.185171
0.160608,0.273328,-0.187101
0.163041,0.270585,-0.187612
0.164209,0.270328,-0.187969
0.166497,0.270406,-0.189994
0.168148,0.271694,-0.188818
0.168021,0.271965,-0.189040
0.170313,0.271425,-0.191432
0.173971,0.271242,-0.190074
0.172979,0.272258,-0.189245
0.176070,0.271763,-0.192000
0.176554,0.272902,-0.191059
0.176266,0.273899,-0.192184
0.179328,0.270764,-0.192397
0.183104,0.271812,-0.193955
0.182931,0.273837,-0.192040
0.183158,0.272712,-0.192585
0.184365,0.271850,-0.195602
0.185766,0.271937,-0.196047
0.187584,0.273627,-0.198045
0.188651,0.270569,-0.196154
0.191616,0.272266,-0.197359
0.191681,0.272446,-0.197854
0.194886,0.273308,-0.197003
0.195810,0.272276,-0.198951
0.194250,0.272210,-0.197507
0.198346,0.273588,-0.197523
0.199508,0.272504,-0.199504
0.200564,0.272628,-0.199252
0.202749,0.272403,-0.200728
0.202893,0.273866,-0.198787
0.206262,0.271364,-0.202858
0.206269,0.273018,-0.199602
0.207278,0.273700,-0.201959
0.210125,0.273398,-0.202325
0.211408,0.274054,-0.202257
0.212601,0.273473,-0.202864
0.211448,0.273166,-0.201314
0.213568,0.273043,-0.204599
0.215832,0.272479,-0.202929
0.217753,0.273259,-0.202882
0.219363,0.274144,-0.203327
0.221006,0.273114,-0.204520
0.221450,0.272961,-0.202505
0.222991,0.273039,-0.203658
0.225456,0.273265,-0.202684
0.225791,0.273993,-0.203176
0.230549,0.273130,-0.203563
0.229321,0.273248,-0.204442
0.230434,0.271753,-0.204357
0.232253,0.273102,-0.203938
0.234678,0.273497,-0.204488
0.235900,0.273161,-0.205542
0.236933,0.272202,-0.202641
0.238109,0.273241,-0.204361
0.239066,0.271851,-0.202862
0.240545,0.272888,-0.202635
0.242626,0.273488,-0.204335
0.244167,0.274475,-0.212622
0.246077,0.274432,-0.219517
0.246826,0.276575,-0.228410
0.250306,0.276331,-0.236368
0.250417,0.276663,-0.245133
0.255969,0.277040,-0.250068
0.257037,0.277634,-0.261689
0.256380,0.277962,-0.267736
0.259613,0.278502,-0.276323
-0.035217,0.280824,-0.251835
-0.035708,0.279030,-0.249049
-0.032675,0.279846,-0.250749
-0.031317,0.279907,-0.249630
-0.029688,0.278786,-0.249724
-0.029222,0.280710,-0.247653
-0.025603,0.279520,-0.245941
-0.025246,0.279169,-0.247016
-0.022942,0.281349,-0.245021
-0.023047,0.278751,-0.244333
-0.020630,0.280195,-0.242864
-0.020403,0.278835,-0.243216
-0.019283,0.277665,-0.242531
-0.016029,0.278799,-0.242013
-0.016044,0.277023,-0.240542
-0.014167,0.279050,-0.240045
-0.014821,0.277448,-0.239746
-0.009889,0.277419,-0.238213
-0.009250,0.277912,-0.237928
-0.008688,0.277684,-0.238328
-0.006257,0.280560,-0.235816
-0.005437,0.277151,-0.235504
-0.003799,0.276909,-0.235116
-0.000905,0.277463,-0.234027
-0.000615,0.276207,-0.233151
-0.000443,0.277678,-0.229517
0.002412,0.276549,-0.230723
0.004715,0.277356,-0.227632
0.002382,0.277606,-0.228487
0.006517,0.276745,-0.228100
0.007857,0.277681,-0.226080
0.011218,0.276413,-0.223748
0.011370,0.277101,-0.223309
0.013236,0.275460,-0.221993
0.013907,0.276970,-0.223174
0.015170,0.275129,-0.220708
0.016598,0.278362,-0.218105
0.019534,0.277052,-0.220162
0.019550,0.276692,-0.216717
0.020805,0.276260,-0.216313
0.022201,0.276604,-0.216623
0.023311,0.275808,-0.215067
0.025521,0.274355,-0.215140
0.026612,0.274839,-0.214001
0.028152,0.275271,-0.210975
0.029889,0.275494,-0.212229
0.030088,0.276522,-0.209098
0.031613,0.273645,-0.208601
0.035149,0.275270,-0.208599
0.034777,0.274717,-0.208814
0.035783,0.273840,-0.205324
0.038973,0.275916,-0.202938
0.039462,0.276109,-0.201994
0.043941,0.275462,-0.204278
0.041895,0.273891,-0.200365
0.045063,0.274147,-0.200693
0.044521,0.275284,-0.198046
0.047200,0.275280,-0.198204
0.047620,0.271719,-0.198084
0.049811,0.275525,-0.196403
0.051570,0.274608,-0.197925
0.051594,0.273151,-0.194172
0.054191,0.273654,-0.194339
0.055712,0.275145,-0.192808
0.055013,0.272455,-0.192161
0.058807,0.274324,-0.190856
0.058272,0.270595,-0.190838
0.061746,0.273025,-0.189988
0.062052,0.274247,-0.189325
0.064181,0.274989,-0.188395
0.066623,0.271345,-0.185759
0.065158,0.272124,-0.186594
0.067853,0.272130,-0.185438
0.069788,0.272984,-0.185638
0.068904,0.272428,-0.187099
0.071373,0.272679,-0.184440
0.073711,0.272871,-0.181530
0.075039,0.272691,-0.185042
0.075614,0.273714,-0.183815
0.075600,0.273894,-0.181477
0.080795,0.271834,-0.182241
0.081853,0.272004,-0.180714
0.081338,0.271820,-0.180682
0.082473,0.273697,-0.180990
0.084910,0.272244,-0.179448
0.086582,0.271650,-0.178701
0.088601,0.272454,-0.179578
0.088792,0.273548,-0.180457
0.089792,0.272232,-0.180468
0.093080,0.271549,-0.180381
0.092526,0.271757,-0.178508
0.093034,0.273160,-0.178111
0.096754,0.272430,-0.180512
0.097723,0.272070,-0.177670
0.100711,0.271253,-0.176972
0.100902,0.270504,-0.178067
0.101616,0.271435,-0.177575
0.102572,0.273967,-0.178750
0.102672,0.272474,-0.176775
0.105140,0.273104,-0.176911
0.107050,0.271121,-0.176672
0.108636,0.273227,-0.177314
0.108917,0.271815,-0.175283
0.110940,0.272503,-0.176578
0.112629,0.272977,-0.177176
0.114479,0.271364,-0.176699
0.116593,0.270893,-0.177920
0.116670,0.273393,-0.177607
0.117736,0.272749,-0.178343
0.119943,0.271441,-0.178981
0.123258,0.271684,-0.177338
0.123623,0.273928,-0.178404
0.123298,0.270161,-0.177383
0.126514,0.269461,-0.176404
0.125265,0.271622,-0.178224
0.131529,0.271774,-0.176737
0.129327,0.270226,-0.178819
0.133881,0.272966,-0.179652
0.132607,0.271423,-0.177979
0.136884,0.273242,-0.179116
0.135469,0.270560,-0.180044
0.139176,0.273330,-0.180435
0.137899,0.272027,-0.181406
0.138977,0.272023,-0.182135
0.143109,0.270958,-0.181718
0.142345,0.274755,-0.181609
0.143149,0.273264,-0.182700
0.144384,0.270253,-0.182283
0.147665,0.272401,-0.183534
0.148874,0.273547,-0.184569
0.150271,0.273279,-0.184696
0.152404,0.273416,-0.185201
0.153347,0.274674,-0.184904
0.152734,0.271690,-0.187579
0.154330,0.271325,-0.185087
0.157538,0.274343,-0.185272
0.158524,0.271331,-0.185325
0.157973,0.271587,-0.186576
0.162656,0.272478,-0.187126
0.162308,0.273599,-0.188419
0.164075,0.272337,-0.188254
0.167068,0.274156,-0.189544
0.169189,0.274875,-0.191224
0.169637,0.273489,-0.190457
0.171157,0.272875,-0.190381
0.170917,0.273267,-0.191258
0.173892,0.273671,-0.191645
0.174436,0.274955,-0.192050
0.175325,0.274110,-0.194764
0.178408,0.273927,-0.192287
0.179119,0.273156,-0.192937
0.181020,0.273688,-0.194362
0.180360,0.273912,-0.194991
0.181751,0.274952,-0.196051
0.186268,0.275288,-0.196942
0.186813,0.275608,-0.196117
0.187485,0.273615,-0.197050
0.190037,0.276591,-0.198276
0.190722,0.272605,-0.196694
0.191852,0.273966,-0.199801
0.193173,0.275866,-0.197844
0.195273,0.275475,-0.199538
0.197302,0.271901,-0.199851
0.198895,0.276006,-0.198809
0.199890,0.274156,-0.198872
0.198832,0.275732,-0.202231
0.200876,0.275550,-0.201367
0.202811,0.275417,-0.201355
0.206680,0.274368,-0.202508
0.207628,0.274788,-0.201429
0.207320,0.276936,-0.202639
0.210372,0.273365,-0.202426
0.213060,0.275442,-0.203539
0.213114,0.274230,-0.204358
0.212949,0.273559,-0.204151
0.215594,0.272629,-0.204169
0.217217,0.276228,-0.204602
0.217003,0.275929,-0.203987
0.219717,0.275393,-0.204120
0.219553,0.274436,-0.204233
0.222007,0.274604,-0.203142
0.223242,0.275419,-0.204966
0.226369,0.273606,-0.204694
0.226610,0.274072,-0.203237
0.227947,0.276594,-0.204407
0.228943,0.275105,-0.204176
0.230101,0.275174,-0.204885
0.231117,0.275006,-0.205309
0.234232,0.274388,-0.205359
0.234367,0.275807,-0.204852
0.237262,0.274577,-0.206077
0.238974,0.274637,-0.204649
0.239905,0.273402,-0.207127
0.241779,0.275810,-0.205507
0.238876,0.275683,-0.203692
0.244873,0.275657,-0.211193
0.246722,0.275305,-0.217567
0.248406,0.275979,-0.228459
0.250664,0.279127,-0.234855
0.251658,0.278759,-0.241013
0.253452,0.279287,-0.250122
0.257616,0.278974,-0.257522
0.257856,0.280568,-0.267365
0.259229,0.282419,-0.275905
-0.034198,0.282198,-0.252629
-0.034099,0.281300,-0.253258
-0.032725,0.281342,-0.252573
-0.031565,0.282117,-0.248813
-0.029903,0.279849,-0.250939
-0.027872,0.281459,-0.248343
-0.027283,0.283395,-0.247693
-0.024101,0.282260,-0.248260
-0.024195,0.281553,-0.245543
-0.022341,0.281022,-0.243460
-0.023144,0.281228,-0.247022
-0.019201,0.282399,-0.245496
-0.018142,0.280933,-0.243940
-0.016174,0.278683,-0.244990
-0.015619,0.282578,-0.242515
-0.013637,0.282117,-0.241646
-0.011143,0.280186,-0.242034
-0.013479,0.280839,-0.242498
-0.008746,0.281297,-0.239712
-0.008370,0.280846,-0.239092
-0.005696,0.279026,-0.237155
-0.005894,0.278898,-0.236654
-0.003702,0.278108,-0.236501
-0.001328,0.277976,-0.235249
0.000983,0.276879,-0.234431
0.001426,0.279330,-0.235399
0.002091,0.282599,-0.232944
0.002195,0.278514,-0.229856
0.005614,0.280600,-0.228176
0.005497,0.279684,-0.228691
0.008266,0.276846,-0.228883
0.009942,0.277510,-0.228266
0.011785,0.279693,-0.226587
0.012099,0.276632,-0.225816
0.013418,0.278483,-0.224997
0.016215,0.280307,-0.222963
0.016884,0.277152,-0.222783
0.018829,0.279193,-0.219099
0.019966,0.277044,-0.220622
0.020662,0.276529,-0.217174
0.022330,0.277243,-0.217813
0.023781,0.277130,-0.214482
0.024296,0.277539,-0.216920
0.026137,0.276990,-0.215833
0.027798,0.278305,-0.215106
0.029976,0.276373,-0.210955
0.031190,0.276708,-0.212092
0.032423,0.277066,-0.213026
0.034827,0.278569,-0.210750
0.035823,0.276007,-0.207651
0.036984,0.277565,-0.207390
0.036742,0.276027,-0.207342
0.039914,0.277131,-0.207691
0.043012,0.276015,-0.205100
0.042590,0.276615,-0.204495
0.043525,0.275942,-0.201906
0.045439,0.276402,-0.199892
0.046153,0.275739,-0.200085
0.047658,0.277347,-0.199144
0.049182,0.275799,-0.198557
0.051542,0.275028,-0.196874
0.053519,0.275101,-0.197033
0.053116,0.275622,-0.196121
0.055209,0.276790,-0.194301
0.058033,0.275868,-0.193538
0.057481,0.275644,-0.191428
0.059726,0.276655,-0.190762
0.061325,0.274853,-0.189747
0.063637,0.274288,-0.190059
0.062859,0.274441,-0.189684
0.065547,0.273458,-0.189438
0.067382,0.274787,-0.187610
0.069123,0.275802,-0.186581
0.071077,0.276832,-0.185676
0.070845,0.274637,-0.186674
0.071241,0.274159,-0.184428
0.074655,0.274773,-0.183639
0.076108,0.273198,-0.183757
0.076980,0.272747,-0.184003
0.078558,0.273859,-0.183293
0.079110,0.274542,-0.184319
0.081405,0.273448,-0.180946
0.082781,0.273913,-0.181989
0.082443,0.272827,-0.181182
0.084920,0.275042,-0.181295
0.085877,0.273826,-0.181909
0.086627,0.272587,-0.181205
0.088889,0.273528,-0.181271
0.089077,0.275731,-0.179753
0.094231,0.275603,-0.181791
0.092396,0.273689,-0.181469
0.094703,0.273691,-0.179610
0.097950,0.274074,-0.180713
0.097777,0.274737,-0.178608
0.098947,0.275010,-0.179496
0.100636,0.274925,-0.182256
0.101871,0.273607,-0.178663
0.103893,0.275417,-0.179530
0.104800,0.273918,-0.178920
0.105235,0.274498,-0.178831
0.106407,0.274522,-0.179278
0.110389,0.273017,-0.179403
0.109958,0.272045,-0.180304
0.112470,0.275511,-0.178692
0.111144,0.272585,-0.178832
0.116146,0.273737,-0.176851
0.117800,0.274319,-0.176703
0.118209,0.273490,-0.177888
0.120989,0.272798,-0.178788
0.120254,0.274298,-0.177281
0.123436,0.274288,-0.179530
0.121793,0.273709,-0.179601
0.124813,0.273254,-0.179464
0.126335,0.274465,-0.180130
0.128500,0.272456,-0.179171
0.130020,0.274897,-0.179789
0.129761,0.274621,-0.181047
0.129502,0.271130,-0.181696
0.133363,0.273983,-0.179538
0.134111,0.273693,-0.178968
0.135794,0.272914,-0.181590
0.136859,0.274803,-0.182718
0.139050,0.274273,-0.181235
0.139035,0.275294,-0.183150
0.140805,0.273772,-0.183681
0.143292,0.272663,-0.183491
0.146640,0.275997,-0.183731
0.144463,0.274038,-0.183578
0.147861,0.274907,-0.185340
0.150167,0.272542,-0.185315
0.150257,0.275507,-0.185235
0.153049,0.275345,-0.185935
0.153365,0.273216,-0.184525
0.155486,0.273675,-0.187959
0.156250,0.274719,-0.188733
0.158013,0.274197,-0.186199
0.158952,0.274519,-0.187597
0.161090,0.274579,-0.188120
0.161175,0.275276,-0.188850
0.162450,0.274170,-0.187214
0.166246,0.275544,-0.191446
0.165839,0.275517,-0.189782
0.168475,0.276321,-0.190299
0.168780,0.275135,-0.192105
0.170078,0.273966,-0.191268
0.171747,0.276062,-0.191115
0.174428,0.274876,-0.192982
0.174767,0.276567,-0.194526
0.175093,0.276088,-0.193422
0.177136,0.275906,-0.194120
0.177632,0.275342,-0.194826
0.179361,0.275834,-0.195335
0.182478,0.274887,-0.195368
0.182832,0.275790,-0.197252
0.185630,0.275289,-0.197183
0.186807,0.276223,-0.196171
0.186716,0.275942,-0.196625
0.189689,0.275589,-0.198276
0.189511,0.275103,-0.198539
0.191849,0.276316,-0.200373
0.193646,0.276674,-0.199459
0.196459,0.276461,-0.199034
0.197650,0.276221,-0.199671
0.197953,0.277432,-0.200765
0.199909,0.277228,-0.202273
0.199876,0.275562,-0.202512
0.201018,0.275886,-0.203144
0.203261,0.274153,-0.203185
0.206667,0.275344,-0.203991
0.206513,0.277792,-0.203093
0.209479,0.277251,-0.202498
0.208387,0.275536,-0.204566
0.211480,0.276456,-0.205025
0.213578,0.275171,-0.205098
0.214049,0.277402,-0.204208
0.214142,0.275427,-0.205492
0.215491,0.276521,-0.206524
0.218299,0.278545,-0.205338
0.219762,0.276826,-0.205340
0.220109,0.275942,-0.206395
0.221769,0.277780,-0.207713
0.222971,0.277638,-0.206734
0.225374,0.276950,-0.205998
0.225135,0.277717,-0.206312
0.227801,0.276204,-0.205538
0.229754,0.275163,-0.208093
0.231316,0.278474,-0.206329
0.232117,0.277973,-0.204870
0.232927,0.276831,-0.203734
0.236893,0.276177,-0.206596
0.238521,0.277363,-0.207015
0.238246,0.278255,-0.206683
0.238610,0.277050,-0.208379
0.243633,0.276448,-0.205288
0.241161,0.277977,-0.205902
0.244188,0.276729,-0.210923
0.246346,0.279912,-0.218416
0.247623,0.277223,-0.226281
0.248220,0.278840,-0.233825
0.251297,0.282466,-0.243459
0.253534,0.281567,-0.247221
0.255256,0.282175,-0.256645
0.258530,0.284652,-0.266336
0.262396,0.283440,-0.273145
-0.036144,0.283498,-0.254183
-0.033639,0.283233,-0.252871
-0.034242,0.281609,-0.252807
-0.031863,0.284189,-0.254161
-0.029660,0.280238,-0.251340
-0.027811,0.282572,-0.249444
-0.026698,0.281176,-0.250456
-0.026304,0.280393,-0.250443
-0.024476,0.284272,-0.247414
-0.021166,0.281860,-0.248347
-0.020528,0.282846,-0.248587
-0.017512,0.281754,-0.245911
-0.015859,0.282205,-0.246281
-0.015577,0.283113,-0.242530
-0.016457,0.283283,-0.243095
-0.015645,0.284212,-0.244190
-0.012521,0.281755,-0.244004
-0.011811,0.282612,-0.242078
-0.009530,0.282692,-0.241197
-0.007533,0.282337,-0.242197
-0.007285,0.279964,-0.239433
-0.004612,0.281073,-0.238010
-0.002834,0.281667,-0.237776
-0.002743,0.282552,-0.235165
-0.001144,0.281169,-0.234014
0.002727,0.281701,-0.232567
0.001650,0.282659,-0.233994
0.003719,0.281320,-0.233961
0.005337,0.281873,-0.230977
0.006053,0.281174,-0.231358
0.007903,0.281133,-0.230091
0.007840,0.279891,-0.227996
0.010832,0.279456,-0.228685
0.011812,0.280379,-0.227693
0.014252,0.280898,-0.227340
0.013101,0.280870,-0.224316
0.015457,0.279919,-0.223029
0.016142,0.278666,-0.224005
0.018835,0.280276,-0.221435
0.021563,0.279910,-0.222374
0.022083,0.280723,-0.220162
0.025083,0.279948,-0.219195
0.026717,0.280039,-0.218843
0.026616,0.281307,-0.216325
0.027486,0.278803,-0.216499
0.028224,0.280242,-0.216062
0.030802,0.280497,-0.212750
0.030817,0.278804,-0.212593
0.035712,0.279504,-0.209751
0.034981,0.279550,-0.210533
0.036933,0.279035,-0.210513
0.038158,0.279081,-0.207781
0.040721,0.278780,-0.209488
0.040718,0.280249,-0.207652
0.040866,0.278651,-0.206258
0.044525,0.278446,-0.205462
0.045245,0.277085,-0.203324
0.048413,0.277191,-0.202205
0.049100,0.277061,-0.200434
0.049230,0.278537,-0.202016
0.051885,0.277326,-0.200296
0.051936,0.278858,-0.197962
0.054069,0.277112,-0.194785
0.054711,0.277242,-0.198201
0.058151,0.277868,-0.196962
0.059383,0.277072,-0.196945
0.060386,0.277718,-0.194340
0.061148,0.276136,-0.193609
0.062145,0.277252,-0.193729
0.063496,0.277709,-0.192589
0.064199,0.278555,-0.190717
0.066969,0.275372,-0.189176
0.069565,0.275422,-0.189674
0.070547,0.277319,-0.189956
0.071224,0.274920,-0.188274
0.072217,0.275833,-0.187861
0.072508,0.275251,-0.187464
0.074740,0.275855,-0.187997
0.075864,0.278966,-0.186410
0.078696,0.277612,-0.183504
0.078794,0.276226,-0.184305
0.079679,0.275939,-0.183079
0.083724,0.275042,-0.184135
0.084845,0.275401,-0.183097
0.085997,0.277626,-0.183432
0.086976,0.276241,-0.183890
0.087258,0.275495,-0.183251
0.089102,0.275850,-0.184611
0.091916,0.276574,-0.184348
0.093177,0.275951,-0.182789
0.092402,0.277852,-0.183536
0.094708,0.275173,-0.180714
0.096811,0.275258,-0.182390
0.098114,0.275368,-0.180481
0.100665,0.276935,-0.179542
0.101219,0.275337,-0.181839
0.102720,0.276817,-0.180877
0.103025,0.274462,-0.181724
0.104702,0.273540,-0.180534
0.104165,0.275013,-0.180505
0.108520,0.276262,-0.180538
0.110188,0.275437,-0.180563
0.110834,0.275804,-0.180072
0.113644,0.276261,-0.181056
0.114636,0.278084,-0.179819
0.115734,0.275498,-0.179989
0.116431,0.276359,-0.180342
0.117900,0.275311,-0.180082
0.119630,0.274875,-0.180236
0.119101,0.274236,-0.180745
0.123239,0.276181,-0.182033
0.124231,0.276659,-0.180732
0.123317,0.275238,-0.180120
0.126285,0.277165,-0.181772
0.127114,0.275172,-0.181995
0.129696,0.277483,-0.181336
0.132182,0.276950,-0.180252
0.131962,0.275541,-0.181937
0.133951,0.275992,-0.183194
0.135530,0.275828,-0.183318
0.136409,0.276847,-0.182980
0.138731,0.274245,-0.183350
0.138960,0.276852,-0.182836
0.139950,0.274152,-0.181636
0.141828,0.276484,-0.184444
0.143651,0.274758,-0.184612
0.144055,0.278257,-0.183797
0.144617,0.276109,-0.186541
0.147384,0.274096,-0.184425
0.147886,0.277765,-0.185441
0.149775,0.276877,-0.185404
0.153457,0.276086,-0.185600
0.152725,0.277514,-0.185461
0.154904,0.275021,-0.186574
0.156605,0.278452,-0.188775
0.157092,0.275835,-0.188457
0.158925,0.276420,-0.188326
0.159564,0.276894,-0.190265
0.162508,0.275759,-0.189465
0.162698,0.277664,-0.189505
0.163501,0.275539,-0.188956
0.167288,0.275775,-0.191078
0.167755,0.277591,-0.192358
0.168431,0.277570,-0.191654
0.169054,0.276143,-0.193793
0.171593,0.276269,-0.192055
0.175754,0.278217,-0.195159
0.173930,0.275421,-0.195648
0.178048,0.277242,-0.195586
0.178568,0.277285,-0.194623
0.179863,0.277135,-0.196263
0.180881,0.277521,-0.196816
0.181493,0.276069,-0.196966
0.185190,0.274975,-0.197926
0.185970,0.277516,-0.197497
0.184424,0.277777,-0.196446
0.189848,0.277824,-0.197900
0.187647,0.277604,-0.199244
0.189655,0.279376,-0.201331
0.190085,0.278776,-0.200868
0.193049,0.277678,-0.199879
0.193751,0.276422,-0.202320
0.197198,0.278566,-0.201030
0.196963,0.278529,-0.202170
0.196787,0.276808,-0.202231
0.202599,0.276981,-0.202608
0.202604,0.279892,-0.204097
0.202262,0.278411,-0.205101
0.204698,0.277662,-0.206496
0.206279,0.278736,-0.204261
0.207972,0.277274,-0.204380
0.210109,0.278073,-0.205267
0.210711,0.279244,-0.204399
0.212418,0.278951,-0.205936
0.215255,0.279991,-0.206087
0.215888,0.278027,-0.207725
0.216070,0.279512,-0.207139
0.219196,0.277317,-0.206992
0.220414,0.279104,-0.205138
0.221475,0.279628,-0.207330
0.222076,0.278129,-0.206991
0.223546,0.279887,-0.207948
0.226029,0.278640,-0.207988
0.225739,0.277315,-0.206893
0.227556,0.278685,-0.209082
0.229795,0.279067,-0.207882
0.229983,0.278180,-0.207535
0.231482,0.277940,-0.207267
0.234529,0.279012,-0.205614
0.236348,0.278550,-0.207165
0.234495,0.280000,-0.208311
0.239279,0.279492,-0.205491
0.237097,0.277193,-0.206704
0.240212,0.278848,-0.206363
0.240782,0.278403,-0.205852
0.244372,0.278674,-0.209382
0.245607,0.280347,-0.217300
0.249089,0.281494,-0.225738
0.250815,0.280425,-0.231644
0.250591,0.281340,-0.242120
0.253403,0.282225,-0.249202
0.256013,0.281829,-0.255788
0.257958,0.283486,-0.263833
0.258876,0.286787,-0.271889
-0.034186,0.283902,-0.252580
-0.031400,0.285157,-0.253909
-0.031710,0.283155,-0.252867
-0.030418,0.283845,-0.250562
-0.027895,0.283568,-0.251944
-0.028451,0.285002,-0.251182
-0.025931,0.285485,-0.251149
-0.024586,0.285198,-0.251168
-0.021932,0.284926,-0.249410
-0.021662,0.282999,-0.248635
-0.021217,0.284916,-0.247909
-0.018219,0.286042,-0.248170
-0.017593,0.283618,-0.246284
-0.015021,0.283554,-0.244987
-0.012324,0.283649,-0.243903
-0.011099,0.283032,-0.245110
-0.010646,0.283330,-0.244937
-0.009499,0.284118,-0.241628
-0.007512,0.284427,-0.242258
-0.007363,0.284609,-0.241518
-0.005646,0.282622,-0.240185
-0.004363,0.284004,-0.239753
-0.003054,0.283054,-0.236947
-0.002251,0.283354,-0.236157
0.000337,0.284589,-0.236591
0.001646,0.281944,-0.234641
0.002973,0.282350,-0.235371
0.005786,0.282516,-0.234428
0.005693,0.283284,-0.233745
0.007968,0.282434,-0.231516
0.009316,0.283197,-0.231165
0.011580,0.282674,-0.230179
0.011467,0.283497,-0.229681
0.013274,0.282873,-0.228141
0.014565,0.282995,-0.228553
0.015429,0.281686,-0.226724
0.017921,0.282079,-0.224106
0.018832,0.281894,-0.223129
0.021850,0.279660,-0.224346
0.023319,0.282632,-0.221141
0.023945,0.281543,-0.219603
0.025662,0.281917,-0.219351
0.025172,0.279693,-0.218396
0.029263,0.281362,-0.218589
0.029644,0.281226,-0.218831
0.032386,0.279805,-0.215770
0.030481,0.281594,-0.214493
0.036275,0.278744,-0.214254
0.035883,0.281457,-0.212693
0.037375,0.280539,-0.212267
0.036916,0.279410,-0.211509
0.038581,0.279500,-0.209238
0.042351,0.279472,-0.208322
0.042813,0.277735,-0.207466
0.042450,0.280279,-0.206761
0.045806,0.281602,-0.204993
0.047888,0.281102,-0.203438
0.048967,0.280125,-0.203834
0.050550,0.279773,-0.202681
0.049990,0.278863,-0.202220
0.052623,0.277768,-0.201071
0.056432,0.279380,-0.201053
0.051876,0.279505,-0.198577
0.057837,0.278501,-0.197794
0.057964,0.280213,-0.197153
0.059315,0.279004,-0.195594
0.060226,0.279207,-0.195445
0.061280,0.279434,-0.193581
0.063706,0.278484,-0.192815
0.067073,0.277677,-0.192184
0.064689,0.278601,-0.191667
0.066088,0.278063,-0.190774
0.069130,0.278548,-0.189886
0.068764,0.276160,-0.190718
0.074274,0.277905,-0.188769
0.075223,0.278427,-0.187070
0.076292,0.278609,-0.187737
0.075147,0.276094,-0.186583
0.077417,0.278451,-0.187582
0.078516,0.275590,-0.186526
0.081429,0.277041,-0.184845
0.083999,0.278547,-0.184811
0.085450,0.280847,-0.183888
0.085225,0.278153,-0.184056
0.087796,0.277346,-0.183748
0.089956,0.277748,-0.186161
0.088862,0.277048,-0.184705
0.091486,0.280353,-0.184519
0.093164,0.276549,-0.183352
0.092571,0.276778,-0.185625
0.095028,0.277631,-0.183362
0.093987,0.277256,-0.184718
0.097438,0.277754,-0.182535
0.097515,0.278065,-0.182801
0.100093,0.276320,-0.184547
0.103806,0.277472,-0.182947
0.103190,0.276135,-0.182426
0.105084,0.278284,-0.181788
0.105702,0.276565,-0.181876
0.106230,0.277954,-0.181631
0.109395,0.278079,-0.180972
0.108789,0.276910,-0.183479
0.111816,0.277518,-0.180845
0.112992,0.276658,-0.181150
0.115474,0.277939,-0.180990
0.116594,0.276479,-0.182164
0.117913,0.277758,-0.182561
0.120519,0.279115,-0.181985
0.121150,0.279054,-0.182101
0.123245,0.278455,-0.184064
0.124037,0.277923,-0.181889
0.124176,0.277160,-0.181248
0.127714,0.280645,-0.182548
0.129255,0.278346,-0.183502
0.129159,0.277271,-0.181208
0.128093,0.278475,-0.183528
0.131349,0.278030,-0.184237
0.133539,0.277339,-0.184096
0.134659,0.278113,-0.182768
0.135438,0.278145,-0.185311
0.138391,0.278054,-0.184212
0.140643,0.276571,-0.185003
0.139908,0.277433,-0.185271
0.139981,0.276846,-0.185893
0.143335,0.278403,-0.183212
0.143840,0.275816,-0.185770
0.146716,0.276660,-0.185261
0.148970,0.277538,-0.186009
0.149225,0.277380,-0.186713
0.151153,0.278656,-0.189048
0.153584,0.278639,-0.187584
0.153795,0.279877,-0.189281
0.154289,0.277967,-0.187330
0.155938,0.279512,-0.188011
0.157221,0.278266,-0.189679
0.159090,0.278076,-0.191289
0.158923,0.280842,-0.192535
0.162790,0.279651,-0.190856
0.164448,0.279178,-0.192059
0.164394,0.278849,-0.191825
0.167839,0.278537,-0.193714
0.166942,0.279051,-0.193966
0.170172,0.278485,-0.193954
0.171065,0.279791,-0.194153
0.170633,0.278952,-0.193752
0.173560,0.278490,-0.194016
0.175430,0.278000,-0.194863
0.175886,0.278511,-0.195462
0.177876,0.277256,-0.196217
0.180941,0.281079,-0.197447
0.181752,0.280361,-0.198071
0.183613,0.278544,-0.197856
0.184636,0.277550,-0.198140
0.185527,0.280031,-0.199114
0.186217,0.279332,-0.200484
0.187093,0.278207,-0.201712
0.190826,0.280842,-0.202093
0.191285,0.279566,-0.202026
0.191989,0.279640,-0.200899
0.194246,0.280380,-0.201032
0.196401,0.278391,-0.203727
0.198217,0.278611,-0.201330
0.198615,0.281157,-0.202881
0.199595,0.281662,-0.202274
0.201276,0.280647,-0.205811
0.202104,0.280373,-0.205108
0.202197,0.278156,-0.204592
0.203227,0.280276,-0.204773
0.206557,0.281197,-0.206399
0.208200,0.280394,-0.206654
0.210433,0.280674,-0.206125
0.210536,0.279681,-0.205335
0.211877,0.280080,-0.207507
0.214930,0.278363,-0.207939
0.214650,0.280070,-0.208641
0.215183,0.278778,-0.207679
0.217054,0.279989,-0.209697
0.220369,0.278635,-0.209276
0.221066,0.280747,-0.207637
0.222752,0.279937,-0.208942
0.226509,0.281659,-0.209110
0.223626,0.280018,-0.211665
0.228299,0.280970,-0.206703
0.227369,0.278486,-0.209806
0.231388,0.280640,-0.209297
0.229827,0.282291,-0.207357
0.231511,0.278917,-0.208158
0.233066,0.279360,-0.208190
0.236167,0.279943,-0.208475
0.237549,0.281913,-0.208083
0.238614,0.281611,-0.208028
0.240977,0.279954,-0.208497
0.240823,0.280858,-0.209012
0.240975,0.281151,-0.205735
0.243376,0.278656,-0.206839
0.245662,0.281055,-0.215890
0.245981,0.282389,-0.225246
0.249541,0.283185,-0.231279
0.251940,0.282725,-0.240614
0.252758,0.283392,-0.245665
0.255695,0.285911,-0.255396
0.258133,0.283219,-0.262214
0.260505,0.287302,-0.269353
-0.033415,0.287074,-0.255648
-0.031687,0.286195,-0.254801
-0.031048,0.287502,-0.254110
-0.030334,0.284422,-0.252586
-0.029942,0.286205,-0.254093
-0.027104,0.286935,-0.253088
-0.025173,0.286478,-0.251610
-0.025661,0.286083,-0.249832
-0.021168,0.287338,-0.250679
-0.020635,0.283921,-0.250288
-0.018597,0.286105,-0.245884
-0.018574,0.285697,-0.248709
-0.016340,0.285632,-0.246876
-0.015365,0.285922,-0.246705
-0.015883,0.285187,-0.247753
-0.011724,0.286360,-0.245711
-0.010575,0.286865,-0.245283
-0.011068,0.284132,-0.245738
-0.008852,0.285247,-0.244222
-0.006292,0.284011,-0.242959
-0.004901,0.285291,-0.242420
-0.004911,0.284067,-0.240824
-0.004655,0.286264,-0.242308
-0.000368,0.284710,-0.239736
0.001321,0.283677,-0.238633
0.001352,0.284286,-0.238726
0.004492,0.285529,-0.237515
0.005093,0.284535,-0.235089
0.006028,0.285263,-0.235371
0.006357,0.286789,-0.233460
0.009668,0.285604,-0.232920
0.010410,0.284021,-0.231703
0.011160,0.286077,-0.232459
0.012512,0.282363,-0.231718
0.016187,0.285134,-0.229596
0.017443,0.283670,-0.227993
0.017617,0.285564,-0.228384
0.018773,0.283420,-0.225895
0.021976,0.284141,-0.225148
0.022005,0.284110,-0.223841
0.023648,0.283531,-0.223088
0.025721,0.280588,-0.221286
0.025353,0.284890,-0.221258
0.028075,0.283442,-0.219965
0.029166,0.283740,-0.220028
0.029250,0.284793,-0.219353
0.032825,0.283074,-0.216499
0.032747,0.283439,-0.214096
0.034963,0.283435,-0.214252
0.036985,0.282055,-0.215905
0.037006,0.280995,-0.212705
0.040635,0.282433,-0.212462
0.042172,0.282162,-0.210413
0.041891,0.283146,-0.208812
0.043583,0.282093,-0.207876
0.044286,0.283260,-0.207132
0.045741,0.281730,-0.205157
0.050311,0.280390,-0.205645
0.049446,0.281288,-0.204440
0.051495,0.282345,-0.203426
0.053457,0.281312,-0.203478
0.054511,0.282103,-0.202240
0.055392,0.281891,-0.199887
0.057124,0.280960,-0.199555
0.058773,0.279250,-0.197068
0.059264,0.282355,-0.196966
0.061606,0.282075,-0.197045
0.062730,0.280343,-0.196862
0.063123,0.281273,-0.196252
0.065886,0.280784,-0.192814
0.068225,0.279017,-0.193828
0.067927,0.280935,-0.192340
0.069934,0.280313,-0.190679
0.070450,0.280286,-0.189512
0.072819,0.280744,-0.191154
0.073156,0.280693,-0.190411
0.075199,0.280374,-0.190569
0.076526,0.280557,-0.187124
0.079622,0.278657,-0.188925
0.080919,0.280124,-0.186452
0.080990,0.280297,-0.187289
0.083542,0.280442,-0.185008
0.083748,0.279183,-0.185062
0.083212,0.281194,-0.185613
0.087067,0.280080,-0.186579
0.086852,0.278251,-0.186532
0.089003,0.276483,-0.186773
0.089947,0.280373,-0.184458
0.093272,0.280008,-0.185406
0.094122,0.280247,-0.185920
0.095557,0.278330,-0.184653
0.096323,0.278598,-0.183647
0.096481,0.280578,-0.185793
0.098914,0.279227,-0.187607
0.099564,0.279357,-0.183671
0.101279,0.279566,-0.183957
0.102095,0.280898,-0.185973
0.106140,0.278623,-0.184493
0.108476,0.277853,-0.184351
0.108177,0.279456,-0.183097
0.106886,0.277903,-0.183007
0.110848,0.280640,-0.183303
0.111254,0.280891,-0.182476
0.114005,0.280752,-0.182025
0.115003,0.279880,-0.182695
0.116408,0.279289,-0.184601
0.118110,0.279532,-0.181749
0.120108,0.277341,-0.183791
0.120303,0.279356,-0.183847
0.121818,0.277670,-0.182693
0.122759,0.278865,-0.181960
0.125174,0.278366,-0.183401
0.124571,0.278882,-0.184065
0.128103,0.279207,-0.182501
0.129628,0.279054,-0.184981
0.130866,0.279469,-0.185910
0.132289,0.279433,-0.185266
0.134269,0.279508,-0.184925
0.134724,0.281027,-0.183748
0.137057,0.281147,-0.185682
0.139052,0.278601,-0.187011
0.139545,0.277444,-0.185200
0.141281,0.279253,-0.187958
0.142689,0.280805,-0.187860
0.141554,0.280017,-0.184917
0.143508,0.278299,-0.186113
0.145452,0.280505,-0.187266
0.148237,0.280197,-0.188780
0.149079,0.280163,-0.187511
0.151302,0.280307,-0.189506
0.151432,0.279332,-0.187874
0.152963,0.280405,-0.189125
0.154578,0.279569,-0.189583
0.155957,0.280251,-0.190843
0.157585,0.280343,-0.191084
0.158559,0.278409,-0.193336
0.161262,0.281245,-0.191843
0.161019,0.280566,-0.194782
0.164381,0.278997,-0.193705
0.165184,0.282240,-0.194378
0.166227,0.279737,-0.193270
0.168643,0.279084,-0.195114
0.169989,0.280196,-0.196771
0.169969,0.279035,-0.194250
0.172677,0.279962,-0.196139
0.174437,0.280318,-0.195360
0.174204,0.279395,-0.197247
0.176493,0.283341,-0.197521
0.178469,0.280256,-0.196086
0.180146,0.279956,-0.199148
0.179265,0.282176,-0.197914
0.182843,0.282002,-0.198048
0.184171,0.281050,-0.199436
0.185676,0.281875,-0.201971
0.186413,0.280205,-0.200654
0.189314,0.280431,-0.202220
0.189764,0.279696,-0.203425
0.188647,0.282792,-0.203254
0.192721,0.281749,-0.202519
0.192972,0.282414,-0.204155
0.194914,0.281146,-0.203181
0.196137,0.283272,-0.203694
0.197900,0.281640,-0.204237
0.198309,0.283288,-0.203644
0.201651,0.280870,-0.206992
0.202989,0.282027,-0.205390
0.205014,0.282156,-0.206836
0.205437,0.280949,-0.205062
0.205953,0.282570,-0.207716
0.208501,0.280861,-0.208531
0.209490,0.279318,-0.206687
0.211751,0.281323,-0.207761
0.210947,0.283842,-0.208729
0.214174,0.281870,-0.208275
0.215079,0.282402,-0.208602
0.215718,0.280812,-0.209833
0.218353,0.281468,-0.208169
0.218452,0.282563,-0.206894
0.222068,0.281722,-0.211499
0.222013,0.282017,-0.209829
0.224027,0.281846,-0.210979
0.223782,0.281851,-0.209828
0.228113,0.282059,-0.210606
0.229062,0.282936,-0.208516
0.227256,0.282463,-0.209872
0.231627,0.281870,-0.209615
0.232596,0.283449,-0.208626
0.234126,0.281111,-0.209321
0.236907,0.283677,-0.210282
0.235716,0.283543,-0.208590
0.240961,0.279149,-0.208682
0.240442,0.282176,-0.209331
0.241669,0.282627,-0.209601
0.244856,0.282501,-0.208467
0.242938,0.280730,-0.209258
0.244823,0.283322,-0.212991
0.247119,0.283118,-0.222405
0.250455,0.284609,-0.230061
0.250914,0.285643,-0.238340
0.252638,0.286798,-0.245312
0.256755,0.286662,-0.252994
0.258297,0.287635,-0.262237
0.259955,0.289433,-0.269631
-0.033763,0.289142,-0.256113
-0.033949,0.288771,-0.255358
-0.030988,0.287559,-0.254649
-0.030930,0.289202,-0.253900
-0.028751,0.287865,-0.253055
-0.026086,0.288539,-0.253541
-0.024948,0.287179,-0.252765
-0.023633,0.288181,-0.252585
-0.024606,0.286981,-0.252967
-0.020808,0.287150,-0.252884
-0.018652,0.288456,-0.250708
-0.019087,0.287590,-0.250825
-0.016522,0.287843,-0.249289
-0.017324,0.287791,-0.249736
-0.014494,0.286504,-0.247659
-0.012630,0.288891,-0.245269
-0.010671,0.286546,-0.247993
-0.007658,0.288528,-0.246614
-0.008438,0.286702,-0.245573
-0.006563,0.287056,-0.244963
-0.004811,0.286424,-0.243570
-0.004660,0.288886,-0.242902
-0.002578,0.287424,-0.242668
-0.001056,0.285181,-0.240487
0.000998,0.285142,-0.239395
0.001677,0.287295,-0.242027
0.002833,0.285187,-0.237798
0.005560,0.286165,-0.237935
0.005581,0.285027,-0.238016
0.007314,0.287171,-0.236044
0.011344,0.286318,-0.236725
0.011453,0.285965,-0.235754
0.012706,0.287003,-0.230969
0.012151,0.285214,-0.232338
0.015991,0.286214,-0.229856
0.016117,0.285663,-0.230062
0.018190,0.285206,-0.230001
0.019116,0.285803,-0.227248
0.020222,0.284141,-0.225136
0.021695,0.286132,-0.227399
0.022180,0.285077,-0.223801
0.026119,0.284922,-0.223842
0.027526,0.283508,-0.221634
0.028861,0.286026,-0.221998
0.029588,0.284095,-0.220546
0.032277,0.284773,-0.219441
0.031280,0.283498,-0.219166
0.032268,0.283707,-0.216902
0.036318,0.285718,-0.217675
0.036294,0.285274,-0.214611
0.036977,0.284869,-0.213694
0.039904,0.284649,-0.212995
0.042465,0.282661,-0.212143
0.042684,0.284969,-0.211414
0.042602,0.283665,-0.209591
0.045268,0.283577,-0.207217
0.047175,0.283517,-0.208614
0.050562,0.284385,-0.208133
0.049318,0.284731,-0.204070
0.049343,0.283565,-0.204409
0.051498,0.283832,-0.205707
0.052154,0.282989,-0.202258
0.054844,0.281700,-0.201374
0.057103,0.283108,-0.200410
0.059724,0.282049,-0.199316
0.058712,0.282783,-0.199729
0.063130,0.282131,-0.200247
0.062090,0.282644,-0.196312
0.061572,0.281720,-0.193827
0.064935,0.281266,-0.193873
0.065720,0.282101,-0.196243
0.068637,0.282255,-0.195404
0.069921,0.282508,-0.194302
0.070848,0.283093,-0.192540
0.072359,0.283158,-0.195531
0.075058,0.281645,-0.192044
0.075161,0.281928,-0.190984
0.076551,0.281763,-0.188626
0.077836,0.281648,-0.190750
0.079750,0.280562,-0.189369
0.080592,0.280910,-0.187831
0.081946,0.283529,-0.188145
0.086357,0.281718,-0.189508
0.085277,0.280117,-0.186789
0.087389,0.281293,-0.186941
0.088238,0.282009,-0.189278
0.088367,0.280690,-0.187773
0.089381,0.280910,-0.187514
0.092148,0.282904,-0.187259
0.094692,0.281966,-0.187451
0.093875,0.280531,-0.187527
0.095900,0.281539,-0.187062
0.098082,0.280211,-0.188101
0.100183,0.282415,-0.186207
0.099311,0.281389,-0.184611
0.100816,0.280689,-0.185729
0.104345,0.282102,-0.187237
0.103793,0.280693,-0.186294
0.107519,0.281945,-0.185359
0.107630,0.281479,-0.185741
0.109157,0.281019,-0.183979
0.109741,0.280526,-0.185247
0.111392,0.282503,-0.185611
0.115232,0.280262,-0.183967
0.116617,0.280439,-0.183188
0.116328,0.280986,-0.185175
0.118890,0.280996,-0.186012
0.117635,0.280642,-0.186409
0.119648,0.280177,-0.183158
0.121508,0.280511,-0.185422
0.123032,0.280645,-0.186114
0.125175,0.280712,-0.183511
0.126642,0.280592,-0.189187
0.126281,0.280617,-0.184776
0.130452,0.279729,-0.185308
0.132051,0.281423,-0.185539
0.132877,0.281683,-0.187576
0.135015,0.281241,-0.186476
0.134382,0.280510,-0.186652
0.137630,0.280275,-0.186863
0.136874,0.283144,-0.186827
0.138052,0.280987,-0.188419
0.141700,0.281362,-0.187147
0.141693,0.279425,-0.187234
0.144095,0.280013,-0.188427
0.144671,0.280068,-0.188258
0.145489,0.281019,-0.189956
0.147121,0.280420,-0.187481
0.150042,0.282212,-0.189727
0.151138,0.279333,-0.190050
0.154037,0.282345,-0.190255
0.153613,0.279672,-0.189519
0.154087,0.281694,-0.191972
0.156948,0.281203,-0.191069
0.158361,0.282502,-0.192301
0.160210,0.281263,-0.190755
0.159058,0.283586,-0.191467
0.161923,0.282656,-0.195182
0.164167,0.281773,-0.193531
0.164152,0.283517,-0.195190
0.164716,0.281271,-0.194810
0.167449,0.284153,-0.195418
0.169917,0.281509,-0.195664
0.169142,0.282145,-0.195123
0.174151,0.281714,-0.194802
0.173733,0.283926,-0.197203
0.175985,0.279269,-0.197595
0.176907,0.282096,-0.198640
0.177747,0.280968,-0.199970
0.179565,0.281758,-0.198808
0.179211,0.284061,-0.199369
0.180790,0.281829,-0.201121
0.182913,0.282325,-0.199426
0.184912,0.284190,-0.202110
0.186738,0.282883,-0.201890
0.189075,0.281795,-0.202297
0.188391,0.284679,-0.201863
0.190991,0.283317,-0.205904
0.192318,0.283406,-0.205896
0.194646,0.283800,-0.204212
0.195488,0.281044,-0.206848
0.196367,0.283564,-0.206111
0.199166,0.282914,-0.206727
0.197924,0.282887,-0.205487
0.200162,0.284021,-0.207001
0.201223,0.281710,-0.209537
0.202097,0.285167,-0.209331
0.205478,0.284343,-0.208398
0.206064,0.282816,-0.209086
0.209628,0.283191,-0.209454
0.209585,0.282728,-0.208509
0.211588,0.283907,-0.210467
0.213197,0.284752,-0.208841
0.213181,0.283921,-0.209778
0.214843,0.283121,-0.210039
0.217191,0.283576,-0.211126
0.219074,0.282991,-0.210982
0.219982,0.282959,-0.208434
0.220813,0.283682,-0.210552
0.222074,0.285008,-0.211363
0.226092,0.282747,-0.210929
0.225729,0.284587,-0.211435
0.225782,0.286410,-0.212782
0.227453,0.284212,-0.211683
0.230831,0.283727,-0.211486
0.230599,0.282347,-0.211747
0.233183,0.284382,-0.210966
0.234264,0.283055,-0.213080
0.236349,0.282897,-0.210484
0.236332,0.284350,-0.210726
0.238523,0.285117,-0.211919
0.239243,0.282973,-0.209255
0.242381,0.286188,-0.209397
0.243717,0.283273,-0.210490
0.244524,0.281304,-0.210572
0.244335,0.283897,-0.213882
0.245400,0.284217,-0.220108
0.250409,0.285596,-0.229507
0.251926,0.286357,-0.236247
0.252255,0.286260,-0.246197
0.255946,0.288076,-0.252872
0.257215,0.288121,-0.260743
0.261300,0.290426,-0.269262
-0.034410,0.289861,-0.255893
-0.033132,0.290766,-0.254259
-0.030967,0.291097,-0.256065
-0.030604,0.289477,-0.256373
-0.029538,0.290316,-0.254132
-0.026489,0.288420,-0.253298
-0.025146,0.289181,-0.253552
-0.022568,0.289928,-0.254530
-0.023055,0.289360,-0.253717
-0.024249,0.290567,-0.252422
-0.019931,0.289899,-0.252766
-0.017645,0.289452,-0.250253
-0.017490,0.289767,-0.252283
-0.016416,0.287568,-0.250194
-0.013335,0.289344,-0.250755
-0.012745,0.290133,-0.248444
-0.013328,0.286790,-0.250840
-0.008913,0.288371,-0.247335
-0.010060,0.289773,-0.248321
-0.007525,0.288889,-0.246263
-0.007033,0.288188,-0.245750
-0.002310,0.290485,-0.244178
-0.002202,0.288613,-0.243846
-0.002291,0.289339,-0.244906
0.000964,0.287476,-0.241915
0.002428,0.289969,-0.240337
0.003985,0.288585,-0.238997
0.003442,0.288121,-0.240734
0.005388,0.288351,-0.239411
0.008754,0.289403,-0.238374
0.010137,0.287569,-0.238639
0.009307,0.286717,-0.235775
0.012305,0.288189,-0.234808
0.013277,0.287661,-0.234653
0.017232,0.288516,-0.236118
0.016858,0.286218,-0.232600
0.017736,0.289536,-0.231468
0.020118,0.288620,-0.230836
0.020194,0.287963,-0.228041
0.022583,0.287375,-0.228764
0.023745,0.286019,-0.225430
0.026487,0.288127,-0.225016
0.026393,0.286812,-0.224467
0.028249,0.287463,-0.224958
0.028015,0.286578,-0.224161
0.030657,0.285529,-0.221513
0.032995,0.285742,-0.220602
0.034134,0.286147,-0.219326
0.037385,0.287751,-0.219217
0.038026,0.285132,-0.215207
0.038389,0.286851,-0.215932
0.039561,0.286097,-0.216036
0.039803,0.286796,-0.214826
0.041725,0.283575,-0.214419
0.044151,0.286653,-0.210912
0.045483,0.285681,-0.211522
0.047078,0.285507,-0.209858
0.049407,0.285130,-0.206782
0.048743,0.284485,-0.207096
0.050149,0.284867,-0.207929
0.051873,0.284767,-0.203707
0.053186,0.285807,-0.205074
0.056422,0.285153,-0.204808
0.058003,0.285122,-0.202925
0.058016,0.285175,-0.203515
0.059966,0.284712,-0.201387
0.059469,0.286156,-0.200292
0.062200,0.284289,-0.200464
0.065229,0.285619,-0.200003
0.065177,0.285962,-0.198334
0.068133,0.284476,-0.198564
0.067559,0.284853,-0.196859
0.068388,0.284552,-0.195473
0.070522,0.283447,-0.195420
0.070965,0.282990,-0.193636
0.073136,0.283624,-0.192934
0.075576,0.283035,-0.192468
0.076614,0.282953,-0.191987
0.078296,0.283129,-0.190563
0.081078,0.283166,-0.191993
0.082473,0.283626,-0.190975
0.080636,0.283525,-0.189453
0.082615,0.283277,-0.188885
0.085232,0.283192,-0.189240
0.086596,0.281756,-0.188164
0.090115,0.281551,-0.188516
0.087854,0.282302,-0.187391
0.090842,0.283140,-0.190960
0.091070,0.282218,-0.188362
0.093755,0.284327,-0.187573
0.095716,0.284060,-0.188452
0.096139,0.281720,-0.187051
0.097828,0.282694,-0.186901
0.099690,0.282187,-0.188745
0.099976,0.283748,-0.188309
0.102552,0.282107,-0.188470
0.105094,0.281998,-0.187630
0.105335,0.284457,-0.186908
0.107507,0.284005,-0.187855
0.108981,0.282727,-0.188818
0.111050,0.283962,-0.188891
0.109625,0.282684,-0.185561
0.113089,0.281353,-0.185594
0.112993,0.283288,-0.186714
0.113473,0.282171,-0.186634
0.118359,0.284497,-0.185592
0.118736,0.284936,-0.185362
0.119875,0.283586,-0.186858
0.120434,0.282998,-0.186329
0.121767,0.283399,-0.186220
0.122156,0.282990,-0.185670
0.124656,0.284203,-0.186408
0.127065,0.282731,-0.186503
0.127107,0.284028,-0.187219
0.129202,0.281443,-0.186470
0.128239,0.283213,-0.187337
0.133168,0.282095,-0.187178
0.131727,0.281413,-0.187589
0.132363,0.282280,-0.187322
0.136100,0.281159,-0.188814
0.138179,0.281673,-0.187340
0.139934,0.285568,-0.188251
0.141259,0.283431,-0.188399
0.141973,0.282754,-0.188450
0.142685,0.283235,-0.189937
0.144777,0.283795,-0.188051
0.146535,0.282720,-0.190070
0.148008,0.282327,-0.190789
0.149142,0.281569,-0.191226
0.152115,0.284594,-0.189567
0.152478,0.284221,-0.191765
0.153031,0.282728,-0.192424
0.154726,0.283548,-0.192692
0.154881,0.283631,-0.192909
0.156997,0.283497,-0.192947
0.160422,0.285194,-0.190947
0.158954,0.282358,-0.193941
0.162260,0.283241,-0.194857
0.163468,0.283888,-0.195361
0.163622,0.280946,-0.195443
0.166058,0.284535,-0.197021
0.167776,0.282128,-0.195995
0.169096,0.283361,-0.195560
0.171016,0.284752,-0.197688
0.173662,0.284157,-0.196289
0.172509,0.285269,-0.196395
0.175150,0.282813,-0.199122
0.176848,0.283021,-0.199048
0.175553,0.284899,-0.199921
0.178393,0.284496,-0.198684
0.181695,0.284615,-0.200244
0.179262,0.285211,-0.201768
0.182952,0.282543,-0.202400
0.184061,0.285612,-0.204677
0.188408,0.284879,-0.203541
0.188746,0.285290,-0.206305
0.188363,0.283583,-0.206043
0.190859,0.285310,-0.206104
0.192068,0.285678,-0.205794
0.193581,0.284844,-0.206488
0.194624,0.285303,-0.207394
0.196606,0.283924,-0.208385
0.199457,0.285426,-0.207893
0.199929,0.284689,-0.209822
0.201856,0.285580,-0.207079
0.203009,0.283916,-0.208654
0.204693,0.283187,-0.209556
0.206152,0.285075,-0.211742
0.208399,0.286574,-0.209711
0.207734,0.285855,-0.210218
0.209529,0.285437,-0.210510
0.210915,0.288091,-0.210972
0.212584,0.286769,-0.211301
0.214008,0.284628,-0.210337
0.215625,0.287245,-0.211416
0.217121,0.283647,-0.211428
0.218055,0.285221,-0.213193
0.219479,0.284754,-0.213842
0.221425,0.285364,-0.213452
0.225189,0.283372,-0.213020
0.224424,0.287484,-0.211481
0.224981,0.286514,-0.212892
0.227305,0.286921,-0.211383
0.229080,0.285152,-0.212570
0.229264,0.287755,-0.213291
0.232846,0.287269,-0.213772
0.232281,0.285728,-0.213702
0.235878,0.285537,-0.213024
0.234990,0.285107,-0.213589
0.236756,0.287018,-0.214521
0.236995,0.286150,-0.213334
0.238287,0.285481,-0.209954
0.242791,0.286327,-0.212154
0.241345,0.285785,-0.210916
0.243731,0.285484,-0.213236
0.245247,0.286203,-0.213326
0.247927,0.286115,-0.220384
0.250601,0.288884,-0.227590
0.249870,0.288215,-0.235526
0.253040,0.288869,-0.243845
0.255688,0.289931,-0.250312
0.257979,0.290533,-0.259280
0.259357,0.290577,-0.269339
0.261571,0.290227,-0.276570
-0.034448,0.291211,-0.256480
-0.031563,0.292372,-0.257028
-0.029611,0.290706,-0.255961
-0.028127,0.292093,-0.255751
-0.026149,0.288796,-0.253332
-0.025307,0.291397,-0.254721
-0.024282,0.292258,-0.255762
-0.023039,0.291810,-0.255041
-0.020167,0.291298,-0.254803
-0.019941,0.290943,-0.254023
-0.018195,0.291928,-0.254060
-0.017310,0.293170,-0.252372
-0.015271,0.291659,-0.250338
-0.016172,0.290916,-0.252111
-0.011680,0.291124,-0.250008
-0.010617,0.290957,-0.249491
-0.008580,0.291643,-0.249234
-0.006927,0.290968,-0.248358
-0.007547,0.292199,-0.248124
-0.004230,0.289832,-0.248441
-0.004904,0.291252,-0.247712
-0.003046,0.289587,-0.244060
0.000435,0.292305,-0.244495
-0.001521,0.291555,-0.244590
0.003504,0.288284,-0.241171
0.004902,0.289356,-0.240547
0.004829,0.291373,-0.242317
0.005503,0.290490,-0.241166
0.008308,0.289477,-0.238344
0.008794,0.291138,-0.239368
0.012096,0.289360,-0.235420
0.013167,0.289863,-0.236738
0.013872,0.290025,-0.236620
0.015865,0.287962,-0.236335
0.016491,0.289217,-0.234920
0.017317,0.291168,-0.234407
0.019122,0.290447,-0.233134
0.021038,0.287721,-0.232394
0.022427,0.289932,-0.232652
0.024689,0.289132,-0.229024
0.024619,0.287293,-0.228799
0.027058,0.290486,-0.228540
0.028783,0.288896,-0.226775
0.029336,0.288074,-0.225906
0.031140,0.288882,-0.223394
0.031807,0.287745,-0.222868
0.033335,0.286989,-0.222642
0.036431,0.288144,-0.220204
0.037892,0.286848,-0.218744
0.038826,0.286833,-0.219329
0.037301,0.286908,-0.218732
0.041834,0.286991,-0.217027
0.040200,0.287089,-0.214217
0.044217,0.288224,-0.213738
0.044284,0.288060,-0.212265
0.045832,0.286950,-0.211439
0.048402,0.289640,-0.209254
0.048306,0.287238,-0.208995
0.051876,0.285281,-0.209240
0.051898,0.285424,-0.204998
0.052792,0.286804,-0.207096
0.055232,0.285181,-0.205350
0.056449,0.284585,-0.205730
0.057642,0.287368,-0.204950
0.060880,0.288086,-0.203704
0.061952,0.285373,-0.202082
0.061592,0.283894,-0.200272
0.064550,0.285117,-0.199843
0.065036,0.286319,-0.199488
0.067953,0.286609,-0.198094
0.069436,0.287180,-0.197369
0.071286,0.285469,-0.197077
0.069433,0.286414,-0.196450
0.073953,0.287467,-0.196602
0.073496,0.283341,-0.194115
0.074537,0.286212,-0.195580
0.076019,0.286514,-0.194088
0.078628,0.285456,-0.193940
0.080850,0.285717,-0.192298
0.080816,0.285638,-0.192377
0.083205,0.283585,-0.193952
0.083610,0.284595,-0.190602
0.087014,0.284084,-0.191738
0.086172,0.285682,-0.190444
0.087341,0.283571,-0.190847
0.088634,0.282981,-0.191080
0.091928,0.283997,-0.191021
0.092422,0.284944,-0.189880
0.093120,0.284501,-0.189663
0.095164,0.286132,-0.192433
0.095664,0.284534,-0.190691
0.098574,0.284547,-0.190763
0.098272,0.284889,-0.189024
0.100920,0.285066,-0.189862
0.101996,0.284399,-0.189840
0.103710,0.285410,-0.190331
0.105151,0.285416,-0.189938
0.106647,0.284246,-0.189593
0.109919,0.286138,-0.187675
0.110072,0.285907,-0.186408
0.111040,0.284621,-0.188460
0.111815,0.282755,-0.186943
0.113408,0.284731,-0.187486
0.115513,0.285132,-0.186665
0.118028,0.284130,-0.188046
0.119172,0.286089,-0.189403
0.119371,0.284745,-0.188803
0.120553,0.284276,-0.188818
0.121346,0.284166,-0.187957
0.122448,0.284197,-0.187611
0.125174,0.284799,-0.189578
0.126759,0.282925,-0.186475
0.128086,0.284189,-0.187154
0.129822,0.286045,-0.188552
0.131391,0.285024,-0.187445
0.132066,0.283690,-0.188663
0.132481,0.283768,-0.188491
0.134454,0.284320,-0.188135
0.136817,0.285307,-0.188969
0.135228,0.285286,-0.189766
0.138211,0.284414,-0.187665
0.141530,0.283464,-0.190456
0.142622,0.284058,-0.188803
0.144583,0.286442,-0.189971
0.143988,0.284138,-0.190184
0.147050,0.283077,-0.190894
0.148109,0.285311,-0.190231
0.148848,0.284364,-0.191931
0.149454,0.284250,-0.192652
0.152657,0.285080,-0.189493
0.152833,0.285984,-0.192611
0.153723,0.285809,-0.192849
0.157460,0.285026,-0.193378
0.158066,0.285341,-0.194833
0.158138,0.283704,-0.194689
0.161738,0.283746,-0.193982
0.162834,0.285629,-0.196452
0.164606,0.286133,-0.195045
0.163823,0.286022,-0.196439
0.166890,0.283833,-0.197753
0.165689,0.284629,-0.198112
0.167947,0.285610,-0.196310
0.171543,0.286778,-0.199609
0.172795,0.287380,-0.199384
0.173817,0.287578,-0.201302
0.175165,0.285032,-0.200884
0.176570,0.285408,-0.199793
0.178770,0.285013,-0.201093
0.177985,0.286407,-0.202978
0.182364,0.286694,-0.203117
0.182288,0.287344,-0.202581
0.181250,0.286849,-0.203582
0.185148,0.286743,-0.203231
0.185520,0.285851,-0.203366
0.188001,0.285804,-0.206907
0.190636,0.287040,-0.206629
0.189289,0.286970,-0.206888
0.193106,0.287341,-0.206289
0.192880,0.287680,-0.208276
0.195002,0.285638,-0.208455
0.197614,0.285691,-0.208831
0.196430,0.285921,-0.208473
0.199392,0.287057,-0.208889
0.200501,0.286855,-0.211891
0.203481,0.285202,-0.210663
0.202810,0.286447,-0.212029
0.205799,0.287409,-0.212297
0.207519,0.286570,-0.211252
0.207954,0.286776,-0.211128
0.210762,0.287360,-0.214149
0.211721,0.286587,-0.212802
0.210915,0.287598,-0.215909
0.216725,0.287917,-0.213071
0.215047,0.286375,-0.212605
0.214246,0.286991,-0.211554
0.217963,0.288993,-0.211995
0.221038,0.288188,-0.212657
0.220100,0.286027,-0.213628
0.223140,0.288276,-0.212932
0.225008,0.289043,-0.215125
0.225804,0.285735,-0.214714
0.228182,0.286673,-0.213706
0.229414,0.285946,-0.214184
0.228230,0.287799,-0.214239
0.231252,0.288580,-0.214035
0.231942,0.287680,-0.213857
0.234022,0.288028,-0.212305
0.233611,0.287468,-0.213525
0.238843,0.289494,-0.212618
0.236675,0.287877,-0.215380
0.240507,0.287940,-0.213371
0.241966,0.288823,-0.214285
0.242239,0.286151,-0.213544
0.244456,0.286594,-0.212021
0.246778,0.288536,-0.211215
0.246320,0.287884,-0.217584
0.248726,0.287989,-0.226671
0.251141,0.290695,-0.232645
0.253860,0.289854,-0.240961
0.258205,0.292883,-0.251572
0.257416,0.294677,-0.258372
0.261190,0.293217,-0.266918
0.259712,0.292508,-0.273602
-0.033978,0.294751,-0.258935
-0.031773,0.292578,-0.256473
-0.030781,0.291757,-0.256608
-0.026518,0.293806,-0.258708
-0.026205,0.293934,-0.256388
-0.025185,0.293158,-0.255219
-0.025213,0.292424,-0.253063
-0.022621,0.292854,-0.254201
-0.019422,0.293353,-0.254185
-0.020447,0.293623,-0.253258
-0.019341,0.293468,-0.253824
-0.017623,0.293083,-0.253880
-0.016557,0.293874,-0.253894
-0.013619,0.293768,-0.253435
-0.013515,0.292879,-0.251615
-0.011867,0.294232,-0.251147
-0.009647,0.292479,-0.251537
-0.010360,0.293623,-0.251034
-0.007492,0.292341,-0.251545
-0.005750,0.292247,-0.247673
-0.004697,0.293198,-0.248365
-0.003367,0.293637,-0.246400
-0.002273,0.293970,-0.247439
0.001149,0.293631,-0.245271
0.001525,0.292889,-0.246429
0.004523,0.293933,-0.245052
0.005357,0.291224,-0.246087
0.006095,0.291306,-0.242570
0.008373,0.292949,-0.241430
0.009159,0.291107,-0.240986
0.010777,0.291512,-0.241702
0.011170,0.291928,-0.240089
0.012899,0.291471,-0.238990
0.016068,0.289703,-0.235688
0.016324,0.290885,-0.236095
0.018010,0.290996,-0.234117
0.018681,0.290656,-0.234268
0.020781,0.291444,-0.233551
0.021308,0.290940,-0.233665
0.025117,0.291213,-0.230892
0.025153,0.291960,-0.230877
0.025077,0.290190,-0.228986
0.028174,0.291194,-0.229088
0.029551,0.290360,-0.229331
0.031004,0.290472,-0.225277
0.032588,0.289175,-0.224999
0.033833,0.288767,-0.223619
0.034823,0.290953,-0.221004
0.035945,0.289228,-0.220111
0.037567,0.290313,-0.222611
0.038432,0.288770,-0.219405
0.039729,0.289717,-0.217249
0.041603,0.288597,-0.216340
0.044087,0.288301,-0.215075
0.046034,0.289383,-0.215029
0.047157,0.288864,-0.213249
0.046819,0.288918,-0.212076
0.052665,0.289623,-0.210367
0.049624,0.288336,-0.211534
0.052949,0.291237,-0.210209
0.053561,0.288332,-0.207466
0.055320,0.290426,-0.205741
0.056147,0.286561,-0.205795
0.058312,0.288367,-0.205486
0.059667,0.289284,-0.204236
0.060145,0.288216,-0.203848
0.063162,0.288706,-0.202094
0.063965,0.288312,-0.201050
0.064923,0.288200,-0.201611
0.067515,0.288122,-0.198749
0.067989,0.286118,-0.201645
0.070830,0.287804,-0.198287
0.071838,0.287988,-0.198115
0.074419,0.288279,-0.197743
0.074817,0.286660,-0.197706
0.075718,0.287092,-0.196103
0.076083,0.287466,-0.194407
0.077920,0.287909,-0.197111
0.078073,0.287447,-0.195060
0.081707,0.286162,-0.195423
0.083054,0.286971,-0.195828
0.084590,0.288436,-0.193420
0.083316,0.285882,-0.191310
0.087057,0.287012,-0.194614
0.087871,0.287184,-0.193202
0.089419,0.288561,-0.190470
0.091379,0.287716,-0.188594
0.092676,0.285909,-0.192335
0.094291,0.286657,-0.191989
0.095941,0.286193,-0.190689
0.098535,0.286455,-0.190725
0.095455,0.285963,-0.193069
0.099395,0.287503,-0.192125
0.100490,0.286127,-0.192531
0.101751,0.286688,-0.193058
0.104111,0.287380,-0.191392
0.105567,0.286400,-0.191431
0.106244,0.287400,-0.190408
0.107944,0.287123,-0.190583
0.109026,0.284978,-0.190555
0.109492,0.287488,-0.189529
0.112186,0.286739,-0.188522
0.114803,0.286375,-0.189686
0.115935,0.287571,-0.189218
0.116386,0.286317,-0.190683
0.119098,0.287255,-0.188297
0.121305,0.285402,-0.189212
0.122171,0.286392,-0.188801
0.123858,0.285359,-0.189415
0.121978,0.288043,-0.190077
0.124372,0.284866,-0.192004
0.126935,0.286692,-0.189317
0.126504,0.287231,-0.188132
0.129975,0.285560,-0.186927
0.130710,0.287176,-0.187420
0.132176,0.284890,-0.189999
0.133621,0.285265,-0.189905
0.136593,0.287011,-0.189507
0.138547,0.286448,-0.190329
0.137284,0.286627,-0.189451
0.139090,0.286588,-0.191131
0.140310,0.288631,-0.192761
0.141756,0.287707,-0.192256
0.145044,0.285793,-0.191730
0.144039,0.284933,-0.194049
0.145584,0.287109,-0.193278
0.146454,0.286440,-0.192800
0.150183,0.287583,-0.192993
0.151861,0.287542,-0.194335
0.152218,0.288191,-0.193756
0.153817,0.287145,-0.194804
0.155343,0.286541,-0.194274
0.156750,0.286343,-0.195215
0.157662,0.286458,-0.195730
0.159991,0.285692,-0.196599
0.160927,0.287444,-0.196327
0.160749,0.287418,-0.197299
0.163309,0.287692,-0.196776
0.165379,0.285539,-0.197206
0.166723,0.285492,-0.198323
0.168517,0.287208,-0.198141
0.170738,0.286174,-0.199206
0.170872,0.286542,-0.198568
0.172039,0.288092,-0.200814
0.174694,0.289335,-0.200532
0.176303,0.288772,-0.203923
0.175576,0.285885,-0.200468
0.177275,0.287343,-0.204421
0.179957,0.287544,-0.203862
0.180253,0.289365,-0.204711
0.181921,0.287057,-0.205629
0.182445,0.288399,-0.206889
0.184970,0.290391,-0.205876
0.186309,0.287098,-0.207452
0.191159,0.288411,-0.210090
0.190137,0.287409,-0.206560
0.189769,0.289773,-0.209241
0.190155,0.287569,-0.209472
0.194898,0.289600,-0.208278
0.196357,0.288039,-0.211123
0.196199,0.289748,-0.210605
0.197410,0.291271,-0.212527
0.201143,0.290075,-0.210675
0.200094,0.290696,-0.212175
0.204187,0.287664,-0.212245
0.205478,0.288819,-0.211980
0.204475,0.287858,-0.214378
0.207920,0.291098,-0.213867
0.210677,0.290682,-0.212723
0.209804,0.290020,-0.212549
0.211184,0.289053,-0.214138
0.214299,0.287782,-0.213457
0.213516,0.289610,-0.215959
0.215548,0.288600,-0.214041
0.218589,0.289747,-0.215254
0.218728,0.288956,-0.214233
0.219921,0.288250,-0.216510
0.222419,0.289097,-0.214944
0.222786,0.292339,-0.215855
0.223090,0.289404,-0.213951
0.226729,0.290683,-0.215865
0.226617,0.290066,-0.214062
0.227865,0.289657,-0.217919
0.230177,0.289246,-0.215394
0.231129,0.291365,-0.214608
0.232971,0.290295,-0.214920
0.233351,0.289719,-0.214790
0.234751,0.287897,-0.213774
0.237988,0.289489,-0.216585
0.239459,0.290794,-0.216487
0.238003,0.288006,-0.215151
0.241687,0.289333,-0.213888
0.243549,0.290906,-0.214854
0.244490,0.290252,-0.212691
0.245348,0.288494,-0.213136
0.246713,0.290071,-0.215656
0.250377,0.288157,-0.224482
0.248823,0.290216,-0.231869
0.252681,0.294027,-0.241970
0.255736,0.291160,-0.250436
0.259153,0.293615,-0.256942
0.259088,0.294486,-0.265226
0.260662,0.294404,-0.272377
-0.031971,0.295345,-0.258754
-0.032538,0.295516,-0.258298
-0.029997,0.294852,-0.258723
-0.029216,0.296748,-0.257785
-0.027928,0.294532,-0.258922
-0.026381,0.296115,-0.257027
-0.023767,0.296211,-0.256840
-0.024009,0.295557,-0.257574
-0.020927,0.296180,-0.256013
-0.020527,0.296071,-0.251990
-0.017933,0.294940,-0.253568
-0.016707,0.294477,-0.252796
-0.016555,0.294948,-0.255545
-0.014930,0.294425,-0.255212
-0.014582,0.295927,-0.251311
-0.012268,0.294546,-0.250949
-0.008288,0.295803,-0.253127
-0.010020,0.294635,-0.252516
-0.007127,0.294077,-0.252507
-0.005914,0.294874,-0.250692
-0.003285,0.295160,-0.251303
-0.000850,0.292953,-0.251295
0.000759,0.294072,-0.249087
0.001251,0.295971,-0.248202
0.000785,0.292327,-0.247390
0.002387,0.293311,-0.246965
0.004150,0.295296,-0.243918
0.004791,0.293019,-0.245741
0.005920,0.293648,-0.244448
0.007799,0.293866,-0.244424
0.010082,0.292881,-0.241828
0.012300,0.294789,-0.241228
0.014571,0.293336,-0.241860
0.015442,0.293070,-0.237827
0.017392,0.291982,-0.238106
0.017701,0.294125,-0.238830
0.020504,0.291679,-0.236699
0.020198,0.293853,-0.233359
0.021475,0.292576,-0.235230
0.022715,0.291503,-0.233405
0.025244,0.293670,-0.231673
0.026333,0.291326,-0.232793
0.027322,0.292910,-0.230150
0.030090,0.291128,-0.228647
0.030984,0.293028,-0.226130
0.034158,0.293358,-0.227993
0.034869,0.293678,-0.223815
0.036249,0.292212,-0.224366
0.036358,0.292810,-0.223550
0.038392,0.292121,-0.222495
0.039980,0.293495,-0.221721
0.042818,0.292779,-0.221488
0.040754,0.290552,-0.217956
0.044474,0.291839,-0.217720
0.046340,0.291002,-0.217650
0.047145,0.291856,-0.216191
0.047422,0.290025,-0.214486
0.050353,0.289858,-0.210614
0.050771,0.290138,-0.212848
0.050031,0.290965,-0.209187
0.054489,0.289890,-0.211244
0.055370,0.291475,-0.209264
0.057016,0.290880,-0.208513
0.056069,0.289464,-0.207336
0.059835,0.290645,-0.203168
0.060771,0.290438,-0.203918
0.061302,0.288943,-0.206082
0.064443,0.290340,-0.203054
0.063294,0.287999,-0.203073
0.066570,0.290355,-0.201823
0.070869,0.290499,-0.200545
0.069214,0.289497,-0.200594
0.070814,0.290260,-0.199367
0.071475,0.288594,-0.198845
0.072785,0.288948,-0.199107
0.073568,0.288587,-0.196690
0.076113,0.287923,-0.197145
0.078675,0.291039,-0.194315
0.079232,0.289892,-0.197178
0.080732,0.289123,-0.195650
0.082324,0.287822,-0.194217
0.083142,0.290209,-0.195168
0.084116,0.287632,-0.195432
0.087236,0.288077,-0.193873
0.088795,0.288232,-0.193087
0.088513,0.287150,-0.194122
0.089502,0.288496,-0.194204
0.093925,0.288932,-0.194801
0.094241,0.287830,-0.195539
0.095485,0.287740,-0.196307
0.095732,0.287862,-0.195173
0.098557,0.288491,-0.192279
0.098722,0.289254,-0.193854
0.098343,0.287044,-0.195006
0.102461,0.289060,-0.191952
0.104153,0.288615,-0.193654
0.106813,0.288688,-0.194309
0.104941,0.288878,-0.194383
0.108264,0.288505,-0.191213
0.108153,0.288037,-0.192433
0.110200,0.287375,-0.193076
0.110862,0.286996,-0.193157
0.112811,0.288299,-0.190558
0.114967,0.288464,-0.189873
0.116563,0.288285,-0.189960
0.118753,0.287956,-0.190644
0.118977,0.286443,-0.191086
0.118695,0.288675,-0.190401
0.120291,0.288321,-0.192273
0.124057,0.287478,-0.190149
0.123658,0.287088,-0.188600
0.126575,0.287429,-0.191322
0.128730,0.285861,-0.190367
0.128898,0.287353,-0.190607
0.131072,0.289208,-0.190283
0.133284,0.289135,-0.191190
0.133255,0.286130,-0.193653
0.134804,0.287994,-0.191387
0.135486,0.287804,-0.192032
0.137304,0.286979,-0.190977
0.140456,0.288816,-0.192861
0.140952,0.288140,-0.192268
0.141946,0.290204,-0.191974
0.142514,0.289181,-0.192281
0.145765,0.288223,-0.194260
0.144435,0.285830,-0.193513
0.148333,0.288443,-0.192444
0.149520,0.288441,-0.194112
0.151228,0.287936,-0.193382
0.151587,0.288060,-0.194458
0.152583,0.287440,-0.194513
0.155472,0.289110,-0.194344
0.154984,0.288817,-0.196988
0.155633,0.288264,-0.198074
0.159499,0.289375,-0.198679
0.159762,0.287009,-0.199020
0.162796,0.289714,-0.197506
0.164946,0.288557,-0.198677
0.166728,0.288039,-0.198261
0.166661,0.291041,-0.199993
0.165918,0.289384,-0.200846
0.169084,0.290319,-0.201510
0.171639,0.287988,-0.200842
0.172403,0.289006,-0.200640
0.173649,0.290325,-0.204160
0.175512,0.289876,-0.205061
0.176986,0.290022,-0.203628
0.179126,0.289261,-0.204988
0.180204,0.292091,-0.206526
0.182706,0.290629,-0.204974
0.184151,0.290832,-0.205715
0.181344,0.290426,-0.208048
0.185349,0.289036,-0.208559
0.187039,0.289358,-0.206747
0.188537,0.290317,-0.210903
0.188509,0.291687,-0.210845
0.191096,0.290374,-0.209603
0.193394,0.291508,-0.209159
0.194180,0.289561,-0.212005
0.193524,0.289171,-0.210102
0.195444,0.290983,-0.212074
0.198876,0.290676,-0.212175
0.199994,0.290384,-0.213549
0.200165,0.289881,-0.215863
0.203614,0.291639,-0.214193
0.204262,0.291145,-0.214923
0.204696,0.290987,-0.214561
0.208058,0.289545,-0.213423
0.210281,0.292728,-0.213798
0.209877,0.290692,-0.216790
0.210940,0.291416,-0.215131
0.214320,0.291736,-0.216884
0.215632,0.291094,-0.217906
0.216176,0.292119,-0.216211
0.219034,0.291227,-0.217285
0.219949,0.290947,-0.215997
0.219530,0.291943,-0.215347
0.220974,0.290102,-0.217641
0.222344,0.291100,-0.218068
0.222165,0.291179,-0.217880
0.224422,0.291596,-0.218559
0.226167,0.290297,-0.215570
0.230344,0.292367,-0.217968
0.230411,0.290234,-0.215546
0.231689,0.290597,-0.215599
0.232492,0.291506,-0.216720
0.234184,0.291442,-0.218308
0.237993,0.290541,-0.216453
0.235997,0.290820,-0.215930
0.238264,0.291996,-0.215168
0.238684,0.290813,-0.217826
0.241375,0.291507,-0.215593
0.241888,0.291444,-0.215816
0.244225,0.290498,-0.216609
0.246704,0.291484,-0.216284
0.248591,0.290358,-0.216086
0.250383,0.293464,-0.225173
0.252429,0.292914,-0.232371
0.252921,0.292597,-0.239029
0.254496,0.293964,-0.249658
0.257211,0.295113,-0.255969
0.258573,0.295065,-0.262455
-0.032142,0.296982,-0.259551
-0.030041,0.298235,-0.259935
-0.029352,0.297397,-0.257972
-0.026018,0.296358,-0.257687
-0.025205,0.297054,-0.257539
-0.023891,0.296501,-0.258145
-0.023053,0.297949,-0.257930
-0.018566,0.295929,-0.259034
-0.021519,0.297673,-0.256029
-0.017883,0.296723,-0.256263
-0.017805,0.297091,-0.254736
-0.016087,0.295463,-0.255827
-0.012759,0.297995,-0.255557
-0.012936,0.299301,-0.254654
-0.010873,0.295534,-0.255600
-0.012146,0.298093,-0.252358
-0.008592,0.296746,-0.254874
-0.006334,0.297446,-0.252827
-0.004631,0.298557,-0.250646
-0.003044,0.296017,-0.252770
-0.001870,0.297601,-0.250928
-0.000677,0.295603,-0.248490
-0.001120,0.296393,-0.249601
0.001137,0.294548,-0.248216
0.003550,0.294616,-0.247103
0.006326,0.297207,-0.247555
0.004166,0.295707,-0.245989
0.008566,0.295696,-0.244420
0.010039,0.295757,-0.243852
0.010653,0.294399,-0.244484
0.012421,0.295029,-0.243453
0.013156,0.296738,-0.242566
0.014090,0.293836,-0.241225
0.015305,0.293928,-0.240615
0.019506,0.294761,-0.240073
0.020707,0.295905,-0.239004
0.020571,0.294629,-0.236690
0.022910,0.293793,-0.237046
0.022120,0.293188,-0.235012
0.026186,0.295219,-0.234732
0.025956,0.294850,-0.234280
0.027605,0.294863,-0.231661
0.027819,0.291912,-0.230557
0.029894,0.291608,-0.228245
0.031781,0.294332,-0.228878
0.035359,0.292577,-0.226624
0.033221,0.293259,-0.228016
0.036087,0.294225,-0.225250
0.038019,0.293681,-0.223443
0.038846,0.292891,-0.221888
0.041254,0.292908,-0.221694
0.042636,0.292538,-0.220144
0.045750,0.294519,-0.219489
0.045171,0.291393,-0.216822
0.046623,0.290588,-0.217374
0.048978,0.293624,-0.215647
0.048963,0.291076,-0.214029
0.049426,0.291173,-0.213150
0.052695,0.294073,-0.212230
0.053209,0.292508,-0.212932
0.054818,0.293717,-0.211930
0.057464,0.292181,-0.207317
0.057402,0.292028,-0.208459
0.059852,0.292390,-0.207761
0.060224,0.289960,-0.206002
0.061291,0.293855,-0.207569
0.064805,0.292305,-0.205474
0.064638,0.290241,-0.206891
0.066091,0.292361,-0.201256
0.069558,0.291386,-0.200652
0.069406,0.291004,-0.202681
0.070977,0.290674,-0.200358
0.070801,0.291598,-0.201656
0.074604,0.292148,-0.201940
0.074937,0.291559,-0.200407
0.076159,0.292285,-0.197858
0.077588,0.290137,-0.197604
0.080659,0.290597,-0.198386
0.081489,0.289921,-0.198183
0.081294,0.291341,-0.197690
0.083593,0.289353,-0.197580
0.085385,0.289872,-0.196143
0.085644,0.291852,-0.196693
0.088304,0.291016,-0.192888
0.091590,0.289091,-0.196036
0.092085,0.289120,-0.197044
0.093670,0.289747,-0.193968
0.092234,0.291962,-0.193639
0.094759,0.290047,-0.196154
0.095736,0.289221,-0.195387
0.097735,0.289495,-0.196695
0.099389,0.289300,-0.194950
0.101274,0.292537,-0.194823
0.102040,0.289413,-0.194793
0.103337,0.290876,-0.195974
0.104422,0.289700,-0.193806
0.104718,0.288167,-0.193407
0.107609,0.290907,-0.193944
0.109382,0.289421,-0.193642
0.108980,0.288858,-0.193657
0.112718,0.291207,-0.191964
0.113673,0.290770,-0.194422
0.116614,0.290543,-0.191467
0.118428,0.289961,-0.192304
0.117833,0.290655,-0.191879
0.119270,0.290286,-0.192865
0.121000,0.291157,-0.191631
0.121150,0.290798,-0.192878
0.125411,0.289780,-0.189958
0.124525,0.289878,-0.190802
0.124836,0.289826,-0.191481
0.127907,0.290198,-0.193707
0.129068,0.292207,-0.190106
0.131073,0.290416,-0.192935
0.130916,0.290311,-0.192181
0.133352,0.291637,-0.192781
0.136058,0.291955,-0.194303
0.137934,0.288843,-0.191615
0.137180,0.290215,-0.194799
0.138934,0.289788,-0.193236
0.140934,0.291681,-0.192997
0.142665,0.292241,-0.193930
0.141276,0.288971,-0.193751
0.143925,0.290206,-0.192511
0.147168,0.290768,-0.196075
0.147530,0.290727,-0.194647
0.150551,0.291046,-0.195748
0.150984,0.291129,-0.197526
0.153343,0.290412,-0.195366
0.153984,0.290234,-0.196982
0.155633,0.291035,-0.198334
0.156643,0.289622,-0.197915
0.159430,0.290025,-0.197485
0.160584,0.292116,-0.199285
0.160741,0.291504,-0.201009
0.161030,0.291444,-0.201287
0.163151,0.291914,-0.199923
0.163633,0.289014,-0.200177
0.167067,0.291262,-0.201139
0.167769,0.291084,-0.203166
0.169511,0.291196,-0.202967
0.170205,0.289387,-0.203541
0.172725,0.292551,-0.204218
0.172667,0.291768,-0.204839
0.174950,0.291615,-0.205438
0.175854,0.291822,-0.205430
0.179435,0.291402,-0.206211
0.181361,0.291244,-0.205564
0.182060,0.291669,-0.207217
0.182748,0.292389,-0.209952
0.184874,0.292546,-0.210538
0.185806,0.291662,-0.209790
0.184469,0.291070,-0.211762
0.189834,0.291798,-0.210114
0.189151,0.292673,-0.212209
0.191531,0.290388,-0.211231
0.192422,0.292377,-0.212542
0.192920,0.293316,-0.214597
0.194974,0.291069,-0.213865
0.196157,0.292521,-0.213847
0.199612,0.292674,-0.215387
0.199024,0.291872,-0.215429
0.200170,0.291956,-0.215399
0.203430,0.292849,-0.214224
0.204072,0.290220,-0.215961
0.205916,0.292925,-0.216486
0.207515,0.293914,-0.218101
0.209826,0.293816,-0.214621
0.208920,0.292691,-0.218126
0.212443,0.292488,-0.216812
0.212441,0.292587,-0.216150
0.212940,0.292594,-0.218867
0.215879,0.293897,-0.216241
0.215839,0.292409,-0.217501
0.216388,0.291998,-0.217673
0.220750,0.290803,-0.217639
0.221351,0.292987,-0.217469
0.222031,0.294714,-0.218615
0.223875,0.293806,-0.217528
0.227134,0.293175,-0.218510
0.227431,0.292581,-0.217540
0.229046,0.293947,-0.219279
0.228478,0.293325,-0.219919
0.231946,0.293074,-0.218207
0.232748,0.292415,-0.218208
0.232981,0.292121,-0.218054
0.234615,0.293427,-0.218892
0.236896,0.292676,-0.218030
0.238809,0.291672,-0.217389
0.239959,0.292553,-0.218633
0.240968,0.293834,-0.218656
0.244361,0.289269,-0.215809
0.245980,0.292691,-0.217400
0.245792,0.293827,-0.216078
0.246537,0.293206,-0.216975
0.248185,0.293844,-0.223127
0.249928,0.294262,-0.230358
0.254337,0.294842,-0.238800
0.255552,0.294970,-0.246817
0.257590,0.296521,-0.254674
0.257603,0.297333,-0.263021
-0.030927,0.300611,-0.261411
-0.030264,0.299808,-0.259623
-0.029107,0.299808,-0.260490
-0.027881,0.300124,-0.260896
-0.027558,0.296993,-0.260322
-0.025165,0.300733,-0.259488
-0.022149,0.299722,-0.259338
-0.022180,0.298153,-0.258045
-0.020932,0.297582,-0.258551
-0.019318,0.299280,-0.259325
-0.017746,0.298155,-0.257953
-0.016202,0.298319,-0.256807
-0.015008,0.299144,-0.255964
-0.013282,0.298175,-0.255688
-0.012679,0.300141,-0.255027
-0.011182,0.298287,-0.255941
-0.006547,0.296053,-0.254209
-0.007697,0.298272,-0.255378
-0.005371,0.297604,-0.254800
-0.002976,0.298162,-0.252483
-0.003038,0.296586,-0.254507
-0.000766,0.298060,-0.251725
0.000850,0.297827,-0.252935
0.003399,0.297782,-0.249474
0.003192,0.298518,-0.247719
0.003483,0.298003,-0.248302
0.006783,0.298234,-0.249062
0.005897,0.296620,-0.248898
0.009475,0.297065,-0.248072
0.011528,0.296255,-0.246741
0.011937,0.297359,-0.244650
0.013035,0.296349,-0.246678
0.015130,0.298196,-0.242114
0.016282,0.297338,-0.241367
0.017182,0.298334,-0.240784
0.018622,0.297565,-0.238812
0.021185,0.297171,-0.238312
0.021866,0.297210,-0.236880
0.023221,0.297287,-0.236253
0.025778,0.295944,-0.235704
0.026863,0.294769,-0.235296
0.028278,0.298067,-0.232718
0.030258,0.296204,-0.232558
0.031500,0.297038,-0.229355
0.030970,0.295898,-0.229262
0.034251,0.295656,-0.227373
0.035651,0.295471,-0.228715
0.036767,0.294427,-0.226460
0.040786,0.293547,-0.224764
0.037802,0.293840,-0.225760
0.041059,0.294586,-0.221554
0.042559,0.294246,-0.222983
0.043003,0.294527,-0.220361
0.045182,0.296079,-0.219391
0.045961,0.294416,-0.218479
0.049325,0.292217,-0.218208
0.051307,0.294388,-0.216768
0.052530,0.295063,-0.214884
0.052864,0.292830,-0.213841
0.052086,0.294121,-0.212785
0.054595,0.293475,-0.212986
0.055880,0.295219,-0.209979
0.058048,0.294666,-0.210778
0.060876,0.295305,-0.210240
0.061568,0.294203,-0.208296
0.063680,0.290473,-0.207043
0.064585,0.293410,-0.208379
0.065014,0.294085,-0.206804
0.067540,0.292640,-0.205672
0.069003,0.292602,-0.204065
0.069097,0.292509,-0.203400
0.071293,0.292683,-0.201789
0.072474,0.292409,-0.203796
0.074644,0.293757,-0.202606
0.074015,0.292084,-0.201431
0.076898,0.293212,-0.201844
0.076810,0.292321,-0.199760
0.080995,0.292796,-0.199603
0.082604,0.291287,-0.200112
0.081898,0.293449,-0.197921
0.084077,0.292692,-0.197574
0.083803,0.291649,-0.196196
0.085539,0.293470,-0.197333
0.088784,0.292858,-0.197635
0.088743,0.292612,-0.196391
0.090152,0.292500,-0.197458
0.092249,0.291634,-0.196841
0.093664,0.290637,-0.197404
0.094589,0.294086,-0.198387
0.097009,0.291251,-0.196773
0.097366,0.293657,-0.196676
0.100409,0.292010,-0.195801
0.102115,0.292269,-0.198850
0.104049,0.292555,-0.195212
0.104646,0.293001,-0.196019
0.106209,0.291987,-0.195855
0.105682,0.292839,-0.197356
0.107811,0.294355,-0.195494
0.108228,0.291449,-0.194680
0.110117,0.291196,-0.195854
0.112716,0.291331,-0.194307
0.114871,0.290997,-0.194006
0.114193,0.293164,-0.193067
0.115909,0.290996,-0.193117
0.116738,0.290898,-0.194657
0.118448,0.293607,-0.194346
0.121369,0.289888,-0.192850
0.123775,0.292578,-0.193062
0.122570,0.290878,-0.194136
0.126180,0.291468,-0.194914
0.125292,0.291799,-0.191459
0.128495,0.292247,-0.192303
0.128525,0.291201,-0.193236
0.130297,0.292665,-0.191386
0.129959,0.291695,-0.194928
0.132873,0.292161,-0.195459
0.135237,0.292100,-0.195354
0.137638,0.292047,-0.195499
0.136742,0.290465,-0.193235
0.139995,0.291996,-0.194286
0.140292,0.291703,-0.195722
0.140901,0.292238,-0.193210
0.143244,0.291050,-0.196456
0.144814,0.290792,-0.196922
0.145398,0.292207,-0.197159
0.146827,0.290167,-0.196486
0.149419,0.291635,-0.197340
0.150279,0.291568,-0.196922
0.152797,0.292385,-0.199360
0.153862,0.291885,-0.198580
0.154970,0.291980,-0.198532
0.157550,0.292381,-0.199065
0.156879,0.293875,-0.200007
0.159146,0.292580,-0.201988
0.159229,0.291382,-0.199089
0.161839,0.292565,-0.202833
0.164591,0.294253,-0.200603
0.163332,0.293863,-0.201982
0.165842,0.291109,-0.204091
0.167629,0.293708,-0.204459
0.169241,0.293679,-0.205072
0.170802,0.293253,-0.207719
0.174384,0.294072,-0.205932
0.172889,0.291801,-0.207147
0.175400,0.292388,-0.207754
0.177570,0.293547,-0.207974
0.178539,0.292785,-0.208055
0.182064,0.292812,-0.209187
0.181188,0.293688,-0.209392
0.182769,0.293743,-0.210364
0.183612,0.293512,-0.210880
0.185139,0.292828,-0.212666
0.185030,0.291368,-0.212443
0.188444,0.293291,-0.214958
0.190818,0.293774,-0.213280
0.192285,0.292820,-0.214437
0.193608,0.295294,-0.215017
0.193602,0.295637,-0.214860
0.195022,0.294301,-0.216115
0.196079,0.294389,-0.215636
0.198592,0.294788,-0.217762
0.200886,0.293107,-0.216725
0.200334,0.294557,-0.218080
0.202956,0.294809,-0.218034
0.202756,0.295233,-0.219554
0.205918,0.294796,-0.218148
0.207746,0.295218,-0.218574
0.209323,0.293754,-0.218946
0.210889,0.295336,-0.219416
0.212056,0.292670,-0.219895
0.212431,0.295230,-0.218090
0.215362,0.293013,-0.219700
0.214982,0.294377,-0.220170
0.218096,0.294970,-0.222053
0.218348,0.295148,-0.220002
0.218060,0.296210,-0.220713
0.220977,0.293982,-0.219503
0.221303,0.293295,-0.220906
0.225785,0.296538,-0.218134
0.224398,0.294967,-0.219496
0.227929,0.293509,-0.221984
0.228823,0.295160,-0.219076
0.229458,0.294718,-0.221124
0.231223,0.293183,-0.220954
0.232930,0.294014,-0.218945
0.235747,0.294531,-0.218850
0.238290,0.294482,-0.221608
0.236227,0.292974,-0.218994
0.239727,0.293990,-0.220668
0.240079,0.295434,-0.218807
0.243092,0.294957,-0.217963
0.242242,0.294936,-0.218335
0.244918,0.294416,-0.218634
0.245538,0.291835,-0.218626
0.247986,0.295255,-0.218739
0.249285,0.294825,-0.222136
0.251694,0.293525,-0.230559
0.253384,0.296545,-0.237995
0.255871,0.297495,-0.244719
0.256658,0.299405,-0.253967
0.257981,0.298340,-0.260329
-0.031181,0.302004,-0.261229
-0.030126,0.299965,-0.261317
-0.028042,0.300610,-0.261662
-0.028041,0.299486,-0.261018
-0.026338,0.300337,-0.260713
-0.022404,0.299281,-0.258936
-0.021683,0.301555,-0.259649
-0.021633,0.301027,-0.259938
-0.021998,0.300261,-0.258692
-0.018109,0.299963,-0.259442
-0.016776,0.300845,-0.259594
-0.015106,0.299715,-0.259030
-0.015089,0.299152,-0.257865
-0.013950,0.301510,-0.257868
-0.010832,0.299120,-0.257697
-0.008192,0.299397,-0.255904
-0.008829,0.300072,-0.255402
-0.007355,0.299049,-0.256160
-0.006054,0.300179,-0.253358
-0.002733,0.298048,-0.253150
-0.002112,0.300200,-0.253810
-0.000544,0.299237,-0.254494
0.001650,0.299224,-0.253226
-0.000094,0.298777,-0.251500
0.004998,0.299054,-0.252281
0.005317,0.299463,-0.248745
0.005059,0.300408,-0.249699
0.007376,0.299803,-0.249374
0.010903,0.299778,-0.247673
0.010640,0.298173,-0.246633
0.012931,0.300449,-0.246820
0.014071,0.299356,-0.245443
0.014371,0.297749,-0.244142
0.016099,0.299120,-0.243616
0.019029,0.297764,-0.240733
0.018263,0.297991,-0.240850
0.020855,0.298479,-0.240800
0.021047,0.298895,-0.238625
0.022876,0.298380,-0.239060
0.023279,0.299308,-0.237944
0.026419,0.297081,-0.237487
0.030010,0.297291,-0.235814
0.027557,0.298003,-0.232956
0.031127,0.297355,-0.232130
0.032390,0.296561,-0.233037
0.033581,0.297640,-0.232754
0.035269,0.296764,-0.227467
0.034561,0.297477,-0.226790
0.037744,0.297785,-0.226563
0.037810,0.296610,-0.225774
0.040949,0.296309,-0.223188
0.041624,0.297168,-0.224699
0.043501,0.297694,-0.221802
0.043550,0.297345,-0.220333
0.046250,0.297258,-0.220970
0.048624,0.294700,-0.220549
0.052032,0.295311,-0.217116
0.051847,0.295480,-0.217371
0.053596,0.295080,-0.216775
0.052428,0.296893,-0.216204
0.055583,0.296727,-0.215357
0.058656,0.295561,-0.212361
0.057842,0.294446,-0.213658
0.059255,0.295025,-0.211900
0.061099,0.294313,-0.209098
0.061895,0.296243,-0.209422
0.063446,0.294831,-0.210085
0.064136,0.294406,-0.208198
0.067963,0.293898,-0.204458
0.068855,0.296030,-0.207110
0.068458,0.294402,-0.205463
0.069708,0.293581,-0.203043
0.073290,0.294980,-0.203906
0.072951,0.294107,-0.203678
0.076151,0.293120,-0.203978
0.076751,0.295162,-0.202744
0.078396,0.295375,-0.202016
0.078544,0.294835,-0.201074
0.081409,0.294392,-0.200116
0.082073,0.293867,-0.200349
0.084414,0.294853,-0.200551
0.084141,0.295558,-0.199343
0.088123,0.294182,-0.199942
0.086943,0.292984,-0.198868
0.087456,0.293537,-0.197686
0.090843,0.292985,-0.198416
0.092754,0.294937,-0.200852
0.091952,0.296055,-0.198272
0.096030,0.294267,-0.195844
0.096377,0.292333,-0.199417
0.099425,0.295268,-0.199024
0.097917,0.294142,-0.197146
0.100094,0.293606,-0.197471
0.101265,0.294336,-0.199646
0.103264,0.295582,-0.197156
0.105128,0.293882,-0.200164
0.105893,0.296555,-0.198914
0.109196,0.294759,-0.197578
0.108262,0.294315,-0.197372
0.110668,0.294209,-0.195458
0.112225,0.292227,-0.196545
0.113512,0.294288,-0.196419
0.114645,0.292127,-0.196915
0.116498,0.294326,-0.195010
0.116475,0.292888,-0.195804
0.118343,0.293035,-0.194819
0.121157,0.292049,-0.195688
0.123293,0.292722,-0.195088
0.123745,0.293589,-0.193606
0.123897,0.293255,-0.192721
0.126701,0.294104,-0.197270
0.127179,0.293317,-0.195275
0.130436,0.294961,-0.194918
0.130469,0.293638,-0.195240
0.132941,0.294078,-0.196111
0.134652,0.294069,-0.193552
0.134514,0.292873,-0.194378
0.136620,0.293849,-0.193698
0.137638,0.295047,-0.197198
0.139326,0.294584,-0.198037
0.140646,0.293347,-0.197730
0.142600,0.294250,-0.197123
0.143504,0.293213,-0.195508
0.145862,0.291896,-0.198377
0.147559,0.292579,-0.196863
0.148721,0.294211,-0.197337
0.149017,0.293207,-0.199234
0.149669,0.296082,-0.198364
0.150437,0.292858,-0.200715
0.153736,0.292732,-0.201681
0.155231,0.294587,-0.200348
0.154323,0.295697,-0.199778
0.157322,0.293968,-0.200911
0.159070,0.294419,-0.201320
0.160650,0.292737,-0.203505
0.163697,0.294904,-0.203899
0.164409,0.292619,-0.204130
0.163630,0.293987,-0.204002
0.166894,0.294472,-0.204008
0.168358,0.293749,-0.206552
0.171828,0.293603,-0.204501
0.172673,0.294807,-0.207106
0.172116,0.292580,-0.207397
0.175934,0.293987,-0.208772
0.176227,0.294877,-0.207417
0.177222,0.296678,-0.209119
0.178995,0.295550,-0.209375
0.178512,0.295694,-0.211565
0.182127,0.296887,-0.211275
0.183857,0.294463,-0.212144
0.184985,0.296521,-0.211330
0.185458,0.296490,-0.212818
0.188116,0.294068,-0.212960
0.190879,0.295764,-0.216505
0.188516,0.296827,-0.214832
0.192175,0.295552,-0.214519
0.192287,0.297350,-0.218037
0.194398,0.295281,-0.215963
0.196550,0.297166,-0.219098
0.198103,0.296062,-0.216568
0.197733,0.296723,-0.219978
0.203062,0.296294,-0.220760
0.200697,0.297623,-0.219329
0.203726,0.297341,-0.220354
0.203758,0.298602,-0.220098
0.205864,0.295924,-0.220770
0.205659,0.295631,-0.220200
0.210068,0.296701,-0.220508
0.209656,0.295145,-0.220638
0.210327,0.297618,-0.220900
0.212043,0.296594,-0.223346
0.214735,0.296580,-0.224295
0.215217,0.295772,-0.221175
0.216228,0.296401,-0.220888
0.217954,0.296650,-0.223247
0.221314,0.296783,-0.222524
0.221761,0.296109,-0.222867
0.222945,0.297955,-0.221945
0.226586,0.296574,-0.223532
0.226682,0.296237,-0.223696
0.227738,0.296895,-0.225201
0.229805,0.295483,-0.223156
0.231471,0.295980,-0.223602
0.232454,0.295058,-0.221596
0.232905,0.295224,-0.221320
0.234151,0.296894,-0.222724
0.236016,0.296024,-0.223791
0.237152,0.297924,-0.222723
0.236706,0.297253,-0.221681
0.241093,0.296470,-0.221329
0.243211,0.297858,-0.220170
0.243063,0.296716,-0.219251
0.244976,0.296955,-0.221926
0.245439,0.296330,-0.221091
0.246417,0.296131,-0.220652
0.248077,0.297563,-0.221388
0.251242,0.295869,-0.228506
0.253709,0.298839,-0.236205
0.256289,0.299192,-0.245039
0.256309,0.299843,-0.253027
0.257845,0.301303,-0.261456
-0.031040,0.303189,-0.262562
-0.030002,0.302960,-0.260868
-0.026892,0.300705,-0.261534
-0.026446,0.302713,-0.261811
-0.023962,0.304190,-0.260187
-0.023918,0.305112,-0.261864
-0.021575,0.300757,-0.261167
-0.018386,0.303424,-0.260519
-0.019488,0.302178,-0.260739
-0.017063,0.302976,-0.258050
-0.015876,0.302433,-0.259072
-0.012513,0.301122,-0.259506
-0.012781,0.304314,-0.260150
-0.011680,0.298927,-0.257370
-0.009113,0.302111,-0.257357
-0.008034,0.300693,-0.258556
-0.007821,0.301439,-0.257472
-0.004555,0.300380,-0.257431
-0.003289,0.302169,-0.256716
-0.002702,0.301398,-0.255288
-0.001620,0.301146,-0.255318
-0.001037,0.300044,-0.254912
0.000285,0.300790,-0.254235
0.003531,0.301815,-0.251757
0.003391,0.301226,-0.252240
0.006242,0.302028,-0.251811
0.008593,0.299813,-0.251284
0.010434,0.300451,-0.248584
0.011296,0.301336,-0.249997
0.012229,0.302253,-0.247550
0.013253,0.300585,-0.247417
0.014686,0.300691,-0.246602
0.017297,0.301157,-0.243051
0.021118,0.301314,-0.242072
0.020297,0.298930,-0.244692
0.019911,0.300920,-0.242759
0.021079,0.298787,-0.241434
0.023488,0.301350,-0.239265
0.026498,0.299856,-0.238687
0.026309,0.300411,-0.237739
0.028146,0.301103,-0.238359
0.028971,0.301110,-0.236161
0.029702,0.300826,-0.235440
0.031789,0.300902,-0.231726
0.034201,0.301744,-0.231898
0.033635,0.300578,-0.231091
0.037262,0.298905,-0.228652
0.039167,0.296941,-0.228830
0.039275,0.298543,-0.228539
0.041640,0.297670,-0.226464
0.041843,0.299889,-0.225464
0.045520,0.296973,-0.225421
0.044405,0.298777,-0.221419
0.045173,0.297831,-0.221591
0.048353,0.296386,-0.220187
0.050215,0.297455,-0.220081
0.052017,0.298716,-0.219111
0.052892,0.298410,-0.217678
0.055413,0.298012,-0.215699
0.055848,0.296506,-0.217285
0.056875,0.298146,-0.213574
0.059027,0.298100,-0.213168
0.059041,0.296831,-0.211714
0.060905,0.295692,-0.212965
0.063860,0.297196,-0.210844
0.063825,0.298768,-0.209010
0.064526,0.295694,-0.209972
0.067910,0.296883,-0.210515
0.069319,0.297132,-0.208126
0.069997,0.296496,-0.206351
0.069685,0.297412,-0.206553
0.071566,0.294400,-0.204468
0.073322,0.296527,-0.206250
0.077359,0.295820,-0.203866
0.075508,0.298549,-0.201818
0.077811,0.294826,-0.203461
0.079788,0.295179,-0.203421
0.080445,0.297552,-0.202362
0.080505,0.295753,-0.203417
0.084030,0.297839,-0.202110
0.085820,0.292853,-0.200692
0.086657,0.295646,-0.201608
0.086617,0.294828,-0.199724
0.089433,0.297976,-0.200430
0.094293,0.296202,-0.200228
0.092016,0.296260,-0.200596
0.093228,0.294426,-0.201233
0.096083,0.297076,-0.199400
0.098343,0.296057,-0.200856
0.096922,0.294710,-0.200020
0.099823,0.295936,-0.198538
0.100867,0.293985,-0.199030
0.103382,0.295775,-0.200066
0.103560,0.294677,-0.197413
0.104879,0.294253,-0.202722
0.106586,0.295878,-0.198667
0.108737,0.295625,-0.198829
0.108419,0.296011,-0.197749
0.111762,0.293629,-0.199096
0.111142,0.297133,-0.196822
0.113723,0.295435,-0.197854
0.115296,0.293830,-0.198764
0.116438,0.293724,-0.197562
0.118845,0.293049,-0.196818
0.119782,0.297219,-0.195147
0.118868,0.292760,-0.196601
0.122128,0.295743,-0.196854
0.122571,0.295425,-0.195393
0.126337,0.295182,-0.196300
0.125997,0.295746,-0.195324
0.127504,0.296010,-0.196752
0.130152,0.295515,-0.196680
0.130636,0.296759,-0.195406
0.132039,0.295400,-0.195679
0.134400,0.295559,-0.197215
0.136376,0.296249,-0.195642
0.136482,0.295536,-0.196682
0.137791,0.295535,-0.196187
0.138119,0.296664,-0.196833
0.140625,0.296862,-0.198340
0.141887,0.296278,-0.198292
0.141289,0.294639,-0.199688
0.144833,0.296184,-0.197575
0.145922,0.295060,-0.197913
0.148105,0.294206,-0.199210
0.148911,0.294622,-0.200936
0.150976,0.294576,-0.200469
0.152667,0.296264,-0.201006
0.155376,0.297080,-0.203429
0.155304,0.295899,-0.201153
0.156277,0.295603,-0.202186
0.158332,0.296737,-0.203089
0.159252,0.296555,-0.201943
0.163546,0.296685,-0.203962
0.163143,0.294763,-0.205700
0.164554,0.294695,-0.205829
0.165605,0.295645,-0.204916
0.165387,0.296652,-0.204818
0.168928,0.297002,-0.208491
0.168799,0.296976,-0.208462
0.170819,0.296791,-0.207594
0.172271,0.295369,-0.210829
0.174565,0.297658,-0.210161
0.177674,0.296040,-0.211906
0.176587,0.296870,-0.210517
0.181663,0.296428,-0.212839
0.179510,0.295730,-0.214482
0.179347,0.297520,-0.215810
0.182741,0.297481,-0.215981
0.184573,0.298253,-0.214790
0.186724,0.297061,-0.217302
0.186559,0.297186,-0.217948
0.189219,0.299728,-0.217088
0.191601,0.296851,-0.217911
0.191595,0.297030,-0.219154
0.194042,0.296828,-0.221273
0.193593,0.296964,-0.220632
0.193981,0.295511,-0.220231
0.196839,0.298804,-0.220437
0.198330,0.298755,-0.222176
0.200717,0.298461,-0.220849
0.202782,0.296967,-0.221613
0.203868,0.298555,-0.222573
0.204525,0.298360,-0.222983
0.205747,0.299189,-0.221765
0.207307,0.299308,-0.223115
0.208748,0.297456,-0.222291
0.209030,0.297942,-0.224769
0.210378,0.297922,-0.222673
0.212860,0.297605,-0.224935
0.215365,0.299304,-0.225370
0.217859,0.299245,-0.225438
0.217288,0.298264,-0.225498
0.219095,0.296650,-0.225758
0.223268,0.298700,-0.224133
0.223579,0.298449,-0.225825
0.224893,0.299651,-0.225747
0.224267,0.297480,-0.223634
0.225056,0.299055,-0.224807
0.227039,0.298571,-0.225750
0.230241,0.297821,-0.223415
0.232698,0.298269,-0.223357
0.232369,0.297770,-0.224429
0.233421,0.299318,-0.224023
0.234172,0.299323,-0.221997
0.236151,0.296836,-0.222585
0.236672,0.299023,-0.222582
0.237094,0.297539,-0.224059
0.241254,0.301081,-0.222867
0.242812,0.298743,-0.225454
0.243766,0.297580,-0.222389
0.244573,0.299084,-0.224201
0.245971,0.298611,-0.223943
0.247263,0.299009,-0.222239
0.249652,0.297628,-0.220260
0.250232,0.298656,-0.226620
0.254209,0.299200,-0.235911
0.252898,0.301330,-0.243374
0.256922,0.301233,-0.249136
0.259199,0.303460,-0.258930
-0.030426,0.305086,-0.264134
-0.029257,0.303092,-0.264397
-0.027459,0.303520,-0.263186
-0.026949,0.304511,-0.262146
-0.024261,0.303933,-0.264682
-0.021300,0.304275,-0.261978
-0.021551,0.303819,-0.262908
-0.020987,0.304850,-0.263097
-0.020091,0.303417,-0.261561
-0.018670,0.303300,-0.262701
-0.016278,0.304418,-0.260121
-0.012686,0.304238,-0.259926
-0.014493,0.302616,-0.260581
-0.010542,0.304957,-0.260495
-0.009879,0.304943,-0.260047
-0.009512,0.303167,-0.259466
-0.007267,0.302648,-0.257721
-0.005641,0.304467,-0.259435
-0.004873,0.304406,-0.258746
-0.001376,0.304761,-0.255532
-0.000251,0.303705,-0.255299
0.001555,0.304662,-0.255058
0.001218,0.305756,-0.254718
0.003495,0.302967,-0.254329
0.004127,0.302155,-0.252763
0.006540,0.302558,-0.250366
0.004913,0.302290,-0.253315
0.007931,0.301516,-0.250608
0.011894,0.303989,-0.250376
0.013349,0.304699,-0.249342
0.012756,0.303604,-0.249291
0.013442,0.302118,-0.247391
0.016573,0.303381,-0.246644
0.016518,0.301596,-0.245606
0.019274,0.301864,-0.244944
0.018902,0.299293,-0.243817
0.022354,0.301722,-0.244297
0.024647,0.302839,-0.241353
0.024921,0.303256,-0.242070
0.027915,0.300950,-0.237346
0.027922,0.300705,-0.238056
0.029321,0.303467,-0.236557
0.031658,0.301764,-0.236569
0.033637,0.301920,-0.234686
0.035251,0.301803,-0.234854
0.035800,0.300043,-0.233019
0.037099,0.299233,-0.232388
0.039059,0.301916,-0.230385
0.037804,0.301224,-0.226282
0.040965,0.300752,-0.226789
0.041812,0.301157,-0.227921
0.042998,0.299447,-0.225365
0.043618,0.299436,-0.226009
0.047998,0.300526,-0.223629
0.046859,0.300394,-0.224025
0.048051,0.300566,-0.221434
0.052549,0.300478,-0.219161
0.051759,0.300251,-0.220614
0.054534,0.300881,-0.218235
0.055201,0.300845,-0.219366
0.056719,0.301188,-0.216797
0.059018,0.298552,-0.215116
0.060680,0.298373,-0.213882
0.061327,0.298840,-0.211888
0.061294,0.297899,-0.214221
0.065583,0.299314,-0.212096
0.065591,0.296614,-0.210207
0.065824,0.298567,-0.210562
0.068274,0.298686,-0.210474
0.069560,0.299648,-0.208158
0.070325,0.297718,-0.210569
0.072168,0.297218,-0.208249
0.073741,0.296950,-0.205271
0.074874,0.299808,-0.204967
0.077628,0.298766,-0.204161
0.079491,0.297165,-0.203226
0.079693,0.298155,-0.203937
0.079466,0.297843,-0.202550
0.082142,0.296682,-0.204987
0.084438,0.298231,-0.203793
0.084256,0.297866,-0.203545
0.085930,0.297773,-0.201671
0.089657,0.296840,-0.201962
0.089706,0.297102,-0.200880
0.092322,0.297286,-0.203504
0.091633,0.297001,-0.200751
0.092745,0.298572,-0.202123
0.096705,0.297982,-0.201550
0.095838,0.297357,-0.201674
0.097354,0.298627,-0.202009
0.100421,0.297816,-0.202842
0.100472,0.297118,-0.200191
0.101454,0.298721,-0.201142
0.103960,0.297419,-0.201385
0.103710,0.297408,-0.201830
0.106310,0.296978,-0.198962
0.109412,0.297660,-0.199326
0.109322,0.298981,-0.200624
0.110830,0.297824,-0.199355
0.113259,0.298738,-0.197762
0.111732,0.298574,-0.198691
0.115638,0.297181,-0.197955
0.116018,0.299002,-0.199287
0.117239,0.296557,-0.198322
0.120604,0.296875,-0.198647
0.120974,0.297601,-0.199210
0.121656,0.295841,-0.198496
0.123864,0.296412,-0.198217
0.124894,0.296226,-0.197190
0.128866,0.298549,-0.197042
0.127739,0.296229,-0.198457
0.129177,0.300418,-0.196516
0.130542,0.296697,-0.197530
0.132747,0.297003,-0.196858
0.133325,0.296615,-0.197782
0.135967,0.297865,-0.200000
0.137080,0.296618,-0.198455
0.138057,0.298514,-0.198839
0.138162,0.296384,-0.200833
0.140340,0.296854,-0.197503
0.140563,0.296989,-0.199639
0.144751,0.295709,-0.199802
0.145799,0.296387,-0.199138
0.145653,0.297506,-0.201564
0.149582,0.298844,-0.201179
0.148441,0.297273,-0.202090
0.152194,0.298744,-0.202607
0.151729,0.296071,-0.203258
0.154365,0.299199,-0.204612
0.155756,0.298406,-0.202748
0.156397,0.298028,-0.206185
0.158167,0.298561,-0.203103
0.158855,0.298404,-0.204352
0.160631,0.298332,-0.206805
0.161378,0.297494,-0.205369
0.163596,0.299830,-0.207139
0.165638,0.299392,-0.207132
0.165917,0.300149,-0.208425
0.166957,0.296983,-0.209363
0.170792,0.298785,-0.210273
0.173115,0.298734,-0.210358
0.173017,0.298445,-0.211355
0.173904,0.299779,-0.215075
0.177711,0.298401,-0.213056
0.178435,0.298630,-0.214830
0.177254,0.300057,-0.213925
0.179043,0.297953,-0.215427
0.182489,0.300484,-0.217902
0.182964,0.297903,-0.216524
0.184372,0.297172,-0.217230
0.185697,0.300286,-0.217993
0.187342,0.298784,-0.219375
0.186879,0.299292,-0.219630
0.190139,0.298619,-0.222529
0.192586,0.299264,-0.221025
0.193420,0.301540,-0.222795
0.193913,0.297290,-0.220818
0.195555,0.299818,-0.223314
0.197878,0.300155,-0.222015
0.200182,0.299520,-0.222947
0.200435,0.297190,-0.222725
0.204830,0.299822,-0.223229
0.203095,0.300003,-0.221978
0.203971,0.299842,-0.224885
0.204867,0.300806,-0.225943
0.208166,0.300019,-0.225356
0.210235,0.301187,-0.227286
0.210101,0.299986,-0.226138
0.212487,0.301011,-0.225468
0.214187,0.301084,-0.228422
0.214584,0.300083,-0.228280
0.216377,0.300378,-0.228901
0.219441,0.300708,-0.227968
0.219776,0.300775,-0.228810
0.221683,0.297744,-0.226450
0.222635,0.299893,-0.227247
0.223495,0.299021,-0.227201
0.224508,0.301233,-0.225428
0.226020,0.301582,-0.227017
0.227126,0.300504,-0.225407
0.228501,0.299562,-0.226690
0.230635,0.299377,-0.227389
0.231977,0.301765,-0.226467
0.235112,0.300448,-0.226106
0.234273,0.299707,-0.227172
0.237283,0.298645,-0.226764
0.237823,0.301258,-0.224727
0.240484,0.298542,-0.226162
0.240870,0.299780,-0.225294
0.242055,0.300594,-0.227829
0.243234,0.301220,-0.227365
0.246598,0.300923,-0.227376
0.245810,0.299206,-0.224213
0.249041,0.299334,-0.225348
0.250028,0.300552,-0.225312
0.251948,0.297376,-0.226606
0.251449,0.300526,-0.233341
0.256878,0.302770,-0.241746
0.256050,0.302668,-0.250338
0.259136,0.303471,-0.260060
-0.028640,0.305470,-0.266780
-0.029879,0.305575,-0.265238
-0.025756,0.305461,-0.263376
-0.027930,0.306187,-0.263972
-0.025320,0.303978,-0.264377
-0.022683,0.304406,-0.264232
-0.020877,0.304315,-0.263901
-0.019027,0.306807,-0.263256
-0.018092,0.306072,-0.262927
-0.017850,0.304733,-0.261275
-0.016067,0.306910,-0.262028
-0.016087,0.305515,-0.263257
-0.014101,0.307133,-0.261568
-0.012648,0.306891,-0.261332
-0.010576,0.305812,-0.259856
-0.009271,0.305079,-0.260809
-0.007204,0.306875,-0.260681
-0.005822,0.304476,-0.259267
-0.005368,0.306282,-0.258451
-0.002263,0.304567,-0.257170
-0.000968,0.305441,-0.258462
0.000871,0.305397,-0.257699
0.001323,0.304123,-0.258393
0.003412,0.306274,-0.255915
0.004308,0.305232,-0.255786
0.005689,0.305565,-0.253833
0.007626,0.303026,-0.254613
0.007539,0.305125,-0.254464
0.009655,0.304012,-0.251963
0.012568,0.303866,-0.251411
0.014412,0.305286,-0.248672
0.014514,0.306488,-0.249767
0.014916,0.303067,-0.249003
0.017782,0.305680,-0.248186
0.018846,0.301736,-0.247065
0.022785,0.303849,-0.243494
0.022181,0.303332,-0.243953
0.021826,0.302332,-0.242262
0.024609,0.301965,-0.243410
0.026147,0.305199,-0.240517
0.028623,0.303881,-0.241719
0.029170,0.304878,-0.240289
0.031666,0.303682,-0.238369
0.031441,0.303156,-0.237899
0.032085,0.301949,-0.236856
0.033372,0.304844,-0.233338
0.037337,0.304231,-0.234480
0.038868,0.302828,-0.233203
0.039578,0.303239,-0.230532
0.040565,0.303062,-0.228698
0.043116,0.303601,-0.227519
0.041417,0.302559,-0.226522
0.045356,0.301259,-0.225003
0.047327,0.301528,-0.226758
0.048346,0.300267,-0.226328
0.048095,0.302561,-0.222637
0.051047,0.302183,-0.221648
0.052581,0.302301,-0.221644
0.053386,0.300480,-0.220233
0.057277,0.301149,-0.218424
0.056207,0.300168,-0.218040
0.059612,0.301010,-0.217586
0.059631,0.299001,-0.216793
0.060162,0.300702,-0.214866
0.062317,0.300372,-0.214481
0.066342,0.301832,-0.214698
0.066249,0.300186,-0.212106
0.067464,0.301626,-0.211240
0.068884,0.299063,-0.211299
0.068916,0.300144,-0.210938
0.072200,0.300290,-0.210998
0.073038,0.300681,-0.210336
0.074514,0.301866,-0.209072
0.076622,0.298703,-0.206673
0.076050,0.301890,-0.205421
0.079372,0.298471,-0.204678
0.080264,0.301087,-0.205573
0.080442,0.302552,-0.206581
0.082595,0.299621,-0.205734
0.083050,0.299598,-0.206395
0.085285,0.300183,-0.205484
0.088005,0.299499,-0.205156
0.089314,0.301300,-0.205780
0.088872,0.299447,-0.202899
0.091269,0.299721,-0.202724
0.093705,0.299057,-0.204761
0.093242,0.296939,-0.202967
0.095300,0.300399,-0.203212
0.096767,0.299896,-0.203406
0.097875,0.298383,-0.202086
0.102040,0.301073,-0.200761
0.100440,0.299855,-0.202838
0.102904,0.298132,-0.202666
0.103898,0.298401,-0.204082
0.105867,0.300464,-0.202404
0.104740,0.299812,-0.203809
0.107491,0.299739,-0.200883
0.109284,0.298726,-0.204580
0.111710,0.300245,-0.202305
0.111700,0.300249,-0.201889
0.113958,0.299428,-0.199673
0.116412,0.298397,-0.200677
0.117378,0.298103,-0.201261
0.116757,0.299942,-0.199243
0.119829,0.298855,-0.199087
0.120940,0.299614,-0.199767
0.123112,0.299160,-0.201057
0.124421,0.298006,-0.199480
0.124431,0.300177,-0.199820
0.127863,0.297768,-0.198545
0.127365,0.298536,-0.200485
0.129220,0.299382,-0.199139
0.130390,0.299313,-0.199568
0.134204,0.299806,-0.198619
0.133097,0.300314,-0.198667
0.134380,0.299477,-0.200186
0.135295,0.299830,-0.200359
0.138389,0.298504,-0.199961
0.139042,0.299891,-0.199795
0.140702,0.298773,-0.201709
0.140381,0.299124,-0.202401
0.145102,0.299875,-0.201058
0.143591,0.299800,-0.200430
0.146764,0.300427,-0.202050
0.148314,0.298811,-0.201921
0.150499,0.297667,-0.203602
0.151452,0.300656,-0.204600
0.151919,0.298772,-0.203150
0.154449,0.300208,-0.203691
0.155325,0.298878,-0.205068
0.156990,0.299265,-0.206061
0.157937,0.299024,-0.207150
0.159412,0.298187,-0.207143
0.160180,0.301466,-0.207136
0.162325,0.299613,-0.209573
0.164235,0.299515,-0.209432
0.166424,0.300069,-0.210247
0.165904,0.299743,-0.209268
0.169445,0.299980,-0.211189
0.167916,0.299608,-0.212459
0.172116,0.301303,-0.213784
0.172751,0.300262,-0.215869
0.174941,0.300776,-0.216542
0.175838,0.300067,-0.216943
0.177604,0.301793,-0.215935
0.177479,0.301411,-0.217244
0.179031,0.301059,-0.218643
0.182778,0.302261,-0.219025
0.182379,0.299974,-0.221409
0.182653,0.301334,-0.221052
0.186092,0.301748,-0.221171
0.188445,0.301891,-0.221505
0.188612,0.301751,-0.222383
0.190554,0.299832,-0.222782
0.192299,0.300372,-0.222997
0.194318,0.300916,-0.225458
0.193080,0.302602,-0.222886
0.195003,0.302570,-0.225529
0.197691,0.304141,-0.223653
0.198667,0.302507,-0.226459
0.200831,0.301747,-0.225510
0.200714,0.301692,-0.225567
0.203249,0.302371,-0.228812
0.204214,0.301027,-0.229330
0.205825,0.301097,-0.231608
0.206659,0.301981,-0.229388
0.208775,0.301252,-0.228701
0.210509,0.303383,-0.231397
0.212121,0.301902,-0.232602
0.215779,0.301613,-0.232128
0.214832,0.301628,-0.232301
0.215508,0.303116,-0.231608
0.218398,0.301834,-0.232986
0.221586,0.302096,-0.234468
0.219956,0.300958,-0.232565
0.221295,0.302875,-0.234490
0.224070,0.302952,-0.232382
0.225488,0.302554,-0.234257
0.225989,0.303716,-0.230570
0.227638,0.302410,-0.229402
0.230089,0.302395,-0.230441
0.230866,0.302686,-0.229915
0.233232,0.302321,-0.230671
0.234498,0.300829,-0.228751
0.235389,0.302247,-0.229506
0.238523,0.301407,-0.228834
0.239657,0.303255,-0.228925
0.239349,0.302796,-0.228732
0.242133,0.301406,-0.226937
0.241497,0.303912,-0.228083
0.244003,0.303535,-0.228346
0.245752,0.302087,-0.228550
0.246697,0.303363,-0.228052
0.249832,0.301723,-0.225753
0.250618,0.301464,-0.227888
0.251165,0.301521,-0.226542
0.250244,0.302134,-0.233135
0.253814,0.303250,-0.241594
0.256065,0.303707,-0.248268
0.258527,0.302761,-0.256814
-0.029414,0.308457,-0.265384
-0.028002,0.307794,-0.265845
-0.026960,0.308559,-0.265511
-0.023824,0.307140,-0.264123
-0.024529,0.307783,-0.263620
-0.021366,0.308291,-0.264002
-0.020875,0.308126,-0.262217
-0.019327,0.306591,-0.264494
-0.017544,0.308583,-0.264273
-0.018734,0.307604,-0.264789
-0.015788,0.307730,-0.260550
-0.013376,0.305580,-0.261302
-0.010389,0.307174,-0.262157
-0.008943,0.306399,-0.260102
-0.008999,0.307969,-0.260781
-0.009589,0.308015,-0.259874
-0.005197,0.306233,-0.260242
-0.004716,0.307515,-0.260532
-0.001342,0.307733,-0.259289
-0.001685,0.307271,-0.258250
-0.001083,0.305833,-0.258831
0.003074,0.307291,-0.256291
0.002817,0.306887,-0.256115
0.005107,0.307538,-0.257586
0.005388,0.306229,-0.256136
0.006655,0.306407,-0.255858
0.009300,0.307065,-0.255286
0.009446,0.306365,-0.253398
0.011113,0.306338,-0.253677
0.015402,0.307260,-0.251623
0.015028,0.306253,-0.250951
0.017184,0.307219,-0.250689
0.018151,0.304365,-0.248842
0.020076,0.305636,-0.247645
0.019580,0.304742,-0.248880
0.021535,0.305225,-0.246325
0.024175,0.304987,-0.247481
0.026389,0.306191,-0.246085
0.025383,0.305443,-0.243025
0.028638,0.306721,-0.241038
0.028541,0.304228,-0.243335
0.030732,0.304866,-0.240105
0.033468,0.304908,-0.238973
0.035047,0.303292,-0.238022
0.035411,0.306237,-0.237256
0.035784,0.305792,-0.237146
0.037075,0.305489,-0.235586
0.038281,0.306192,-0.233495
0.040416,0.304788,-0.232995
0.043453,0.302552,-0.231664
0.042878,0.303189,-0.231127
0.048410,0.304748,-0.229281
0.047330,0.302064,-0.228570
0.048817,0.302549,-0.226225
0.048014,0.302847,-0.226105
0.051232,0.304920,-0.223697
0.051587,0.302443,-0.223171
0.053556,0.304173,-0.221578
0.056510,0.302963,-0.222046
0.057732,0.303686,-0.221016
0.057782,0.301881,-0.220511
0.059199,0.302868,-0.216629
0.062933,0.301779,-0.217871
0.062211,0.302638,-0.217103
0.062102,0.302733,-0.216151
0.064904,0.301308,-0.215309
0.067469,0.301786,-0.213903
0.067244,0.303090,-0.213183
0.070001,0.302833,-0.213424
0.070448,0.301756,-0.210921
0.073046,0.302926,-0.212312
0.073751,0.301918,-0.208761
0.076109,0.302979,-0.207656
0.076122,0.302644,-0.208752
0.080251,0.302977,-0.208791
0.078084,0.302152,-0.208157
0.080126,0.300961,-0.207251
0.081820,0.300789,-0.206646
0.085063,0.302407,-0.205954
0.086907,0.303333,-0.206114
0.085909,0.302126,-0.204362
0.088779,0.300495,-0.206073
0.088231,0.301430,-0.206211
0.091959,0.301179,-0.204653
0.094414,0.300143,-0.205012
0.094424,0.300795,-0.203910
0.095501,0.300933,-0.203480
0.097754,0.302334,-0.205237
0.098680,0.302506,-0.204287
0.099906,0.299102,-0.204998
0.100700,0.301565,-0.203397
0.102741,0.301109,-0.204793
0.103888,0.300254,-0.204777
0.105345,0.299284,-0.203228
0.105898,0.301477,-0.204187
0.107970,0.301346,-0.204943
0.109079,0.301351,-0.202753
0.111548,0.299847,-0.204069
0.111916,0.301556,-0.203288
0.113942,0.301120,-0.203966
0.115435,0.299333,-0.200959
0.116908,0.300536,-0.202317
0.116262,0.302154,-0.202513
0.119722,0.299836,-0.200373
0.121616,0.300938,-0.202242
0.121315,0.300620,-0.200728
0.123695,0.299718,-0.202652
0.125174,0.299468,-0.202074
0.125850,0.300279,-0.201435
0.127984,0.300114,-0.202117
0.127222,0.299988,-0.201190
0.130787,0.299996,-0.201344
0.132762,0.301162,-0.202267
0.133469,0.300723,-0.198766
0.134408,0.300570,-0.201557
0.136896,0.300708,-0.201617
0.139141,0.300772,-0.203242
0.139624,0.301302,-0.200307
0.139189,0.301839,-0.201820
0.141962,0.301872,-0.202155
0.143624,0.302202,-0.202913
0.144760,0.301438,-0.202024
0.145503,0.302443,-0.204637
0.147523,0.300583,-0.204344
0.149573,0.300259,-0.206306
0.149532,0.302016,-0.205152
0.151981,0.301029,-0.205762
0.155606,0.304294,-0.205884
0.154434,0.301647,-0.209488
0.156150,0.302311,-0.206285
0.157184,0.302470,-0.208514
0.160011,0.300813,-0.207665
0.160084,0.302081,-0.210169
0.161740,0.302195,-0.209665
0.165005,0.302023,-0.210903
0.164284,0.301847,-0.212160
0.166599,0.303129,-0.213159
0.168201,0.302375,-0.216367
0.168817,0.301817,-0.215231
0.169650,0.302323,-0.215989
0.172452,0.301948,-0.217943
0.174943,0.304329,-0.218627
0.177094,0.303643,-0.219728
0.178029,0.303591,-0.219541
0.179902,0.302746,-0.221073
0.181159,0.302987,-0.218731
0.181938,0.301362,-0.220511
0.182974,0.303803,-0.222562
0.182595,0.301961,-0.222602
0.185595,0.304079,-0.225027
0.189345,0.302628,-0.224894
0.190523,0.303985,-0.227046
0.189611,0.303699,-0.225978
0.191412,0.302701,-0.226226
0.192338,0.302900,-0.227382
0.195147,0.304677,-0.226767
0.196814,0.302847,-0.227796
0.196046,0.304006,-0.227817
0.200260,0.304280,-0.229911
0.200624,0.304990,-0.231766
0.204816,0.304707,-0.231613
0.202697,0.306459,-0.233455
0.206098,0.303740,-0.233191
0.206293,0.303379,-0.233275
0.206834,0.304621,-0.234938
0.209731,0.304389,-0.236349
0.210384,0.303608,-0.238951
0.210229,0.303834,-0.237375
0.213659,0.303548,-0.236066
0.214700,0.304005,-0.236741
0.217126,0.304670,-0.237757
0.219525,0.304692,-0.236780
0.219414,0.303082,-0.236651
0.219445,0.305003,-0.238486
0.222350,0.306612,-0.237720
0.224772,0.305024,-0.236278
0.226533,0.306041,-0.235102
0.225508,0.304727,-0.236479
0.229251,0.302902,-0.236048
0.228417,0.303356,-0.234109
0.231058,0.304565,-0.231967
0.233084,0.305174,-0.232640
0.233990,0.304596,-0.232558
0.236996,0.304627,-0.231632
0.236687,0.305128,-0.232699
0.236556,0.303657,-0.231101
0.239297,0.303861,-0.231106
0.241906,0.305154,-0.230500
0.241798,0.305103,-0.229475
0.245128,0.304244,-0.230699
0.245715,0.305244,-0.230503
0.246933,0.301922,-0.231195
0.250117,0.305686,-0.229927
0.249648,0.302868,-0.230180
0.251358,0.305141,-0.233239
0.251560,0.305621,-0.232120
0.256475,0.305728,-0.240283
0.257435,0.306123,-0.247083
0.258909,0.307633,-0.256511
-0.028601,0.309821,-0.266663
-0.030317,0.309723,-0.267827
-0.024782,0.309810,-0.266229
-0.023569,0.308691,-0.265173
-0.021773,0.310188,-0.264934
-0.020415,0.310362,-0.266595
-0.021380,0.309957,-0.265265
-0.019305,0.309088,-0.264739
-0.017836,0.307668,-0.264460
-0.015109,0.309411,-0.263892
-0.012104,0.308415,-0.264132
-0.013904,0.308874,-0.265866
-0.011164,0.309860,-0.265178
-0.010011,0.307340,-0.261279
-0.008284,0.306680,-0.262047
-0.006927,0.310295,-0.262005
-0.007064,0.309488,-0.260221
-0.001428,0.308530,-0.264426
-0.001608,0.309599,-0.262141
-0.001235,0.310580,-0.258278
0.001893,0.308132,-0.256694
0.000915,0.309844,-0.259312
0.004686,0.308227,-0.258233
0.004657,0.307037,-0.257116
0.007208,0.308636,-0.259170
0.007130,0.307396,-0.256559
0.008834,0.308640,-0.257646
0.011345,0.306133,-0.255949
0.011705,0.308290,-0.252929
0.011392,0.307953,-0.255412
0.017205,0.307206,-0.254517
0.017052,0.307911,-0.251761
0.017784,0.307045,-0.252268
0.020233,0.308468,-0.249906
0.021365,0.308502,-0.250912
0.022387,0.307780,-0.252083
0.023644,0.306246,-0.246965
0.025962,0.306833,-0.246220
0.024272,0.307379,-0.247072
0.027525,0.309808,-0.245580
0.030436,0.306370,-0.244153
0.030655,0.309004,-0.243332
0.031312,0.307182,-0.239875
0.034970,0.307260,-0.239351
0.036892,0.306202,-0.239915
0.035570,0.304983,-0.239414
0.038778,0.306254,-0.236211
0.039085,0.305008,-0.234787
0.041243,0.306145,-0.235390
0.041908,0.305004,-0.233993
0.045248,0.306146,-0.230804
0.047406,0.307125,-0.230370
0.046525,0.303959,-0.229347
0.048917,0.305206,-0.228277
0.050590,0.304662,-0.228812
0.051473,0.305581,-0.228081
0.052525,0.305297,-0.225828
0.055962,0.304192,-0.224153
0.056129,0.305445,-0.226641
0.056083,0.305280,-0.222332
0.059223,0.304023,-0.222319
0.059791,0.306073,-0.219882
0.060955,0.305826,-0.217135
0.062623,0.303806,-0.218522
0.062669,0.305305,-0.216155
0.066613,0.301801,-0.217005
0.067671,0.302720,-0.214857
0.067066,0.304695,-0.217025
0.069817,0.302279,-0.215350
0.069869,0.303414,-0.213673
0.071595,0.302040,-0.212413
0.075207,0.302517,-0.210794
0.077514,0.302899,-0.211288
0.078303,0.303812,-0.209584
0.076955,0.301392,-0.208369
0.078783,0.302881,-0.208226
0.080881,0.301078,-0.207877
0.082760,0.303786,-0.205213
0.083925,0.303456,-0.207930
0.087107,0.304837,-0.208624
0.088178,0.301456,-0.206395
0.089535,0.303268,-0.207734
0.090642,0.304415,-0.205649
0.089111,0.303293,-0.207349
0.092532,0.302275,-0.203833
0.092515,0.304358,-0.205483
0.095702,0.305344,-0.204709
0.096910,0.304125,-0.207791
0.097485,0.302995,-0.206032
0.100519,0.303112,-0.204703
0.098814,0.303894,-0.206767
0.102158,0.302103,-0.206159
0.104855,0.301513,-0.206668
0.103772,0.304325,-0.207100
0.108809,0.305201,-0.207193
0.107000,0.301497,-0.207020
0.108437,0.303037,-0.204162
0.110907,0.303611,-0.205809
0.112603,0.302380,-0.203239
0.114583,0.300703,-0.206712
0.116919,0.304555,-0.202576
0.117130,0.302979,-0.204399
0.118787,0.302523,-0.202992
0.119938,0.305133,-0.202235
0.120816,0.303416,-0.203931
0.122241,0.301905,-0.202805
0.122787,0.301139,-0.202723
0.124293,0.303872,-0.200968
0.126443,0.303931,-0.203588
0.127828,0.303745,-0.203595
0.130017,0.302722,-0.202140
0.130974,0.301047,-0.202340
0.132301,0.301732,-0.202669
0.133809,0.301779,-0.201998
0.133439,0.303125,-0.202927
0.136262,0.303575,-0.201263
0.138003,0.301868,-0.203108
0.138430,0.302257,-0.203818
0.143370,0.302814,-0.204242
0.142449,0.303890,-0.202981
0.143822,0.301551,-0.205271
0.144969,0.303645,-0.205873
0.145634,0.303743,-0.203274
0.151995,0.303783,-0.204898
0.150063,0.303217,-0.205202
0.151329,0.303758,-0.207090
0.153454,0.304345,-0.206827
0.152886,0.303263,-0.208681
0.154405,0.302595,-0.210004
0.155946,0.303033,-0.209551
0.159369,0.304192,-0.210545
0.159160,0.304287,-0.211114
0.162254,0.303144,-0.211133
0.162645,0.303950,-0.210770
0.164162,0.303691,-0.214055
0.166825,0.304814,-0.214464
0.165603,0.302518,-0.216627
0.167994,0.304256,-0.216520
0.171668,0.305302,-0.218536
0.171250,0.303422,-0.218027
0.174033,0.303844,-0.219717
0.175063,0.305217,-0.221640
0.174716,0.304858,-0.221740
0.175712,0.304911,-0.220667
0.179866,0.303961,-0.220828
0.180369,0.304846,-0.224480
0.181604,0.307928,-0.223831
0.184431,0.306378,-0.224983
0.185290,0.305078,-0.225950
0.186885,0.305583,-0.228170
0.186976,0.306072,-0.229121
0.187855,0.306825,-0.230186
0.189868,0.306328,-0.230924
0.191040,0.306500,-0.230154
0.194189,0.304756,-0.231489
0.195951,0.306257,-0.232397
0.196171,0.306968,-0.233618
0.197758,0.305226,-0.233723
0.198590,0.306692,-0.234688
0.201846,0.306850,-0.236968
0.201088,0.304967,-0.237055
0.205608,0.307495,-0.238743
0.204768,0.307838,-0.238159
0.205960,0.305087,-0.237652
0.208499,0.306801,-0.240303
0.211920,0.307062,-0.241488
0.212761,0.308467,-0.239814
0.214682,0.307668,-0.241630
0.214294,0.307102,-0.242303
0.214301,0.308580,-0.243763
0.217184,0.306445,-0.243178
0.217914,0.306727,-0.244801
0.221866,0.307629,-0.244676
0.220701,0.306527,-0.242226
0.223194,0.306760,-0.243049
0.224301,0.304938,-0.243086
0.225353,0.306057,-0.239978
0.225722,0.305920,-0.238944
0.229934,0.307179,-0.237030
0.230934,0.306889,-0.237824
0.230884,0.306236,-0.236307
0.234264,0.305228,-0.236662
0.234001,0.307846,-0.237662
0.235561,0.306648,-0.234710
0.237522,0.306390,-0.234056
0.238875,0.307419,-0.236195
0.239095,0.304492,-0.233974
0.241559,0.307172,-0.233885
0.243786,0.303847,-0.233058
0.244424,0.306814,-0.233856
0.246934,0.306190,-0.234045
0.246415,0.307543,-0.235268
0.247214,0.306477,-0.235567
0.250690,0.307533,-0.236224
0.252191,0.307382,-0.234278
0.251532,0.305215,-0.235867
0.255877,0.305959,-0.240149
0.255944,0.306148,-0.246210
-0.028480,0.311402,-0.267558
-0.027809,0.311348,-0.268379
-0.025524,0.313161,-0.268232
-0.024206,0.311945,-0.268741
-0.022897,0.312642,-0.267484
-0.021340,0.309893,-0.265196
-0.021253,0.310692,-0.265322
-0.018105,0.310246,-0.266875
-0.018346,0.311248,-0.265216
-0.014094,0.310398,-0.265957
-0.014363,0.313195,-0.265141
-0.011251,0.310799,-0.266642
-0.012421,0.311006,-0.264463
-0.010503,0.310733,-0.263997
-0.008241,0.310552,-0.263899
-0.005969,0.311735,-0.264547
-0.005554,0.309131,-0.264016
-0.006074,0.310139,-0.264494
-0.002163,0.310124,-0.265408
0.000041,0.310802,-0.261831
-0.001085,0.310005,-0.260336
0.002121,0.311451,-0.262313
0.002786,0.311735,-0.259627
0.005418,0.311478,-0.260825
0.004660,0.310035,-0.261293
0.006810,0.312013,-0.258344
0.009386,0.309886,-0.257677
0.011311,0.309068,-0.257836
0.012646,0.312087,-0.256046
0.012034,0.310673,-0.256841
0.014197,0.309486,-0.255214
0.014336,0.310438,-0.254304
0.019145,0.308999,-0.254553
0.018470,0.310769,-0.253276
0.021319,0.309247,-0.251726
0.022027,0.310303,-0.251189
0.023070,0.310662,-0.250041
0.027053,0.308717,-0.250876
0.026240,0.309322,-0.248542
0.028844,0.307510,-0.247565
0.026593,0.308130,-0.245163
0.029848,0.308562,-0.245679
0.031402,0.309302,-0.245551
0.034695,0.309493,-0.244536
0.035150,0.308471,-0.242180
0.036246,0.308360,-0.242211
0.037735,0.309077,-0.238688
0.039538,0.307672,-0.237855
0.042631,0.307328,-0.237237
0.041712,0.308424,-0.236725
0.043246,0.308208,-0.235481
0.047418,0.308033,-0.233722
0.047544,0.306981,-0.232941
0.047058,0.309048,-0.229502
0.050246,0.309015,-0.231006
0.050020,0.308166,-0.228958
0.054346,0.307315,-0.228258
0.054260,0.307051,-0.226409
0.052214,0.307367,-0.226975
0.056465,0.305774,-0.224173
0.057922,0.306291,-0.224895
0.058964,0.308319,-0.221607
0.061151,0.305572,-0.219915
0.062932,0.307016,-0.220727
0.062794,0.305305,-0.218850
0.068406,0.309076,-0.220248
0.067558,0.307580,-0.216929
0.069239,0.306257,-0.217999
0.069722,0.304885,-0.214614
0.070763,0.304999,-0.214732
0.074423,0.306586,-0.214921
0.072167,0.305241,-0.214003
0.074411,0.305204,-0.214871
0.075663,0.306287,-0.212550
0.076818,0.306044,-0.210455
0.079167,0.305790,-0.210123
0.081943,0.305580,-0.210329
0.083461,0.303474,-0.210171
0.085381,0.304509,-0.209292
0.085696,0.304116,-0.208402
0.085885,0.303865,-0.210296
0.088091,0.304848,-0.210017
0.091019,0.305114,-0.208402
0.089394,0.304905,-0.209150
0.092257,0.304507,-0.206249
0.094360,0.304090,-0.208541
0.094903,0.304032,-0.208283
0.096063,0.304580,-0.207664
0.099457,0.304320,-0.207419
0.099101,0.306749,-0.207788
0.102047,0.303534,-0.209794
0.101051,0.304302,-0.206580
0.106012,0.304667,-0.208720
0.104257,0.303934,-0.207483
0.106245,0.306638,-0.209776
0.106977,0.305608,-0.208453
0.111407,0.305944,-0.209323
0.112398,0.304727,-0.209376
0.113479,0.304821,-0.207359
0.113911,0.305067,-0.204919
0.117292,0.303565,-0.206062
0.116833,0.304740,-0.207179
0.119682,0.305115,-0.203928
0.119562,0.303424,-0.205366
0.119847,0.303779,-0.202812
0.124850,0.302797,-0.203260
0.123422,0.302823,-0.205202
0.124619,0.307101,-0.204589
0.128918,0.304378,-0.201983
0.127962,0.304155,-0.205097
0.129341,0.304027,-0.203792
0.129244,0.302568,-0.204971
0.132585,0.305652,-0.203593
0.133688,0.304438,-0.204804
0.136701,0.305168,-0.204468
0.137258,0.303662,-0.203929
0.139593,0.304205,-0.203449
0.140907,0.302433,-0.205593
0.139468,0.304613,-0.204359
0.142961,0.305537,-0.204201
0.143976,0.304936,-0.203040
0.146340,0.304782,-0.205467
0.146462,0.305823,-0.206129
0.147008,0.306078,-0.207517
0.149828,0.304363,-0.207982
0.150283,0.304398,-0.208517
0.152444,0.307224,-0.207378
0.154304,0.303665,-0.209421
0.154430,0.305562,-0.210550
0.154894,0.305730,-0.210126
0.159256,0.306219,-0.211324
0.159818,0.305476,-0.212689
0.160430,0.305923,-0.212449
0.161530,0.307436,-0.213130
0.163763,0.305381,-0.215148
0.166384,0.305938,-0.217490
0.166106,0.305600,-0.218020
0.167776,0.306830,-0.218406
0.170857,0.308064,-0.221135
0.171701,0.306088,-0.220939
0.173704,0.306249,-0.223025
0.173000,0.305138,-0.223957
0.175174,0.305878,-0.222955
0.178617,0.304227,-0.224758
0.178085,0.306889,-0.226057
0.181109,0.307708,-0.227281
0.180937,0.307717,-0.227840
0.182680,0.306691,-0.231030
0.185079,0.307844,-0.231014
0.185033,0.306755,-0.230440
0.187077,0.306504,-0.231051
0.189233,0.306949,-0.233625
0.189773,0.308086,-0.234069
0.192327,0.309225,-0.234270
0.194552,0.307873,-0.235787
0.195881,0.308150,-0.236930
0.195323,0.307120,-0.238034
0.196021,0.306951,-0.238724
0.199526,0.308280,-0.241484
0.199252,0.307141,-0.239981
0.202026,0.309518,-0.243312
0.205100,0.308961,-0.242733
0.207565,0.309623,-0.245697
0.209257,0.309108,-0.246703
0.210876,0.309194,-0.246949
0.209969,0.309828,-0.248512
0.210570,0.309586,-0.247188
0.212037,0.309087,-0.246132
0.215417,0.309476,-0.249358
0.216454,0.310127,-0.248743
0.217049,0.309952,-0.249090
0.217858,0.310920,-0.249287
0.221456,0.309681,-0.250324
0.221585,0.309329,-0.249592
0.221327,0.309038,-0.251041
0.224088,0.309119,-0.249080
0.224922,0.309239,-0.249002
0.227066,0.308952,-0.247167
0.228824,0.308317,-0.249028
0.228899,0.309201,-0.248709
0.230650,0.309399,-0.248668
0.232337,0.308779,-0.248662
0.236022,0.308476,-0.247892
0.238296,0.309819,-0.248525
0.237880,0.309054,-0.248415
0.240129,0.311356,-0.247708
0.239766,0.310082,-0.248896
0.240342,0.309310,-0.247080
0.243054,0.311247,-0.244386
0.244165,0.307822,-0.246266
0.244544,0.308326,-0.243449
0.247276,0.308024,-0.241877
0.247991,0.308782,-0.238593
0.251116,0.308304,-0.241511
0.251962,0.308005,-0.241464
0.251590,0.309993,-0.242067
0.254484,0.307944,-0.243779
0.255014,0.309865,-0.246489
-0.028700,0.313940,-0.268295
-0.026624,0.313190,-0.268135
-0.024253,0.313695,-0.269768
-0.022997,0.311450,-0.267178
-0.021899,0.314381,-0.266101
-0.019064,0.313068,-0.270024
-0.018020,0.312288,-0.267369
-0.018225,0.314055,-0.267023
-0.017461,0.313230,-0.265676
-0.015211,0.313709,-0.267108
-0.013888,0.312640,-0.266523
-0.010343,0.314719,-0.266828
-0.011495,0.312065,-0.264493
-0.008799,0.311912,-0.266030
-0.007097,0.313468,-0.265308
-0.004615,0.313744,-0.265177
-0.003716,0.313101,-0.265609
-0.002470,0.313611,-0.265591
-0.003410,0.313467,-0.264434
0.001277,0.310982,-0.263892
0.001441,0.313660,-0.263765
0.003733,0.313710,-0.263925
0.003387,0.315043,-0.259977
0.006010,0.313152,-0.261365
0.007065,0.313790,-0.260749
0.008069,0.311689,-0.258845
0.010154,0.312188,-0.259701
0.011340,0.311856,-0.257101
0.012890,0.309609,-0.257748
0.014172,0.313015,-0.257887
0.015889,0.311944,-0.255799
0.017920,0.310613,-0.257021
0.020225,0.311927,-0.255100
0.020761,0.309783,-0.253248
0.023051,0.311158,-0.252969
0.022661,0.312507,-0.252524
0.025933,0.311601,-0.252401
0.024677,0.310947,-0.251655
0.027876,0.311539,-0.249192
0.028724,0.310544,-0.248375
0.031083,0.309287,-0.250042
0.031743,0.311106,-0.246507
0.033424,0.308391,-0.246589
0.034771,0.311046,-0.245024
0.036246,0.308867,-0.244822
0.037517,0.311231,-0.241074
0.039400,0.310437,-0.239768
0.041359,0.307939,-0.240137
0.041629,0.309818,-0.238027
0.045572,0.309937,-0.238060
0.044712,0.309510,-0.236425
0.046475,0.310604,-0.234802
0.047168,0.309300,-0.234417
0.049550,0.308861,-0.233543
0.050393,0.307059,-0.232873
0.051277,0.307731,-0.229246
0.054747,0.308272,-0.230836
0.054814,0.309026,-0.226758
0.057303,0.308349,-0.228351
0.057944,0.309119,-0.223945
0.060475,0.308483,-0.223431
0.061220,0.308597,-0.224749
0.063221,0.307961,-0.223921
0.064656,0.308406,-0.222281
0.066335,0.308372,-0.220945
0.066840,0.308255,-0.220246
0.070622,0.308550,-0.218137
0.070084,0.307470,-0.218845
0.071559,0.307308,-0.215461
0.073572,0.306210,-0.216781
0.072140,0.309161,-0.215696
0.074301,0.306284,-0.213342
0.076479,0.307919,-0.214653
0.078572,0.306246,-0.213221
0.080954,0.308107,-0.212058
0.081515,0.308154,-0.214097
0.082411,0.307335,-0.211411
0.084518,0.305605,-0.210044
0.086589,0.307370,-0.212752
0.086812,0.306293,-0.211833
0.087821,0.307310,-0.210359
0.088227,0.305179,-0.209264
0.092938,0.306393,-0.210392
0.092120,0.307796,-0.209434
0.095619,0.308908,-0.210297
0.096267,0.307541,-0.207717
0.098998,0.307513,-0.208954
0.099541,0.307150,-0.209792
0.099532,0.307746,-0.209386
0.102495,0.306925,-0.209448
0.103937,0.307670,-0.208557
0.104014,0.307815,-0.209636
0.105061,0.305573,-0.209698
0.105000,0.307328,-0.209723
0.109777,0.305773,-0.209091
0.111352,0.307132,-0.209904
0.110231,0.306595,-0.209087
0.113185,0.307492,-0.207822
0.114516,0.307400,-0.206097
0.115273,0.306160,-0.208026
0.116110,0.306777,-0.206557
0.116138,0.307253,-0.207327
0.120420,0.306525,-0.206742
0.121645,0.306055,-0.205771
0.121277,0.306336,-0.206085
0.122748,0.306301,-0.204276
0.123428,0.306446,-0.206836
0.127469,0.306432,-0.204781
0.127076,0.307301,-0.205495
0.129158,0.306852,-0.204998
0.130770,0.305189,-0.204452
0.133106,0.305814,-0.205585
0.133313,0.306042,-0.205204
0.133795,0.307563,-0.206913
0.135860,0.306343,-0.205708
0.137100,0.308063,-0.206441
0.139470,0.306430,-0.207130
0.142167,0.308516,-0.206816
0.141469,0.304507,-0.206767
0.143794,0.305380,-0.207343
0.144749,0.306847,-0.206565
0.145805,0.305050,-0.206556
0.147614,0.305634,-0.208633
0.148956,0.305860,-0.209592
0.151586,0.306336,-0.210842
0.152001,0.308876,-0.211529
0.152877,0.306561,-0.210798
0.155960,0.305722,-0.212265
0.156675,0.307608,-0.213942
0.156042,0.306053,-0.213952
0.160262,0.308220,-0.215473
0.159850,0.307474,-0.215417
0.163622,0.308380,-0.218344
0.164520,0.307018,-0.219308
0.166178,0.308767,-0.219486
0.166381,0.309456,-0.220622
0.169587,0.308096,-0.221007
0.170408,0.308765,-0.223259
0.172236,0.308929,-0.224022
0.171086,0.307965,-0.225182
0.177388,0.309457,-0.224058
0.176374,0.308054,-0.226101
0.179596,0.309616,-0.226812
0.180906,0.307876,-0.229105
0.180743,0.308043,-0.228889
0.182210,0.308207,-0.229605
0.181680,0.309353,-0.230922
0.184475,0.309569,-0.232655
0.186681,0.308710,-0.234521
0.186923,0.308036,-0.233700
0.188659,0.307607,-0.235719
0.191075,0.310121,-0.234896
0.194031,0.308570,-0.236197
0.194330,0.309988,-0.236457
0.195503,0.311395,-0.235222
0.195725,0.310459,-0.238756
0.199488,0.312025,-0.240750
0.199004,0.311183,-0.242207
0.198644,0.310139,-0.243295
0.201712,0.311108,-0.247851
0.204494,0.309885,-0.247132
0.205307,0.310826,-0.250034
0.208053,0.311734,-0.250761
0.211474,0.311751,-0.252589
0.210134,0.311655,-0.255171
0.211089,0.310483,-0.255056
0.213652,0.308422,-0.255276
0.215913,0.311661,-0.254223
0.216109,0.311351,-0.254320
0.217506,0.313083,-0.255056
0.220681,0.312383,-0.256538
-0.027035,0.314633,-0.269675
-0.027091,0.313925,-0.270417
-0.025074,0.314347,-0.270194
-0.022585,0.313527,-0.269105
-0.022074,0.316387,-0.268320
-0.018641,0.316548,-0.268217
-0.017820,0.315080,-0.270255
-0.017614,0.316458,-0.268337
-0.016178,0.314108,-0.269373
-0.014886,0.315318,-0.268622
-0.013668,0.316783,-0.268084
-0.012902,0.314100,-0.266861
-0.010691,0.315811,-0.266936
-0.010058,0.313978,-0.269383
-0.007723,0.315468,-0.265902
-0.006542,0.315527,-0.266455
-0.004869,0.314750,-0.266210
-0.001374,0.316037,-0.264840
-0.000357,0.314857,-0.263766
-0.001394,0.311631,-0.264480
0.000835,0.313120,-0.265663
0.002137,0.315223,-0.263552
0.004240,0.314625,-0.262786
0.005484,0.313163,-0.264349
0.007028,0.314422,-0.262554
0.008036,0.312237,-0.262288
0.008671,0.315247,-0.261168
0.012718,0.314696,-0.260896
0.013920,0.312918,-0.260619
0.014405,0.314248,-0.258330
0.016592,0.314627,-0.257062
0.015933,0.314106,-0.257400
0.019465,0.314394,-0.256754
0.021479,0.314014,-0.255147
0.023277,0.313276,-0.254021
0.024887,0.312928,-0.253849
0.023952,0.313322,-0.252920
0.023924,0.313222,-0.252900
0.026676,0.313811,-0.252943
0.030866,0.313301,-0.251420
0.030326,0.314514,-0.249610
0.033190,0.312585,-0.249891
0.033628,0.312507,-0.249725
0.035343,0.310922,-0.247568
0.037554,0.313117,-0.243444
0.038322,0.312486,-0.243384
0.040419,0.312968,-0.243776
0.040590,0.311273,-0.242870
0.042853,0.311660,-0.241511
0.044232,0.312749,-0.240308
0.044775,0.312302,-0.238114
0.046603,0.311886,-0.238316
0.048822,0.312802,-0.235597
0.047837,0.310603,-0.235058
0.050943,0.308571,-0.232879
0.053278,0.309133,-0.233320
0.053640,0.310831,-0.232495
0.055761,0.313013,-0.231122
0.056024,0.310109,-0.229741
0.058602,0.308812,-0.228282
0.058872,0.310818,-0.227600
0.059890,0.310146,-0.226639
0.062467,0.310091,-0.224461
0.065151,0.308641,-0.224271
0.066026,0.308860,-0.221013
0.065493,0.309767,-0.223131
0.064807,0.311300,-0.220096
0.070070,0.308974,-0.218045
0.069095,0.310566,-0.220049
0.070573,0.307774,-0.219617
0.074133,0.309210,-0.215170
0.077531,0.310296,-0.217032
0.075703,0.308787,-0.215807
0.079875,0.310162,-0.213722
0.078388,0.310227,-0.214208
0.080757,0.307775,-0.212069
0.083321,0.309321,-0.213157
0.084317,0.309298,-0.212412
0.083572,0.308402,-0.213391
0.086191,0.307144,-0.212549
0.087811,0.308285,-0.212862
0.089884,0.309710,-0.210705
0.091251,0.308988,-0.212154
0.090793,0.309852,-0.212402
0.092843,0.309017,-0.210356
0.096390,0.308018,-0.210077
0.096525,0.307123,-0.209193
0.097015,0.307573,-0.209150
0.100355,0.308641,-0.211631
0.099804,0.308996,-0.209292
0.102085,0.307371,-0.213374
0.104025,0.309994,-0.211409
0.104953,0.306776,-0.211842
0.106789,0.308655,-0.212079
0.108145,0.308618,-0.210460
0.109834,0.309731,-0.211757
0.109865,0.308490,-0.208772
0.112175,0.308413,-0.209522
0.114336,0.307110,-0.209040
0.115556,0.309925,-0.208109
0.115389,0.307792,-0.207118
0.116918,0.308913,-0.208673
0.119481,0.307827,-0.208770
0.120147,0.309009,-0.208596
0.121121,0.307390,-0.209329
0.123223,0.306998,-0.207804
0.125560,0.306905,-0.205379
0.126482,0.309504,-0.206958
0.128086,0.308652,-0.208037
0.131528,0.309368,-0.207326
0.130731,0.307509,-0.206821
0.132842,0.308759,-0.205581
0.134568,0.307901,-0.207322
0.134234,0.307764,-0.206894
0.137136,0.308941,-0.206970
0.139360,0.308689,-0.205304
0.139143,0.306868,-0.208202
0.140090,0.308963,-0.207773
0.141943,0.309460,-0.210274
0.143933,0.307397,-0.209132
0.144590,0.308151,-0.209255
0.147907,0.309012,-0.209299
0.149592,0.309400,-0.212092
0.149317,0.308276,-0.210511
0.150461,0.310111,-0.211304
0.153326,0.308107,-0.211756
0.153791,0.308629,-0.211713
0.155416,0.308664,-0.214353
0.155900,0.310198,-0.215709
0.158895,0.310640,-0.216960
0.162331,0.310327,-0.217547
0.161742,0.310078,-0.218502
0.162624,0.310687,-0.217989
0.162696,0.310252,-0.219262
0.166726,0.308626,-0.222950
0.167855,0.308497,-0.222645
0.168538,0.310519,-0.223245
0.170823,0.309759,-0.224517
0.171891,0.311346,-0.224878
0.173982,0.309483,-0.225508
0.173850,0.310712,-0.226028
0.176955,0.312592,-0.227222
0.176924,0.311281,-0.228983
0.180719,0.308638,-0.230625
0.179604,0.310807,-0.231673
0.182825,0.309697,-0.231317
0.183383,0.311277,-0.230986
0.185030,0.310669,-0.233664
0.188211,0.312264,-0.234829
0.187251,0.310145,-0.235117
0.189705,0.311776,-0.236006
0.191766,0.311900,-0.236502
0.193120,0.312137,-0.237011
0.194047,0.312268,-0.239284
0.196720,0.312008,-0.240960
0.198889,0.310061,-0.244043
0.198484,0.312119,-0.244410
0.199816,0.310471,-0.247746
0.203592,0.312856,-0.249152
0.203283,0.312381,-0.250604
0.204506,0.313523,-0.252592
0.205495,0.314229,-0.258393
0.208114,0.312671,-0.256986
0.210152,0.313484,-0.260148
-0.026544,0.315963,-0.273432
-0.026782,0.316234,-0.269737
-0.023739,0.315772,-0.270728
-0.023421,0.315714,-0.270540
-0.022774,0.316851,-0.269814
-0.020364,0.317663,-0.269716
-0.020319,0.318145,-0.269995
-0.018141,0.318395,-0.270397
-0.015385,0.317228,-0.268804
-0.014219,0.317377,-0.268868
-0.013236,0.318274,-0.268053
-0.012394,0.315702,-0.268447
-0.011394,0.318454,-0.268794
-0.006685,0.318957,-0.268662
-0.007156,0.316139,-0.266100
-0.006136,0.317170,-0.266832
-0.003130,0.317265,-0.267166
-0.001328,0.315878,-0.267442
-0.003312,0.315799,-0.265122
-0.000157,0.317451,-0.267627
0.002136,0.317986,-0.266328
0.002097,0.317516,-0.266055
0.003117,0.316718,-0.264634
0.005564,0.315855,-0.264920
0.008418,0.318533,-0.264386
0.008669,0.315021,-0.264731
0.011216,0.316799,-0.263054
0.011675,0.314881,-0.262560
0.012082,0.316540,-0.261186
0.015448,0.315267,-0.260249
0.016061,0.316699,-0.260190
0.018535,0.318188,-0.259902
0.018991,0.316572,-0.259673
0.020277,0.316119,-0.257912
0.022838,0.316652,-0.260020
0.022518,0.315744,-0.258431
0.024676,0.315716,-0.257250
0.026652,0.315476,-0.255629
0.029332,0.315077,-0.253678
0.030310,0.316099,-0.253736
0.033186,0.314459,-0.253028
0.032231,0.316939,-0.251213
0.033135,0.315119,-0.253462
0.035309,0.313327,-0.250884
0.036014,0.314603,-0.249712
0.039549,0.312788,-0.249117
0.038456,0.314785,-0.247663
0.040840,0.314370,-0.247231
0.041505,0.314891,-0.245126
0.046357,0.315151,-0.242818
0.045943,0.311987,-0.242493
0.047633,0.314052,-0.241458
0.049038,0.313608,-0.238042
0.049369,0.312487,-0.238370
0.051443,0.314466,-0.236739
0.052346,0.313250,-0.236498
0.052814,0.310625,-0.236163
0.054222,0.313432,-0.234422
0.055487,0.313253,-0.232295
0.059499,0.313948,-0.230633
0.059367,0.310744,-0.229850
0.061257,0.312009,-0.227717
0.062478,0.311049,-0.226613
0.065108,0.310575,-0.225046
0.065652,0.311258,-0.224340
0.065754,0.309299,-0.224449
0.070505,0.309795,-0.222174
0.069976,0.311710,-0.223249
0.069515,0.310882,-0.220733
0.074320,0.310177,-0.219279
0.072396,0.311238,-0.220075
0.075390,0.311503,-0.216579
0.077662,0.311620,-0.218218
0.080740,0.310388,-0.215284
0.078398,0.312007,-0.217265
0.081845,0.311284,-0.215815
0.082033,0.309265,-0.213208
0.082820,0.311784,-0.215574
0.085173,0.309999,-0.214321
0.085884,0.312608,-0.212154
0.090014,0.310229,-0.213593
0.090037,0.309942,-0.212694
0.089875,0.310897,-0.212890
0.091970,0.310602,-0.212776
0.093517,0.309976,-0.212201
0.095003,0.309012,-0.212121
0.098014,0.312366,-0.213480
0.098202,0.310996,-0.214024
0.102209,0.310443,-0.211132
0.101614,0.310616,-0.210981
0.100890,0.309678,-0.214442
0.104527,0.310121,-0.211929
0.105461,0.311149,-0.210845
0.106545,0.310524,-0.213363
0.109710,0.310844,-0.212974
0.110227,0.310515,-0.213346
0.111037,0.310118,-0.210743
0.112193,0.307953,-0.211271
0.114426,0.311149,-0.211104
0.117057,0.310430,-0.210501
0.115755,0.310717,-0.211951
0.118278,0.309046,-0.208715
0.119702,0.309015,-0.209307
0.120466,0.310838,-0.208139
0.123795,0.309335,-0.207703
0.121059,0.311160,-0.205244
0.124460,0.309036,-0.208168
0.126238,0.310038,-0.207038
0.127766,0.308947,-0.207776
0.129003,0.309917,-0.208082
0.130854,0.312006,-0.207563
0.131536,0.309009,-0.206910
0.133660,0.309714,-0.207297
0.135872,0.308043,-0.207538
0.137645,0.311302,-0.208372
0.137392,0.310216,-0.208006
0.139460,0.310130,-0.209917
0.139600,0.311867,-0.209568
0.143702,0.310465,-0.209437
0.145608,0.309238,-0.209541
0.144720,0.308323,-0.209682
0.147021,0.311781,-0.211323
0.148992,0.310167,-0.212220
0.151425,0.311754,-0.213892
0.152271,0.311855,-0.214297
0.151173,0.310687,-0.215227
0.154635,0.310583,-0.215762
0.156741,0.311801,-0.214508
0.157182,0.311265,-0.217447
0.157975,0.312244,-0.217895
0.161596,0.312535,-0.219540
0.162237,0.309963,-0.220113
0.162706,0.311604,-0.219507
0.164611,0.311202,-0.220694
0.165144,0.311741,-0.221112
0.166765,0.310696,-0.223242
0.168520,0.312343,-0.223698
0.171333,0.310470,-0.225860
0.171150,0.310965,-0.226958
0.173904,0.311967,-0.226438
0.173897,0.312085,-0.227720
0.175571,0.312162,-0.230283
0.178479,0.313498,-0.228492
0.179476,0.311437,-0.231047
0.181439,0.312057,-0.232473
0.182898,0.313504,-0.233182
0.182357,0.313939,-0.236134
0.186247,0.314427,-0.234837
0.185731,0.312549,-0.237026
0.187065,0.313964,-0.235693
0.188881,0.311443,-0.239112
0.190395,0.314692,-0.239705
0.193005,0.314610,-0.240386
0.194207,0.314991,-0.244790
0.194635,0.315376,-0.245258
0.196697,0.313814,-0.248851
0.199614,0.313607,-0.249923
0.198785,0.314583,-0.252542
0.201358,0.315043,-0.255663
0.203600,0.315841,-0.258967
0.204033,0.317104,-0.261995
-0.023572,0.321072,-0.271162
-0.026357,0.319452,-0.270700
-0.021712,0.318018,-0.272479
-0.022811,0.317503,-0.273127
-0.020202,0.317794,-0.270852
-0.018845,0.318989,-0.271526
-0.017473,0.318013,-0.272479
-0.015046,0.317752,-0.269560
-0.015077,0.320059,-0.269998
-0.013141,0.318717,-0.271811
-0.012326,0.319684,-0.269128
-0.008579,0.317551,-0.271824
-0.009571,0.319778,-0.270976
-0.006183,0.316780,-0.268432
-0.005955,0.317914,-0.270413
-0.003364,0.318297,-0.270263
-0.004186,0.317448,-0.268426
-0.002057,0.317083,-0.267758
0.001378,0.317571,-0.268254
0.000335,0.318269,-0.266239
0.001716,0.318781,-0.265678
0.003015,0.318952,-0.268349
0.004904,0.317771,-0.266785
0.007587,0.319993,-0.267241
0.008654,0.316530,-0.267783
0.010340,0.317522,-0.264965
0.010581,0.318208,-0.264543
0.011287,0.317410,-0.262847
0.012921,0.316392,-0.262984
0.017278,0.317815,-0.261519
0.017726,0.317099,-0.260916
0.019455,0.317376,-0.261890
0.019232,0.318295,-0.261365
0.022323,0.316360,-0.260215
0.023407,0.317879,-0.261871
0.024094,0.316077,-0.259445
0.027115,0.316783,-0.258514
0.027584,0.317611,-0.259324
0.029005,0.317724,-0.258836
0.030724,0.316802,-0.256291
0.032680,0.316735,-0.254552
0.035002,0.316989,-0.253132
0.034421,0.317217,-0.254225
0.035438,0.316301,-0.254600
0.038577,0.315493,-0.253628
0.039631,0.315920,-0.248959
0.040664,0.316487,-0.248581
0.043337,0.314750,-0.246822
0.045034,0.316512,-0.246640
0.046480,0.316239,-0.247172
0.046849,0.314712,-0.247486
0.046546,0.314994,-0.245315
0.050604,0.314762,-0.243433
0.051653,0.316651,-0.240396
0.054425,0.316177,-0.241040
0.053416,0.314409,-0.238545
0.056034,0.313742,-0.234950
0.056287,0.312049,-0.234181
0.058017,0.313681,-0.232594
0.060756,0.313523,-0.232375
0.060640,0.313329,-0.231811
0.064100,0.316496,-0.230587
0.065487,0.314933,-0.227627
0.065859,0.314847,-0.226866
0.065502,0.316082,-0.224232
0.068322,0.314171,-0.227237
0.070488,0.314485,-0.223508
0.070491,0.312577,-0.221472
0.070984,0.312257,-0.220754
0.074169,0.313474,-0.221687
0.075543,0.314256,-0.219493
0.076076,0.315290,-0.219920
0.078768,0.312061,-0.219450
0.080528,0.312772,-0.216497
0.082523,0.313417,-0.217762
0.082000,0.310967,-0.216027
0.082882,0.311056,-0.215413
0.086369,0.312337,-0.215889
0.086687,0.312889,-0.215920
0.090987,0.312894,-0.213148
0.088623,0.311987,-0.216505
0.090519,0.312083,-0.214523
0.091156,0.311430,-0.214712
0.093744,0.310657,-0.213908
0.095865,0.312240,-0.210781
0.096277,0.313617,-0.213220
0.099312,0.311370,-0.213976
0.098646,0.310657,-0.213651
0.100334,0.312639,-0.213445
0.101264,0.311389,-0.212604
0.104154,0.312429,-0.213160
0.106127,0.313143,-0.212603
0.107097,0.312153,-0.213404
0.109132,0.312110,-0.214463
0.109741,0.313791,-0.214574
0.108205,0.314056,-0.215030
0.112514,0.311838,-0.213316
0.113087,0.313484,-0.212262
0.115487,0.312219,-0.211936
0.117425,0.312387,-0.212066
0.117165,0.311895,-0.210136
0.118871,0.310923,-0.210596
0.120446,0.311542,-0.207654
0.123867,0.311471,-0.209848
0.123078,0.312236,-0.207376
0.124820,0.311231,-0.209521
0.128611,0.311898,-0.209556
0.128235,0.312422,-0.208939
0.128554,0.311761,-0.208605
0.130388,0.313295,-0.209075
0.133016,0.309856,-0.207622
0.133178,0.311355,-0.207708
0.134069,0.312846,-0.209093
0.136764,0.312071,-0.208691
0.138364,0.310139,-0.209479
0.140323,0.311569,-0.210106
0.141263,0.315036,-0.211863
0.142233,0.312572,-0.211958
0.143990,0.312257,-0.211808
0.145144,0.312795,-0.211690
0.147722,0.313754,-0.211155
0.149348,0.312144,-0.212357
0.149876,0.310452,-0.214170
0.151115,0.311705,-0.214519
0.152716,0.311743,-0.213658
0.152119,0.314129,-0.215364
0.154158,0.313825,-0.215303
0.157634,0.312370,-0.216541
0.157443,0.312308,-0.218041
0.160601,0.312577,-0.220676
0.162031,0.311580,-0.221834
0.162939,0.314248,-0.222807
0.162636,0.313016,-0.221849
0.166969,0.311646,-0.224307
0.166848,0.315036,-0.223804
0.168627,0.311645,-0.224242
0.169523,0.314168,-0.226512
0.172381,0.313658,-0.226422
0.173968,0.315219,-0.229774
0.176123,0.314240,-0.229423
0.177108,0.312642,-0.229904
0.175837,0.313250,-0.232043
0.181369,0.313790,-0.233020
0.181116,0.315931,-0.233325
0.181869,0.312759,-0.234558
0.184445,0.312435,-0.233717
0.185259,0.315092,-0.236021
0.185266,0.314514,-0.238933
0.188418,0.315236,-0.239670
0.190579,0.313068,-0.242037
0.191964,0.315306,-0.244701
0.192532,0.314846,-0.244410
0.195339,0.315730,-0.248038
0.196301,0.315080,-0.249671
0.197555,0.317028,-0.255730
0.200492,0.315289,-0.258211
0.200418,0.316543,-0.262130
-0.026427,0.320078,-0.273125
-0.023969,0.319578,-0.272553
-0.022939,0.320862,-0.272342
-0.022013,0.320031,-0.272064
-0.020160,0.319434,-0.272137
-0.019749,0.319770,-0.273906
-0.016458,0.319913,-0.273152
-0.016572,0.320805,-0.271941
-0.013445,0.319450,-0.270877
-0.012863,0.320013,-0.272176
-0.011545,0.320657,-0.270908
-0.011764,0.320400,-0.270429
-0.009775,0.321301,-0.270170
-0.006174,0.320733,-0.271288
-0.006571,0.320791,-0.270580
-0.004118,0.319910,-0.269512
-0.001934,0.320517,-0.271124
-0.002227,0.320669,-0.271477
0.001323,0.320337,-0.269713
0.001518,0.319349,-0.268841
0.003395,0.319227,-0.269558
0.002558,0.320021,-0.269370
0.004218,0.319590,-0.268472
0.007482,0.320437,-0.267737
0.007799,0.320191,-0.268929
0.010430,0.320987,-0.266522
0.010475,0.320335,-0.265241
0.013217,0.320661,-0.265279
0.015004,0.321151,-0.267270
0.016702,0.319606,-0.264042
0.019198,0.320349,-0.263128
0.018851,0.321539,-0.262952
0.018947,0.319934,-0.263110
0.022079,0.319071,-0.262916
0.024558,0.317968,-0.261648
0.024337,0.318505,-0.262384
0.025787,0.320447,-0.262971
0.028905,0.319622,-0.260592
0.029824,0.319408,-0.258411
0.029252,0.318077,-0.259361
0.033250,0.321173,-0.258764
0.034409,0.317918,-0.255666
0.036454,0.319177,-0.256674
0.038240,0.319645,-0.257126
0.036310,0.318549,-0.255032
0.039186,0.318549,-0.254404
0.041654,0.317339,-0.252742
0.041402,0.319137,-0.252051
0.043858,0.318650,-0.250235
0.044574,0.317702,-0.249844
0.047125,0.318765,-0.249234
0.048298,0.316691,-0.245823
0.048769,0.318647,-0.245568
0.052962,0.316580,-0.245452
0.051593,0.317767,-0.243323
0.053535,0.318733,-0.241592
0.056222,0.318043,-0.238730
0.056345,0.317400,-0.238185
0.058215,0.315331,-0.234752
0.061472,0.315515,-0.236369
0.061782,0.316970,-0.233308
0.062910,0.315593,-0.231516
0.062833,0.317565,-0.231587
0.064667,0.315201,-0.230099
0.065813,0.317038,-0.230198
0.069466,0.314084,-0.228083
0.070889,0.315103,-0.227707
0.069209,0.315096,-0.225806
0.072648,0.316627,-0.225760
0.073691,0.316090,-0.224698
0.075572,0.316596,-0.222075
0.076329,0.316024,-0.219756
0.079582,0.316331,-0.220531
0.080001,0.315298,-0.219910
0.081650,0.313449,-0.219595
0.081974,0.314663,-0.218714
0.082384,0.314311,-0.217676
0.086650,0.315717,-0.215114
0.086866,0.313715,-0.216411
0.088625,0.312675,-0.214072
0.089913,0.312318,-0.216456
0.091903,0.314788,-0.214982
0.090651,0.315111,-0.215415
0.095264,0.312243,-0.214443
0.094190,0.315737,-0.214993
0.096468,0.311599,-0.214740
0.098198,0.313545,-0.213959
0.101669,0.314505,-0.214998
0.101794,0.314134,-0.213557
0.103422,0.314512,-0.214308
0.103407,0.314920,-0.215147
0.105174,0.315320,-0.217299
0.108776,0.315349,-0.213970
0.108404,0.314777,-0.214287
0.108522,0.316320,-0.216262
0.111705,0.313221,-0.213921
0.114442,0.315314,-0.212933
0.114290,0.313741,-0.213808
0.116064,0.313892,-0.211304
0.117838,0.312980,-0.211108
0.118823,0.315031,-0.213388
0.120586,0.312487,-0.214085
0.120106,0.313559,-0.210721
0.122250,0.314483,-0.210864
0.122930,0.312775,-0.211034
0.126187,0.314313,-0.209295
0.128067,0.313893,-0.209934
0.128509,0.312511,-0.211161
0.131695,0.312236,-0.211487
0.132303,0.313323,-0.208628
0.133237,0.311776,-0.209542
0.132841,0.313547,-0.210098
0.134182,0.313583,-0.208798
0.136414,0.313929,-0.208451
0.136088,0.313174,-0.211261
0.139366,0.312823,-0.211646
0.143283,0.314663,-0.211770
0.141667,0.313057,-0.211754
0.145274,0.313836,-0.210490
0.146487,0.314618,-0.211053
0.145703,0.314851,-0.213985
0.148456,0.313126,-0.213587
0.149447,0.313188,-0.214226
0.151441,0.313896,-0.217126
0.155951,0.313912,-0.217107
0.153044,0.312311,-0.217433
0.157140,0.313408,-0.218822
0.156134,0.313482,-0.219308
0.159869,0.315051,-0.220222
0.159009,0.313736,-0.220871
0.161998,0.313261,-0.219248
0.161623,0.313961,-0.222668
0.164452,0.315066,-0.223690
0.165808,0.315114,-0.222965
0.167578,0.314131,-0.226572
0.169576,0.314506,-0.225221
0.170472,0.317121,-0.229299
0.172033,0.316411,-0.227785
0.172368,0.316229,-0.229089
0.173848,0.315094,-0.230802
0.174816,0.316857,-0.232263
0.177925,0.316424,-0.233877
0.178252,0.316897,-0.233322
0.182442,0.315291,-0.234474
0.181919,0.316232,-0.234871
0.183603,0.315300,-0.238328
0.185292,0.316409,-0.240909
0.186679,0.315276,-0.240144
0.185804,0.318354,-0.242112
0.189920,0.318073,-0.244796
0.191548,0.316726,-0.247701
0.192785,0.319633,-0.248738
0.193061,0.317858,-0.251392
0.194472,0.318938,-0.254918
0.197877,0.319827,-0.258649
-0.027332,0.323010,-0.274469
-0.025695,0.322026,-0.274455
-0.023064,0.323163,-0.271839
-0.022753,0.322320,-0.272550
-0.020346,0.320176,-0.273164
-0.018558,0.321496,-0.273095
-0.019092,0.322765,-0.273654
-0.016338,0.321374,-0.274596
-0.013908,0.321958,-0.272566
-0.012511,0.323536,-0.273790
-0.012621,0.320790,-0.272468
-0.009227,0.322763,-0.274046
-0.008782,0.322026,-0.274479
-0.005887,0.320544,-0.271783
-0.005561,0.321705,-0.273176
-0.003954,0.321075,-0.273831
-0.002442,0.321587,-0.273365
-0.000169,0.323496,-0.271209
0.000497,0.322060,-0.271541
0.000221,0.321344,-0.270494
0.002562,0.320691,-0.269151
0.003055,0.321987,-0.270075
0.006390,0.323528,-0.270403
0.005453,0.322290,-0.268153
0.008149,0.320300,-0.268825
0.011150,0.322826,-0.270697
0.011595,0.321828,-0.269435
0.013199,0.320861,-0.267852
0.015762,0.320069,-0.270082
0.015997,0.321953,-0.268029
0.017175,0.321378,-0.269413
0.020735,0.319848,-0.268430
0.020152,0.320908,-0.267802
0.022550,0.321200,-0.265065
0.023044,0.324414,-0.265856
0.026428,0.320431,-0.265840
0.027801,0.320070,-0.264107
0.025589,0.321118,-0.263683
0.030484,0.321158,-0.263239
0.029795,0.321382,-0.260871
0.032225,0.321218,-0.260807
0.032497,0.318749,-0.261134
0.034247,0.320084,-0.260145
0.037154,0.321923,-0.259372
0.037473,0.320138,-0.257871
0.038642,0.321184,-0.258567
0.041421,0.319274,-0.257760
0.039878,0.320757,-0.256129
0.044059,0.319736,-0.254600
0.045774,0.319438,-0.252743
0.047166,0.321641,-0.251976
0.047813,0.319256,-0.251303
0.050256,0.320278,-0.249840
0.050403,0.318091,-0.248909
0.053045,0.320171,-0.248332
0.054320,0.320187,-0.246130
0.055222,0.318572,-0.243098
0.057627,0.319383,-0.242682
0.057615,0.318963,-0.241424
0.057779,0.317779,-0.239573
0.060380,0.319087,-0.236570
0.063186,0.319229,-0.236608
0.064074,0.316848,-0.235929
0.065272,0.319398,-0.232214
0.065696,0.318411,-0.232701
0.069822,0.316830,-0.231443
0.071224,0.316464,-0.228405
0.071772,0.317092,-0.228188
0.074117,0.317933,-0.228005
0.075275,0.316530,-0.226266
0.075280,0.318176,-0.226504
0.075255,0.315753,-0.222348
0.076195,0.317819,-0.222279
0.079967,0.314522,-0.220144
0.079361,0.315423,-0.219782
0.083012,0.317042,-0.219134
0.082604,0.315614,-0.217066
0.085395,0.314131,-0.218008
0.087159,0.316850,-0.218158
0.089543,0.315142,-0.216367
0.090390,0.315519,-0.214829
0.090642,0.315486,-0.215674
0.093086,0.317435,-0.217341
0.095500,0.316232,-0.215773
0.094770,0.315440,-0.214638
0.097084,0.316435,-0.213666
0.097375,0.315445,-0.215318
0.098348,0.316738,-0.216169
0.098527,0.316326,-0.213836
0.102012,0.314497,-0.214291
0.103133,0.314925,-0.214177
0.106623,0.315990,-0.214141
0.107496,0.316630,-0.215607
0.109088,0.315002,-0.215529
0.110478,0.314674,-0.214886
0.109459,0.316196,-0.216226
0.111937,0.318517,-0.214925
0.113375,0.315910,-0.215134
0.114808,0.314946,-0.213599
0.117835,0.316042,-0.213255
0.117176,0.315375,-0.212559
0.119188,0.315550,-0.212257
0.121314,0.314982,-0.210616
0.122528,0.313896,-0.210323
0.125102,0.314091,-0.209275
0.125703,0.316469,-0.210410
0.126265,0.314858,-0.209395
0.129564,0.314188,-0.212025
0.131192,0.314005,-0.210391
0.130473,0.315840,-0.210183
0.131019,0.315386,-0.209430
0.133792,0.314593,-0.209387
0.135005,0.314420,-0.208512
0.138320,0.316704,-0.209834
0.137989,0.314481,-0.210325
0.137786,0.315583,-0.210216
0.140206,0.313933,-0.211874
0.142336,0.316377,-0.213199
0.144892,0.315169,-0.212141
0.145262,0.314767,-0.212595
0.146775,0.313993,-0.214793
0.148529,0.314603,-0.213883
0.149348,0.315992,-0.214337
0.151583,0.314879,-0.217033
0.152463,0.313086,-0.218869
0.154935,0.315574,-0.216965
0.156297,0.317157,-0.220637
0.156605,0.316559,-0.219799
0.156705,0.316842,-0.219352
0.160270,0.316623,-0.220528
0.163012,0.316789,-0.221885
0.162786,0.316096,-0.222443
0.164532,0.317992,-0.225659
0.164029,0.318701,-0.227481
0.166030,0.315864,-0.226741
0.170117,0.318345,-0.228929
0.169766,0.316605,-0.230385
0.170905,0.316398,-0.228984
0.175535,0.316716,-0.230054
0.175307,0.318331,-0.232724
0.174785,0.319977,-0.234465
0.177364,0.317129,-0.232857
0.178404,0.319427,-0.235690
0.183616,0.317359,-0.235331
0.183260,0.319097,-0.238852
0.181817,0.317902,-0.239258
0.185433,0.318814,-0.241640
0.187178,0.321010,-0.241853
0.188098,0.318277,-0.245378
0.190497,0.319614,-0.247332
0.190729,0.319407,-0.251538
0.192873,0.319426,-0.251845
0.194448,0.321184,-0.256561
-0.025279,0.323826,-0.273588
-0.023228,0.323721,-0.275116
-0.022279,0.321752,-0.276447
-0.021849,0.324031,-0.276244
-0.019156,0.324526,-0.274300
-0.016183,0.321672,-0.274138
-0.016663,0.325388,-0.275223
-0.015112,0.324673,-0.275622
-0.014829,0.323687,-0.275247
-0.012422,0.324039,-0.275359
-0.011173,0.323630,-0.274578
-0.010619,0.323458,-0.274572
-0.008127,0.324071,-0.273631
-0.005373,0.324686,-0.274855
-0.003372,0.324780,-0.273566
-0.002757,0.323508,-0.272367
0.000117,0.324165,-0.273157
0.000642,0.324351,-0.272192
0.000593,0.324955,-0.274444
0.003647,0.324084,-0.273788
0.005329,0.324504,-0.271414
0.003793,0.323250,-0.271988
0.007304,0.325042,-0.271447
0.007297,0.323380,-0.271689
0.010046,0.322096,-0.272159
0.011665,0.324937,-0.272923
0.011423,0.324099,-0.271208
0.014192,0.324406,-0.271396
0.018070,0.323183,-0.271087
0.018129,0.321397,-0.270590
0.019667,0.323801,-0.268628
0.022172,0.323735,-0.271370
0.022812,0.323980,-0.269023
0.024617,0.322744,-0.269717
0.024014,0.324030,-0.268559
0.026586,0.322860,-0.268165
0.027382,0.324940,-0.267417
0.028433,0.323343,-0.266076
0.031975,0.322620,-0.264851
0.031849,0.323510,-0.264720
0.033263,0.323170,-0.265142
0.035044,0.324097,-0.261871
0.037961,0.322995,-0.263434
0.039482,0.322591,-0.261532
0.037293,0.323540,-0.261124
0.040281,0.321836,-0.259122
0.040134,0.321998,-0.258918
0.044883,0.321284,-0.258433
0.046327,0.321666,-0.258239
0.045979,0.322313,-0.256454
0.048570,0.322736,-0.252408
0.049806,0.322197,-0.254077
0.049571,0.319498,-0.253367
0.052609,0.320730,-0.248948
0.054727,0.319798,-0.250154
0.055951,0.318829,-0.248670
0.056986,0.319807,-0.247778
0.059037,0.321875,-0.245890
0.062162,0.322041,-0.245247
0.061868,0.318778,-0.243928
0.063635,0.319065,-0.241453
0.062554,0.320010,-0.239211
0.064838,0.320504,-0.237696
0.066601,0.318646,-0.236097
0.069432,0.319739,-0.234334
0.069356,0.318555,-0.233194
0.069298,0.317950,-0.232154
0.072368,0.318621,-0.228613
0.074447,0.319011,-0.227665
0.074896,0.318954,-0.225815
0.078644,0.319060,-0.226220
0.078407,0.318849,-0.224766
0.081538,0.318207,-0.223830
0.081345,0.317714,-0.222678
0.084201,0.316890,-0.220474
0.083656,0.318169,-0.220740
0.084920,0.319420,-0.219853
0.087635,0.318627,-0.219960
0.089350,0.317661,-0.219117
0.090579,0.317727,-0.219029
0.091972,0.318626,-0.219217
0.090897,0.321016,-0.217614
0.092334,0.318756,-0.217489
0.095474,0.316240,-0.218576
0.097172,0.317675,-0.216052
0.097972,0.318090,-0.216686
0.099491,0.316434,-0.216034
0.102172,0.318257,-0.216447
0.102472,0.317536,-0.216698
0.104068,0.318998,-0.215684
0.106633,0.318669,-0.215770
0.107299,0.317746,-0.214232
0.107898,0.317256,-0.217515
0.109413,0.316993,-0.215131
0.111447,0.316323,-0.215118
0.111611,0.320959,-0.215567
0.113627,0.317472,-0.216093
0.115898,0.319153,-0.214545
0.120035,0.316789,-0.212026
0.118496,0.317175,-0.213748
0.121264,0.316897,-0.211745
0.120550,0.316797,-0.211578
0.124063,0.316722,-0.209809
0.124421,0.316135,-0.211267
0.124970,0.317015,-0.212588
0.129455,0.316831,-0.213383
0.128428,0.315929,-0.210698
0.130133,0.317761,-0.210245
0.129930,0.316509,-0.211364
0.132559,0.314664,-0.210013
0.133586,0.318136,-0.209897
0.134327,0.317964,-0.209191
0.137867,0.317602,-0.209771
0.137146,0.317027,-0.210387
0.141035,0.316843,-0.212174
0.140658,0.318123,-0.212360
0.141978,0.315152,-0.214766
0.144279,0.316231,-0.212103
0.147759,0.317300,-0.213564
0.147296,0.317072,-0.215484
0.147711,0.318449,-0.215082
0.148001,0.315701,-0.214528
0.152672,0.317259,-0.217072
0.151751,0.317090,-0.216934
0.152555,0.317787,-0.219509
0.155066,0.317380,-0.219522
0.156267,0.318716,-0.219448
0.158532,0.318091,-0.219453
0.160580,0.316937,-0.222734
0.160183,0.318430,-0.221764
0.162162,0.318895,-0.223405
0.165131,0.318371,-0.224034
0.164944,0.318010,-0.225657
0.168822,0.320933,-0.227791
0.171755,0.319434,-0.226609
0.168803,0.318321,-0.229933
0.170811,0.318787,-0.230136
0.174133,0.320218,-0.232274
0.177140,0.318976,-0.232403
0.175534,0.320309,-0.233001
0.177326,0.320719,-0.233195
0.180354,0.319769,-0.238447
0.179348,0.320630,-0.238474
0.181954,0.319862,-0.240417
0.184087,0.320866,-0.240915
0.186914,0.321015,-0.244019
0.187365,0.320425,-0.245399
0.188619,0.321210,-0.248550
0.190499,0.321753,-0.252242
0.190648,0.322385,-0.254702
0.193339,0.323384,-0.267237
-0.024352,0.326866,-0.276138
-0.023693,0.326249,-0.278985
-0.023857,0.326587,-0.274848
-0.019847,0.323984,-0.277078
-0.017869,0.326188,-0.276106
-0.016484,0.326133,-0.276958
-0.014352,0.325320,-0.275616
-0.012021,0.324317,-0.274682
-0.011704,0.326601,-0.278946
-0.012258,0.324423,-0.276526
-0.008922,0.326948,-0.278360
-0.008619,0.325360,-0.274370
-0.007516,0.325810,-0.277434
-0.004459,0.327670,-0.274494
-0.004020,0.324003,-0.274364
-0.004358,0.325868,-0.275670
-0.001165,0.324453,-0.276901
-0.000349,0.324527,-0.273981
0.001536,0.325395,-0.275208
0.001977,0.323750,-0.272903
0.002976,0.325311,-0.274789
0.006024,0.326126,-0.275274
0.006740,0.326893,-0.275500
0.008453,0.325245,-0.275978
0.013152,0.325589,-0.275319
0.012844,0.327479,-0.274738
0.014623,0.324679,-0.273580
0.014541,0.323787,-0.273551
0.016586,0.324419,-0.272764
0.017336,0.324141,-0.273395
0.019107,0.325152,-0.273875
0.022698,0.324824,-0.275379
0.022852,0.325104,-0.272877
0.022811,0.327441,-0.273559
0.023721,0.325335,-0.272693
0.028195,0.326452,-0.272075
0.028083,0.326216,-0.270439
0.030034,0.325456,-0.269876
0.031458,0.324475,-0.271139
0.031926,0.323928,-0.269916
0.032704,0.322710,-0.270423
0.034020,0.323772,-0.269875
0.036230,0.325299,-0.269594
0.036992,0.324653,-0.267914
0.039601,0.325010,-0.264608
0.042582,0.324425,-0.263899
0.042086,0.323391,-0.262559
0.042039,0.323528,-0.263472
0.045256,0.325081,-0.263775
0.047935,0.322977,-0.261354
0.049372,0.324405,-0.262657
0.050269,0.323659,-0.258226
0.050571,0.324429,-0.259390
0.052310,0.325052,-0.255788
0.053553,0.322821,-0.252903
0.056043,0.323534,-0.253046
0.057740,0.323701,-0.253393
0.057888,0.324092,-0.252448
0.059144,0.320978,-0.249226
0.062206,0.321847,-0.246842
0.062479,0.324629,-0.245345
0.063217,0.320901,-0.243722
0.064698,0.321227,-0.241828
0.065513,0.322160,-0.240245
0.068435,0.320293,-0.240176
0.071290,0.322454,-0.235904
0.070809,0.321410,-0.234365
0.072944,0.320830,-0.233655
0.074561,0.319276,-0.231655
0.076599,0.320895,-0.231022
0.077538,0.319336,-0.228691
0.078623,0.318447,-0.225231
0.079410,0.321779,-0.225293
0.082328,0.319479,-0.224693
0.082304,0.321104,-0.223180
0.084469,0.319955,-0.220802
0.085342,0.319850,-0.222102
0.086459,0.320183,-0.218870
0.086525,0.318192,-0.219501
0.090137,0.319518,-0.220413
0.091913,0.321143,-0.217713
0.092675,0.317491,-0.218076
0.093990,0.320172,-0.219009
0.096363,0.318014,-0.215506
0.095641,0.320314,-0.217546
0.097663,0.320247,-0.215983
0.100686,0.319003,-0.215792
0.100295,0.317964,-0.217823
0.102441,0.319806,-0.217168
0.105153,0.319535,-0.215785
0.104944,0.318905,-0.216466
0.108238,0.317994,-0.217024
0.106453,0.319202,-0.216223
0.109492,0.316083,-0.216087
0.112429,0.318012,-0.217432
0.112893,0.320143,-0.215322
0.114074,0.317512,-0.213987
0.115541,0.319770,-0.215017
0.117790,0.319858,-0.214369
0.118295,0.318950,-0.214782
0.121153,0.317637,-0.212071
0.120120,0.320475,-0.212319
0.120593,0.319245,-0.212982
0.123942,0.318816,-0.213064
0.124592,0.318773,-0.211362
0.128156,0.317426,-0.211670
0.128492,0.317604,-0.211594
0.129302,0.317073,-0.210078
0.130819,0.318669,-0.210586
0.133162,0.317475,-0.212020
0.132192,0.318880,-0.211322
0.135585,0.318416,-0.210980
0.136939,0.318686,-0.210776
0.137251,0.318015,-0.209911
0.138011,0.319129,-0.212145
0.140116,0.320039,-0.212197
0.143020,0.319284,-0.214302
0.143518,0.320670,-0.214108
0.144078,0.317684,-0.215001
0.146757,0.318996,-0.215230
0.147394,0.318776,-0.213328
0.150044,0.319274,-0.217639
0.150545,0.320605,-0.216474
0.151711,0.318986,-0.218937
0.155403,0.319967,-0.218413
0.154455,0.320109,-0.217931
0.157858,0.320430,-0.219956
0.157650,0.317781,-0.221220
0.158988,0.319726,-0.219820
0.161314,0.320345,-0.223027
0.162236,0.319370,-0.225358
0.165792,0.318418,-0.224349
0.167144,0.319731,-0.226355
0.168429,0.321046,-0.227784
0.169044,0.319899,-0.229959
0.171959,0.318697,-0.228860
0.171371,0.319016,-0.230231
0.172414,0.320414,-0.231326
0.176118,0.323159,-0.234117
0.175112,0.322352,-0.235138
0.177572,0.322015,-0.236185
0.179234,0.321067,-0.238727
0.180138,0.322123,-0.239028
0.181949,0.321553,-0.242559
0.181831,0.322431,-0.245026
0.186704,0.323755,-0.246028
0.187941,0.322603,-0.248212
0.187477,0.322629,-0.249628
0.191079,0.323929,-0.257239
-0.021614,0.326240,-0.279890
-0.020643,0.329290,-0.280248
-0.021688,0.328312,-0.279858
-0.018367,0.328157,-0.280256
-0.017734,0.325550,-0.278735
-0.017028,0.326791,-0.280064
-0.013211,0.327389,-0.278998
-0.012358,0.328247,-0.278533
-0.011262,0.327910,-0.278166
-0.010151,0.326715,-0.278076
-0.009151,0.325273,-0.278073
-0.006920,0.328376,-0.277563
-0.006946,0.327526,-0.276188
-0.005932,0.327341,-0.277299
-0.003786,0.327603,-0.276966
-0.001961,0.328062,-0.277273
0.002520,0.327877,-0.276928
0.001331,0.327100,-0.276326
0.004336,0.328290,-0.277196
0.005050,0.327572,-0.275979
0.004911,0.326149,-0.276527
0.007042,0.328875,-0.275839
0.007967,0.327157,-0.275945
0.009715,0.327018,-0.275920
0.012000,0.329671,-0.276001
0.014217,0.328972,-0.277233
0.015035,0.327304,-0.276830
0.016279,0.329974,-0.277841
0.017539,0.326713,-0.276801
0.018825,0.326793,-0.277888
0.018269,0.328378,-0.278004
0.022268,0.326819,-0.279380
0.021827,0.326298,-0.279759
0.025416,0.328049,-0.279279
0.024847,0.327645,-0.278877
0.027539,0.327063,-0.277929
0.028092,0.328598,-0.277257
0.029393,0.326638,-0.278628
0.031631,0.329922,-0.277438
0.034372,0.328658,-0.278200
0.034923,0.327959,-0.274902
0.037480,0.326330,-0.275731
0.037510,0.327889,-0.275691
0.037950,0.326335,-0.273135
0.039959,0.329027,-0.273683
0.040757,0.327859,-0.271173
0.043611,0.327562,-0.269289
0.043150,0.324982,-0.269555
0.045400,0.327749,-0.268519
0.046692,0.325129,-0.267370
0.050264,0.327313,-0.264743
0.049784,0.326997,-0.261929
0.054575,0.325923,-0.259914
0.051900,0.326146,-0.259212
0.054075,0.325230,-0.256118
0.057182,0.324056,-0.254243
0.056210,0.323900,-0.254293
0.058722,0.323257,-0.250857
0.061751,0.325004,-0.248803
0.061432,0.322896,-0.247666
0.063316,0.323950,-0.245410
0.065938,0.323379,-0.242926
0.067032,0.323540,-0.242664
0.068697,0.324473,-0.239223
0.069609,0.322764,-0.238625
0.069871,0.324764,-0.236290
0.072625,0.322954,-0.234566
0.073575,0.321213,-0.233056
0.075228,0.322125,-0.232991
0.076769,0.321452,-0.229780
0.080441,0.323505,-0.227962
0.080803,0.321881,-0.227416
0.080584,0.320681,-0.226614
0.082706,0.322199,-0.222962
0.083539,0.322090,-0.222491
0.085533,0.322933,-0.224656
0.087150,0.320459,-0.222215
0.089162,0.319899,-0.220859
0.090554,0.321550,-0.219877
0.090989,0.322238,-0.219162
0.092920,0.322062,-0.216644
0.094775,0.320928,-0.217364
0.094130,0.320901,-0.217907
0.097382,0.321713,-0.218138
0.098922,0.321010,-0.217650
0.098576,0.319401,-0.216246
0.098923,0.321300,-0.217967
0.102342,0.322012,-0.216618
0.105571,0.321638,-0.217641
0.105597,0.319980,-0.217346
0.105096,0.319885,-0.215179
0.107185,0.321468,-0.217289
0.109617,0.319968,-0.215689
0.112531,0.320504,-0.217096
0.111427,0.320317,-0.216463
0.113212,0.320783,-0.215045
0.115730,0.320532,-0.215328
0.117267,0.320753,-0.216481
0.119849,0.320580,-0.214158
0.119313,0.319419,-0.215176
0.121587,0.322216,-0.212521
0.122083,0.319307,-0.211430
0.125925,0.321294,-0.212179
0.124703,0.318802,-0.212916
0.127053,0.321926,-0.211478
0.127946,0.320692,-0.212494
0.128835,0.317679,-0.211092
0.130877,0.320750,-0.211138
0.132936,0.320198,-0.212099
0.133784,0.320201,-0.210130
0.135975,0.319990,-0.211691
0.137444,0.320941,-0.210998
0.137468,0.320702,-0.213077
0.139409,0.319118,-0.211999
0.140688,0.319621,-0.212831
0.143314,0.321513,-0.212937
0.144707,0.319358,-0.214928
0.144313,0.320593,-0.215250
0.146973,0.320245,-0.214260
0.147197,0.319175,-0.217803
0.150777,0.320793,-0.218359
0.152889,0.320787,-0.217351
0.153438,0.322847,-0.217677
0.155170,0.322100,-0.219360
0.155513,0.320131,-0.219832
0.159043,0.320624,-0.220146
0.158181,0.321416,-0.223116
0.160554,0.321459,-0.222865
0.160198,0.321999,-0.222346
0.164117,0.324694,-0.224967
0.164554,0.322249,-0.225056
0.164931,0.320709,-0.228330
0.167345,0.321830,-0.229512
0.170175,0.322411,-0.229883
0.169404,0.322103,-0.230916
0.171669,0.322388,-0.230787
0.171635,0.323585,-0.232576
0.174154,0.323130,-0.236322
0.176183,0.321796,-0.236845
0.179514,0.321558,-0.239725
0.177572,0.324948,-0.240975
0.180471,0.324843,-0.243813
0.181698,0.324006,-0.244963
0.183457,0.324140,-0.245766
0.183700,0.325848,-0.248628
0.187606,0.324903,-0.251585
0.188832,0.325925,-0.257060
-0.023567,0.329061,-0.281822
-0.021682,0.329469,-0.281688
-0.019558,0.328811,-0.280392
-0.019926,0.330930,-0.281283
-0.019371,0.329917,-0.281500
-0.015259,0.330571,-0.281556
-0.014083,0.328716,-0.279527
-0.012023,0.329042,-0.281587
-0.012835,0.328229,-0.281681
-0.010982,0.331110,-0.278913
-0.007092,0.330504,-0.279227
-0.008008,0.330692,-0.279796
-0.007167,0.328128,-0.282376
-0.005232,0.329109,-0.279837
-0.003677,0.327001,-0.278285
-0.002448,0.328465,-0.280330
-0.000896,0.328626,-0.277154
0.001870,0.328637,-0.279380
0.002635,0.332325,-0.278819
0.006234,0.329353,-0.281018
0.005091,0.329059,-0.278555
0.006778,0.330463,-0.279815
0.010049,0.329091,-0.278500
0.009535,0.331493,-0.278654
0.011626,0.329148,-0.279230
0.011662,0.329749,-0.281630
0.014975,0.331071,-0.281250
0.015035,0.327978,-0.280196
0.016681,0.329930,-0.281158
0.018111,0.330034,-0.282648
0.019686,0.328916,-0.281473
0.022150,0.330186,-0.283809
0.023585,0.329718,-0.281839
0.025105,0.330876,-0.283897
0.025659,0.330351,-0.281612
0.027572,0.331278,-0.283539
0.029449,0.328397,-0.283593
0.029751,0.329335,-0.282620
0.034414,0.330409,-0.283192
0.032405,0.329089,-0.282617
0.035193,0.330281,-0.283537
0.037188,0.329386,-0.282015
0.037934,0.330343,-0.283628
0.039432,0.330517,-0.280342
0.040567,0.329175,-0.279483
0.043183,0.330311,-0.274924
0.043786,0.329122,-0.276302
0.046293,0.326968,-0.272162
0.046376,0.326840,-0.272513
0.047448,0.327100,-0.272046
0.048875,0.328681,-0.268471
0.050232,0.326665,-0.266224
0.051060,0.326186,-0.264772
0.053387,0.326977,-0.262236
0.057061,0.327971,-0.260708
0.058413,0.328567,-0.258672
0.057988,0.328209,-0.255781
0.059104,0.327985,-0.254861
0.062137,0.326033,-0.254141
0.063113,0.324467,-0.250282
0.065026,0.324636,-0.248552
0.064293,0.326233,-0.244763
0.067183,0.326861,-0.242257
0.067516,0.324820,-0.242079
0.069197,0.325107,-0.239734
0.070007,0.324171,-0.238510
0.072746,0.323937,-0.235751
0.072387,0.325125,-0.233510
0.073801,0.324558,-0.232182
0.078105,0.323995,-0.230797
0.079092,0.323681,-0.229372
0.080944,0.324273,-0.226544
0.080865,0.323682,-0.225819
0.084096,0.322425,-0.223476
0.083839,0.323303,-0.223586
0.087170,0.323379,-0.223835
0.087271,0.323385,-0.222792
0.087717,0.322432,-0.222846
0.090236,0.322353,-0.220904
0.091450,0.323097,-0.220513
0.091187,0.323501,-0.219864
0.093602,0.323800,-0.217375
0.096615,0.323271,-0.217653
0.096843,0.321990,-0.216897
0.095608,0.322523,-0.219117
0.097449,0.321975,-0.217804
0.100281,0.324205,-0.216960
0.103203,0.323349,-0.217577
0.105292,0.323457,-0.216174
0.107138,0.322399,-0.219792
0.106727,0.321277,-0.215436
0.109174,0.320835,-0.217588
0.110012,0.322136,-0.216311
0.111207,0.322805,-0.216627
0.111925,0.322362,-0.216600
0.113474,0.324482,-0.217142
0.114948,0.320938,-0.215519
0.115247,0.322302,-0.213072
0.118630,0.323139,-0.215010
0.119377,0.323667,-0.214118
0.121403,0.322869,-0.213970
0.122997,0.322839,-0.213881
0.122808,0.323253,-0.212594
0.124781,0.322279,-0.212188
0.128142,0.322085,-0.213530
0.129131,0.322721,-0.211603
0.129461,0.320800,-0.212245
0.132852,0.321027,-0.210684
0.131768,0.321375,-0.210652
0.134238,0.320443,-0.211289
0.134014,0.323223,-0.211293
0.136539,0.322012,-0.211459
0.137369,0.320596,-0.210826
0.141917,0.320346,-0.212016
0.139910,0.322589,-0.213446
0.143499,0.322210,-0.214189
0.146047,0.321303,-0.213445
0.145095,0.322295,-0.213500
0.146815,0.323061,-0.215370
0.149576,0.320875,-0.215232
0.149206,0.323375,-0.217117
0.151047,0.321248,-0.217825
0.152867,0.321322,-0.218408
0.152486,0.323067,-0.218695
0.156417,0.325257,-0.220077
0.157369,0.322787,-0.222297
0.159418,0.321574,-0.223010
0.159643,0.321338,-0.221019
0.162349,0.322859,-0.222451
0.162650,0.322735,-0.225968
0.166607,0.324703,-0.226374
0.166663,0.323236,-0.227688
0.167831,0.323600,-0.230912
0.168376,0.325573,-0.229899
0.172329,0.323863,-0.233044
0.171241,0.322094,-0.234648
0.173913,0.325629,-0.234303
0.174009,0.326359,-0.237070
0.176414,0.324225,-0.236873
0.178788,0.324546,-0.239285
0.179856,0.325569,-0.239318
0.181167,0.325254,-0.244524
0.182241,0.325062,-0.243860
0.183744,0.325058,-0.249363
0.185633,0.325495,-0.249436
0.188348,0.326704,-0.258520
-0.021125,0.332008,-0.284298
-0.021005,0.331034,-0.282784
-0.018988,0.331574,-0.281333
-0.018475,0.330784,-0.282219
-0.018259,0.332409,-0.282402
-0.014833,0.330225,-0.282748
-0.015935,0.331350,-0.283162
-0.011417,0.332727,-0.282286
-0.012891,0.333319,-0.282854
-0.007714,0.332640,-0.282265
-0.006942,0.331898,-0.282278
-0.004233,0.331159,-0.282804
-0.004609,0.331063,-0.280895
-0.004851,0.332205,-0.281743
-0.000829,0.330901,-0.283992
0.000305,0.333281,-0.282290
0.002516,0.332042,-0.281572
0.001105,0.332676,-0.279790
0.005425,0.332076,-0.282036
0.005084,0.333680,-0.282037
0.007670,0.331044,-0.281546
0.009633,0.332089,-0.283723
0.010532,0.331425,-0.282424
0.011568,0.331186,-0.283288
0.012283,0.332418,-0.283935
0.013348,0.333754,-0.282453
0.015099,0.331403,-0.286005
0.016461,0.333623,-0.283655
0.018142,0.331524,-0.284444
0.021602,0.331421,-0.286051
0.020326,0.331584,-0.285036
0.024030,0.332015,-0.287806
0.023276,0.332769,-0.286998
0.026747,0.333512,-0.289075
0.028643,0.333962,-0.290047
0.028929,0.332764,-0.290880
0.031226,0.334227,-0.289211
0.030637,0.333078,-0.290315
0.031647,0.333812,-0.287867
0.034298,0.333894,-0.291497
0.034395,0.332495,-0.291594
0.038545,0.331155,-0.289512
0.038809,0.333300,-0.290279
0.039677,0.332749,-0.289627
0.043137,0.331855,-0.287570
0.043195,0.330245,-0.283621
0.044821,0.332062,-0.280605
0.047302,0.329550,-0.275338
0.047854,0.330023,-0.273176
0.049197,0.329524,-0.271355
0.049649,0.330903,-0.270486
0.053496,0.329230,-0.267981
0.053907,0.330708,-0.266062
0.057186,0.327975,-0.262921
0.056894,0.330314,-0.260557
0.057365,0.328231,-0.259593
0.060047,0.327911,-0.257294
0.059493,0.328103,-0.254177
0.062391,0.326651,-0.253558
0.063641,0.329342,-0.249705
0.065845,0.327952,-0.247414
0.067041,0.325741,-0.245756
0.069598,0.327863,-0.242467
0.072390,0.326720,-0.242096
0.070676,0.327047,-0.239808
0.073709,0.324273,-0.237094
0.073957,0.327130,-0.235622
0.074940,0.325889,-0.232328
0.078478,0.325233,-0.232906
0.077624,0.325750,-0.232291
0.076586,0.326060,-0.229683
0.080201,0.325180,-0.226947
0.082603,0.324001,-0.225574
0.083123,0.323081,-0.223251
0.083057,0.324522,-0.223561
0.084639,0.325980,-0.222554
0.088214,0.324556,-0.222066
0.089516,0.323958,-0.220795
0.090752,0.325707,-0.219755
0.093786,0.324107,-0.221070
0.093918,0.323568,-0.220727
0.097300,0.324454,-0.220612
0.096394,0.323796,-0.217983
0.099054,0.324570,-0.217969
0.099748,0.324553,-0.218166
0.100411,0.324255,-0.217928
0.103693,0.326840,-0.218158
0.104559,0.323338,-0.219916
0.107650,0.324533,-0.217162
0.106743,0.324875,-0.219838
0.108744,0.322390,-0.216055
0.109920,0.324864,-0.215921
0.111366,0.323692,-0.217003
0.112896,0.323720,-0.215786
0.114209,0.325067,-0.216247
0.115238,0.324286,-0.215237
0.116224,0.324987,-0.215531
0.118526,0.322487,-0.213329
0.118757,0.324612,-0.215319
0.120160,0.323054,-0.213903
0.121469,0.323328,-0.212544
0.124437,0.322847,-0.213993
0.125048,0.324481,-0.211543
0.126678,0.324963,-0.210234
0.127614,0.321722,-0.212381
0.130378,0.323575,-0.212487
0.130787,0.322201,-0.210721
0.132357,0.322261,-0.213194
0.133223,0.323087,-0.212584
0.135244,0.323943,-0.211328
0.136016,0.322660,-0.211991
0.138071,0.322830,-0.212041
0.138942,0.323203,-0.212007
0.140282,0.325756,-0.212967
0.143801,0.324961,-0.212539
0.144035,0.323601,-0.215706
0.148237,0.323342,-0.215164
0.148296,0.324667,-0.215107
0.147914,0.321529,-0.215776
0.149266,0.325075,-0.218224
0.152734,0.324891,-0.218978
0.151666,0.324412,-0.218780
0.153927,0.325920,-0.218217
0.155848,0.322463,-0.219919
0.156989,0.325568,-0.222084
0.158987,0.326879,-0.222258
0.159934,0.323987,-0.223846
0.162277,0.322909,-0.225834
0.163618,0.325545,-0.227063
0.164355,0.324714,-0.227004
0.165292,0.325096,-0.230033
0.169397,0.324694,-0.228683
0.169560,0.325996,-0.230198
0.170315,0.324674,-0.232120
0.172569,0.325869,-0.232718
0.173407,0.327037,-0.237368
0.175263,0.327915,-0.236014
0.175368,0.325678,-0.241010
0.178012,0.327065,-0.239702
0.179191,0.325935,-0.243457
0.181603,0.326083,-0.244276
0.182706,0.328292,-0.249015
0.184545,0.328037,-0.249625
0.186989,0.328066,-0.259024
-0.023835,0.332454,-0.284273
-0.020496,0.334393,-0.283767
-0.019528,0.332856,-0.285337
-0.018164,0.333466,-0.283341
-0.015685,0.332026,-0.284230
-0.014827,0.334725,-0.284563
-0.013510,0.334071,-0.285864
-0.012181,0.332960,-0.285639
-0.009807,0.332422,-0.283603
-0.007958,0.333938,-0.285438
-0.006458,0.333304,-0.281469
-0.005920,0.332963,-0.284007
-0.004664,0.333175,-0.284209
-0.003684,0.334081,-0.284090
-0.000507,0.333711,-0.284587
0.000876,0.334446,-0.283932
0.002345,0.334827,-0.284246
0.002631,0.332957,-0.283420
0.004264,0.334750,-0.284469
0.004972,0.332778,-0.285231
0.005580,0.333796,-0.283882
0.009777,0.332022,-0.284933
0.010342,0.333340,-0.286058
0.011810,0.333205,-0.285302
0.013545,0.333809,-0.286262
0.015741,0.333848,-0.288582
0.015214,0.332392,-0.288884
0.018706,0.334145,-0.287477
0.018413,0.335387,-0.290311
0.018168,0.335028,-0.290449
0.020932,0.336300,-0.292399
0.022774,0.334645,-0.292780
0.023944,0.336641,-0.294106
0.026935,0.334278,-0.294703
0.025909,0.334922,-0.296593
0.031141,0.334857,-0.298538
0.029142,0.334181,-0.297626
0.030921,0.335412,-0.298797
0.032918,0.332956,-0.297710
0.033465,0.334475,-0.297755
0.034862,0.335223,-0.296934
0.038381,0.334742,-0.299544
0.038374,0.336184,-0.296931
0.041245,0.334765,-0.298634
0.041757,0.335801,-0.298010
0.043912,0.334551,-0.298878
0.044505,0.335640,-0.292508
0.046198,0.334426,-0.288590
0.048390,0.335511,-0.284409
0.050873,0.332119,-0.281791
0.051987,0.332744,-0.277868
0.052410,0.333736,-0.272291
0.052415,0.330485,-0.268332
0.055586,0.330765,-0.269499
0.056850,0.332170,-0.263611
0.059700,0.332343,-0.262317
0.059180,0.329634,-0.260692
0.060720,0.330442,-0.257123
0.062149,0.329576,-0.255412
0.063750,0.332266,-0.253040
0.065928,0.330147,-0.250873
0.066288,0.330062,-0.248971
0.070101,0.328784,-0.245136
0.069287,0.327662,-0.243841
0.070910,0.330118,-0.240891
0.073065,0.328712,-0.239927
0.073210,0.327347,-0.236837
0.075442,0.328168,-0.235571
0.075709,0.328798,-0.233512
0.079719,0.327675,-0.230937
0.078832,0.325873,-0.230710
0.081725,0.325919,-0.229211
0.083368,0.325675,-0.225750
0.083188,0.326222,-0.225448
0.084899,0.325424,-0.224899
0.086193,0.326131,-0.223619
0.089805,0.326729,-0.222169
0.089405,0.326795,-0.221132
0.092282,0.325957,-0.221753
0.091604,0.327023,-0.219609
0.095057,0.327790,-0.220532
0.097190,0.324865,-0.219387
0.095564,0.324653,-0.219856
0.097798,0.327141,-0.218097
0.099668,0.327121,-0.218283
0.101135,0.326047,-0.218298
0.103241,0.325141,-0.218882
0.104749,0.326453,-0.217742
0.107527,0.324682,-0.217594
0.106386,0.328218,-0.215290
0.108272,0.325769,-0.216798
0.110002,0.327219,-0.217980
0.111722,0.325356,-0.215711
0.113220,0.328512,-0.216421
0.114881,0.325738,-0.216873
0.115348,0.327665,-0.214020
0.117580,0.325477,-0.215616
0.119263,0.326590,-0.215530
0.120579,0.324784,-0.215730
0.120349,0.324941,-0.216549
0.123696,0.326321,-0.213470
0.124463,0.325862,-0.213965
0.126146,0.324985,-0.212414
0.126781,0.326241,-0.210432
0.129449,0.327089,-0.212698
0.127971,0.325908,-0.213375
0.131203,0.326594,-0.212636
0.132927,0.325113,-0.212735
0.133803,0.324644,-0.212974
0.136006,0.325896,-0.211887
0.137655,0.324113,-0.211247
0.136912,0.325102,-0.211553
0.139860,0.324038,-0.212535
0.140380,0.323338,-0.213409
0.143161,0.326451,-0.212710
0.143171,0.325115,-0.213406
0.145973,0.326877,-0.215167
0.147977,0.324970,-0.215387
0.148889,0.324378,-0.218062
0.149961,0.326436,-0.218172
0.150140,0.326428,-0.218736
0.153432,0.325334,-0.218367
0.155628,0.325743,-0.219750
0.156709,0.325389,-0.220359
0.157461,0.327050,-0.224299
0.158337,0.325869,-0.222990
0.160051,0.326897,-0.224044
0.162118,0.325825,-0.225606
0.163717,0.324525,-0.227139
0.164770,0.326554,-0.229054
0.164835,0.325530,-0.229142
0.168233,0.327466,-0.228201
0.169303,0.325855,-0.230138
0.171849,0.327445,-0.234547
0.172682,0.328370,-0.234953
0.172760,0.329526,-0.238082
0.174463,0.328471,-0.237603
0.175732,0.328433,-0.239485
0.179334,0.326803,-0.242066
0.181059,0.329180,-0.243326
0.182902,0.329620,-0.247481
0.182200,0.329230,-0.249898
0.185571,0.328572,-0.255588
-0.021055,0.336470,-0.285022
-0.018212,0.337632,-0.286202
-0.017318,0.334846,-0.283939
-0.016967,0.335531,-0.287114
-0.015525,0.333676,-0.287857
-0.013947,0.334613,-0.286507
-0.012532,0.335025,-0.288527
-0.011152,0.336369,-0.286542
-0.009399,0.337458,-0.288109
-0.007340,0.333878,-0.286297
-0.004598,0.334639,-0.286331
-0.005461,0.334547,-0.286196
-0.006244,0.334250,-0.286577
-0.001744,0.335677,-0.286120
-0.001488,0.334977,-0.286277
-0.000597,0.335846,-0.286224
0.001896,0.336299,-0.287419
0.004356,0.335948,-0.288047
0.007970,0.335550,-0.288423
0.007063,0.335577,-0.286988
0.007499,0.335822,-0.287917
0.009755,0.333951,-0.287651
0.011290,0.336273,-0.290835
0.011630,0.337971,-0.291156
0.013723,0.335293,-0.291093
0.016096,0.335392,-0.293294
0.016475,0.336792,-0.297177
0.016659,0.336901,-0.297473
0.021738,0.338083,-0.297776
0.022356,0.336867,-0.299140
0.023116,0.338903,-0.301728
0.053893,0.334871,-0.278964
0.056726,0.333362,-0.274719
0.056249,0.334830,-0.269593
0.058870,0.333630,-0.266795
0.060632,0.333863,-0.264731
0.060510,0.332995,-0.260331
0.061727,0.331465,-0.259179
0.062752,0.330585,-0.255244
0.064392,0.330717,-0.252661
0.066119,0.329078,-0.250955
0.067022,0.331710,-0.246764
0.070463,0.331134,-0.245659
0.070016,0.330082,-0.242587
0.073858,0.329869,-0.240780
0.074358,0.328796,-0.237601
0.074321,0.329270,-0.237207
0.075629,0.330358,-0.234980
0.079556,0.330023,-0.233536
0.080182,0.328368,-0.232417
0.079942,0.328191,-0.228481
0.082235,0.328754,-0.227630
0.084462,0.328671,-0.224899
0.086107,0.328814,-0.226378
0.086599,0.329553,-0.223155
0.087535,0.328685,-0.222897
0.088343,0.326934,-0.222280
0.091041,0.328251,-0.222053
0.093029,0.327339,-0.221571
0.093978,0.328025,-0.220288
0.093905,0.326997,-0.222443
0.097165,0.327883,-0.219686
0.098529,0.328430,-0.220465
0.099049,0.327849,-0.217260
0.102031,0.325792,-0.217840
0.101529,0.327301,-0.216597
0.104282,0.327264,-0.217770
0.102853,0.326981,-0.219492
0.106429,0.326602,-0.219473
0.107510,0.327519,-0.218964
0.108116,0.326641,-0.218355
0.111554,0.326446,-0.217685
0.111057,0.327776,-0.216203
0.114893,0.327531,-0.216489
0.115992,0.327248,-0.215957
0.117186,0.326980,-0.217279
0.119565,0.327744,-0.215286
0.119205,0.326819,-0.216174
0.121339,0.327924,-0.213378
0.122701,0.327853,-0.214790
0.124677,0.326177,-0.215103
0.125805,0.325326,-0.215215
0.127494,0.328253,-0.212638
0.128637,0.328707,-0.212863
0.128940,0.325977,-0.211002
0.131544,0.325731,-0.213599
0.131370,0.325989,-0.212714
0.134568,0.326610,-0.210797
0.135833,0.327118,-0.213101
0.136089,0.327769,-0.212498
0.140715,0.327937,-0.212834
0.139621,0.326147,-0.211293
0.141414,0.328080,-0.213948
0.142628,0.325372,-0.212992
0.143054,0.326832,-0.212796
0.146732,0.325531,-0.214929
0.145550,0.328304,-0.215799
0.150700,0.327393,-0.214993
0.148290,0.326890,-0.216735
0.153029,0.327604,-0.219351
0.154643,0.327959,-0.219059
0.153292,0.327574,-0.221527
0.156069,0.327098,-0.220472
0.156502,0.328461,-0.222180
0.158380,0.329737,-0.224064
0.160311,0.328423,-0.222510
0.161142,0.328107,-0.225822
0.162374,0.328060,-0.227733
0.166015,0.328530,-0.227800
0.166974,0.327309,-0.230249
0.167983,0.327969,-0.230825
0.169619,0.328291,-0.230315
0.169091,0.329972,-0.233154
0.173384,0.328701,-0.234601
0.173971,0.328476,-0.238306
0.174861,0.329825,-0.237639
0.176766,0.330724,-0.240769
0.179403,0.330741,-0.241868
0.177069,0.329761,-0.246420
0.180466,0.329453,-0.247348
0.182255,0.332958,-0.258117
0.184581,0.332584,-0.266638
-0.021378,0.337647,-0.285448
-0.019976,0.337395,-0.288974
-0.019821,0.336610,-0.288852
-0.015748,0.337069,-0.290581
-0.015155,0.338918,-0.291254
-0.014797,0.337488,-0.290987
-0.013150,0.339613,-0.291803
-0.009604,0.336328,-0.292707
-0.008466,0.338907,-0.292054
-0.007392,0.337320,-0.290904
-0.005977,0.336443,-0.291559
-0.004268,0.336757,-0.288934
-0.003258,0.337115,-0.288716
-0.000557,0.337651,-0.288436
0.000406,0.338913,-0.288205
0.000363,0.338549,-0.288990
0.001869,0.336715,-0.289454
0.003137,0.339910,-0.292806
0.004779,0.338468,-0.291728
0.007799,0.338925,-0.295555
0.007109,0.338455,-0.298284
0.012044,0.338002,-0.298786
0.011645,0.340072,-0.299717
0.012531,0.337643,-0.301808
0.055820,0.335928,-0.274877
0.056096,0.334725,-0.270739
0.060166,0.334861,-0.266758
0.061451,0.334176,-0.263442
0.062376,0.333893,-0.260764
0.064494,0.334260,-0.259090
0.063677,0.334978,-0.255527
0.068151,0.334254,-0.253637
0.069799,0.333776,-0.247865
0.070419,0.333785,-0.246713
0.071708,0.331231,-0.244876
0.072284,0.330373,-0.243068
0.073867,0.331834,-0.240109
0.076201,0.330063,-0.237965
0.077002,0.329988,-0.236072
0.077605,0.329961,-0.234281
0.080150,0.330546,-0.231463
0.081297,0.331542,-0.230729
0.084891,0.330958,-0.228847
0.084678,0.331830,-0.229564
0.084061,0.330827,-0.224282
0.086288,0.329138,-0.221881
0.088868,0.330987,-0.222508
0.091113,0.328978,-0.221666
0.092424,0.329967,-0.222602
0.093002,0.331063,-0.221104
0.094411,0.330545,-0.219987
0.094346,0.331024,-0.218825
0.097553,0.330355,-0.219530
0.097708,0.330448,-0.220419
0.100462,0.329857,-0.219237
0.101143,0.330174,-0.218641
0.102871,0.327295,-0.218552
0.102417,0.329787,-0.217815
0.105798,0.329762,-0.218805
0.107109,0.329336,-0.217047
0.108070,0.330253,-0.216589
0.110619,0.328827,-0.219041
0.110698,0.328547,-0.218639
0.114387,0.330422,-0.217788
0.114333,0.329201,-0.214473
0.115136,0.329440,-0.217241
0.117045,0.327827,-0.214717
0.117371,0.329455,-0.216436
0.119198,0.328503,-0.213440
0.121113,0.328627,-0.213412
0.121655,0.329775,-0.214405
0.123477,0.327594,-0.213949
0.125194,0.328437,-0.214255
0.126724,0.327746,-0.212875
0.127807,0.327247,-0.212935
0.129698,0.329317,-0.211359
0.131168,0.327639,-0.212876
0.131451,0.328489,-0.213926
0.132475,0.328834,-0.211387
0.134165,0.326374,-0.211651
0.138109,0.329277,-0.212280
0.138260,0.329796,-0.214188
0.140831,0.327281,-0.211036
0.140033,0.326826,-0.214311
0.142804,0.329346,-0.213768
0.142565,0.329420,-0.212312
0.146254,0.329203,-0.214312
0.147602,0.329156,-0.214804
0.147326,0.328351,-0.215583
0.149683,0.330479,-0.217689
0.153358,0.328516,-0.218565
0.152356,0.328617,-0.218730
0.153952,0.329507,-0.219963
0.155945,0.327865,-0.220643
0.156264,0.330227,-0.222620
0.158176,0.327635,-0.222320
0.160566,0.328863,-0.223413
0.162010,0.330734,-0.224554
0.162461,0.328290,-0.226115
0.164501,0.330133,-0.226663
0.167213,0.332326,-0.229973
0.167169,0.330875,-0.232409
0.166999,0.332466,-0.233127
0.172568,0.330626,-0.235254
0.171954,0.330789,-0.235711
0.174373,0.330475,-0.239237
0.174741,0.332325,-0.241596
0.176653,0.333471,-0.242787
0.177461,0.332123,-0.244979
0.180611,0.332525,-0.247407
0.180200,0.334147,-0.251947
0.183633,0.332321,-0.259193
-0.018497,0.339679,-0.295163
-0.017514,0.340106,-0.293314
-0.017635,0.339179,-0.294931
-0.014122,0.338369,-0.295563
-0.013288,0.339517,-0.294145
-0.014042,0.340276,-0.297668
-0.011528,0.340584,-0.295371
-0.009868,0.342191,-0.295685
-0.007992,0.340508,-0.295994
-0.006032,0.340364,-0.295666
-0.006371,0.340585,-0.295144
-0.003704,0.340612,-0.295848
-0.003868,0.339364,-0.296285
0.001280,0.339244,-0.296167
-0.000993,0.341147,-0.295868
0.003144,0.340043,-0.296635
0.005820,0.340414,-0.299043
0.007402,0.338353,-0.301363
0.004398,0.340686,-0.304070
0.059543,0.335992,-0.272099
0.061224,0.338517,-0.267732
0.064002,0.334775,-0.263667
0.063722,0.335613,-0.260526
0.065741,0.335695,-0.257068
0.066387,0.334705,-0.253858
0.067957,0.335381,-0.251082
0.069931,0.334422,-0.248437
0.070908,0.333640,-0.245746
0.072590,0.333856,-0.242563
0.072860,0.333943,-0.240640
0.074552,0.332322,-0.237490
0.077063,0.333292,-0.235872
0.079226,0.331342,-0.235588
0.080407,0.332787,-0.231906
0.081375,0.333438,-0.228955
0.082641,0.332610,-0.229704
0.083219,0.332450,-0.227344
0.084877,0.334196,-0.224484
0.085601,0.333780,-0.226115
0.088813,0.333220,-0.223358
0.088716,0.330943,-0.225387
0.091857,0.332408,-0.221596
0.093427,0.331217,-0.221502
0.096084,0.332579,-0.219805
0.093292,0.330761,-0.219590
0.097185,0.329551,-0.218502
0.099133,0.329124,-0.219143
0.098421,0.331248,-0.218547
0.101976,0.331761,-0.218160
0.102066,0.332263,-0.220551
0.102012,0.329461,-0.217776
0.107328,0.331517,-0.218446
0.107685,0.331504,-0.218040
0.108559,0.330737,-0.218675
0.109202,0.330950,-0.218681
0.109615,0.330155,-0.217596
0.111698,0.330903,-0.216694
0.114263,0.330229,-0.215236
0.116240,0.329448,-0.215901
0.116797,0.327452,-0.215922
0.118591,0.331018,-0.216555
0.119459,0.329559,-0.217531
0.120881,0.330892,-0.215284
0.123131,0.330459,-0.213689
0.124804,0.331881,-0.214637
0.125380,0.331486,-0.213302
0.126622,0.332215,-0.213929
0.128165,0.330265,-0.213099
0.128464,0.330110,-0.211976
0.130635,0.328579,-0.213728
0.132035,0.328874,-0.212275
0.135088,0.329705,-0.213536
0.134637,0.330842,-0.212243
0.134442,0.329764,-0.212444
0.138450,0.331670,-0.211699
0.140363,0.329483,-0.212478
0.140343,0.329326,-0.213928
0.142246,0.330628,-0.212673
0.143324,0.329280,-0.214865
0.144607,0.329590,-0.213504
0.147819,0.329385,-0.215842
0.147080,0.330305,-0.215638
0.150964,0.330385,-0.219426
0.153238,0.331299,-0.218544
0.151821,0.330418,-0.220064
0.153958,0.332582,-0.220786
0.155472,0.331447,-0.221268
0.156102,0.330123,-0.222545
0.158679,0.331928,-0.222620
0.159793,0.331744,-0.225377
0.162876,0.331688,-0.226192
0.161904,0.331775,-0.227305
0.165020,0.332201,-0.226352
0.164629,0.332293,-0.230252
0.167186,0.332834,-0.232578
0.168160,0.333579,-0.232597
0.170707,0.332631,-0.236064
0.172873,0.332588,-0.236880
0.173912,0.332945,-0.238945
0.175144,0.333802,-0.241577
0.176939,0.333995,-0.243668
0.178809,0.333335,-0.247187
0.179877,0.335223,-0.247981
0.180779,0.334936,-0.255738
-0.018968,0.341930,-0.298678
-0.015808,0.343250,-0.298625
-0.013613,0.343639,-0.300158
-0.015332,0.342149,-0.300373
-0.011832,0.343207,-0.301591
-0.011702,0.340809,-0.301567
-0.009180,0.342005,-0.301166
-0.009025,0.343903,-0.300315
-0.005408,0.344431,-0.300289
-0.004226,0.343351,-0.301687
-0.003933,0.342405,-0.302677
-0.002937,0.342475,-0.301932
-0.000983,0.343157,-0.303444
0.001632,0.341073,-0.302238
0.003349,0.342246,-0.302525
0.062193,0.339367,-0.268249
0.063025,0.336651,-0.262883
0.065995,0.338524,-0.258708
0.064098,0.337682,-0.255905
0.068857,0.335405,-0.252622
0.070642,0.335048,-0.249873
0.070970,0.335371,-0.246378
0.071859,0.336670,-0.244269
0.073774,0.335055,-0.243253
0.075461,0.334368,-0.240905
0.076170,0.334309,-0.235701
0.079013,0.334874,-0.234626
0.079321,0.334469,-0.233575
0.081846,0.334982,-0.230568
0.085041,0.334058,-0.229543
0.084126,0.333533,-0.226495
0.085522,0.333332,-0.225683
0.087207,0.334503,-0.226113
0.090140,0.332881,-0.224231
0.088747,0.332667,-0.222315
0.093616,0.332392,-0.221770
0.093238,0.335078,-0.222302
0.096443,0.332514,-0.221382
0.094513,0.330547,-0.219410
0.097464,0.333033,-0.219138
0.096920,0.332552,-0.218521
0.100453,0.333951,-0.219535
0.102286,0.332476,-0.218896
0.102693,0.330489,-0.220243
0.104077,0.334388,-0.216980
0.104393,0.331097,-0.218480
0.106528,0.331365,-0.217436
0.110006,0.332847,-0.217481
0.109093,0.332351,-0.218445
0.111092,0.333760,-0.217615
0.111556,0.333459,-0.216620
0.113298,0.331339,-0.216360
0.114962,0.332715,-0.217735
0.117780,0.333743,-0.214514
0.119081,0.329284,-0.216086
0.118975,0.331408,-0.215913
0.123621,0.333294,-0.216283
0.122228,0.332668,-0.214949
0.122794,0.331688,-0.213176
0.125457,0.332016,-0.213779
0.125710,0.332595,-0.213361
0.129055,0.334271,-0.213019
0.130951,0.332295,-0.213791
0.131489,0.331613,-0.212812
0.133734,0.330163,-0.212538
0.133340,0.332595,-0.212723
0.135539,0.331731,-0.211212
0.136719,0.333028,-0.211379
0.136949,0.332826,-0.212400
0.139107,0.331313,-0.212243
0.140604,0.330894,-0.214775
0.143351,0.333758,-0.214015
0.144613,0.331120,-0.214869
0.144458,0.332596,-0.216340
0.147898,0.331409,-0.216626
0.148454,0.331857,-0.216254
0.148515,0.332554,-0.217889
0.149948,0.332457,-0.217268
0.151681,0.332521,-0.218681
0.154171,0.334103,-0.219443
0.156530,0.332700,-0.220361
0.157797,0.332915,-0.221667
0.157306,0.332881,-0.222901
0.160376,0.330711,-0.225770
0.161795,0.332076,-0.224753
0.162528,0.331979,-0.227003
0.165031,0.334486,-0.229813
0.167672,0.333823,-0.231107
0.166739,0.335330,-0.232438
0.167957,0.333288,-0.232472
0.170217,0.334498,-0.233649
0.172828,0.332166,-0.236955
0.174354,0.337100,-0.239717
0.174635,0.335219,-0.243021
0.176468,0.335803,-0.244748
0.177403,0.335373,-0.247458
0.179094,0.336458,-0.253160
0.180395,0.337691,-0.259086
-0.016324,0.343833,-0.304015
-0.012731,0.344287,-0.304354
-0.012569,0.344721,-0.306153
0.065815,0.340283,-0.268943
0.065559,0.338324,-0.264281
0.067910,0.338486,-0.259482
0.067130,0.339886,-0.254801
0.070057,0.338841,-0.249395
0.071991,0.338528,-0.248609
0.074738,0.337124,-0.246994
0.072998,0.336857,-0.242595
0.075867,0.337972,-0.241703
0.076221,0.336819,-0.239483
0.080174,0.336292,-0.234415
0.080008,0.337266,-0.233985
0.081797,0.334771,-0.230191
0.081944,0.335947,-0.231673
0.084167,0.335104,-0.225672
0.085841,0.335200,-0.225848
0.086474,0.335386,-0.226643
0.086734,0.334529,-0.225071
0.089000,0.334833,-0.222932
0.093252,0.334757,-0.221897
0.092556,0.332796,-0.220899
0.091979,0.334932,-0.221226
0.094858,0.334945,-0.222516
0.096941,0.333652,-0.218935
0.098700,0.335103,-0.219906
0.098261,0.335005,-0.219431
0.099810,0.333613,-0.219395
0.102176,0.335108,-0.218414
0.103373,0.334872,-0.219207
0.104229,0.334030,-0.219424
0.105595,0.333714,-0.218925
0.108317,0.335385,-0.218080
0.108674,0.335125,-0.216763
0.110776,0.333738,-0.218446
0.112135,0.334095,-0.216242
0.114098,0.332878,-0.217681
0.115073,0.334644,-0.215455
0.117555,0.335175,-0.216929
0.118453,0.334571,-0.216971
0.120039,0.332459,-0.214911
0.122080,0.333636,-0.213879
0.123766,0.333894,-0.214288
0.124722,0.333195,-0.215441
0.127415,0.333595,-0.213977
0.127230,0.333410,-0.213735
0.129330,0.332775,-0.215783
0.130122,0.334670,-0.214588
0.132065,0.334286,-0.212912
0.132451,0.332141,-0.211827
0.133888,0.333902,-0.211835
0.135694,0.333047,-0.213230
0.137150,0.333849,-0.213663
0.139204,0.334022,-0.212818
0.139187,0.332951,-0.212628
0.141383,0.332329,-0.215139
0.141016,0.334391,-0.213093
0.143969,0.334185,-0.213221
0.145683,0.334623,-0.215482
0.146932,0.334747,-0.216834
0.147187,0.334731,-0.216252
0.150930,0.335439,-0.216039
0.151734,0.334311,-0.216864
0.152008,0.334801,-0.218015
0.154510,0.334476,-0.219541
0.156094,0.334600,-0.221032
0.155443,0.333502,-0.220059
0.159992,0.334809,-0.224496
0.160975,0.336397,-0.223403
0.163364,0.335253,-0.226411
0.163159,0.335754,-0.227135
0.164272,0.336148,-0.228846
0.165932,0.334369,-0.230784
0.168432,0.338047,-0.232182
0.170504,0.335768,-0.233715
0.170105,0.337352,-0.232680
0.172593,0.335999,-0.236379
0.174200,0.338483,-0.240869
0.176627,0.336447,-0.244481
0.176082,0.337164,-0.245556
0.178414,0.337431,-0.250567
0.180039,0.338669,-0.254790
0.062431,0.341157,-0.266785
0.067231,0.340873,-0.262012
0.067855,0.340859,-0.258152
0.070790,0.340211,-0.253329
0.070909,0.340338,-0.252206
0.073039,0.338966,-0.248838
0.073149,0.338878,-0.245153
0.075571,0.338416,-0.243873
0.076810,0.338809,-0.239316
0.080065,0.339627,-0.235541
0.079161,0.337830,-0.234545
0.083422,0.337566,-0.233901
0.083332,0.338394,-0.232780
0.083877,0.337401,-0.228546
0.085244,0.336989,-0.226341
0.086663,0.337243,-0.225693
0.087261,0.336984,-0.224079
0.090805,0.335631,-0.223569
0.090716,0.334280,-0.224473
0.092985,0.336576,-0.222199
0.093666,0.335194,-0.223418
0.094871,0.335939,-0.218722
0.097162,0.336223,-0.219583
0.099973,0.334869,-0.218794
0.100202,0.337331,-0.218623
0.101660,0.335512,-0.219818
0.102521,0.335451,-0.219522
0.104795,0.335600,-0.219403
0.105754,0.337203,-0.219089
0.107586,0.335117,-0.218230
0.108428,0.336065,-0.218209
0.109558,0.336253,-0.217533
0.111007,0.334471,-0.218972
0.113152,0.334899,-0.217814
0.113072,0.336151,-0.218363
0.115073,0.335942,-0.218376
0.115967,0.335079,-0.216387
0.119478,0.336704,-0.215857
0.119367,0.335680,-0.217079
0.120691,0.333578,-0.216067
0.122047,0.335211,-0.215216
0.123131,0.337122,-0.213532
0.124031,0.336201,-0.215087
0.124988,0.335445,-0.213844
0.126212,0.334680,-0.212967
0.127407,0.336250,-0.213026
0.133349,0.335280,-0.213308
0.133861,0.335474,-0.214108
0.134403,0.336542,-0.212715
0.136973,0.336994,-0.214745
0.138919,0.333031,-0.212462
0.138225,0.335137,-0.211646
0.140962,0.335579,-0.213974
0.140533,0.334613,-0.213159
0.143676,0.335832,-0.214182
0.142623,0.335460,-0.215184
0.144669,0.334724,-0.213555
0.145762,0.337073,-0.217010
0.147840,0.336151,-0.216399
0.150540,0.334852,-0.220104
0.150937,0.336954,-0.218112
0.154923,0.337737,-0.220034
0.153261,0.334741,-0.219561
0.155678,0.335964,-0.220308
0.159161,0.335757,-0.221881
0.158059,0.336932,-0.221400
0.158711,0.336620,-0.223518
0.162134,0.338882,-0.226006
0.164064,0.337604,-0.225662
0.164978,0.336113,-0.229630
0.166241,0.336114,-0.230379
0.167131,0.337083,-0.231025
0.170314,0.336565,-0.231249
0.169406,0.337864,-0.235138
0.171253,0.339052,-0.238348
0.174485,0.337909,-0.241420
0.175408,0.339809,-0.244061
0.176757,0.338898,-0.247686
0.177790,0.339667,-0.250299
0.182328,0.341728,-0.258671
0.067754,0.342624,-0.270867
0.069340,0.342873,-0.261597
0.068597,0.342833,-0.255963
0.070417,0.342641,-0.254591
0.073976,0.340040,-0.249228
0.073604,0.342713,-0.246552
0.074111,0.340777,-0.241042
0.076781,0.339692,-0.238225
0.077675,0.338288,-0.237537
0.077973,0.341006,-0.235960
0.080322,0.338023,-0.234430
0.081822,0.339207,-0.231268
0.085366,0.338650,-0.228284
0.084923,0.339450,-0.228795
0.087658,0.339914,-0.226100
0.088212,0.338022,-0.223301
0.089379,0.338257,-0.221924
0.091294,0.337242,-0.224101
0.093899,0.337101,-0.222056
0.095613,0.338227,-0.220888
0.094854,0.336897,-0.222435
0.096606,0.340197,-0.220443
0.100163,0.337421,-0.220989
0.099282,0.337977,-0.219438
0.101970,0.338395,-0.220822
0.101536,0.337792,-0.218911
0.104654,0.338319,-0.220612
0.105962,0.337621,-0.218433
0.107582,0.338408,-0.217465
0.108096,0.337786,-0.216619
0.109817,0.338048,-0.215967
0.111422,0.336774,-0.217771
0.112905,0.337624,-0.215742
0.112764,0.337419,-0.217308
0.114388,0.337188,-0.217230
0.117496,0.337360,-0.215751
0.117295,0.336966,-0.216199
0.120517,0.338449,-0.214566
0.121919,0.339921,-0.215670
0.122533,0.335646,-0.213467
0.124055,0.337680,-0.214657
0.124456,0.337293,-0.216024
0.127037,0.335373,-0.214238
0.128951,0.336836,-0.213533
0.130045,0.336571,-0.213959
0.130350,0.337284,-0.213402
0.131048,0.336143,-0.212602
0.134322,0.338892,-0.212665
0.136055,0.337800,-0.210895
0.136845,0.337362,-0.214076
0.136857,0.335751,-0.212958
0.139765,0.336596,-0.212634
0.141006,0.335987,-0.211154
0.144859,0.337376,-0.214349
0.142921,0.336498,-0.214366
0.144984,0.337178,-0.215884
0.147189,0.336914,-0.215760
0.150121,0.337674,-0.216242
0.149007,0.338546,-0.218396
0.153490,0.337872,-0.217426
0.152685,0.337413,-0.217858
0.154511,0.338711,-0.219942
0.155758,0.337920,-0.220192
0.156742,0.337045,-0.222825
0.158773,0.337376,-0.221988
0.160410,0.338004,-0.223047
0.161521,0.336011,-0.226082
0.164153,0.338286,-0.226815
0.166278,0.338644,-0.228228
0.166932,0.339278,-0.229586
0.167297,0.339856,-0.232832
0.169657,0.339217,-0.233530
0.170274,0.340253,-0.236833
0.171423,0.340185,-0.240397
0.174210,0.340798,-0.244609
0.177003,0.341464,-0.246303
0.176609,0.342405,-0.250419
0.177463,0.340734,-0.253132
0.180054,0.340878,-0.262740
0.068671,0.349185,-0.273182
0.069424,0.344081,-0.259345
0.072756,0.345968,-0.257187
0.073778,0.343615,-0.249880
0.074552,0.341824,-0.248117
0.076613,0.343236,-0.243451
0.077226,0.342389,-0.240467
0.080032,0.342595,-0.236468
0.080527,0.341578,-0.235671
0.084072,0.340547,-0.233584
0.082458,0.340844,-0.232614
0.083869,0.341340,-0.228962
0.084782,0.341672,-0.226772
0.088064,0.339176,-0.227041
0.088871,0.339846,-0.225325
0.090161,0.339220,-0.223745
0.092088,0.339244,-0.225068
0.090866,0.339188,-0.221168
0.094287,0.340055,-0.220646
0.095902,0.340563,-0.220981
0.097463,0.338471,-0.219760
0.097973,0.339515,-0.220750
0.097865,0.338849,-0.221284
0.100833,0.336325,-0.220328
0.101440,0.338373,-0.218496
0.104885,0.340503,-0.220526
0.104180,0.341732,-0.218631
0.105721,0.339560,-0.218809
0.109065,0.339141,-0.217028
0.108734,0.339566,-0.217292
0.111075,0.338814,-0.216605
0.112836,0.340192,-0.218550
0.111748,0.340707,-0.215518
0.116401,0.338412,-0.217804
0.117243,0.340210,-0.216550
0.119567,0.338525,-0.215335
0.120287,0.337975,-0.215123
0.121726,0.339743,-0.214703
0.120312,0.337671,-0.216276
0.124125,0.339255,-0.214677
0.126483,0.338859,-0.215554
0.126269,0.339617,-0.215870
0.128827,0.338918,-0.212568
0.129132,0.339289,-0.212327
0.129418,0.338394,-0.211876
0.131401,0.339674,-0.213140
0.134854,0.338070,-0.212937
0.135902,0.337821,-0.212394
0.136103,0.337273,-0.211368
0.139383,0.339207,-0.212427
0.138663,0.337857,-0.215633
0.141367,0.338413,-0.213705
0.145526,0.338962,-0.215159
0.144076,0.339270,-0.214036
0.144102,0.339278,-0.215440
0.147914,0.338293,-0.214901
0.148510,0.338430,-0.216435
0.149529,0.338799,-0.217706
0.150757,0.338810,-0.216963
0.153234,0.339012,-0.219839
0.152692,0.339860,-0.220165
0.156056,0.338139,-0.219763
0.156358,0.338860,-0.220978
0.157990,0.338209,-0.222437
0.159550,0.339930,-0.222566
0.161103,0.338798,-0.226316
0.160815,0.339883,-0.226258
0.164032,0.339940,-0.230511
0.165121,0.342087,-0.230308
0.166599,0.341695,-0.232404
0.169770,0.342085,-0.233015
0.169035,0.342115,-0.237756
0.173531,0.340936,-0.238915
0.173195,0.341325,-0.244791
0.173854,0.341711,-0.247966
0.178024,0.342641,-0.250355
0.179053,0.343752,-0.255339
0.070983,0.347782,-0.270648
0.070602,0.344407,-0.258561
0.073349,0.343678,-0.254209
0.073843,0.345436,-0.249325
0.075185,0.346166,-0.245939
0.076282,0.342878,-0.238880
0.078418,0.343664,-0.238898
0.078285,0.344162,-0.236003
0.082799,0.344130,-0.232848
0.083231,0.341543,-0.232615
0.084806,0.343085,-0.229521
0.085226,0.341709,-0.228097
0.084759,0.341779,-0.226179
0.087140,0.341764,-0.225131
0.087239,0.341995,-0.227004
0.091851,0.341541,-0.224418
0.095205,0.342520,-0.222354
0.095129,0.341411,-0.221957
0.096062,0.341365,-0.222105
0.096542,0.341760,-0.222869
0.097413,0.340181,-0.220870
0.100114,0.340655,-0.220979
0.101114,0.341816,-0.220380
0.101662,0.342002,-0.219029
0.104676,0.342899,-0.218256
0.105141,0.341088,-0.218366
0.108125,0.343629,-0.218593
0.109748,0.341723,-0.219109
0.108049,0.340388,-0.217390
0.111530,0.340962,-0.218209
0.113240,0.341517,-0.216196
0.114083,0.342166,-0.216893
0.113683,0.339786,-0.215493
0.117159,0.340985,-0.215271
0.117604,0.341592,-0.215095
0.121564,0.339890,-0.214541
0.120548,0.339879,-0.214161
0.124589,0.340649,-0.216043
0.124926,0.340605,-0.213829
0.124376,0.340148,-0.213969
0.126588,0.339632,-0.213798
0.126782,0.341008,-0.214111
0.130327,0.340483,-0.214329
0.131550,0.340392,-0.213856
0.133405,0.339484,-0.213593
0.131178,0.339310,-0.212733
0.135268,0.340945,-0.216337
0.136243,0.339935,-0.214664
0.138147,0.338549,-0.213733
0.138215,0.340602,-0.213742
0.143212,0.339349,-0.215567
0.143630,0.341126,-0.213357
0.143198,0.339091,-0.213314
0.145565,0.340536,-0.215221
0.148190,0.339076,-0.214436
0.147762,0.340330,-0.215531
0.150495,0.341611,-0.215080
0.152639,0.341759,-0.216640
0.153722,0.340859,-0.218772
0.154133,0.340276,-0.218536
0.154444,0.341793,-0.221693
0.156068,0.341275,-0.222957
0.160096,0.339999,-0.221833
0.159526,0.342006,-0.223339
0.160812,0.340946,-0.222950
0.163928,0.341589,-0.227433
0.164866,0.342568,-0.230482
0.165874,0.341471,-0.229386
0.167635,0.344016,-0.232533
0.168855,0.341757,-0.234143
0.169495,0.343281,-0.237541
0.172279,0.343158,-0.239954
0.173676,0.343414,-0.244103
0.177117,0.342675,-0.248154
0.176985,0.344397,-0.251810
0.177855,0.344445,-0.257208
0.072228,0.347989,-0.267899
0.072523,0.348028,-0.253706
0.073519,0.345245,-0.249815
0.073524,0.345063,-0.246223
0.075189,0.345456,-0.241696
0.078250,0.344741,-0.238062
0.079781,0.342529,-0.237345
0.080747,0.344031,-0.234369
0.082574,0.343873,-0.233141
0.084121,0.345106,-0.229516
0.085213,0.345566,-0.228429
0.086643,0.342216,-0.226375
0.087804,0.341362,-0.226948
0.087555,0.342051,-0.226357
0.092035,0.342522,-0.223122
0.092520,0.341305,-0.222888
0.094590,0.342999,-0.221898
0.096066,0.342707,-0.222287
0.098123,0.343927,-0.220616
0.097399,0.342913,-0.220765
0.097608,0.342499,-0.222893
0.101029,0.343683,-0.219320
0.100668,0.342617,-0.219171
0.102981,0.343186,-0.220005
0.105978,0.340685,-0.218525
0.106887,0.343217,-0.217412
0.109930,0.341488,-0.218813
0.111149,0.343541,-0.217956
0.111944,0.341982,-0.216522
0.112975,0.341034,-0.217396
0.113324,0.342239,-0.215499
0.115439,0.344050,-0.215367
0.117559,0.343188,-0.215645
0.118459,0.342185,-0.216442
0.120059,0.342088,-0.215739
0.121027,0.343898,-0.217652
0.122023,0.342004,-0.215696
0.125339,0.342050,-0.214527
0.124941,0.339253,-0.214817
0.125362,0.340500,-0.213230
0.128878,0.340971,-0.212862
0.129834,0.342409,-0.213431
0.130842,0.340873,-0.213609
0.133557,0.341963,-0.214694
0.134395,0.340866,-0.215360
0.136638,0.342148,-0.214113
0.136436,0.340848,-0.213551
0.139145,0.342958,-0.213954
0.139383,0.342716,-0.213491
0.141478,0.339581,-0.214257
0.143037,0.342776,-0.214897
0.143880,0.342965,-0.215869
0.145072,0.342093,-0.217042
0.147235,0.343126,-0.217322
0.148267,0.343190,-0.216989
0.150779,0.340127,-0.216345
0.153091,0.344053,-0.218793
0.152779,0.342262,-0.218498
0.154916,0.341042,-0.221054
0.156161,0.344293,-0.218615
0.159597,0.341916,-0.222222
0.159477,0.342886,-0.222536
0.160297,0.345233,-0.223642
0.161807,0.344039,-0.223021
0.163849,0.343901,-0.227988
0.165250,0.341911,-0.227557
0.163369,0.344553,-0.232103
0.167897,0.345715,-0.230293
0.170618,0.345984,-0.233716
0.170678,0.345111,-0.237388
0.171859,0.344319,-0.240379
0.173234,0.344412,-0.243413
0.174891,0.346312,-0.249002
0.178712,0.346728,-0.252442
0.074147,0.348769,-0.255860
0.073746,0.348572,-0.251855
0.075399,0.347541,-0.248046
0.076046,0.348057,-0.245896
0.079024,0.347759,-0.240313
0.081235,0.346695,-0.236546
0.083395,0.346947,-0.234740
0.082624,0.345669,-0.233242
0.085303,0.346192,-0.231414
0.086916,0.345341,-0.228979
0.086504,0.344992,-0.229392
0.088950,0.346563,-0.227399
0.090240,0.343722,-0.225297
0.091424,0.345156,-0.224836
0.092708,0.343177,-0.223715
0.094116,0.344217,-0.221916
0.095391,0.345220,-0.222562
0.096181,0.344140,-0.222134
0.099194,0.343942,-0.221158
0.099949,0.345496,-0.219724
0.101814,0.343850,-0.221451
0.103588,0.344548,-0.219506
0.104063,0.342732,-0.218477
0.104905,0.344576,-0.219242
0.108021,0.344223,-0.219473
0.108990,0.345232,-0.216135
0.109238,0.344394,-0.218194
0.111288,0.344338,-0.219265
0.112759,0.343844,-0.216396
0.116336,0.344748,-0.217678
0.115435,0.342392,-0.216679
0.117990,0.344355,-0.215669
0.118217,0.344819,-0.215589
0.119684,0.342948,-0.216853
0.121736,0.343449,-0.215418
0.122868,0.344468,-0.215296
0.124661,0.343029,-0.213738
0.124034,0.345037,-0.216470
0.125967,0.343598,-0.213462
0.128137,0.343285,-0.213904
0.128608,0.344458,-0.214960
0.132459,0.346202,-0.213585
0.133228,0.344633,-0.215353
0.132130,0.344302,-0.213328
0.136435,0.344345,-0.213027
0.137771,0.343093,-0.214580
0.137079,0.343605,-0.214809
0.139793,0.342510,-0.212589
0.142203,0.343313,-0.214206
0.140553,0.344701,-0.216187
0.143444,0.346556,-0.215810
0.145026,0.343835,-0.214393
0.146262,0.343238,-0.217262
0.148351,0.343568,-0.217167
0.149037,0.343268,-0.218376
0.150675,0.343436,-0.217807
0.152719,0.342595,-0.220484
0.154923,0.344268,-0.220248
0.157495,0.346030,-0.220389
0.156362,0.346546,-0.222503
0.158706,0.345674,-0.222062
0.158269,0.344254,-0.223564
0.162341,0.344739,-0.222949
0.162494,0.345112,-0.227845
0.163144,0.344439,-0.228933
0.168598,0.346557,-0.230130
0.166957,0.346396,-0.232284
0.168676,0.345547,-0.233199
0.170259,0.345815,-0.235929
0.172659,0.347127,-0.240551
0.173109,0.345811,-0.244276
0.175386,0.345648,-0.246887
0.177157,0.349238,-0.252589
0.074776,0.351167,-0.254727
0.073706,0.348893,-0.249713
0.077332,0.348926,-0.243803
0.077921,0.348879,-0.241240
0.080383,0.349049,-0.240208
0.084230,0.348264,-0.237097
0.083546,0.346712,-0.233153
0.084634,0.347358,-0.230029
0.087268,0.349598,-0.230022
0.087008,0.346748,-0.229232
0.088720,0.347666,-0.228334
0.090498,0.348260,-0.227496
0.091086,0.345908,-0.224515
0.094084,0.346286,-0.225169
0.094377,0.346416,-0.223415
0.096449,0.346224,-0.223402
0.099132,0.345682,-0.223555
0.098985,0.348161,-0.219974
0.100898,0.345582,-0.220498
0.101652,0.347182,-0.222300
0.101837,0.346791,-0.222661
0.103710,0.346450,-0.219857
0.106232,0.346620,-0.218534
0.107870,0.346331,-0.217262
0.108872,0.347366,-0.218230
0.110572,0.346771,-0.216384
0.110120,0.345631,-0.219279
0.111277,0.345642,-0.215838
0.114028,0.346812,-0.217798
0.114535,0.345187,-0.216748
0.114962,0.344275,-0.216609
0.118091,0.344393,-0.214751
0.119683,0.346930,-0.215015
0.120937,0.344260,-0.216229
0.124209,0.344232,-0.213720
0.124129,0.345538,-0.215433
0.126639,0.344023,-0.213065
0.127008,0.344583,-0.214846
0.126742,0.343715,-0.212497
0.130033,0.344937,-0.215416
0.130729,0.345465,-0.214520
0.133112,0.346942,-0.213408
0.135144,0.343950,-0.215008
0.135693,0.346318,-0.214738
0.136535,0.345085,-0.214259
0.137710,0.345808,-0.216010
0.139560,0.344363,-0.213925
0.140674,0.346267,-0.215457
0.142390,0.344190,-0.214009
0.143567,0.345313,-0.216369
0.145403,0.345247,-0.217482
0.147079,0.345100,-0.216742
0.147661,0.344952,-0.216127
0.150354,0.345993,-0.217044
0.150945,0.347971,-0.217648
0.153404,0.346182,-0.219371
0.153214,0.346360,-0.220404
0.154878,0.345021,-0.222384
0.155793,0.345941,-0.222075
0.158847,0.347010,-0.224322
0.159375,0.344622,-0.224190
0.162245,0.348974,-0.225836
0.161303,0.347508,-0.226431
0.164354,0.347204,-0.230316
0.166589,0.346122,-0.230009
0.167703,0.347567,-0.232108
0.167542,0.347486,-0.234987
0.170349,0.348825,-0.235706
0.171350,0.349312,-0.238575
0.173650,0.347672,-0.244232
0.174139,0.349223,-0.245644
0.072523,0.350471,-0.256856
0.075704,0.352282,-0.251791
0.075103,0.349676,-0.245781
0.079091,0.352361,-0.241595
0.080112,0.349934,-0.239311
0.081161,0.351572,-0.235606
0.082240,0.348411,-0.234247
0.084035,0.350371,-0.231084
0.086834,0.349046,-0.230710
0.085726,0.350019,-0.227889
0.088851,0.349137,-0.228255
0.089568,0.351870,-0.228079
0.092343,0.347347,-0.225168
0.094138,0.348201,-0.227770
0.094791,0.346146,-0.223600
0.095160,0.348054,-0.224609
0.098265,0.347647,-0.224234
0.098658,0.347293,-0.222282
0.099976,0.346995,-0.221988
0.100919,0.347786,-0.219503
0.103968,0.348723,-0.222912
0.103484,0.348377,-0.217972
0.104543,0.348485,-0.217922
0.107369,0.347184,-0.217829
0.107759,0.347780,-0.219309
0.111726,0.346784,-0.219927
0.112020,0.347412,-0.217630
0.112471,0.347689,-0.218284
0.115257,0.347763,-0.215288
0.115591,0.347449,-0.216181
0.116470,0.348158,-0.216433
0.117764,0.348094,-0.216394
0.120929,0.347305,-0.215671
0.120037,0.348206,-0.215227
0.122795,0.348679,-0.212816
0.124674,0.347058,-0.214539
0.124877,0.348159,-0.214996
0.124985,0.346766,-0.212646
0.129031,0.346890,-0.215351
0.129982,0.349211,-0.215473
0.131307,0.347777,-0.214189
0.132894,0.347992,-0.212869
0.134135,0.347313,-0.212998
0.135096,0.348831,-0.215557
0.136579,0.347093,-0.215080
0.137900,0.348527,-0.212301
0.138059,0.346680,-0.214669
0.139530,0.346205,-0.216799
0.142289,0.346421,-0.212881
0.143438,0.345725,-0.216753
0.145010,0.348842,-0.218589
0.145684,0.345736,-0.217468
0.146564,0.346430,-0.217030
0.151447,0.348275,-0.216917
0.151423,0.347997,-0.217416
0.152865,0.350925,-0.218922
0.152797,0.348328,-0.220879
0.156074,0.348931,-0.221240
0.156278,0.347820,-0.221432
0.158011,0.347606,-0.222769
0.161478,0.346882,-0.225514
0.163333,0.349669,-0.226273
0.162924,0.348582,-0.226668
0.163433,0.349416,-0.228425
0.166455,0.350179,-0.230996
0.168402,0.348631,-0.232804
0.167798,0.348458,-0.234216
0.170240,0.349917,-0.236392
0.171194,0.351439,-0.238146
0.076921,0.352975,-0.251788
0.077143,0.351456,-0.246740
0.079629,0.351691,-0.242447
0.079408,0.352469,-0.240236
0.081433,0.349970,-0.236524
0.082290,0.351791,-0.234405
0.084963,0.350060,-0.232222
0.086500,0.352098,-0.231550
0.087974,0.351450,-0.229327
0.088757,0.350666,-0.227364
0.088784,0.353238,-0.226219
0.091549,0.348123,-0.225073
0.094507,0.350234,-0.225922
0.095289,0.351177,-0.223599
0.095621,0.349296,-0.223536
0.096157,0.349042,-0.223312
0.098123,0.348300,-0.225081
0.098339,0.349566,-0.223189
0.099255,0.349206,-0.220232
0.102364,0.349807,-0.219863
0.104095,0.349635,-0.219000
0.105404,0.348007,-0.218026
0.107970,0.350001,-0.217932
0.109952,0.350215,-0.219526
0.110834,0.348285,-0.216671
0.111693,0.349597,-0.216061
0.113323,0.348337,-0.216917
0.113366,0.348286,-0.216388
0.113498,0.348229,-0.217242
0.117071,0.349156,-0.214034
0.118977,0.349318,-0.215035
0.120577,0.349642,-0.215869
0.120863,0.347792,-0.216093
0.121963,0.349173,-0.213551
0.123871,0.348448,-0.213665
0.127042,0.349841,-0.214342
0.126708,0.348932,-0.213598
0.128516,0.347996,-0.215176
0.130624,0.347846,-0.215295
0.132079,0.348206,-0.213993
0.131011,0.348964,-0.214362
0.132549,0.348218,-0.214447
0.135852,0.349026,-0.214496
0.137462,0.348683,-0.213741
0.136434,0.349962,-0.214868
0.141070,0.349133,-0.215237
0.141245,0.348686,-0.214779
0.142710,0.349926,-0.217096
0.145158,0.349145,-0.215729
0.145079,0.349442,-0.215926
0.148845,0.348917,-0.217209
0.148254,0.349718,-0.216501
0.149599,0.348861,-0.219039
0.152975,0.350816,-0.219230
0.153402,0.348229,-0.218417
0.155134,0.350658,-0.221735
0.154383,0.347156,-0.220360
0.157358,0.348915,-0.220801
0.158832,0.349118,-0.222225
0.160737,0.352038,-0.225367
0.162081,0.349289,-0.224650
0.163588,0.346329,-0.227204
0.164639,0.349568,-0.228469
0.165483,0.350324,-0.231246
0.167346,0.350006,-0.232244
0.169195,0.351906,-0.231815
0.171794,0.349657,-0.235792
0.076544,0.354811,-0.255570
0.077325,0.353694,-0.248600
0.077809,0.353790,-0.243075
0.080441,0.353350,-0.239853
0.081406,0.352569,-0.238548
0.082812,0.351667,-0.237255
0.084712,0.351701,-0.232574
0.086623,0.351896,-0.232890
0.088328,0.350934,-0.230676
0.086986,0.352310,-0.229075
0.089889,0.352556,-0.228063
0.091151,0.349798,-0.226416
0.092643,0.350980,-0.225187
0.095835,0.350613,-0.225372
0.097469,0.351658,-0.224453
0.096366,0.352292,-0.222552
0.098089,0.350096,-0.221812
0.098918,0.351881,-0.222550
0.100344,0.353114,-0.221343
0.103461,0.351828,-0.218983
0.105162,0.350573,-0.219785
0.105939,0.351730,-0.218835
0.108005,0.351111,-0.218017
0.104852,0.350860,-0.218382
0.110174,0.350146,-0.218906
0.109066,0.351275,-0.217191
0.113067,0.348010,-0.215725
0.112940,0.350929,-0.216321
0.114667,0.349269,-0.216392
0.118768,0.350535,-0.216758
0.117330,0.350163,-0.215663
0.119689,0.349813,-0.216961
0.121081,0.350595,-0.214621
0.121239,0.351164,-0.214158
0.123434,0.350791,-0.213410
0.125111,0.350495,-0.213088
0.127233,0.350239,-0.212388
0.127448,0.349919,-0.212315
0.129548,0.351319,-0.215576
0.132061,0.350603,-0.214564
0.131579,0.349727,-0.214007
0.134069,0.350477,-0.214678
0.134380,0.349902,-0.214532
0.136387,0.349694,-0.214714
0.139360,0.351643,-0.215264
0.140234,0.350701,-0.215100
0.142487,0.350300,-0.216550
0.142246,0.349441,-0.216306
0.142742,0.350315,-0.216849
0.144581,0.351890,-0.219561
0.147267,0.351631,-0.217707
0.148505,0.352482,-0.217374
0.149635,0.351581,-0.218676
0.152353,0.348960,-0.218835
0.152116,0.350496,-0.219576
0.154216,0.351518,-0.221358
0.155332,0.352338,-0.221462
0.157641,0.352169,-0.222678
0.159425,0.352942,-0.224891
0.161148,0.352642,-0.224519
0.161662,0.351763,-0.224261
0.161594,0.351772,-0.225674
0.165755,0.353196,-0.228200
0.166963,0.352299,-0.231081
0.166120,0.353021,-0.231602
0.077621,0.354806,-0.248803
0.077890,0.354172,-0.245226
0.080914,0.354869,-0.241977
0.081148,0.355477,-0.240659
0.082121,0.354581,-0.237399
0.084592,0.354546,-0.234748
0.086987,0.355401,-0.233873
0.087196,0.353778,-0.230127
0.087245,0.354467,-0.230613
0.089978,0.354837,-0.229472
0.090266,0.352549,-0.227341
0.091941,0.353801,-0.224735
0.093494,0.353842,-0.224556
0.095762,0.351423,-0.224210
0.097393,0.352693,-0.223076
0.097963,0.352740,-0.222042
0.100213,0.353387,-0.221695
0.101301,0.352610,-0.222700
0.101659,0.352853,-0.220705
0.102884,0.353719,-0.217131
0.106083,0.352039,-0.219645
0.107101,0.352174,-0.219796
0.108847,0.353597,-0.220239
0.110172,0.352149,-0.218722
0.111449,0.352494,-0.218434
0.113262,0.352122,-0.216424
0.115986,0.350529,-0.216082
0.116165,0.353433,-0.216016
0.116417,0.352767,-0.215686
0.117494,0.353938,-0.216179
0.120083,0.351533,-0.214349
0.122183,0.350682,-0.215933
0.123905,0.351617,-0.216230
0.124038,0.353449,-0.214880
0.125690,0.350601,-0.212846
0.127616,0.351783,-0.214066
0.127384,0.350354,-0.213900
0.128238,0.352210,-0.213213
0.131701,0.354742,-0.213211
0.131884,0.351399,-0.213041
0.135089,0.352189,-0.214690
0.135904,0.351641,-0.215750
0.136568,0.352558,-0.214897
0.137512,0.351414,-0.216048
0.142382,0.352662,-0.215799
0.145147,0.352622,-0.215999
0.141558,0.353380,-0.216349
0.144467,0.354120,-0.217750
0.146175,0.350896,-0.219852
0.148823,0.353503,-0.217339
0.147654,0.352192,-0.219511
0.150624,0.353144,-0.218455
0.152437,0.354153,-0.219122
0.151996,0.352096,-0.218999
0.154853,0.352260,-0.222003
0.156673,0.350511,-0.221715
0.157801,0.353636,-0.222486
0.157851,0.353247,-0.223592
0.160471,0.354076,-0.227767
0.162961,0.352078,-0.226005
0.161693,0.350568,-0.226254
0.165234,0.351916,-0.229301
0.074513,0.357164,-0.253065
0.079043,0.356204,-0.244747
0.080351,0.357272,-0.243738
0.079747,0.356171,-0.241219
0.081861,0.357893,-0.238710
0.083225,0.356019,-0.235125
0.085837,0.357701,-0.235000
0.085248,0.355576,-0.231589
0.088079,0.354816,-0.231461
0.090191,0.355875,-0.228543
0.090924,0.357161,-0.228243
0.092642,0.354727,-0.227426
0.094756,0.356874,-0.226479
0.094049,0.355798,-0.226516
0.097466,0.355020,-0.226184
0.099799,0.355627,-0.224229
0.101379,0.354967,-0.222694
0.101996,0.354290,-0.222817
0.102843,0.354255,-0.220867
0.105198,0.352705,-0.220275
0.104728,0.354131,-0.219752
0.106200,0.352181,-0.217347
0.107717,0.354402,-0.217330
0.109251,0.353447,-0.217201
0.111463,0.353518,-0.216785
0.112522,0.353813,-0.217834
0.114239,0.354678,-0.216811
0.114603,0.355329,-0.216611
0.117900,0.353994,-0.215831
0.117258,0.353700,-0.215799
0.120289,0.354164,-0.214393
0.119561,0.353406,-0.215318
0.123389,0.353746,-0.214435
0.124378,0.354701,-0.214306
0.124844,0.351492,-0.213246
0.126170,0.351873,-0.214424
0.129626,0.353567,-0.215451
0.127952,0.354466,-0.212831
0.131118,0.353139,-0.215406
0.133762,0.354245,-0.214480
0.133644,0.354962,-0.213488
0.136912,0.353800,-0.214499
0.136629,0.352756,-0.214381
0.138120,0.353658,-0.214131
0.139535,0.354700,-0.214908
0.141961,0.353131,-0.215902
0.142557,0.353730,-0.215617
0.144464,0.352937,-0.216332
0.146447,0.354190,-0.218674
0.148601,0.352033,-0.218159
0.147331,0.355894,-0.218218
0.151119,0.354550,-0.217573
0.153242,0.353587,-0.218277
0.154505,0.353333,-0.221279
0.154405,0.354676,-0.222208
0.156007,0.354237,-0.220460
0.156184,0.355168,-0.221347
0.159643,0.355416,-0.222906
0.160699,0.354655,-0.226815
0.075429,0.360555,-0.256390
0.079582,0.358682,-0.248141
0.079735,0.358953,-0.244651
0.082337,0.358678,-0.241744
0.081663,0.358606,-0.240860
0.084357,0.359817,-0.236372
0.083475,0.357461,-0.234145
0.086904,0.357621,-0.232398
0.088227,0.357223,-0.229602
0.089742,0.356350,-0.230088
0.091985,0.356882,-0.229276
0.094900,0.356607,-0.227316
0.092787,0.359772,-0.224292
0.094901,0.358095,-0.226864
0.097347,0.356603,-0.224346
0.099373,0.355357,-0.225853
0.098309,0.356594,-0.222306
0.100616,0.356488,-0.221802
0.102540,0.356238,-0.221028
0.104509,0.353876,-0.219314
0.107245,0.356062,-0.217632
0.104651,0.353782,-0.219676
0.108225,0.355350,-0.217209
0.109010,0.356412,-0.218473
0.112391,0.355241,-0.216935
0.113058,0.355305,-0.217983
0.115300,0.354576,-0.215080
0.115768,0.355345,-0.216707
0.118013,0.355099,-0.215476
0.117577,0.355590,-0.215943
0.118980,0.354141,-0.213395
0.122057,0.354963,-0.214722
0.122514,0.353561,-0.213174
0.123532,0.354452,-0.214564
0.126276,0.354424,-0.215365
0.127708,0.354985,-0.214251
0.128512,0.355980,-0.214206
0.129457,0.353536,-0.215364
0.132366,0.354078,-0.215960
0.131471,0.354392,-0.212973
0.133238,0.355012,-0.215379
0.137380,0.355605,-0.214594
0.137278,0.353446,-0.214251
0.137756,0.355996,-0.217405
0.139942,0.355812,-0.213954
0.141357,0.356613,-0.218349
0.141588,0.354590,-0.216574
0.142928,0.355656,-0.215906
0.147687,0.354955,-0.217778
0.147780,0.356296,-0.217205
0.148631,0.355920,-0.218322
0.149469,0.355043,-0.218759
0.150751,0.356404,-0.220193
0.152863,0.357114,-0.218007
0.152982,0.356765,-0.221006
0.155764,0.355922,-0.223083
0.076815,0.363350,-0.258793
0.079459,0.363283,-0.251140
0.078881,0.359545,-0.244891
0.080998,0.361159,-0.241862
0.082655,0.361380,-0.239657
0.085056,0.360910,-0.237605
0.085229,0.359829,-0.234305
0.088954,0.357983,-0.233265
0.088746,0.359598,-0.231663
0.090621,0.358441,-0.231305
0.090217,0.359375,-0.229001
0.092955,0.359020,-0.228115
0.094843,0.355831,-0.226455
0.095119,0.358439,-0.226013
0.095695,0.357922,-0.225140
0.098245,0.357670,-0.222660
0.098557,0.358099,-0.222404
0.102178,0.358208,-0.222260
0.102852,0.359511,-0.221906
0.104356,0.360013,-0.220682
0.105421,0.357130,-0.218820
0.109118,0.358137,-0.218210
0.107139,0.356780,-0.217464
0.111005,0.356388,-0.216334
0.111061,0.359055,-0.218291
0.112794,0.356541,-0.217221
0.113077,0.357779,-0.215930
0.114916,0.356999,-0.214103
0.114716,0.358438,-0.216733
0.118444,0.357007,-0.215678
0.119663,0.355710,-0.215134
0.121372,0.356920,-0.214780
0.123656,0.355388,-0.210809
0.123792,0.356496,-0.214807
0.125225,0.357397,-0.214307
0.126099,0.356449,-0.216232
0.129250,0.355910,-0.215028
0.129699,0.357295,-0.214232
0.132510,0.357881,-0.215267
0.135602,0.355246,-0.213635
0.133213,0.355221,-0.215075
0.134791,0.357293,-0.216128
0.136436,0.355089,-0.213764
0.139170,0.356228,-0.217651
0.141709,0.356491,-0.214796
0.140183,0.356024,-0.216674
0.142272,0.355890,-0.216285
0.146396,0.356489,-0.216822
0.145477,0.357259,-0.219507
0.146146,0.357996,-0.218128
0.147931,0.357808,-0.217696
0.079708,0.362787,-0.252801
0.079923,0.363270,-0.248020
0.080855,0.364613,-0.243423
0.083279,0.362953,-0.240540
0.083684,0.363238,-0.238808
0.085667,0.359086,-0.236812
0.085822,0.360074,-0.234127
0.089696,0.361359,-0.231097
0.087860,0.360166,-0.232204
0.089848,0.362215,-0.229545
0.092508,0.360172,-0.229759
0.094358,0.361293,-0.227253
0.095488,0.359177,-0.225904
0.099799,0.359776,-0.225871
0.098257,0.361129,-0.225400
0.099268,0.359801,-0.223735
0.099667,0.359730,-0.224403
0.103531,0.358515,-0.221550
0.105211,0.359561,-0.220873
0.106288,0.359319,-0.219510
0.105653,0.357949,-0.219507
0.108736,0.358565,-0.217823
0.108428,0.358847,-0.217492
0.110626,0.360181,-0.216962
0.113577,0.359600,-0.216061
0.114948,0.359194,-0.217053
0.115435,0.359231,-0.217002
0.116690,0.358479,-0.216395
0.116317,0.360478,-0.216841
0.119171,0.359739,-0.214802
0.122742,0.357100,-0.214813
0.124436,0.359192,-0.216355
0.123437,0.358975,-0.213925
0.126517,0.358631,-0.212658
0.125827,0.358276,-0.212368
0.128407,0.358262,-0.213325
0.128947,0.359163,-0.214793
0.131023,0.358004,-0.213825
0.133519,0.359585,-0.214889
0.135090,0.358442,-0.214723
0.134250,0.359230,-0.215862
0.135712,0.358213,-0.213817
0.136994,0.361419,-0.216501
0.140149,0.359376,-0.217269
0.138928,0.358204,-0.216290
0.143397,0.358180,-0.217347
0.080680,0.362461,-0.248948
0.080738,0.363837,-0.245049
0.082245,0.362558,-0.240295
0.083524,0.364203,-0.238251
0.086090,0.364789,-0.234867
0.085943,0.363727,-0.234999
0.088209,0.362526,-0.232136
0.088727,0.362252,-0.233616
0.091211,0.362645,-0.229600
0.091312,0.362533,-0.229276
0.095546,0.363664,-0.226550
0.095547,0.361541,-0.227927
0.096675,0.362636,-0.227695
0.096951,0.362006,-0.224137
0.098901,0.362400,-0.223525
0.102760,0.359105,-0.223451
0.101741,0.360963,-0.222173
0.104349,0.360654,-0.219144
0.104857,0.360279,-0.219114
0.107118,0.361928,-0.218726
0.107121,0.362182,-0.217838
0.110329,0.360753,-0.218546
0.110330,0.361252,-0.217131
0.112963,0.361080,-0.216631
0.114504,0.360260,-0.215752
0.115600,0.361333,-0.216287
0.116036,0.360564,-0.215261
0.116446,0.360810,-0.215041
0.120272,0.358923,-0.215547
0.121833,0.359735,-0.213855
0.122723,0.358381,-0.215645
0.125282,0.361624,-0.216236
0.124885,0.359657,-0.214426
0.125856,0.357864,-0.215725
0.129002,0.359723,-0.214514
0.130180,0.363215,-0.214343
0.129980,0.360608,-0.211805
0.133447,0.358942,-0.215010
0.132918,0.359128,-0.215234
0.136419,0.360198,-0.214683
0.083756,0.364570,-0.238253
0.085086,0.365114,-0.238677
0.087447,0.365539,-0.236264
0.089214,0.364772,-0.234333
0.090111,0.364523,-0.232905
0.089277,0.364638,-0.232297
0.092518,0.364836,-0.228962
0.094469,0.363772,-0.227779
0.095071,0.363514,-0.227278
0.098184,0.364666,-0.227719
0.096997,0.362889,-0.225930
0.099153,0.361985,-0.223885
0.102019,0.364217,-0.221850
0.104375,0.364056,-0.221526
0.104452,0.362493,-0.221780
0.105841,0.361814,-0.221433
0.108744,0.363561,-0.217510
0.107556,0.361810,-0.217247
0.110217,0.361069,-0.217744
0.112039,0.360986,-0.217156
0.114402,0.361131,-0.216180
0.113057,0.362323,-0.215741
0.115367,0.363749,-0.216918
0.117057,0.360999,-0.213521
0.117952,0.362204,-0.213904
0.120848,0.361983,-0.217246
0.121769,0.362137,-0.215717
0.122989,0.360592,-0.213770
0.122368,0.360731,-0.211421
0.124388,0.361662,-0.212572
0.125276,0.362000,-0.214328
0.096492,0.363489,-0.224642
0.098425,0.364747,-0.224954
0.097309,0.363234,-0.224979
0.100668,0.364864,-0.224605
0.102747,0.365672,-0.221899
0.102891,0.363106,-0.221064
0.104180,0.366260,-0.220752
0.106173,0.363164,-0.217562
0.107390,0.364873,-0.217865
0.109547,0.363786,-0.216302
0.112559,0.366051,-0.217105
0.111598,0.362879,-0.217699
0.113393,0.363965,-0.214834
