X,Y,Z
-0.109082,-0.305310,0.018308
-0.173963,-0.295864,0.006966
-0.151636,-0.296620,0.031176
-0.144147,-0.291961,0.030946
-0.125766,-0.287942,0.015431
-0.116063,-0.298066,0.012178
-0.168531,-0.293388,-0.005608
-0.145841,-0.282085,0.016976
-0.147598,-0.296201,0.021348
-0.137649,-0.284216,0.016016
-0.086388,-0.277619,0.016024
-0.094602,-0.282020,0.012180
-0.051713,-0.256296,-0.000710
-0.182286,-0.249553,-0.013844
-0.141215,-0.276955,0.017793
-0.149104,-0.271485,0.020629
-0.122258,-0.281875,0.011962
-0.112588,-0.278471,0.022043
-0.060522,-0.271993,0.019651
-0.073109,-0.270028,-0.004363
-0.154639,-0.268997,0.012685
-0.157148,-0.261470,0.014053
-0.132096,-0.257894,0.039264
-0.105930,-0.262839,0.011185
-0.101627,-0.246513,0.022107
-0.057695,-0.239286,0.013231
-0.054458,-0.257530,0.012518
-0.042717,-0.251549,-0.026708
0.005153,-0.231707,0.010019
-0.189240,-0.272354,-0.006204
-0.184589,-0.254625,0.029857
-0.156111,-0.230407,0.012159
-0.137463,-0.246065,0.014976
-0.116330,-0.238355,0.020480
-0.107843,-0.257755,0.015647
-0.080592,-0.257497,0.034024
-0.055431,-0.260316,-0.000690
-0.046625,-0.250689,-0.014640
0.023491,-0.245462,-0.002534
-0.186403,-0.255788,-0.013039
-0.162025,-0.240638,0.010258
-0.153511,-0.243428,0.027095
-0.136950,-0.256960,0.026883
-0.136320,-0.241296,0.021541
-0.100142,-0.236928,0.027866
-0.074081,-0.228711,0.023920
-0.069637,-0.223162,0.023277
-0.051139,-0.228278,0.018783
-0.024156,-0.229229,-0.002555
-0.003363,-0.222757,0.013437
0.016870,-0.229446,0.027106
0.037382,-0.244014,0.008956
0.034005,-0.238952,0.024426
0.034581,-0.209458,0.026986
0.090436,-0.235013,0.011014
-0.196511,-0.243665,-0.017481
-0.184558,-0.245052,0.016871
-0.153659,-0.239114,0.025368
-0.146736,-0.233449,0.030965
-0.128902,-0.227958,0.007845
-0.115998,-0.226300,0.010679
-0.062781,-0.252216,-0.000221
-0.071356,-0.230454,0.009020
-0.069880,-0.239699,0.029233
-0.027890,-0.230719,0.011765
-0.017057,-0.224364,0.000846
0.002065,-0.218646,0.019675
0.027089,-0.241834,0.014773
0.047001,-0.220240,0.016300
0.058887,-0.227105,0.032519
0.103121,-0.216622,0.009559
-0.180737,-0.245682,-0.020725
-0.148689,-0.230999,0.025336
-0.161120,-0.224704,0.027099
-0.133207,-0.212769,0.021569
-0.113733,-0.245439,0.020706
-0.100188,-0.218179,0.052149
-0.082227,-0.223503,0.051483
-0.057214,-0.192605,0.051191
-0.068845,-0.203890,0.031956
-0.011474,-0.205209,0.031349
0.011404,-0.208669,0.040923
0.006876,-0.207433,0.014025
0.033850,-0.217719,0.017857
0.043572,-0.200896,0.051109
0.064066,-0.215973,0.023624
0.079148,-0.209497,0.018023
0.106024,-0.208840,0.006531
-0.195983,-0.218742,0.009645
-0.170265,-0.206308,-0.005275
-0.151014,-0.212276,0.024264
-0.146856,-0.210178,0.039451
-0.117162,-0.218616,0.026066
-0.105586,-0.205397,0.028349
-0.096212,-0.211973,0.043007
-0.071314,-0.212568,0.038249
-0.056371,-0.198783,0.033488
-0.048024,-0.211118,0.034330
-0.000752,-0.216845,0.018080
0.012604,-0.229050,0.026171
0.006095,-0.217522,0.022449
0.046474,-0.212078,0.012968
0.071906,-0.198673,0.034434
0.093103,-0.200389,0.015193
0.095283,-0.220111,0.024350
-0.195378,-0.215066,0.010198
-0.164480,-0.203327,0.029155
-0.153723,-0.223153,0.020791
-0.126255,-0.221641,0.041288
-0.104283,-0.213206,0.021715
-0.096308,-0.194101,0.028568
-0.072921,-0.193377,0.055995
-0.063899,-0.188458,0.048013
-0.054236,-0.208621,0.044779
-0.025661,-0.177137,0.060189
-0.010540,-0.228024,0.036059
0.007253,-0.178827,0.056685
0.043962,-0.195209,0.026391
0.044101,-0.186125,0.043533
0.054391,-0.212716,0.050401
0.080441,-0.190991,0.040147
0.093417,-0.209370,0.004620
0.133673,-0.195017,-0.021828
-0.202185,-0.193189,0.037443
-0.158496,-0.190322,0.017906
-0.168588,-0.201024,0.031183
-0.124919,-0.203324,0.032457
-0.127450,-0.186979,0.054350
-0.098245,-0.206322,0.043097
-0.099664,-0.189080,0.055686
-0.078484,-0.186091,0.036646
-0.036287,-0.192959,0.043014
-0.020106,-0.205241,0.039246
-0.023401,-0.177339,0.043275
0.008702,-0.199409,0.027752
0.024423,-0.180421,0.047388
0.061037,-0.199088,0.048281
0.079048,-0.216064,0.031302
0.095437,-0.204163,0.017356
0.112873,-0.196638,0.022312
0.118257,-0.192417,-0.025953
-0.195112,-0.188094,0.029408
-0.166555,-0.189202,0.034608
-0.159059,-0.182942,0.037093
-0.136000,-0.183026,0.024007
-0.123901,-0.198159,0.052802
-0.117439,-0.170220,0.054515
-0.083707,-0.181189,0.057492
-0.063967,-0.167805,0.074175
-0.036073,-0.187973,0.072240
-0.038354,-0.185239,0.055204
-0.018852,-0.159276,0.045927
0.006944,-0.166946,0.039340
0.027084,-0.180817,0.033686
0.053105,-0.164737,0.027979
0.045673,-0.212627,0.031336
0.072270,-0.188019,0.048342
0.091625,-0.184617,0.005522
-0.193946,-0.178064,0.013794
-0.167321,-0.169417,0.034889
-0.151101,-0.175210,0.063567
-0.138281,-0.181337,0.064425
-0.114912,-0.181652,0.053042
-0.100445,-0.166679,0.044305
-0.096191,-0.177304,0.052832
-0.077307,-0.175005,0.050308
-0.036188,-0.160963,0.053002
-0.029364,-0.189320,0.051183
-0.000070,-0.176274,0.040586
0.004517,-0.187485,0.031975
0.015537,-0.175947,0.029556
0.042332,-0.186665,0.054128
0.070403,-0.165881,0.035302
0.087117,-0.174119,0.034247
0.095345,-0.171179,0.013449
-0.206226,-0.181493,0.021367
-0.178041,-0.169728,0.037420
-0.155365,-0.185830,0.045199
-0.139070,-0.178554,0.061572
-0.113972,-0.179681,0.045253
-0.102050,-0.163619,0.064635
-0.097444,-0.161008,0.079008
-0.045547,-0.161188,0.069048
-0.017763,-0.149864,0.061344
-0.021593,-0.142570,0.062179
-0.000174,-0.154776,0.036452
0.010281,-0.166430,0.045154
0.031334,-0.170684,0.044232
0.026717,-0.162047,0.037039
0.049489,-0.142627,0.026711
0.079040,-0.161725,0.043124
0.103691,-0.152330,-0.012879
-0.194167,-0.149313,0.030937
-0.157786,-0.178523,0.070086
-0.136931,-0.178832,0.038701
-0.133507,-0.166820,0.059588
-0.128582,-0.141735,0.046674
-0.119621,-0.165620,0.069016
-0.087812,-0.157141,0.079101
-0.072871,-0.169015,0.061771
-0.050482,-0.151858,0.071032
-0.027432,-0.146782,0.043310
-0.016892,-0.158142,0.058902
0.005290,-0.156067,0.046689
0.033925,-0.154657,0.028413
0.025892,-0.158620,0.015402
0.062931,-0.170022,0.054865
0.057662,-0.160709,0.034716
0.113143,-0.176292,0.002178
-0.192720,-0.172214,0.044047
-0.182970,-0.180384,0.042736
-0.163099,-0.153312,0.042469
-0.138195,-0.167402,0.056325
-0.110635,-0.153950,0.061162
-0.098519,-0.148246,0.082899
-0.088787,-0.137905,0.070857
-0.064882,-0.124851,0.077955
-0.038779,-0.144211,0.071613
-0.041565,-0.139907,0.066925
-0.019578,-0.141818,0.063829
0.000336,-0.142054,0.038000
0.014729,-0.133073,0.043464
0.034968,-0.133961,0.028990
0.072964,-0.147699,0.040955
0.085704,-0.143617,0.010876
-0.212314,-0.147414,0.011709
-0.183934,-0.152923,0.056025
-0.184498,-0.124079,0.051561
-0.178806,-0.142643,0.082457
-0.140036,-0.139671,0.065467
-0.114730,-0.141227,0.064946
-0.092877,-0.131960,0.071655
-0.072716,-0.135625,0.089969
-0.076369,-0.156328,0.081664
-0.035907,-0.151453,0.069826
-0.033376,-0.134852,0.071707
-0.015125,-0.117171,0.051842
0.001176,-0.142043,0.051722
0.018373,-0.143790,0.049273
0.057592,-0.129819,0.053745
0.056521,-0.155015,0.038631
0.083996,-0.145049,0.024825
-0.222747,-0.138577,0.007813
-0.198334,-0.135182,0.063867
-0.187202,-0.146035,0.045285
-0.155034,-0.152412,0.064867
-0.136969,-0.140246,0.065420
-0.114799,-0.144079,0.077064
-0.101981,-0.116558,0.094283
-0.089385,-0.121905,0.096778
-0.060185,-0.113714,0.099667
-0.060220,-0.140983,0.071387
-0.041517,-0.139059,0.057872
0.011299,-0.123409,0.076884
0.017006,-0.114564,0.058147
0.014348,-0.117501,0.058080
0.029673,-0.124939,0.056454
0.066774,-0.128053,0.043416
0.111810,-0.113069,-0.006633
-0.207298,-0.105940,0.057461
-0.179193,-0.121765,0.054092
-0.179809,-0.107592,0.065807
-0.159883,-0.117545,0.070724
-0.124875,-0.092672,0.074027
-0.120195,-0.124578,0.093528
-0.099763,-0.116450,0.094592
-0.073064,-0.116188,0.078739
-0.052415,-0.118967,0.080729
-0.058409,-0.118853,0.079954
-0.020185,-0.119777,0.075492
-0.017246,-0.114642,0.068497
0.021383,-0.106994,0.071363
0.053974,-0.133562,0.038939
0.042353,-0.119444,0.042185
0.063711,-0.114621,0.047290
0.080400,-0.120369,0.001639
-0.213791,-0.125109,0.034193
-0.176347,-0.107699,0.034936
-0.173282,-0.123555,0.075316
-0.146779,-0.110571,0.081909
-0.125851,-0.109369,0.076578
-0.132527,-0.106856,0.098755
-0.092929,-0.096423,0.103329
-0.080703,-0.091273,0.077008
-0.068159,-0.104728,0.084661
-0.062313,-0.094635,0.088696
-0.039256,-0.105560,0.071789
-0.016664,-0.102042,0.068698
-0.002017,-0.117865,0.077285
0.014545,-0.104258,0.050117
0.044293,-0.103114,0.060844
0.052153,-0.091829,0.035150
-0.209486,-0.094989,0.048822
-0.188083,-0.104358,0.085233
-0.159994,-0.095851,0.052079
-0.138747,-0.105797,0.079108
-0.140167,-0.110241,0.083576
-0.112505,-0.091027,0.089730
-0.103259,-0.094752,0.087956
-0.091864,-0.100585,0.083912
-0.050335,-0.104633,0.079611
-0.046477,-0.110524,0.099390
-0.009694,-0.103512,0.087486
-0.013462,-0.105745,0.074321
-0.005209,-0.095362,0.059421
0.037245,-0.107477,0.072066
0.048446,-0.118583,0.053204
0.046574,-0.104440,0.018730
-0.206103,-0.114894,0.043383
-0.187258,-0.091135,0.051809
-0.164869,-0.088763,0.071660
-0.160889,-0.098126,0.061601
-0.140649,-0.104226,0.103421
-0.117458,-0.085804,0.078296
-0.104478,-0.077749,0.117898
-0.092033,-0.084505,0.104459
-0.057781,-0.080808,0.089777
-0.060877,-0.069077,0.084881
-0.054897,-0.094662,0.085941
0.000769,-0.074624,0.069491
0.002145,-0.079969,0.080368
0.017101,-0.082771,0.070697
0.041005,-0.088647,0.050501
0.072740,-0.076639,0.025361
-0.215550,-0.085607,0.031455
-0.187222,-0.095796,0.057937
-0.158494,-0.106081,0.084470
-0.152624,-0.096240,0.099086
-0.129506,-0.096699,0.085096
-0.116717,-0.090476,0.095667
-0.105699,-0.078960,0.091057
-0.075690,-0.079168,0.084349
-0.061212,-0.087243,0.079644
-0.037208,-0.075678,0.090470
-0.024510,-0.094954,0.082169
-0.017898,-0.097304,0.062982
0.008723,-0.092220,0.056132
0.018483,-0.084317,0.056364
0.039265,-0.082761,0.040715
0.049197,-0.085447,0.024630
-0.215985,-0.083802,0.055734
-0.196113,-0.086419,0.073362
-0.148636,-0.076229,0.074665
-0.172207,-0.061957,0.070927
-0.150867,-0.077794,0.095539
-0.111396,-0.096214,0.084339
-0.090490,-0.063670,0.123840
-0.081995,-0.083413,0.088640
-0.068033,-0.043487,0.114344
-0.039387,-0.056482,0.082487
-0.012181,-0.062194,0.091793
-0.019618,-0.066914,0.085778
0.001941,-0.077179,0.072852
0.017005,-0.052499,0.070394
0.041434,-0.071547,0.037300
-0.219979,-0.073277,0.042742
-0.203705,-0.067115,0.076459
-0.159676,-0.069162,0.084677
-0.156645,-0.052417,0.090582
-0.126566,-0.054294,0.107381
-0.113989,-0.059535,0.119296
-0.104126,-0.063840,0.109029
-0.091246,-0.065391,0.102757
-0.063067,-0.072762,0.123755
-0.050687,-0.071856,0.095188
-0.046201,-0.070726,0.080343
0.004642,-0.043210,0.083470
-0.016633,-0.063805,0.068883
0.032966,-0.064294,0.054112
0.065552,-0.057044,0.028001
-0.217775,-0.059774,0.049380
-0.192707,-0.081834,0.063026
-0.164911,-0.072640,0.081397
-0.155346,-0.075266,0.098705
-0.146600,-0.066284,0.112478
-0.114642,-0.071024,0.107701
-0.105895,-0.056158,0.111503
-0.083751,-0.040783,0.113758
-0.067587,-0.046718,0.107362
-0.035590,-0.050929,0.113147
-0.034135,-0.057115,0.076921
-0.001163,-0.058506,0.076380
0.004398,-0.067897,0.069606
0.016798,-0.048582,0.055308
0.052581,-0.046783,0.023140
-0.221922,-0.055360,0.073584
-0.181995,-0.047428,0.080928
-0.147613,-0.054815,0.106041
-0.150579,-0.034768,0.105576
-0.142373,-0.050798,0.111421
-0.133851,-0.048785,0.121299
-0.105423,-0.073948,0.122543
-0.088571,-0.046958,0.110438
-0.072018,-0.051066,0.102256
-0.066338,-0.039886,0.090888
-0.046567,-0.036919,0.095151
-0.014443,-0.062428,0.090666
0.027214,-0.046142,0.074523
0.022997,-0.039106,0.048458
0.036805,-0.043283,0.018857
-0.201293,-0.049023,0.065199
-0.183448,-0.034430,0.077629
-0.168457,-0.054475,0.116645
-0.158385,-0.060414,0.096970
-0.145082,-0.057461,0.111606
-0.113782,-0.043205,0.118515
-0.091026,-0.023558,0.110046
-0.089992,-0.026274,0.116985
-0.078570,-0.047740,0.122408
-0.036392,-0.014295,0.107159
-0.046887,-0.033751,0.089205
-0.000091,-0.019630,0.089182
-0.002365,-0.028459,0.088349
0.019186,-0.046051,0.049308
-0.219764,-0.030242,0.072039
-0.187901,-0.038285,0.107423
-0.186971,-0.051071,0.105444
-0.145681,-0.022635,0.108990
-0.147769,-0.022748,0.134150
-0.107230,-0.048942,0.091844
-0.111151,-0.040757,0.107851
-0.075566,-0.021022,0.114247
-0.073902,-0.026859,0.105313
-0.032901,-0.037133,0.092403
-0.046984,-0.050937,0.091502
-0.016998,-0.015601,0.078218
0.014133,-0.023254,0.069661
0.036645,-0.030197,0.055847
-0.207040,-0.026231,0.069860
-0.185545,-0.030060,0.091063
-0.166633,-0.011141,0.111173
-0.176242,-0.002895,0.117727
-0.145245,-0.020278,0.118857
-0.116776,-0.038853,0.111027
-0.097727,-0.034428,0.130924
-0.088981,-0.020564,0.134224
-0.059388,-0.010434,0.108893
-0.037700,0.008371,0.086820
-0.014254,0.012355,0.073020
-0.026217,-0.014535,0.096933
0.017892,-0.007224,0.075332
0.043526,-0.031864,0.029117
-0.207720,-0.003792,0.091793
-0.173266,-0.006695,0.105862
-0.157171,-0.006977,0.102024
-0.150825,-0.009296,0.137854
-0.135417,-0.014250,0.116491
-0.118625,0.007283,0.123414
-0.113272,-0.011071,0.126637
-0.086445,-0.015545,0.123076
-0.070064,-0.019116,0.106220
-0.055370,-0.012366,0.096410
-0.021882,0.007010,0.099414
-0.016178,-0.005618,0.089362
0.001581,-0.026283,0.071006
0.028295,-0.002517,0.046471
-0.194265,0.002464,0.092195
-0.204526,-0.023515,0.097106
-0.153787,-0.032221,0.124103
-0.154760,-0.004448,0.099131
-0.156859,-0.018392,0.135212
-0.129789,-0.009125,0.118318
-0.102984,0.009738,0.136442
-0.093178,-0.009048,0.126980
-0.069686,-0.000184,0.110786
-0.058929,0.016881,0.100337
-0.041665,0.015489,0.101497
-0.012014,0.002120,0.097359
0.005052,-0.005943,0.049197
-0.219180,0.015566,0.054987
-0.220823,0.017215,0.102819
-0.200660,0.008829,0.111729
-0.177601,0.017465,0.124957
-0.135029,0.008580,0.136915
-0.154048,0.018424,0.141386
-0.103477,-0.006302,0.135898
-0.117027,0.001547,0.117709
-0.067811,0.000913,0.131633
-0.065382,-0.004089,0.130992
-0.043686,0.016068,0.121358
-0.021055,-0.006854,0.090509
-0.002125,0.003902,0.059160
0.017924,0.005979,0.061986
-0.228727,0.011566,0.067664
-0.228519,-0.005642,0.093020
-0.194192,-0.002441,0.120477
-0.166748,0.024910,0.122096
-0.153480,-0.003448,0.136305
-0.133836,0.010234,0.130454
-0.119370,-0.003949,0.132534
-0.110138,0.009827,0.130967
-0.076643,0.025110,0.116841
-0.050777,0.037563,0.130304
-0.038069,0.018523,0.127583
-0.019057,0.011057,0.075747
0.002821,0.024611,0.080881
-0.230845,0.033507,0.090776
-0.225905,0.047814,0.093222
-0.197562,0.023150,0.121638
-0.175017,0.026128,0.124394
-0.156352,0.026133,0.147562
-0.139563,0.023960,0.127925
-0.128267,0.015863,0.123486
-0.102380,0.031430,0.126162
-0.094984,0.028848,0.111315
-0.060264,0.021912,0.135288
-0.053760,0.031593,0.113414
-0.018901,0.014416,0.092070
-0.012125,0.009873,0.076261
-0.208921,0.026350,0.114041
-0.210341,0.039019,0.120029
-0.199026,0.023144,0.122327
-0.169630,0.031268,0.128720
-0.153837,0.029994,0.122085
-0.136347,0.024482,0.124970
-0.121247,0.023240,0.122092
-0.100563,0.025206,0.131059
-0.083369,0.034031,0.135277
-0.067757,0.022100,0.122235
-0.050946,0.041814,0.119129
-0.038549,0.048162,0.094384
-0.019838,0.035569,0.048663
-0.228926,0.040834,0.080092
-0.223340,0.050145,0.113820
-0.224258,0.054212,0.127723
-0.193907,0.048844,0.136497
-0.172670,0.058875,0.129896
-0.147926,0.038106,0.136858
-0.127961,0.050146,0.125432
-0.133523,0.035019,0.144094
-0.097834,0.029035,0.128540
-0.097761,0.029664,0.117452
-0.061941,0.049321,0.124578
-0.026002,0.043791,0.100472
-0.036020,0.029489,0.111586
-0.012254,0.036118,0.048041
-0.258270,0.034950,0.088478
-0.216903,0.038898,0.130927
-0.206332,0.053509,0.126296
-0.183876,0.038062,0.138075
-0.163805,0.018248,0.125612
-0.163062,0.042560,0.128738
-0.126284,0.043133,0.141860
-0.116189,0.070964,0.143852
-0.092355,0.050445,0.127899
-0.067627,0.067571,0.144687
-0.068203,0.060783,0.119551
-0.047658,0.070784,0.117481
-0.030006,0.068462,0.105662
-0.237116,0.057498,0.142174
-0.219575,0.063756,0.135007
-0.203514,0.057133,0.119317
-0.177254,0.068360,0.138869
-0.170286,0.043035,0.148927
-0.158219,0.059790,0.150151
-0.123731,0.061664,0.139758
-0.130656,0.051770,0.143091
-0.103190,0.049346,0.146593
-0.053511,0.072539,0.139743
-0.060625,0.074791,0.120238
-0.062852,0.059569,0.125793
-0.030671,0.054456,0.076852
-0.248725,0.052244,0.138049
-0.232125,0.056602,0.131983
-0.208115,0.051257,0.139679
-0.177357,0.040197,0.135048
-0.181791,0.066311,0.150761
-0.163187,0.045405,0.147971
-0.124536,0.067308,0.140740
-0.119543,0.056868,0.139177
-0.112246,0.078868,0.146746
-0.090996,0.077090,0.137026
-0.065409,0.065149,0.134575
-0.054035,0.074881,0.107889
-0.018638,0.083652,0.069560
-0.252569,0.073687,0.143587
-0.246675,0.084685,0.123751
-0.240823,0.070151,0.149299
-0.205214,0.066552,0.149981
-0.184873,0.055210,0.147059
-0.193865,0.059325,0.129095
-0.146851,0.061680,0.149553
-0.128211,0.075754,0.139049
-0.113222,0.087174,0.141548
-0.118184,0.069716,0.124139
-0.097968,0.078339,0.147450
-0.052921,0.064713,0.137684
-0.057638,0.083374,0.119310
-0.027613,0.073325,0.098352
-0.248986,0.071868,0.121898
-0.250615,0.081813,0.150530
-0.244436,0.066837,0.160186
-0.213508,0.065550,0.128362
-0.181671,0.074011,0.155162
-0.175190,0.078765,0.129304
-0.150873,0.077982,0.138776
-0.155611,0.068341,0.144212
-0.120301,0.075403,0.132718
-0.092723,0.110282,0.130507
-0.074011,0.100760,0.132697
-0.068040,0.096640,0.138783
-0.038368,0.100683,0.096577
-0.035772,0.099621,0.088585
-0.280731,0.092326,0.107629
-0.245151,0.115876,0.142417
-0.258754,0.076364,0.149150
-0.230185,0.094290,0.156922
-0.202549,0.092540,0.156884
-0.181805,0.110907,0.151873
-0.173932,0.086578,0.146981
-0.175394,0.093314,0.164385
-0.146922,0.085295,0.161695
-0.124752,0.095928,0.155647
-0.109273,0.095240,0.137284
-0.112669,0.083379,0.143546
-0.080907,0.090675,0.136152
-0.044725,0.099030,0.114453
-0.050113,0.087148,0.091700
-0.256399,0.108857,0.113408
-0.248135,0.090284,0.144337
-0.241887,0.067474,0.145296
-0.229312,0.081465,0.169990
-0.205414,0.098592,0.170240
-0.189178,0.094140,0.148392
-0.177919,0.112032,0.123654
-0.164645,0.091337,0.143764
-0.141605,0.098367,0.139177
-0.123588,0.096995,0.141616
-0.107933,0.100573,0.155687
-0.056129,0.113535,0.173233
-0.066747,0.096059,0.161829
-0.053447,0.101522,0.103137
-0.014077,0.116298,0.088021
-0.278276,0.109711,0.112534
-0.251594,0.119935,0.121059
-0.235222,0.118938,0.139303
-0.217986,0.126041,0.136170
-0.206030,0.101865,0.164241
-0.170364,0.110002,0.152372
-0.182406,0.113848,0.147669
-0.162193,0.100810,0.151603
-0.140187,0.098236,0.139324
-0.133789,0.117332,0.161151
-0.096755,0.102292,0.158274
-0.070226,0.113859,0.135714
-0.061186,0.111305,0.126857
-0.044272,0.112709,0.108085
-0.045024,0.104171,0.087040
-0.285737,0.108432,0.116606
-0.249549,0.105889,0.138596
-0.222984,0.105596,0.137509
-0.222487,0.113100,0.152810
-0.224291,0.106550,0.163380
-0.172156,0.113562,0.132592
-0.168438,0.102859,0.157128
-0.147301,0.120280,0.128771
-0.121385,0.102618,0.172045
-0.118250,0.123566,0.152525
-0.097888,0.119569,0.158764
-0.104403,0.139371,0.153043
-0.076516,0.116509,0.172954
-0.053359,0.120410,0.143653
-0.031874,0.135234,0.066871
-0.311481,0.108994,0.041588
-0.284826,0.114040,0.126815
-0.265053,0.124805,0.115794
-0.251714,0.125792,0.137263
-0.235825,0.137085,0.158970
-0.207564,0.142573,0.133189
-0.196521,0.132204,0.150925
-0.162958,0.133197,0.123993
-0.146673,0.125616,0.157812
-0.127080,0.132150,0.157851
-0.119324,0.132888,0.158344
-0.101743,0.119997,0.165400
-0.086211,0.120006,0.169294
-0.075337,0.119040,0.134740
-0.051019,0.127520,0.125588
-0.014033,0.143050,0.074050
-0.291749,0.153463,0.043401
-0.290234,0.119315,0.129104
-0.261047,0.142456,0.129485
-0.228393,0.114581,0.135941
-0.218312,0.122002,0.179562
-0.206688,0.119474,0.142196
-0.187325,0.133834,0.154035
-0.168117,0.128931,0.135945
-0.169043,0.107194,0.142069
-0.147504,0.136192,0.153093
-0.105700,0.133182,0.165890
-0.095787,0.134427,0.167099
-0.104030,0.167466,0.169538
-0.076035,0.150631,0.144775
-0.054806,0.132415,0.144235
-0.313510,0.130526,0.103177
-0.268244,0.139501,0.125636
-0.240893,0.154672,0.106449
-0.244410,0.148649,0.144337
-0.213404,0.165303,0.150756
-0.232527,0.157335,0.156317
-0.182124,0.141216,0.151327
-0.173706,0.138033,0.162165
-0.144979,0.165063,0.160648
-0.132339,0.148295,0.152136
-0.130842,0.136534,0.172477
-0.091028,0.120027,0.166268
-0.071708,0.133393,0.149862
-0.065414,0.134920,0.160870
-0.045235,0.160849,0.150188
-0.305208,0.159322,0.106271
-0.290270,0.145314,0.119100
-0.254380,0.136356,0.126003
-0.251240,0.150771,0.121157
-0.211664,0.154182,0.139578
-0.218354,0.148505,0.154999
-0.180872,0.150863,0.148763
-0.175628,0.146108,0.152474
-0.170184,0.147291,0.156309
-0.130931,0.138950,0.158450
-0.127161,0.166780,0.161716
-0.122719,0.160131,0.153619
-0.082026,0.180058,0.162208
-0.060305,0.173675,0.142282
-0.054169,0.157699,0.129355
-0.303562,0.177590,0.084033
-0.299886,0.136763,0.092757
-0.282410,0.163324,0.106400
-0.259427,0.168513,0.112952
-0.240600,0.157260,0.137622
-0.219999,0.158159,0.154750
-0.206116,0.161674,0.150134
-0.190052,0.182947,0.145621
-0.171797,0.170050,0.154283
-0.144335,0.171527,0.141635
-0.138079,0.156297,0.151256
-0.119499,0.163731,0.163150
-0.099263,0.153757,0.175575
-0.091738,0.163792,0.156540
-0.073603,0.165465,0.148750
-0.053102,0.175727,0.132088
-0.313607,0.174527,0.107419
-0.306639,0.146292,0.091787
-0.284468,0.171753,0.092003
-0.257450,0.174385,0.128990
-0.242103,0.171213,0.127041
-0.232618,0.157491,0.134941
-0.200954,0.175490,0.127948
-0.171633,0.160467,0.158866
-0.175360,0.161106,0.152139
-0.151454,0.176855,0.153710
-0.144617,0.158994,0.165963
-0.110361,0.160773,0.168814
-0.103037,0.177494,0.153605
-0.092668,0.172581,0.151796
-0.067403,0.202522,0.131530
-0.037468,0.202725,0.131493
-0.324054,0.190754,0.115387
-0.318149,0.190329,0.118058
-0.269707,0.191397,0.117867
-0.239623,0.171001,0.120773
-0.240502,0.183248,0.127113
-0.205293,0.168618,0.142415
-0.217436,0.184455,0.151617
-0.189073,0.171150,0.159505
-0.190468,0.188276,0.145816
-0.148561,0.170358,0.149767
-0.145890,0.177243,0.153031
-0.137795,0.183832,0.153015
-0.096438,0.176392,0.136216
-0.083763,0.186328,0.153254
-0.067267,0.193637,0.142404
-0.040465,0.196010,0.136350
-0.342767,0.176445,0.101844
-0.287421,0.196271,0.103491
-0.289299,0.179826,0.103377
-0.263854,0.181214,0.109396
-0.224824,0.197402,0.139932
-0.241338,0.165505,0.120551
-0.208811,0.174635,0.150197
-0.194658,0.179484,0.151070
-0.174000,0.177711,0.134379
-0.171574,0.188107,0.144576
-0.120209,0.184134,0.156019
-0.112397,0.177099,0.160937
-0.094004,0.216212,0.146588
-0.083595,0.205011,0.119228
-0.053119,0.214168,0.145447
-0.058299,0.183241,0.124182
-0.309295,0.203525,0.102494
-0.309670,0.205628,0.103479
-0.274959,0.211867,0.109097
-0.260495,0.196000,0.118661
-0.254392,0.199970,0.139782
-0.219197,0.189866,0.155142
-0.196934,0.189709,0.148955
-0.198089,0.199546,0.158122
-0.181060,0.180177,0.174883
-0.146266,0.183026,0.167940
-0.128972,0.200599,0.139401
-0.124735,0.201536,0.135628
-0.089363,0.179911,0.144871
-0.091062,0.208671,0.101865
-0.072634,0.188819,0.133692
-0.038536,0.202041,0.096984
-0.340452,0.208812,0.104903
-0.309567,0.204350,0.104190
-0.275354,0.200200,0.107665
-0.250633,0.216139,0.123929
-0.248946,0.192453,0.121899
-0.213433,0.197421,0.133639
-0.196845,0.196444,0.155588
-0.174640,0.182579,0.167577
-0.171960,0.200433,0.147517
-0.157393,0.185765,0.139571
-0.149678,0.195960,0.158659
-0.100711,0.199021,0.140482
-0.111619,0.241499,0.127358
-0.088141,0.214703,0.120333
-0.089555,0.235707,0.127662
-0.056846,0.208764,0.110154
-0.331784,0.229143,0.101600
-0.300697,0.227260,0.089738
-0.308280,0.223996,0.099493
-0.267413,0.226503,0.102565
-0.249661,0.213227,0.100121
-0.243397,0.204554,0.121985
-0.214285,0.211820,0.130167
-0.202936,0.208774,0.144282
-0.192382,0.227646,0.146602
-0.175037,0.208336,0.161415
-0.169851,0.207054,0.151310
-0.132066,0.220825,0.150375
-0.143832,0.213546,0.127597
-0.096360,0.226873,0.140483
-0.097314,0.207863,0.136507
-0.047421,0.220424,0.131794
-0.037265,0.197235,0.103902
-0.329592,0.206000,0.092429
-0.306927,0.218676,0.089708
-0.298031,0.204716,0.090819
-0.268324,0.209076,0.106108
-0.255703,0.223785,0.115487
-0.252821,0.209061,0.141048
-0.234713,0.231495,0.142040
-0.208193,0.212650,0.123831
-0.191066,0.224918,0.158909
-0.170487,0.216614,0.152880
-0.150638,0.222139,0.149822
-0.135945,0.210516,0.157706
-0.109589,0.221958,0.138733
-0.116841,0.235155,0.148874
-0.085502,0.226916,0.126325
-0.062056,0.232743,0.117936
-0.055873,0.237561,0.109784
-0.328618,0.250839,0.093936
-0.325656,0.237508,0.092198
-0.283776,0.220861,0.110260
-0.278471,0.254465,0.117412
-0.251260,0.248815,0.117372
-0.261454,0.232548,0.133373
-0.228694,0.228642,0.115680
-0.198117,0.243980,0.133656
-0.184898,0.228037,0.149542
-0.181634,0.243794,0.145722
-0.142612,0.225495,0.150832
-0.150511,0.239373,0.139307
-0.127435,0.225289,0.120035
-0.092120,0.227499,0.131116
-0.063482,0.238364,0.119100
-0.046720,0.235692,0.111470
-0.057547,0.236947,0.106591
-0.323213,0.232223,0.090746
-0.333370,0.239408,0.102190
-0.304326,0.250908,0.103725
-0.278334,0.255000,0.112009
-0.273770,0.249840,0.112157
-0.245971,0.225238,0.102974
-0.222921,0.220010,0.130083
-0.222726,0.244405,0.143729
-0.175159,0.227441,0.146376
-0.162941,0.244404,0.169800
-0.167196,0.236097,0.162016
-0.114874,0.227074,0.130874
-0.132681,0.241601,0.128618
-0.096890,0.249726,0.117845
-0.084819,0.258706,0.113222
-0.057977,0.231998,0.095679
-0.357188,0.249550,0.099341
-0.323318,0.242426,0.089560
-0.308109,0.260581,0.111491
-0.278122,0.266356,0.083187
-0.256195,0.273349,0.112050
-0.247690,0.254406,0.138654
-0.217073,0.251967,0.130327
-0.221392,0.253150,0.139952
-0.204820,0.252975,0.150662
-0.165276,0.236276,0.145679
-0.138326,0.247988,0.155599
-0.134160,0.244782,0.142141
-0.137812,0.261236,0.141957
-0.110359,0.261655,0.118436
-0.080747,0.248809,0.128545
-0.057919,0.233971,0.103713
-0.329327,0.268066,0.091965
-0.311268,0.259446,0.087024
-0.310568,0.255522,0.075921
-0.285892,0.228947,0.095018
-0.276218,0.265149,0.128322
-0.241972,0.262927,0.134607
-0.235206,0.255773,0.127098
-0.190485,0.265653,0.141807
-0.187605,0.262128,0.137780
-0.181064,0.246537,0.138134
-0.175965,0.257516,0.143309
-0.154254,0.248096,0.121793
-0.131258,0.256371,0.121011
-0.096113,0.265138,0.109252
-0.069842,0.273752,0.122997
-0.090405,0.280402,0.110794
-0.337027,0.296666,0.075652
-0.335483,0.271252,0.080342
-0.294737,0.283174,0.061057
-0.305580,0.263660,0.102723
-0.263590,0.275399,0.106214
-0.231613,0.276056,0.105979
-0.223478,0.272369,0.117633
-0.217757,0.287648,0.136934
-0.177211,0.247540,0.122179
-0.191665,0.281531,0.111791
-0.169990,0.266777,0.150846
-0.149373,0.284827,0.140888
-0.101037,0.268169,0.128357
-0.094941,0.276907,0.113964
-0.091939,0.273812,0.109331
-0.060842,0.281985,0.102632
-0.339654,0.273587,0.062429
-0.311073,0.274274,0.104269
-0.302034,0.265235,0.087984
-0.291120,0.285921,0.091320
-0.244892,0.273209,0.100762
-0.263465,0.265638,0.113177
-0.212270,0.275805,0.137430
-0.221149,0.282048,0.109813
-0.201129,0.254513,0.133357
-0.174873,0.257874,0.105972
-0.150067,0.273293,0.152008
-0.138253,0.285749,0.139205
-0.112322,0.259202,0.143166
-0.116982,0.283463,0.115183
-0.099557,0.286072,0.116744
-0.051498,0.287092,0.120243
-0.268601,0.300141,0.095352
-0.257668,0.283277,0.097993
-0.247620,0.284309,0.130333
-0.230415,0.289347,0.132522
-0.216469,0.288275,0.142045
-0.180281,0.292415,0.138988
-0.169108,0.282061,0.122733
-0.170915,0.304870,0.122859
-0.137713,0.278972,0.126698
-0.132736,0.300206,0.107923
-0.104390,0.290993,0.116129
-0.084590,0.272902,0.102262
-0.060647,0.300869,0.145117
-0.289272,0.275635,0.075140
-0.254128,0.280060,0.121349
-0.250259,0.277750,0.125219
-0.202713,0.289257,0.141924
-0.216399,0.288074,0.127616
-0.183937,0.287387,0.120147
-0.147470,0.272202,0.118697
-0.154625,0.289888,0.141479
-0.131458,0.305715,0.110681
-0.107687,0.288464,0.125548
-0.099921,0.297175,0.123647
-0.078766,0.302169,0.103333
-0.272093,0.317392,0.117499
-0.245457,0.315990,0.122185
-0.214664,0.307774,0.139510
-0.227870,0.308009,0.122392
-0.183989,0.303562,0.130267
-0.162523,0.315525,0.128997
-0.133707,0.311393,0.107003
-0.142133,0.315061,0.094949
-0.114864,0.299512,0.122167
-0.123749,0.308436,0.114675
-0.062949,0.299992,0.115120
-0.271368,0.313470,0.104843
-0.234473,0.299159,0.130254
-0.220447,0.305594,0.148681
-0.210076,0.301883,0.138515
-0.184656,0.287524,0.132634
-0.164195,0.314368,0.120311
-0.141179,0.313085,0.118042
-0.149987,0.313493,0.098389
-0.124646,0.313882,0.095178
-0.104759,0.330181,0.090521
-0.087493,0.329019,0.104801
-0.254490,0.336799,0.101715
-0.239369,0.335137,0.125660
-0.209649,0.326368,0.132304
-0.184465,0.341639,0.127009
-0.172608,0.318366,0.129869
-0.135909,0.333015,0.106554
-0.140367,0.330954,0.095846
-0.117621,0.304209,0.101753
-0.099980,0.314520,0.110880
-0.093462,0.341029,0.099195
-0.260155,0.308338,0.081032
-0.223389,0.321581,0.137695
-0.196387,0.317550,0.147741
-0.193492,0.307723,0.131493
-0.173870,0.323380,0.120770
-0.147410,0.339680,0.100059
-0.139738,0.336993,0.103022
-0.124024,0.332279,0.090257
-0.091475,0.335331,0.097642
-0.071485,0.352018,0.078419
-0.223790,0.337982,0.081957
-0.213517,0.357026,0.095982
-0.172707,0.349869,0.112589
-0.091676,0.334249,0.100370
-0.075509,0.338280,0.077847
-0.212293,0.367046,0.084940
-0.177761,0.346681,0.101753
-0.175957,0.345755,0.132828
