X,Y,Z
0.354740,0.129079,-0.316316
0.357686,0.139155,-0.308243
0.360611,0.149157,-0.300229
0.360347,0.155957,-0.296177
0.353851,0.156598,-0.299807
0.347336,0.157245,-0.303445
0.291336,0.208200,-0.306572
0.285075,0.209291,-0.309777
0.278796,0.210385,-0.312992
0.272497,0.211483,-0.316216
0.266179,0.212584,-0.319450
0.259841,0.213688,-0.322695
0.253484,0.214796,-0.325949
0.247107,0.215907,-0.329213
0.351182,0.118344,-0.318392
0.354150,0.128489,-0.310288
0.357096,0.138558,-0.302244
0.360021,0.148554,-0.294259
0.362924,0.158477,-0.286333
0.357987,0.160634,-0.288051
0.350551,0.160354,-0.292819
0.343656,0.160632,-0.296909
0.337893,0.162037,-0.299602
0.332043,0.163376,-0.302390
0.326234,0.164773,-0.305116
0.320446,0.166208,-0.307806
0.291628,0.187658,-0.312360
0.293796,0.196583,-0.305505
0.292987,0.202708,-0.302219
0.293493,0.210027,-0.297383
0.288279,0.212064,-0.299347
0.282022,0.213159,-0.302537
0.275747,0.214257,-0.305736
0.269452,0.215359,-0.308946
0.263137,0.216464,-0.312165
0.256803,0.217572,-0.315395
0.250450,0.218685,-0.318634
0.244077,0.219800,-0.321883
0.237684,0.220919,-0.325143
0.231271,0.222041,-0.328412
0.350593,0.117762,-0.312347
0.353561,0.127901,-0.304272
0.356507,0.137964,-0.296257
0.359432,0.147953,-0.288301
0.362146,0.157684,-0.280634
0.357417,0.160040,-0.282096
0.351520,0.161262,-0.284976
0.345498,0.162380,-0.287997
0.340002,0.164030,-0.290367
0.334125,0.165326,-0.293189
0.328270,0.166662,-0.295973
0.322689,0.168279,-0.298415
0.317248,0.170046,-0.300679
0.312218,0.172220,-0.302438
0.307601,0.174797,-0.303696
0.303495,0.177865,-0.304335
0.300695,0.182167,-0.303410
0.298858,0.187367,-0.301338
0.296175,0.191763,-0.300282
0.295005,0.197561,-0.297431
0.294073,0.203560,-0.294309
0.293890,0.210232,-0.290311
0.291464,0.214819,-0.288980
0.285230,0.215915,-0.292145
0.278977,0.217014,-0.295321
0.272704,0.218117,-0.298506
0.266413,0.219223,-0.301700
0.260102,0.220333,-0.304905
0.253772,0.221446,-0.308119
0.247423,0.222562,-0.311343
0.241053,0.223681,-0.314578
0.234664,0.224805,-0.317822
0.228255,0.225931,-0.321076
0.221826,0.227061,-0.324341
0.215377,0.228195,-0.327616
0.347017,0.106974,-0.314419
0.350006,0.117181,-0.306314
0.352974,0.127313,-0.298268
0.355919,0.137370,-0.290283
0.358843,0.147353,-0.282355
0.361186,0.156710,-0.275169
0.356643,0.159245,-0.276403
0.351068,0.160778,-0.278885
0.345327,0.162163,-0.281560
0.339795,0.163771,-0.283970
0.334352,0.165480,-0.286264
0.328650,0.166954,-0.288860
0.323609,0.169080,-0.290651
0.318559,0.171210,-0.292444
0.314043,0.173860,-0.293591
0.309423,0.176419,-0.294856
0.305826,0.179953,-0.294895
0.302268,0.183526,-0.294886
0.299641,0.187970,-0.293770
0.297181,0.192564,-0.292459
0.295330,0.197717,-0.290431
0.294300,0.203617,-0.287440
0.293064,0.209309,-0.284704
0.293479,0.216502,-0.280030
0.288418,0.218655,-0.281817
0.282187,0.219755,-0.284968
0.275938,0.220859,-0.288128
0.269669,0.221966,-0.291298
0.263381,0.223076,-0.294479
0.257075,0.224189,-0.297668
0.250748,0.225307,-0.300867
0.244402,0.226427,-0.304077
0.238037,0.227551,-0.307296
0.231651,0.228679,-0.310525
0.225246,0.229810,-0.313765
0.218820,0.230944,-0.317015
0.212375,0.232083,-0.320274
0.205909,0.233224,-0.323544
0.343419,0.096124,-0.316505
0.346431,0.106401,-0.308369
0.349420,0.116601,-0.300293
0.352387,0.126726,-0.292277
0.355332,0.136777,-0.284320
0.358256,0.146754,-0.276422
0.360227,0.155739,-0.269713
0.355573,0.158159,-0.271081
0.350600,0.160277,-0.272829
0.345156,0.161947,-0.275140
0.339572,0.163496,-0.277610
0.333732,0.164814,-0.280379
0.327984,0.166237,-0.283027
0.322946,0.168361,-0.284811
0.317953,0.170540,-0.286534
0.313607,0.173346,-0.287477
0.309549,0.176432,-0.288072
0.305686,0.179707,-0.288432
0.302665,0.183776,-0.287791
0.299831,0.188017,-0.286929
0.297412,0.192642,-0.285579
0.294996,0.197261,-0.284230
0.293659,0.202870,-0.281613
0.291998,0.208166,-0.279388
0.291881,0.214865,-0.275358
0.291586,0.221378,-0.271551
0.285379,0.222479,-0.274677
0.279151,0.223584,-0.277814
0.272906,0.224691,-0.280960
0.266641,0.225802,-0.284116
0.260357,0.226917,-0.287281
0.254053,0.228035,-0.290456
0.247731,0.229156,-0.293640
0.241388,0.230281,-0.296835
0.235027,0.231409,-0.300039
0.228645,0.232541,-0.303254
0.222243,0.233677,-0.306478
0.215821,0.234815,-0.309713
0.209380,0.235958,-0.312958
0.202918,0.237104,-0.316212
0.342835,0.095558,-0.310438
0.345847,0.105828,-0.302331
0.348835,0.116022,-0.294285
0.351802,0.126141,-0.286298
0.354747,0.136185,-0.278369
0.357670,0.146157,-0.270498
0.358603,0.154109,-0.265075
0.353723,0.156307,-0.266712
0.348974,0.158643,-0.268185
0.343764,0.160540,-0.270206
0.338504,0.162401,-0.272282
0.332998,0.164037,-0.274644
0.327318,0.165522,-0.277204
0.322335,0.167693,-0.278921
0.317352,0.169875,-0.280631
0.312951,0.172624,-0.281639
0.309137,0.175936,-0.281945
0.305417,0.179339,-0.282139
0.302287,0.183299,-0.281632
0.299152,0.187252,-0.281133
0.296672,0.191814,-0.279862
0.294467,0.196624,-0.278272
0.292507,0.201651,-0.276401
0.290860,0.206956,-0.274167
0.290283,0.213230,-0.270690
0.290030,0.219779,-0.266847
0.288551,0.225187,-0.264448
0.282346,0.226292,-0.267561
0.276123,0.227401,-0.270683
0.269880,0.228513,-0.273815
0.263619,0.229628,-0.276956
0.257338,0.230746,-0.280107
0.251039,0.231869,-0.283267
0.244720,0.232994,-0.286437
0.238381,0.234123,-0.289617
0.232023,0.235256,-0.292807
0.225645,0.236392,-0.296006
0.219246,0.237531,-0.299217
0.212829,0.238675,-0.302436
0.206390,0.239821,-0.305667
0.199932,0.240972,-0.308905
0.339219,0.084653,-0.312521
0.342252,0.094993,-0.304384
0.345263,0.105257,-0.296306
0.348252,0.115445,-0.288288
0.351218,0.125557,-0.280329
0.354162,0.135595,-0.272430
0.357085,0.145559,-0.264588
0.356629,0.152134,-0.260865
0.351873,0.154453,-0.262347
0.347216,0.156879,-0.263705
0.342342,0.159102,-0.265319
0.337051,0.160931,-0.267425
0.331638,0.162655,-0.269670
0.326433,0.164594,-0.271657
0.321619,0.166923,-0.273170
0.316752,0.169211,-0.274739
0.312297,0.171902,-0.275812
0.308495,0.175221,-0.276106
0.304695,0.178543,-0.276397
0.301340,0.182286,-0.276160
0.298494,0.186506,-0.275325
0.295589,0.190665,-0.274562
0.293412,0.195497,-0.272946
0.291242,0.200327,-0.271328
0.289813,0.205830,-0.268848
0.288961,0.211847,-0.265705
0.287771,0.217537,-0.262968
0.286820,0.223427,-0.259962
0.284990,0.228502,-0.257988
0.279321,0.230094,-0.260468
0.273101,0.231207,-0.263576
0.266862,0.232322,-0.266694
0.260604,0.233442,-0.269820
0.254327,0.234565,-0.272957
0.248031,0.235691,-0.276102
0.241716,0.236821,-0.279257
0.235381,0.237955,-0.282422
0.229026,0.239091,-0.285598
0.222651,0.240231,-0.288783
0.216256,0.241375,-0.291979
0.209842,0.242522,-0.295183
0.203408,0.243674,-0.298398
0.196953,0.244828,-0.301623
0.335582,0.073685,-0.314618
0.338638,0.084096,-0.306449
0.341670,0.094430,-0.298340
0.344681,0.104687,-0.290292
0.347669,0.114868,-0.282303
0.350635,0.124974,-0.274374
0.353579,0.135006,-0.266502
0.356502,0.144964,-0.258688
0.354553,0.150058,-0.256780
0.349959,0.152537,-0.258064
0.345236,0.154897,-0.259497
0.340462,0.157218,-0.260985
0.335699,0.159559,-0.262454
0.330505,0.161492,-0.264432
0.325411,0.163535,-0.266284
0.320599,0.165862,-0.267791
0.315859,0.168267,-0.269207
0.311280,0.170836,-0.270426
0.307560,0.174228,-0.270625
0.304070,0.177838,-0.270552
0.300271,0.181158,-0.270843
0.297074,0.185045,-0.270424
0.294280,0.189306,-0.269534
0.291691,0.193752,-0.268408
0.289623,0.198674,-0.266677
0.287612,0.203640,-0.264884
0.286379,0.209308,-0.262194
0.285418,0.215210,-0.259197
0.284099,0.220765,-0.256627
0.282066,0.225658,-0.254892
0.280159,0.230655,-0.253018
0.276302,0.233884,-0.253399
0.270086,0.235001,-0.256492
0.263851,0.236121,-0.259595
0.257596,0.237245,-0.262707
0.251323,0.238372,-0.265829
0.245030,0.239502,-0.268961
0.238718,0.240636,-0.272102
0.232386,0.241773,-0.275253
0.226035,0.242914,-0.278414
0.219664,0.244059,-0.281584
0.213274,0.245207,-0.284764
0.206863,0.246359,-0.287954
0.200431,0.247514,-0.291155
0.335002,0.073136,-0.308528
0.338057,0.083540,-0.300388
0.341090,0.093868,-0.292309
0.344100,0.104118,-0.284290
0.347087,0.114292,-0.276331
0.350053,0.124392,-0.268430
0.352997,0.134418,-0.260586
0.355919,0.144370,-0.252801
0.352194,0.147703,-0.253038
0.347593,0.150175,-0.254325
0.343127,0.152789,-0.255446
0.338446,0.155201,-0.256818
0.333688,0.157546,-0.258277
0.328978,0.159949,-0.259672
0.324489,0.162573,-0.260800
0.319761,0.164976,-0.262206
0.315033,0.167387,-0.263607
0.310537,0.170030,-0.264727
0.306036,0.172676,-0.265849
0.302307,0.176059,-0.266059
0.298843,0.179692,-0.265957
0.295499,0.183440,-0.265712
0.292719,0.187712,-0.264810
0.290144,0.192169,-0.263671
0.287734,0.196773,-0.262345
0.285714,0.201728,-0.260570
0.283810,0.206780,-0.258666
0.282748,0.212591,-0.255795
0.281282,0.218016,-0.253401
0.279184,0.222853,-0.251744
0.276957,0.227564,-0.250242
0.274295,0.231873,-0.249246
0.271721,0.236256,-0.248152
0.267077,0.238784,-0.249431
0.260845,0.239908,-0.252521
0.254594,0.241036,-0.255618
0.248324,0.242168,-0.258726
0.242035,0.243302,-0.261843
0.235726,0.244440,-0.264970
0.229399,0.245582,-0.268106
0.223051,0.246727,-0.271252
0.216684,0.247876,-0.274408
0.210296,0.249028,-0.277573
0.203889,0.250184,-0.280750
0.331345,0.062111,-0.310621
0.334423,0.072588,-0.302450
0.337478,0.082986,-0.294340
0.340510,0.093307,-0.286290
0.343520,0.103550,-0.278300
0.346507,0.113718,-0.270369
0.349473,0.123812,-0.262497
0.352416,0.133831,-0.254682
0.354327,0.142774,-0.248138
0.349728,0.145241,-0.249425
0.345209,0.147797,-0.250608
0.340690,0.150360,-0.251786
0.336394,0.153149,-0.252696
0.331975,0.155824,-0.253746
0.327331,0.158288,-0.255060
0.322970,0.161035,-0.256033
0.318606,0.163785,-0.257007
0.314228,0.166528,-0.257993
0.309765,0.169197,-0.259074
0.305297,0.171869,-0.260156
0.300794,0.174516,-0.261276
0.297174,0.178000,-0.261357
0.293904,0.181815,-0.261029
0.290635,0.185629,-0.260701
0.287841,0.189883,-0.259821
0.285439,0.194495,-0.258488
0.283204,0.199253,-0.256966
0.281406,0.204404,-0.254946
0.279927,0.209835,-0.252563
0.278324,0.215138,-0.250333
0.276330,0.220072,-0.248560
0.273753,0.224469,-0.247463
0.271010,0.228711,-0.246559
0.268231,0.232915,-0.245700
0.265279,0.236960,-0.245041
0.262426,0.241090,-0.244272
0.257846,0.243685,-0.245468
0.251600,0.244817,-0.248551
0.245333,0.245952,-0.251645
0.239047,0.247091,-0.254748
0.232742,0.248233,-0.257861
0.226417,0.249379,-0.260983
0.220073,0.250528,-0.264114
0.213709,0.251681,-0.267256
0.207325,0.252837,-0.270407
0.166216,0.224337,-0.312372
0.156942,0.223195,-0.318652
0.330769,0.061573,-0.304525
0.333846,0.072042,-0.296384
0.336901,0.082433,-0.288303
0.339932,0.092747,-0.280283
0.342941,0.102984,-0.272322
0.345928,0.113145,-0.264420
0.348893,0.123232,-0.256576
0.351836,0.133245,-0.248789
0.351608,0.140060,-0.244832
0.347078,0.142599,-0.246027
0.342689,0.145284,-0.247051
0.338211,0.147890,-0.248176
0.334042,0.150804,-0.248931
0.329872,0.153722,-0.249683
0.325670,0.156615,-0.250470
0.321223,0.159277,-0.251543
0.316771,0.161941,-0.252617
0.312558,0.164841,-0.253406
0.308397,0.167796,-0.254131
0.303930,0.170467,-0.255211
0.299615,0.173288,-0.256108
0.295632,0.176428,-0.256615
0.292032,0.179931,-0.256673
0.288817,0.183794,-0.256284
0.285730,0.187775,-0.255747
0.283175,0.192246,-0.254596
0.280824,0.196898,-0.253213
0.278709,0.201759,-0.251562
0.277046,0.207024,-0.249397
0.275263,0.212166,-0.247378
0.273300,0.217132,-0.245574
0.270573,0.221397,-0.244650
0.267724,0.225547,-0.243868
0.264670,0.229509,-0.243322
0.261421,0.233294,-0.243000
0.258311,0.237202,-0.242520
0.255307,0.241200,-0.241923
0.251531,0.244516,-0.242200
0.247672,0.247760,-0.242569
0.242348,0.249726,-0.244587
0.236066,0.250868,-0.247676
0.229764,0.252015,-0.250774
0.223443,0.253165,-0.253882
0.217102,0.254318,-0.257001
0.206718,0.252022,-0.264620
0.172107,0.229065,-0.299218
0.161637,0.226878,-0.306825
0.152884,0.226192,-0.312497
0.145971,0.227098,-0.316107
0.139611,0.228492,-0.319092
0.330193,0.061034,-0.298442
0.333270,0.071496,-0.290330
0.336323,0.081880,-0.282279
0.339355,0.092187,-0.274288
0.342363,0.102418,-0.266356
0.345350,0.112573,-0.258482
0.348315,0.122653,-0.250667
0.351257,0.132660,-0.242908
0.348863,0.137321,-0.241551
0.344413,0.139941,-0.242647
0.340052,0.142657,-0.243633
0.335874,0.145557,-0.244398
0.331722,0.148490,-0.245128
0.327563,0.151421,-0.245864
0.323457,0.154407,-0.246535
0.319348,0.157395,-0.247208
0.314973,0.160133,-0.248187
0.310826,0.163095,-0.248898
0.306675,0.166059,-0.249608
0.302528,0.169031,-0.250313
0.298567,0.172185,-0.250796
0.294600,0.175336,-0.251285
0.290624,0.178482,-0.251782
0.286881,0.181851,-0.252007
0.283949,0.185974,-0.251293
0.281018,0.190096,-0.250579
0.278450,0.194548,-0.249451
0.276148,0.199238,-0.248020
0.273849,0.203923,-0.246591
0.271996,0.209005,-0.244656
0.270110,0.214047,-0.242765
0.267253,0.218198,-0.241990
0.264213,0.222181,-0.241425
0.260656,0.225697,-0.241450
0.257351,0.229438,-0.241188
0.254061,0.233193,-0.240910
0.250423,0.236638,-0.241025
0.246547,0.239875,-0.241407
0.242464,0.242933,-0.242022
0.238212,0.245848,-0.242823
0.232602,0.247584,-0.245144
0.226399,0.248821,-0.248120
0.219868,0.249793,-0.251450
0.212252,0.249852,-0.255978
0.188451,0.236048,-0.278508
0.173123,0.229629,-0.291536
0.162457,0.227262,-0.299345
0.155471,0.228064,-0.303050
0.149179,0.229478,-0.305972
0.142070,0.230224,-0.309785
0.135818,0.231711,-0.312640
0.129457,0.233128,-0.315602
0.123012,0.234494,-0.318644
0.326518,0.049962,-0.300513
0.329618,0.060496,-0.292370
0.332695,0.070952,-0.284288
0.335748,0.081330,-0.276266
0.338779,0.091630,-0.268304
0.341787,0.101854,-0.260401
0.344773,0.112002,-0.252556
0.347738,0.122077,-0.244769
0.350620,0.132017,-0.237110
0.346131,0.134594,-0.238252
0.341859,0.137394,-0.239131
0.337562,0.140174,-0.240037
0.333477,0.143169,-0.240688
0.329390,0.146165,-0.241340
0.325284,0.149147,-0.242011
0.321201,0.152157,-0.242652
0.317115,0.155169,-0.243294
0.313179,0.158328,-0.243758
0.309159,0.161411,-0.244317
0.305022,0.164387,-0.245011
0.300985,0.167461,-0.245586
0.297053,0.170641,-0.246035
0.293106,0.173809,-0.246500
0.289138,0.176961,-0.246988
0.285368,0.180301,-0.247244
0.281655,0.183697,-0.247434
0.278787,0.187877,-0.246650
0.275910,0.192045,-0.245880
0.273190,0.196353,-0.244931
0.270823,0.200978,-0.243582
0.268631,0.205756,-0.242038
0.266573,0.210645,-0.240346
0.263732,0.214817,-0.239552
0.260433,0.218571,-0.239280
0.256735,0.221967,-0.239460
0.253035,0.225363,-0.239642
0.249198,0.228639,-0.239977
0.245383,0.231937,-0.240286
0.241396,0.235086,-0.240786
0.237199,0.238055,-0.241520
0.232599,0.240677,-0.242701
0.227076,0.242501,-0.244910
0.221418,0.244222,-0.247262
0.214340,0.244732,-0.251184
0.204796,0.243140,-0.257836
0.184945,0.232743,-0.275901
0.173117,0.229319,-0.285011
0.162977,0.227392,-0.292218
0.154952,0.227303,-0.297065
0.148819,0.228845,-0.299806
0.143227,0.230860,-0.301943
0.137934,0.233141,-0.303742
0.132056,0.234946,-0.306174
0.125735,0.236399,-0.309082
0.120472,0.238747,-0.310822
0.114459,0.240489,-0.313374
0.107336,0.241337,-0.317121
0.325945,0.049433,-0.294424
0.329045,0.059960,-0.286310
0.332121,0.070409,-0.278258
0.335173,0.080779,-0.270265
0.338204,0.091073,-0.262332
0.341212,0.101291,-0.254458
0.344198,0.111433,-0.246641
0.347161,0.121500,-0.238882
0.347795,0.129195,-0.233924
0.343473,0.131941,-0.234862
0.339261,0.134801,-0.235667
0.335111,0.137728,-0.236395
0.330978,0.140677,-0.237101
0.326883,0.143668,-0.237758
0.323024,0.146893,-0.238135
0.319042,0.150001,-0.238656
0.314981,0.153037,-0.239266
0.311130,0.156279,-0.239628
0.307278,0.159523,-0.239990
0.303377,0.162722,-0.240408
0.299444,0.165894,-0.240861
0.295515,0.169074,-0.241308
0.291584,0.172255,-0.241754
0.287756,0.175536,-0.242080
0.284015,0.178902,-0.242302
0.280274,0.182269,-0.242525
0.276542,0.185645,-0.242737
0.273493,0.189654,-0.242166
0.270608,0.193813,-0.241407
0.267717,0.197960,-0.240660
0.265336,0.202569,-0.239333
0.262965,0.207180,-0.237999
0.259956,0.211205,-0.237394
0.256531,0.214853,-0.237262
0.252254,0.217734,-0.238092
0.248132,0.220762,-0.238744
0.244240,0.223999,-0.239134
0.240324,0.227218,-0.239549
0.236179,0.230238,-0.240218
0.231975,0.233212,-0.240951
0.227146,0.235643,-0.242379
0.222082,0.237880,-0.244062
0.216292,0.239497,-0.246547
0.208655,0.239532,-0.251073
0.193526,0.233138,-0.263888
0.181293,0.229312,-0.273449
0.170679,0.226930,-0.281187
0.162453,0.226633,-0.286263
0.154432,0.226542,-0.291092
0.148337,0.228110,-0.293787
0.142625,0.230019,-0.296052
0.137504,0.232438,-0.297661
0.132519,0.234982,-0.299114
0.127182,0.237244,-0.300945
0.122297,0.239892,-0.302276
0.117688,0.242779,-0.303301
0.112651,0.245321,-0.304787
0.104836,0.245602,-0.309273
0.098237,0.246902,-0.312429
0.322251,0.038304,-0.296492
0.325373,0.048904,-0.288347
0.328472,0.059425,-0.280263
0.331547,0.069866,-0.272240
0.334600,0.080230,-0.264276
0.337630,0.090517,-0.256372
0.340637,0.100728,-0.248527
0.343623,0.110864,-0.240738
0.346586,0.120926,-0.233007
0.344980,0.126383,-0.230721
0.340810,0.129283,-0.231475
0.336640,0.132188,-0.232226
0.332524,0.135151,-0.232910
0.328396,0.138106,-0.233607
0.324460,0.141254,-0.234074
0.320600,0.144479,-0.234451
0.316740,0.147707,-0.234827
0.312957,0.151012,-0.235111
0.309126,0.154273,-0.235449
0.305294,0.157535,-0.235787
0.301521,0.160856,-0.236055
0.297830,0.164258,-0.236227
0.293990,0.167520,-0.236569
0.290064,0.170704,-0.237010
0.286328,0.174069,-0.237230
0.282591,0.177436,-0.237450
0.278852,0.180802,-0.237671
0.275157,0.184211,-0.237840
0.271482,0.187640,-0.237987
0.268131,0.191369,-0.237762
0.265228,0.195508,-0.237029
0.262317,0.199635,-0.236307
0.259230,0.203598,-0.235787
0.255834,0.207279,-0.235617
0.252183,0.210730,-0.235736
0.247761,0.213491,-0.236722
0.243495,0.216398,-0.237529
0.239259,0.219338,-0.238298
0.235179,0.222422,-0.238890
0.231011,0.225433,-0.239576
0.226887,0.228488,-0.240211
0.222510,0.231326,-0.241125
0.217630,0.233732,-0.242592
0.211047,0.234669,-0.245944
0.200170,0.231908,-0.254039
0.187703,0.227830,-0.263859
0.177491,0.225751,-0.271155
0.169400,0.225533,-0.276087
0.161907,0.225857,-0.280342
0.153914,0.225784,-0.285130
0.147866,0.227385,-0.287769
0.142056,0.229205,-0.290137
0.136891,0.231582,-0.291792
0.132210,0.234375,-0.292913
0.127105,0.236823,-0.294490
0.122090,0.239357,-0.295962
0.117382,0.242155,-0.297096
0.112274,0.244632,-0.298657
0.106849,0.246862,-0.300554
0.101603,0.249251,-0.302250
0.321681,0.037783,-0.290397
0.324803,0.048377,-0.282281
0.327901,0.058890,-0.274227
0.330976,0.069325,-0.266233
0.334028,0.079682,-0.258299
0.337057,0.089963,-0.250424
0.340064,0.100167,-0.242606
0.343049,0.110297,-0.234846
0.346013,0.120352,-0.227143
0.342264,0.123670,-0.227398
0.338170,0.126647,-0.228059
0.334066,0.129619,-0.228728
0.329954,0.132589,-0.229404
0.325921,0.135640,-0.229986
0.322055,0.138857,-0.230369
0.318199,0.142087,-0.230740
0.314382,0.145358,-0.231062
0.310768,0.148828,-0.231148
0.307154,0.152297,-0.231234
0.303340,0.155577,-0.231550
0.299628,0.158957,-0.231747
0.295938,0.162358,-0.231918
0.292248,0.165761,-0.232087
0.288537,0.169146,-0.232281
0.284763,0.172473,-0.232544
0.280988,0.175803,-0.232808
0.277214,0.179135,-0.233070
0.273460,0.182487,-0.233307
0.269775,0.185906,-0.233465
0.266085,0.189323,-0.233626
0.262375,0.192722,-0.233811
0.259275,0.196679,-0.233303
0.255788,0.200283,-0.233234
0.251895,0.203519,-0.233623
0.247990,0.206748,-0.234022
0.243395,0.209360,-0.235196
0.238844,0.212021,-0.236314
0.234522,0.214893,-0.237172
0.230509,0.218046,-0.237681
0.226446,0.221159,-0.238244
0.222341,0.224240,-0.238849
0.218206,0.227299,-0.239486
0.212130,0.228668,-0.242271
0.203283,0.227648,-0.248109
0.193335,0.225712,-0.255141
0.182979,0.223469,-0.262596
0.174935,0.223261,-0.267479
0.166894,0.223086,-0.272341
0.159439,0.223443,-0.276541
0.153151,0.224817,-0.279448
0.147144,0.226449,-0.282036
0.141400,0.228319,-0.284329
0.136057,0.230541,-0.286176
0.131459,0.233399,-0.287206
0.126856,0.236259,-0.288236
0.122047,0.238958,-0.289485
0.117097,0.241549,-0.290881
0.111609,0.243708,-0.292850
0.105909,0.245707,-0.295040
0.100664,0.248093,-0.296732
0.321111,0.037264,-0.284314
0.324233,0.047850,-0.276228
0.327331,0.058357,-0.268203
0.330405,0.068785,-0.260239
0.333457,0.079136,-0.252333
0.336486,0.089409,-0.244487
0.339492,0.099607,-0.236698
0.342477,0.109730,-0.228966
0.343691,0.118030,-0.223354
0.339626,0.121034,-0.223979
0.335596,0.124078,-0.224562
0.331548,0.127107,-0.225162
0.327442,0.130083,-0.225829
0.323559,0.133283,-0.226231
0.319675,0.136485,-0.226634
0.315801,0.139699,-0.227023
0.312123,0.143106,-0.227183
0.308507,0.146574,-0.227270
0.304875,0.150027,-0.227376
0.301293,0.153530,-0.227423
0.297749,0.157069,-0.227426
0.294063,0.160473,-0.227593
0.290376,0.163878,-0.227759
0.286652,0.167251,-0.227966
0.282923,0.170620,-0.228178
0.279165,0.173964,-0.228422
0.275396,0.177300,-0.228677
0.271631,0.180641,-0.228927
0.267864,0.183984,-0.229177
0.264132,0.187360,-0.229388
0.260351,0.190694,-0.229651
0.256568,0.194029,-0.229915
0.252316,0.196939,-0.230707
0.248373,0.200136,-0.231147
0.244125,0.203061,-0.231927
0.239270,0.205446,-0.233385
0.234370,0.207802,-0.234885
0.230286,0.210895,-0.235470
0.226346,0.214120,-0.235891
0.222392,0.217337,-0.236326
0.217823,0.220016,-0.237441
0.212937,0.222426,-0.238902
0.205584,0.222691,-0.243082
0.196768,0.221712,-0.248860
0.188632,0.221360,-0.253867
0.179931,0.220553,-0.259475
0.171972,0.220419,-0.264249
0.164920,0.221094,-0.268010
0.158837,0.222619,-0.270699
0.152554,0.223992,-0.273596
0.146416,0.225507,-0.276322
0.140519,0.227244,-0.278777
0.135056,0.229361,-0.280750
0.130164,0.231969,-0.282097
0.125558,0.234825,-0.283130
0.120684,0.237466,-0.284447
0.115998,0.240273,-0.285555
0.110945,0.242785,-0.287054
0.104970,0.244554,-0.289535
0.099809,0.247004,-0.291134
0.320544,0.036746,-0.278242
0.323664,0.047325,-0.270186
0.326761,0.057825,-0.262191
0.329835,0.068246,-0.254256
0.332886,0.078590,-0.246379
0.335915,0.088857,-0.238561
0.338922,0.099048,-0.230800
0.341906,0.109165,-0.223096
0.340887,0.115226,-0.220131
0.337009,0.118419,-0.220534
0.332991,0.121477,-0.221099
0.328971,0.124536,-0.221664
0.325130,0.127776,-0.222017
0.321270,0.130999,-0.222392
0.317409,0.134223,-0.222766
0.313575,0.137477,-0.223107
0.309800,0.140790,-0.223379
0.306167,0.144244,-0.223484
0.302534,0.147698,-0.223590
0.299034,0.151279,-0.223542
0.295568,0.154893,-0.223455
0.292103,0.158508,-0.223367
0.288492,0.161986,-0.223445
0.284750,0.165339,-0.223674
0.280986,0.168675,-0.223926
0.277220,0.172012,-0.224178
0.273433,0.175330,-0.224453
0.269630,0.178636,-0.224745
0.265825,0.181944,-0.225038
0.261861,0.185106,-0.225510
0.257889,0.188267,-0.225987
0.254005,0.191510,-0.226363
0.249657,0.194335,-0.227259
0.245292,0.197151,-0.228170
0.240255,0.199369,-0.229827
0.235175,0.201559,-0.231527
0.230586,0.204199,-0.232673
0.226725,0.207497,-0.233004
0.222757,0.210702,-0.233453
0.218335,0.213512,-0.234401
0.213367,0.215846,-0.235949
0.208023,0.217862,-0.237906
0.200600,0.218076,-0.242146
0.192624,0.217838,-0.246976
0.184476,0.217481,-0.251977
0.177363,0.218051,-0.255824
0.170742,0.219068,-0.259119
0.163873,0.219895,-0.262672
0.157635,0.221284,-0.265524
0.151767,0.223007,-0.267961
0.145738,0.224609,-0.270565
0.139774,0.226284,-0.273086
0.134090,0.228212,-0.275295
0.129171,0.230792,-0.276671
0.124207,0.233346,-0.278087
0.119255,0.235920,-0.279486
0.114270,0.238477,-0.280913
0.109236,0.241004,-0.282387
0.104190,0.243532,-0.283869
0.098999,0.245952,-0.285498
0.316833,0.025577,-0.280270
0.319977,0.036230,-0.272182
0.323097,0.046801,-0.264157
0.326193,0.057294,-0.256191
0.329267,0.067708,-0.248284
0.332318,0.078045,-0.240436
0.335346,0.088306,-0.232647
0.338352,0.098490,-0.224914
0.341335,0.108600,-0.217239
0.338141,0.112480,-0.216837
0.334307,0.115720,-0.217185
0.330355,0.118846,-0.217669
0.326577,0.122146,-0.217950
0.322860,0.125509,-0.218157
0.319109,0.128840,-0.218403
0.315251,0.132068,-0.218773
0.311464,0.135368,-0.219058
0.307676,0.138669,-0.219344
0.303887,0.141972,-0.219629
0.300239,0.145412,-0.219750
0.296759,0.149013,-0.219680
0.293270,0.152607,-0.219618
0.289782,0.156200,-0.219556
0.286237,0.159741,-0.219558
0.282661,0.163253,-0.219596
0.278897,0.166589,-0.219847
0.275125,0.169919,-0.220106
0.271340,0.173240,-0.220378
0.267554,0.176562,-0.220651
0.263702,0.179825,-0.220995
0.259711,0.182964,-0.221496
0.255711,0.186098,-0.222003
0.251449,0.188998,-0.222801
0.246955,0.191692,-0.223856
0.242584,0.194505,-0.224770
0.237248,0.196454,-0.226755
0.232004,0.198501,-0.228629
0.227422,0.201151,-0.229762
0.223383,0.204294,-0.230287
0.219342,0.207440,-0.230812
0.214389,0.209783,-0.232341
0.209429,0.212132,-0.233872
0.203292,0.213460,-0.236691
0.196796,0.214491,-0.239895
0.189830,0.215136,-0.243600
0.182771,0.215725,-0.247392
0.175783,0.216401,-0.251093
0.169018,0.217293,-0.254535
0.162546,0.218458,-0.257646
0.156193,0.219746,-0.260616
0.150106,0.221279,-0.263285
0.144084,0.222886,-0.265872
0.138362,0.224763,-0.268126
0.132475,0.226517,-0.270550
0.127235,0.228828,-0.272266
0.122205,0.231326,-0.273751
0.117273,0.233916,-0.275124
0.112308,0.236488,-0.276526
0.107285,0.239023,-0.277985
0.102154,0.241481,-0.279552
0.097452,0.244300,-0.280655
0.316268,0.025068,-0.274193
0.319411,0.035713,-0.266135
0.322531,0.046278,-0.258138
0.325627,0.056764,-0.250201
0.328700,0.067172,-0.242323
0.331750,0.077501,-0.234506
0.334778,0.087755,-0.226744
0.337783,0.097933,-0.219040
0.339266,0.106531,-0.213149
0.335394,0.109733,-0.213541
0.331596,0.113012,-0.213844
0.327922,0.116416,-0.214001
0.324211,0.119784,-0.214202
0.320496,0.123150,-0.214405
0.316781,0.126518,-0.214609
0.313130,0.129949,-0.214737
0.309341,0.133247,-0.215024
0.305549,0.136544,-0.215312
0.301757,0.139844,-0.215601
0.298075,0.143252,-0.215761
0.294419,0.146685,-0.215891
0.290920,0.150271,-0.215841
0.287419,0.153853,-0.215794
0.283851,0.157373,-0.215822
0.280282,0.160892,-0.215851
0.276716,0.164415,-0.215875
0.273010,0.167808,-0.216059
0.269207,0.171112,-0.216350
0.265403,0.174418,-0.216641
0.261477,0.177613,-0.217068
0.257483,0.180750,-0.217569
0.253484,0.183885,-0.218074
0.249051,0.186629,-0.219061
0.244524,0.189294,-0.220149
0.239826,0.191813,-0.221422
0.234623,0.193885,-0.223252
0.229403,0.195953,-0.225094
0.225042,0.198804,-0.225976
0.220786,0.201755,-0.226739
0.216518,0.204701,-0.227512
0.211608,0.207085,-0.228987
0.206605,0.209398,-0.230559
0.200745,0.210970,-0.233065
0.194382,0.212120,-0.236111
0.187814,0.213112,-0.239370
0.181045,0.213952,-0.242835
0.174063,0.214630,-0.246518
0.167228,0.215460,-0.250027
0.160720,0.216594,-0.253168
0.154285,0.217811,-0.256217
0.148148,0.219300,-0.258934
0.142106,0.220889,-0.261535
0.136542,0.222898,-0.263613
0.130812,0.224783,-0.265860
0.125500,0.227032,-0.267649
0.120193,0.229298,-0.269426
0.115124,0.231773,-0.270943
0.110095,0.234293,-0.272409
0.105099,0.236851,-0.273834
0.099966,0.239307,-0.275398
0.095259,0.242121,-0.276504
0.315704,0.024561,-0.268127
0.318846,0.035198,-0.260099
0.321965,0.045756,-0.252132
0.325061,0.056234,-0.244224
0.328134,0.066636,-0.236375
0.331183,0.076959,-0.228585
0.334210,0.087206,-0.220852
0.337215,0.097378,-0.213176
0.336339,0.103601,-0.210061
0.332816,0.107156,-0.210043
0.329150,0.110567,-0.210192
0.325475,0.113972,-0.210349
0.321794,0.117371,-0.210513
0.318078,0.120738,-0.210716
0.314482,0.124223,-0.210780
0.310974,0.127795,-0.210743
0.307198,0.131106,-0.211014
0.303414,0.134411,-0.211293
0.299672,0.137760,-0.211522
0.296015,0.141192,-0.211653
0.292359,0.144625,-0.211783
0.288687,0.148045,-0.211930
0.285062,0.151511,-0.212022
0.281516,0.155053,-0.212024
0.277972,0.158596,-0.212025
0.274408,0.162123,-0.212047
0.270715,0.165528,-0.212214
0.267022,0.168935,-0.212381
0.263229,0.172252,-0.212658
0.259241,0.175391,-0.213153
0.255225,0.178508,-0.213677
0.251127,0.181553,-0.214290
0.246612,0.184223,-0.215365
0.242082,0.186887,-0.216452
0.237197,0.189237,-0.217928
0.232106,0.191412,-0.219628
0.227133,0.193705,-0.221189
0.222661,0.196456,-0.222191
0.218373,0.199380,-0.222986
0.213750,0.202012,-0.224146
0.208820,0.204381,-0.225638
0.203731,0.206620,-0.227299
0.197863,0.208188,-0.229803
0.191925,0.209711,-0.232375
0.185450,0.210785,-0.235521
0.178893,0.211809,-0.238744
0.172269,0.212797,-0.242028
0.165384,0.213582,-0.245582
0.158873,0.214711,-0.248716
0.152400,0.215894,-0.251798
0.146247,0.217370,-0.254522
0.140114,0.218880,-0.257216
0.134386,0.220751,-0.259463
0.128646,0.222626,-0.261714
0.123064,0.224650,-0.263787
0.117569,0.226760,-0.265759
0.112591,0.229313,-0.267172
0.107596,0.231862,-0.268596
0.102862,0.234635,-0.269739
0.097834,0.237178,-0.271186
0.092794,0.239720,-0.272642
0.315140,0.024053,-0.262073
0.318282,0.034684,-0.254075
0.321401,0.045235,-0.246137
0.324496,0.055706,-0.238258
0.327568,0.066100,-0.230439
0.330618,0.076417,-0.222676
0.333644,0.086657,-0.214971
0.336649,0.096823,-0.207323
0.333221,0.100478,-0.207191
0.330182,0.104521,-0.206609
0.326664,0.108083,-0.206584
0.323003,0.111502,-0.206724
0.319341,0.114923,-0.206863
0.315737,0.118401,-0.206936
0.312233,0.121978,-0.206895
0.308728,0.125554,-0.206853
0.305042,0.128953,-0.207020
0.301264,0.132264,-0.207291
0.297532,0.135623,-0.207508
0.293847,0.139029,-0.207670
0.290166,0.142439,-0.207827
0.286486,0.145852,-0.207982
0.282872,0.149329,-0.208062
0.279258,0.152805,-0.208142
0.275682,0.156320,-0.208177
0.272059,0.159792,-0.208265
0.268366,0.163198,-0.208432
0.264672,0.166606,-0.208597
0.260894,0.169938,-0.208857
0.256921,0.173090,-0.209333
0.252895,0.176199,-0.209866
0.248656,0.179117,-0.210633
0.244139,0.181786,-0.211706
0.239690,0.184525,-0.212699
0.234831,0.186900,-0.214142
0.229860,0.189184,-0.215702
0.224990,0.191570,-0.217144
0.220418,0.194232,-0.218254
0.215981,0.197023,-0.219209
0.211227,0.199539,-0.220509
0.206309,0.201921,-0.221982
0.201081,0.204039,-0.223788
0.195289,0.205675,-0.226202
0.189303,0.207158,-0.228817
0.183032,0.208411,-0.231731
0.176558,0.209507,-0.234854
0.170033,0.210581,-0.238019
0.163460,0.211635,-0.241225
0.156808,0.212642,-0.244502
0.150177,0.213690,-0.247744
0.143855,0.215021,-0.250643
0.137589,0.216420,-0.253469
0.131769,0.218215,-0.255807
0.126030,0.220093,-0.258049
0.120422,0.222095,-0.260143
0.114938,0.224216,-0.262096
0.109976,0.226784,-0.263487
0.105068,0.229406,-0.264814
0.100312,0.232163,-0.265975
0.095558,0.234931,-0.267129
0.090625,0.237561,-0.268466
0.314579,0.023548,-0.256031
0.317720,0.034171,-0.248062
0.320838,0.044714,-0.240154
0.323933,0.055180,-0.232303
0.327004,0.065567,-0.224512
0.330053,0.075876,-0.216779
0.333079,0.086111,-0.209102
0.333866,0.094034,-0.204060
0.330366,0.097620,-0.204010
0.327337,0.101676,-0.203415
0.324169,0.105590,-0.202983
0.320508,0.109011,-0.203123
0.316872,0.112459,-0.203232
0.313439,0.116107,-0.203107
0.309971,0.119720,-0.203022
0.306479,0.123309,-0.202967
0.302887,0.126801,-0.203025
0.299132,0.130135,-0.203268
0.295404,0.133498,-0.203481
0.291675,0.136860,-0.203693
0.287964,0.140243,-0.203882
0.284314,0.143685,-0.204003
0.280700,0.147162,-0.204082
0.277074,0.150629,-0.204174
0.273443,0.154092,-0.204271
0.269716,0.157467,-0.204475
0.266018,0.160870,-0.204646
0.262323,0.164277,-0.204812
0.258456,0.167527,-0.205169
0.254485,0.170684,-0.205641
0.250535,0.173863,-0.206087
0.246282,0.176769,-0.206867
0.241842,0.179510,-0.207850
0.237361,0.182220,-0.208876
0.232396,0.184500,-0.210431
0.227426,0.186786,-0.211984
0.222698,0.189301,-0.213265
0.218163,0.191997,-0.214330
0.213627,0.194700,-0.215391
0.208677,0.197044,-0.216899
0.203773,0.199438,-0.218352
0.198423,0.201450,-0.220285
0.192635,0.203092,-0.222686
0.186665,0.204591,-0.225273
0.180376,0.205830,-0.228197
0.174072,0.207075,-0.231125
0.167580,0.208178,-0.234245
0.160981,0.209210,-0.237468
0.154311,0.210203,-0.240755
0.147691,0.211261,-0.243974
0.141337,0.212567,-0.246897
0.135071,0.213966,-0.249715
0.129241,0.215753,-0.252055
0.123406,0.217551,-0.254392
0.117737,0.219505,-0.256543
0.112171,0.221559,-0.258575
0.107098,0.224036,-0.260078
0.102226,0.226691,-0.261363
0.097473,0.229453,-0.262515
0.092725,0.232228,-0.263657
0.314018,0.023043,-0.250000
0.317159,0.033659,-0.242061
0.320276,0.044196,-0.234182
0.323370,0.054654,-0.226360
0.326441,0.065034,-0.218598
0.329489,0.075337,-0.210892
0.332515,0.085564,-0.203244
0.330726,0.090885,-0.201206
0.327521,0.094772,-0.200813
0.324491,0.098830,-0.200220
0.321463,0.102887,-0.199625
0.318012,0.106519,-0.199521
0.314548,0.110138,-0.199432
0.311115,0.113787,-0.199307
0.307663,0.117416,-0.199205
0.304192,0.121027,-0.199124
0.300719,0.124635,-0.199046
0.297001,0.128007,-0.199246
0.293270,0.131366,-0.199460
0.289537,0.134726,-0.199675
0.285805,0.138088,-0.199890
0.282110,0.141488,-0.200059
0.278471,0.144942,-0.200166
0.274841,0.148405,-0.200263
0.271181,0.151842,-0.200391
0.267444,0.155208,-0.200606
0.263706,0.158574,-0.200820
0.259975,0.161949,-0.201026
0.256068,0.165163,-0.201426
0.252166,0.168384,-0.201818
0.248262,0.171607,-0.202212
0.243872,0.174389,-0.203139
0.239476,0.177170,-0.204071
0.234932,0.179825,-0.205162
0.229966,0.182105,-0.206711
0.224994,0.184390,-0.208262
0.220366,0.186996,-0.209429
0.215818,0.189682,-0.210504
0.211183,0.192297,-0.211670
0.206071,0.194498,-0.213350
0.201150,0.196879,-0.214815
0.195671,0.198780,-0.216880
0.189915,0.200451,-0.219238
0.183902,0.201915,-0.221863
0.177682,0.203215,-0.224703
0.171374,0.204459,-0.227625
0.165053,0.205712,-0.230550
0.158503,0.206787,-0.233710
0.151824,0.207773,-0.236994
0.145204,0.208832,-0.240203
0.138758,0.210060,-0.243215
0.132341,0.211334,-0.246183
0.126349,0.212985,-0.248689
0.120420,0.214707,-0.251116
0.114938,0.216819,-0.253061
0.109392,0.218892,-0.255066
0.104194,0.221267,-0.256695
0.099368,0.223962,-0.257924
0.094634,0.226742,-0.259052
0.089682,0.229351,-0.260405
0.310276,0.011830,-0.251973
0.313458,0.022538,-0.243982
0.316598,0.033148,-0.236072
0.319715,0.043677,-0.228222
0.322809,0.054128,-0.220429
0.325879,0.064502,-0.212695
0.328927,0.074798,-0.205018
0.329854,0.082896,-0.199826
0.327607,0.087758,-0.198321
0.324742,0.091989,-0.197535
0.321710,0.096049,-0.196944
0.318681,0.100108,-0.196352
0.315581,0.104091,-0.195843
0.312224,0.107817,-0.195632
0.308790,0.111466,-0.195508
0.305354,0.115113,-0.195386
0.301883,0.118724,-0.195305
0.298340,0.122266,-0.195307
0.294748,0.125759,-0.195363
0.291119,0.129219,-0.195460
0.287387,0.132579,-0.195674
0.283666,0.135952,-0.195875
0.279977,0.139358,-0.196037
0.276287,0.142765,-0.196200
0.272608,0.146182,-0.196351
0.268909,0.149582,-0.196523
0.265183,0.152959,-0.196723
0.261459,0.156339,-0.196921
0.257689,0.159679,-0.197169
0.253793,0.162903,-0.197556
0.249894,0.166129,-0.197943
0.245856,0.169229,-0.198483
0.241520,0.172061,-0.199348
0.237205,0.174917,-0.200187
0.232511,0.177437,-0.201438
0.227542,0.179715,-0.202987
0.222633,0.182058,-0.204462
0.218030,0.184688,-0.205597
0.213482,0.187374,-0.206669
0.208721,0.189878,-0.207966
0.203608,0.192079,-0.209642
0.198526,0.194319,-0.211278
0.192868,0.196063,-0.213529
0.187188,0.197804,-0.215795
0.181112,0.199215,-0.218479
0.174910,0.200533,-0.221289
0.168549,0.201733,-0.224258
0.162120,0.202894,-0.227289
0.155596,0.203994,-0.230408
0.148823,0.204903,-0.233782
0.142165,0.205931,-0.237021
0.135717,0.207160,-0.240024
0.129325,0.208457,-0.242955
0.123322,0.210103,-0.245461
0.117421,0.211850,-0.247851
0.111968,0.213990,-0.249757
0.106564,0.216184,-0.251604
0.101279,0.218489,-0.253318
0.096417,0.221156,-0.254581
0.091716,0.223966,-0.255669
0.086684,0.226513,-0.257098
0.309424,0.011030,-0.246279
0.312899,0.022036,-0.237974
0.316039,0.032638,-0.230094
0.319155,0.043160,-0.222272
0.322248,0.053604,-0.214509
0.325318,0.063971,-0.206803
0.328366,0.074261,-0.199154
0.326652,0.079680,-0.197028
0.324754,0.084899,-0.195124
0.322028,0.089274,-0.194179
0.319031,0.093370,-0.193548
0.316001,0.097430,-0.192958
0.312907,0.101422,-0.192442
0.309650,0.105250,-0.192115
0.306395,0.109076,-0.191787
0.303031,0.112795,-0.191583
0.299570,0.116417,-0.191492
0.295961,0.119895,-0.191566
0.292352,0.123374,-0.191641
0.288776,0.126886,-0.191678
0.285200,0.130397,-0.191715
0.281533,0.133823,-0.191853
0.277849,0.137234,-0.192010
0.274164,0.140645,-0.192167
0.270479,0.144057,-0.192324
0.266707,0.147388,-0.192577
0.262956,0.150743,-0.192804
0.259231,0.154123,-0.193002
0.255410,0.157415,-0.193305
0.251512,0.160639,-0.193691
0.247614,0.163866,-0.194076
0.243518,0.166914,-0.194677
0.239254,0.169812,-0.195461
0.234946,0.172677,-0.196288
0.230117,0.175072,-0.197684
0.225226,0.177423,-0.199141
0.220381,0.179825,-0.200542
0.215691,0.182376,-0.201768
0.211137,0.185058,-0.202842
0.206146,0.187358,-0.204385
0.200996,0.189528,-0.206094
0.195720,0.191597,-0.207933
0.189954,0.193250,-0.210292
0.184269,0.194988,-0.212556
0.178074,0.196297,-0.215358
0.171839,0.197590,-0.218192
0.165356,0.198687,-0.221281
0.158888,0.199818,-0.224342
0.152326,0.200889,-0.227491
0.145644,0.201878,-0.230756
0.139033,0.202950,-0.233933
0.132637,0.204227,-0.236868
0.126306,0.205579,-0.239723
0.120299,0.207223,-0.242225
0.114420,0.208992,-0.244583
0.108947,0.211118,-0.246502
0.103532,0.213305,-0.248354
0.098251,0.215617,-0.250056
0.093351,0.218256,-0.251353
0.088515,0.220957,-0.252577
0.309179,0.010859,-0.239890
0.312342,0.021534,-0.231978
0.315481,0.032129,-0.224127
0.318596,0.042644,-0.216334
0.321689,0.053081,-0.208599
0.324758,0.063441,-0.200922
0.325404,0.071285,-0.196068
0.323393,0.076407,-0.194290
0.321898,0.082037,-0.191925
0.319259,0.086502,-0.190882
0.316324,0.090663,-0.190181
0.313319,0.094750,-0.189562
0.310232,0.098751,-0.189040
0.306974,0.102581,-0.188712
0.303718,0.106410,-0.188385
0.300466,0.110240,-0.188054
0.297159,0.114015,-0.187787
0.293581,0.117524,-0.187826
0.289971,0.121004,-0.187901
0.286379,0.124501,-0.187955
0.282806,0.128017,-0.187987
0.279279,0.131577,-0.187969
0.275739,0.135127,-0.187963
0.272054,0.138538,-0.188120
0.268345,0.141927,-0.188303
0.264569,0.145255,-0.188559
0.260792,0.148585,-0.188815
0.257013,0.151915,-0.189071
0.253132,0.155153,-0.189439
0.249236,0.158379,-0.189822
0.245338,0.161607,-0.190205
0.241144,0.164565,-0.190912
0.236878,0.167462,-0.191694
0.232570,0.170328,-0.192518
0.227748,0.172732,-0.193901
0.222919,0.175139,-0.195285
0.218130,0.177592,-0.196621
0.213438,0.180142,-0.197845
0.208791,0.182742,-0.199015
0.203638,0.184897,-0.200729
0.198366,0.186961,-0.202564
0.192909,0.188872,-0.204591
0.187019,0.190417,-0.207075
0.181213,0.192052,-0.209459
0.175002,0.193350,-0.212268
0.168766,0.194645,-0.215093
0.162223,0.195693,-0.218234
0.155652,0.196738,-0.221393
0.149054,0.197781,-0.224570
0.142402,0.198800,-0.227790
0.135992,0.200048,-0.230741
0.129695,0.201411,-0.233563
0.123420,0.202812,-0.236348
0.117373,0.204426,-0.238883
0.111479,0.206185,-0.241246
0.105947,0.208263,-0.243221
0.100496,0.210423,-0.245103
0.095353,0.212852,-0.246654
0.090262,0.215335,-0.248145
0.085183,0.217839,-0.249617
0.308623,0.010366,-0.233876
0.311785,0.021033,-0.225995
0.314924,0.031620,-0.218172
0.318039,0.042129,-0.210407
0.319867,0.051266,-0.204158
0.321390,0.060047,-0.198285
0.321843,0.067700,-0.193666
0.320533,0.073538,-0.191086
0.319041,0.079173,-0.188724
0.316488,0.083728,-0.187583
0.313553,0.087892,-0.186883
0.310619,0.092053,-0.186184
0.307555,0.096080,-0.185635
0.304297,0.099911,-0.185308
0.301123,0.103823,-0.184888
0.297955,0.107738,-0.184461
0.294587,0.111455,-0.184264
0.291082,0.115038,-0.184219
0.287578,0.118621,-0.184173
0.283982,0.122115,-0.184232
0.280430,0.125653,-0.184239
0.276902,0.129214,-0.184221
0.273373,0.132775,-0.184202
0.269843,0.136334,-0.184186
0.266196,0.139784,-0.184298
0.262409,0.143101,-0.184566
0.258619,0.146420,-0.184835
0.254811,0.149723,-0.185123
0.250888,0.152922,-0.185535
0.246964,0.156122,-0.185947
0.243033,0.159320,-0.186366
0.238775,0.162221,-0.187139
0.234518,0.165128,-0.187908
0.230068,0.167865,-0.188885
0.225243,0.170267,-0.190265
0.220486,0.172741,-0.191566
0.215705,0.175203,-0.192888
0.211058,0.177794,-0.194059
0.206383,0.180370,-0.195256
0.201093,0.182404,-0.197112
0.195798,0.184448,-0.198965
0.190099,0.186147,-0.201244
0.184203,0.187689,-0.203725
0.178170,0.189127,-0.206344
0.171972,0.190439,-0.209129
0.165727,0.191729,-0.211953
0.159228,0.192818,-0.215036
0.152688,0.193893,-0.218151
0.146293,0.195113,-0.221100
0.139713,0.196196,-0.224233
0.133314,0.197455,-0.227162
0.127027,0.198828,-0.229963
0.120739,0.200220,-0.232752
0.114540,0.201706,-0.235438
0.108537,0.203376,-0.237908
0.102962,0.205420,-0.239920
0.097357,0.207455,-0.241955
0.092189,0.209866,-0.243526
0.086918,0.212204,-0.245198
0.081867,0.214735,-0.246634
0.307810,0.009604,-0.228173
0.311229,0.020533,-0.220021
0.314367,0.031113,-0.212227
0.316314,0.040415,-0.205837
0.317384,0.048773,-0.200481
0.319223,0.057877,-0.194264
0.319118,0.064965,-0.190297
0.317992,0.070991,-0.187513
0.316405,0.076533,-0.185266
0.313822,0.081060,-0.184162
0.310902,0.085241,-0.183445
0.307983,0.089419,-0.182730
0.304968,0.093496,-0.182126
0.301781,0.097400,-0.181719
0.298612,0.101319,-0.181293
0.295444,0.105236,-0.180867
0.292013,0.108893,-0.180739
0.288508,0.112477,-0.180694
0.285012,0.116071,-0.180639
0.281523,0.119670,-0.180576
0.278008,0.123245,-0.180542
0.274464,0.126793,-0.180540
0.270920,0.130340,-0.180538
0.267376,0.133888,-0.180535
0.263772,0.137379,-0.180600
0.260167,0.140871,-0.180665
0.256435,0.144243,-0.180869
0.252591,0.147514,-0.181194
0.248667,0.150712,-0.181606
0.244716,0.153888,-0.182046
0.240657,0.156969,-0.182603
0.236415,0.159884,-0.183356
0.232160,0.162794,-0.184120
0.227573,0.165407,-0.185242
0.222851,0.167905,-0.186506
0.218122,0.170405,-0.187772
0.213310,0.172840,-0.189122
0.208585,0.175362,-0.190374
0.203749,0.177794,-0.191739
0.198441,0.179815,-0.193607
0.193142,0.181858,-0.195457
0.187301,0.183433,-0.197880
0.181401,0.184973,-0.200358
0.175278,0.186335,-0.203062
0.169056,0.187628,-0.205863
0.162770,0.188885,-0.208719
0.156337,0.190034,-0.211722
0.149795,0.191109,-0.214827
0.143431,0.192360,-0.217732
0.137022,0.193591,-0.220674
0.130621,0.194849,-0.223596
0.124338,0.196228,-0.226382
0.118055,0.197625,-0.229158
0.111753,0.199026,-0.231942
0.105490,0.200478,-0.234675
0.099895,0.202510,-0.236700
0.094289,0.204545,-0.238728
0.088790,0.206684,-0.240637
0.083558,0.209058,-0.242261
0.306334,0.008153,-0.223247
0.310675,0.020034,-0.214059
0.313249,0.030026,-0.206942
0.313890,0.037981,-0.202074
0.315055,0.046438,-0.196625
0.317070,0.055723,-0.190225
0.317060,0.062906,-0.186163
0.316029,0.069029,-0.183279
0.314445,0.074573,-0.181037
0.311531,0.078767,-0.180312
0.308574,0.082913,-0.179638
0.305656,0.087093,-0.178924
0.302614,0.091145,-0.178351
0.299269,0.094894,-0.178122
0.296095,0.098810,-0.177702
0.292929,0.102730,-0.177275
0.289478,0.106369,-0.177169
0.285996,0.109978,-0.177097
0.282506,0.113579,-0.177034
0.279009,0.117173,-0.176979
0.275492,0.120747,-0.176947
0.271975,0.124322,-0.176914
0.268454,0.127893,-0.176885
0.264884,0.131417,-0.176912
0.261279,0.134909,-0.176976
0.257667,0.138395,-0.177047
0.254052,0.141880,-0.177121
0.250320,0.145256,-0.177322
0.246372,0.148433,-0.177759
0.242416,0.151606,-0.178202
0.238274,0.154610,-0.178847
0.234030,0.157525,-0.179599
0.229717,0.160384,-0.180423
0.225134,0.163001,-0.181537
0.220488,0.165569,-0.182713
0.215744,0.168057,-0.183990
0.210925,0.170486,-0.185345
0.206111,0.172929,-0.186687
0.201113,0.175218,-0.188221
0.195793,0.177231,-0.190094
0.190394,0.179185,-0.192046
0.184502,0.180717,-0.194514
0.178595,0.182254,-0.196989
0.172400,0.183554,-0.199762
0.166142,0.184819,-0.202590
0.159812,0.186040,-0.205483
0.153371,0.187185,-0.208483
0.146919,0.188340,-0.211482
0.140587,0.189619,-0.214344
0.134245,0.190910,-0.217205
0.127739,0.192081,-0.220226
0.121384,0.193401,-0.223077
0.115029,0.194740,-0.225918
0.108781,0.196189,-0.228636
0.102478,0.197610,-0.231401
0.096797,0.199572,-0.233508
0.091086,0.201523,-0.235637
0.085362,0.203479,-0.237770
0.080127,0.205855,-0.239389
0.303909,0.005716,-0.219418
0.309334,0.018720,-0.209014
0.310943,0.027712,-0.203029
0.311665,0.035752,-0.198082
0.312813,0.044192,-0.192669
0.314727,0.053375,-0.186404
0.314974,0.060820,-0.182061
0.314066,0.067068,-0.179047
0.312235,0.072363,-0.177091
0.309262,0.076498,-0.176435
0.306291,0.080630,-0.175780
0.303328,0.084766,-0.175117
0.300261,0.088794,-0.174575
0.296915,0.092544,-0.174347
0.293576,0.096298,-0.174112
0.290371,0.100181,-0.173730
0.286907,0.103810,-0.173637
0.283443,0.107438,-0.173544
0.279983,0.111071,-0.173446
0.276509,0.114688,-0.173366
0.273002,0.118274,-0.173321
0.269496,0.121861,-0.173276
0.265989,0.125447,-0.173230
0.262371,0.128927,-0.173308
0.258734,0.132391,-0.173407
0.255118,0.135875,-0.173481
0.251493,0.139352,-0.173565
0.247710,0.142683,-0.173820
0.243927,0.146015,-0.174074
0.240116,0.149323,-0.174358
0.235826,0.152192,-0.175161
0.231496,0.155030,-0.176003
0.227118,0.157829,-0.176894
0.222493,0.160410,-0.178047
0.217867,0.162998,-0.179199
0.213172,0.165532,-0.180419
0.208397,0.168003,-0.181719
0.203619,0.170480,-0.183018
0.198474,0.172638,-0.184705
0.193151,0.174650,-0.186574
0.187623,0.176492,-0.188655
0.181731,0.178027,-0.191115
0.175810,0.179553,-0.193596
0.169613,0.180853,-0.196361
0.163385,0.182146,-0.199147
0.157037,0.183353,-0.202049
0.150636,0.184535,-0.204996
0.144247,0.185747,-0.207918
0.137928,0.187039,-0.210757
0.131580,0.188327,-0.213613
0.125033,0.189464,-0.216667
0.118357,0.190512,-0.219845
0.111984,0.191838,-0.222694
0.105729,0.193284,-0.225409
0.099426,0.194708,-0.228164
0.093462,0.196435,-0.230556
0.087732,0.198375,-0.232695
0.081712,0.200088,-0.235127
0.302703,0.004544,-0.214191
0.307004,0.016382,-0.205108
0.308637,0.025400,-0.199113
0.309673,0.033762,-0.193825
0.310798,0.042178,-0.188455
0.312385,0.051027,-0.182582
0.312818,0.058664,-0.178040
0.311986,0.064987,-0.174950
0.309967,0.070093,-0.173213
0.306993,0.074228,-0.172559
0.304022,0.078361,-0.171905
0.301092,0.082531,-0.171207
0.298007,0.086542,-0.170686
0.294646,0.090277,-0.170475
0.291285,0.094011,-0.170266
0.287897,0.097716,-0.170087
0.284479,0.101391,-0.169943
0.281087,0.105091,-0.169769
0.277696,0.108791,-0.169596
0.274158,0.112347,-0.169585
0.270599,0.115885,-0.169597
0.267056,0.119438,-0.169591
0.263531,0.123008,-0.169566
0.259883,0.126461,-0.169676
0.256234,0.129915,-0.169786
0.252584,0.133369,-0.169896
0.248886,0.136779,-0.170058
0.245114,0.140121,-0.170300
0.241340,0.143465,-0.170542
0.237457,0.146708,-0.170902
0.233209,0.149617,-0.171656
0.228943,0.152516,-0.172425
0.224479,0.155239,-0.173405
0.219861,0.157828,-0.174547
0.215237,0.160420,-0.175691
0.210496,0.162914,-0.176955
0.205706,0.165373,-0.178267
0.200917,0.167842,-0.179572
0.195814,0.170041,-0.181207
0.190496,0.172059,-0.183064
0.184927,0.173865,-0.185182
0.179095,0.175455,-0.187569
0.173129,0.176943,-0.190090
0.166998,0.178304,-0.192774
0.160765,0.179593,-0.195556
0.154383,0.180773,-0.198484
0.147962,0.181938,-0.201442
0.141581,0.183159,-0.204345
0.135257,0.184449,-0.207178
0.128915,0.185743,-0.210020
0.122359,0.186874,-0.213073
0.115677,0.187917,-0.216247
0.108930,0.188928,-0.219475
0.102615,0.190326,-0.222242
0.096284,0.191731,-0.225014
0.090048,0.193233,-0.227678
0.083984,0.194898,-0.230154
0.077914,0.196574,-0.232628
0.300374,0.002206,-0.210255
0.304589,0.013954,-0.201300
0.306333,0.023089,-0.195196
0.307681,0.031773,-0.189568
0.308783,0.040165,-0.184242
0.310042,0.048679,-0.178759
0.310662,0.056506,-0.174020
0.309875,0.062875,-0.170889
0.307760,0.067885,-0.169264
0.304862,0.072097,-0.168527
0.301966,0.076306,-0.167790
0.299073,0.080512,-0.167055
0.295964,0.084499,-0.166561
0.292605,0.088235,-0.166350
0.289262,0.091987,-0.166120
0.285869,0.095688,-0.165948
0.282396,0.099308,-0.165865
0.278922,0.102929,-0.165783
0.275424,0.106525,-0.165727
0.271822,0.110021,-0.165787
0.268263,0.113559,-0.165800
0.264703,0.117096,-0.165812
0.261074,0.120569,-0.165899
0.257395,0.123994,-0.166042
0.253745,0.127448,-0.166152
0.250095,0.130904,-0.166261
0.246339,0.134262,-0.166484
0.242547,0.137587,-0.166746
0.238768,0.140928,-0.166992
0.234748,0.144045,-0.167498
0.230502,0.146959,-0.168245
0.226278,0.149899,-0.168966
0.221797,0.152608,-0.169960
0.217218,0.155235,-0.171055
0.212607,0.157840,-0.172180
0.207819,0.160294,-0.173490
0.203019,0.162746,-0.174807
0.198141,0.165138,-0.176202
0.193034,0.167335,-0.177834
0.187841,0.169466,-0.179552
0.182184,0.171197,-0.181755
0.176447,0.172872,-0.184034
0.170445,0.174331,-0.186583
0.164311,0.175690,-0.189262
0.158143,0.177039,-0.191965
0.151732,0.178194,-0.194914
0.145248,0.179308,-0.197926
0.138825,0.180493,-0.200865
0.132436,0.181729,-0.203756
0.126029,0.182969,-0.206655
0.119362,0.184007,-0.209812
0.112610,0.184994,-0.213046
0.105839,0.185988,-0.216288
0.099506,0.187373,-0.219063
0.093163,0.188770,-0.221838
0.086553,0.189962,-0.224878
0.079960,0.191189,-0.227889
0.073825,0.192817,-0.230417
0.298045,-0.000132,-0.206319
0.302179,0.011533,-0.197483
0.304336,0.021094,-0.190930
0.305700,0.029794,-0.185302
0.306922,0.038309,-0.179856
0.309519,0.048187,-0.172880
0.309909,0.055773,-0.168419
0.308913,0.061926,-0.165535
0.306372,0.066502,-0.164396
0.303310,0.070547,-0.163848
0.300249,0.074588,-0.163299
0.297190,0.078628,-0.162750
0.294002,0.082536,-0.162348
0.290697,0.086325,-0.162077
0.287392,0.090114,-0.161806
0.283926,0.093742,-0.161716
0.280418,0.097329,-0.161671
0.276967,0.100971,-0.161566
0.273397,0.104497,-0.161590
0.269685,0.107887,-0.161769
0.265974,0.111279,-0.161948
0.262363,0.114769,-0.162016
0.258683,0.118193,-0.162159
0.254975,0.121592,-0.162332
0.251265,0.124992,-0.162505
0.247595,0.128429,-0.162636
0.243802,0.131754,-0.162897
0.240004,0.135075,-0.163164
0.236198,0.138392,-0.163437
0.232084,0.141425,-0.164041
0.227861,0.144362,-0.164761
0.223630,0.147297,-0.165486
0.219053,0.149920,-0.166578
0.214427,0.152507,-0.167719
0.209776,0.155079,-0.168882
0.205081,0.157619,-0.170086
0.200292,0.160084,-0.171386
0.195323,0.162396,-0.172872
0.190215,0.164593,-0.174500
0.185051,0.166754,-0.176180
0.179286,0.168391,-0.178488
0.173519,0.170042,-0.180790
0.167494,0.171483,-0.183354
0.161291,0.172785,-0.186095
0.155051,0.174073,-0.188864
0.148673,0.175261,-0.191767
0.142175,0.176363,-0.194784
0.135793,0.177588,-0.197668
0.129452,0.178868,-0.200499
0.123038,0.180104,-0.203395
0.116330,0.181110,-0.206583
0.109537,0.182065,-0.209849
0.102754,0.183051,-0.213090
0.096397,0.184419,-0.215881
0.089752,0.185565,-0.218956
0.082944,0.186595,-0.222187
0.075019,0.186714,-0.226553
0.296216,-0.001950,-0.201814
0.299835,0.009180,-0.193591
0.302359,0.019121,-0.186642
0.304120,0.028228,-0.180583
0.305850,0.037260,-0.174583
0.309528,0.048236,-0.166414
0.309282,0.055169,-0.162686
0.307359,0.060379,-0.160854
0.305036,0.065172,-0.159477
0.301977,0.069216,-0.158927
0.298900,0.073239,-0.158400
0.295813,0.077248,-0.157886
0.292619,0.081148,-0.157493
0.289265,0.084886,-0.157278
0.285840,0.088554,-0.157143
0.282335,0.092142,-0.157096
0.278769,0.095670,-0.157118
0.275190,0.099187,-0.157153
0.271447,0.102544,-0.157367
0.267653,0.105854,-0.157637
0.263941,0.109245,-0.157817
0.260195,0.112605,-0.158032
0.256363,0.115885,-0.158340
0.252653,0.119283,-0.158513
0.248942,0.122683,-0.158687
0.245128,0.125986,-0.158971
0.241219,0.129203,-0.159358
0.237413,0.132518,-0.159631
0.233572,0.135804,-0.159941
0.229384,0.138771,-0.160621
0.225192,0.141739,-0.161303
0.220855,0.144579,-0.162138
0.216186,0.147120,-0.163325
0.211510,0.149664,-0.164513
0.206886,0.152263,-0.165642
0.202299,0.154904,-0.166727
0.197515,0.157375,-0.168017
0.192446,0.159600,-0.169601
0.187325,0.161789,-0.171236
0.181962,0.163774,-0.173120
0.176161,0.165382,-0.175457
0.170385,0.167029,-0.177759
0.164278,0.168401,-0.180398
0.158130,0.169754,-0.183072
0.151861,0.171021,-0.185860
0.145514,0.172239,-0.188720
0.139098,0.173416,-0.191640
0.132742,0.174667,-0.194486
0.126407,0.175955,-0.197300
0.120045,0.177238,-0.200132
0.113297,0.178212,-0.203351
0.106495,0.179162,-0.206613
0.099641,0.180091,-0.209917
0.092504,0.180803,-0.213498
0.085362,0.181535,-0.217072
0.077666,0.181828,-0.221199
0.068678,0.181069,-0.226633
0.294498,-0.003653,-0.197185
0.298225,0.007587,-0.188868
0.300456,0.017224,-0.182273
0.302388,0.026505,-0.176041
0.307878,0.039385,-0.165832
0.309315,0.048060,-0.160213
0.308132,0.054033,-0.157551
0.305807,0.058832,-0.156176
0.303574,0.063714,-0.154704
0.300647,0.067890,-0.154009
0.297558,0.071897,-0.153500
0.294469,0.075902,-0.152990
0.291185,0.079709,-0.152700
0.287775,0.083390,-0.152549
0.284373,0.087078,-0.152390
0.280719,0.090517,-0.152509
0.277102,0.093994,-0.152587
0.273410,0.097400,-0.152746
0.269618,0.100708,-0.153015
0.265833,0.104026,-0.153275
0.262008,0.107308,-0.153577
0.258078,0.110491,-0.153992
0.254257,0.113782,-0.154287
0.250417,0.117057,-0.154600
0.246661,0.120414,-0.154822
0.242756,0.123632,-0.155203
0.238802,0.126807,-0.155637
0.234844,0.129983,-0.156071
0.230870,0.133147,-0.156521
0.226663,0.136098,-0.157219
0.222449,0.139047,-0.157923
0.217961,0.141751,-0.158914
0.213280,0.144284,-0.160107
0.208594,0.146821,-0.161302
0.203994,0.149445,-0.162400
0.199403,0.152085,-0.163484
0.194694,0.154628,-0.164688
0.189570,0.156804,-0.166326
0.184436,0.158985,-0.167967
0.178869,0.160790,-0.170058
0.173062,0.162397,-0.172392
0.167182,0.163955,-0.174794
0.161067,0.165323,-0.177432
0.154935,0.166695,-0.180077
0.148639,0.167941,-0.182884
0.142276,0.169149,-0.185749
0.135893,0.170358,-0.188624
0.129480,0.171563,-0.191518
0.123101,0.172816,-0.194367
0.116518,0.173914,-0.197415
0.109558,0.174710,-0.200841
0.102680,0.175601,-0.204168
0.095465,0.176228,-0.207829
0.087930,0.176611,-0.211803
0.080560,0.177158,-0.215595
0.069640,0.174755,-0.223000
0.291966,-0.006202,-0.193481
0.296617,0.005996,-0.184147
0.298953,0.015739,-0.177456
0.300804,0.024935,-0.171336
0.307962,0.039520,-0.159290
0.308690,0.047463,-0.154487
0.306579,0.052488,-0.152872
0.304517,0.057552,-0.151210
0.302092,0.062237,-0.149958
0.299395,0.066641,-0.149012
0.296257,0.070596,-0.148559
0.293092,0.074522,-0.148138
0.289832,0.078351,-0.147822
0.286410,0.082017,-0.147687
0.282923,0.085618,-0.147623
0.279257,0.089044,-0.147757
0.275582,0.092463,-0.147899
0.271766,0.095744,-0.148195
0.267934,0.099013,-0.148508
0.264061,0.102244,-0.148863
0.260080,0.105375,-0.149333
0.256043,0.108455,-0.149864
0.252031,0.111563,-0.150364
0.248218,0.114865,-0.150648
0.244377,0.118142,-0.150960
0.240301,0.121200,-0.151524
0.236336,0.124366,-0.151967
0.232369,0.127534,-0.152410
0.228199,0.130517,-0.153067
0.223907,0.133392,-0.153852
0.219690,0.136342,-0.154554
0.215067,0.138922,-0.155685
0.210376,0.141449,-0.156885
0.205705,0.144003,-0.158058
0.201142,0.146664,-0.159111
0.196542,0.149299,-0.160199
0.191747,0.151765,-0.161490
0.186639,0.153960,-0.163103
0.181499,0.156138,-0.164744
0.175804,0.157832,-0.166961
0.169994,0.159439,-0.169290
0.164046,0.160941,-0.171752
0.157947,0.162326,-0.174364
0.151809,0.163695,-0.177006
0.145415,0.164859,-0.179902
0.138982,0.166009,-0.182830
0.132574,0.167200,-0.185720
0.126101,0.168357,-0.188665
0.119682,0.169580,-0.191543
0.112791,0.170417,-0.194897
0.105714,0.171119,-0.198428
0.098762,0.171952,-0.201818
0.091243,0.172326,-0.205777
0.083599,0.172622,-0.209848
0.071956,0.169579,-0.217983
0.290003,-0.008159,-0.189133
0.294380,0.003754,-0.180138
0.297452,0.014256,-0.172642
0.300786,0.024974,-0.164882
0.307809,0.039412,-0.153030
0.307414,0.046202,-0.149499
0.305437,0.051360,-0.147742
0.303267,0.056311,-0.146206
0.300619,0.060768,-0.145207
0.297902,0.065150,-0.144287
0.294901,0.069240,-0.143686
0.291770,0.073198,-0.143229
0.288569,0.077082,-0.142852
0.285122,0.080721,-0.142746
0.281554,0.084239,-0.142774
0.277872,0.087646,-0.142926
0.274048,0.090916,-0.143232
0.270189,0.094154,-0.143574
0.266329,0.097394,-0.143917
0.262363,0.100534,-0.144373
0.258323,0.103607,-0.144907
0.254224,0.106626,-0.145504
0.250133,0.109658,-0.146088
0.245959,0.112616,-0.146760
0.242082,0.115859,-0.147110
0.237933,0.118850,-0.147749
0.233817,0.121875,-0.148352
0.229848,0.125043,-0.148794
0.225603,0.127958,-0.149528
0.221302,0.130825,-0.150321
0.216783,0.133498,-0.151340
0.212157,0.136079,-0.152469
0.207462,0.138604,-0.153668
0.202832,0.141199,-0.154791
0.198274,0.143867,-0.155836
0.193688,0.146517,-0.156905
0.188750,0.148858,-0.158339
0.183689,0.151098,-0.159896
0.178395,0.153141,-0.161692
0.172671,0.154812,-0.163929
0.166925,0.156479,-0.166182
0.160904,0.157919,-0.168712
0.154800,0.159304,-0.171318
0.148661,0.160676,-0.173950
0.142225,0.161806,-0.176881
0.135769,0.162939,-0.179820
0.129207,0.164000,-0.182858
0.122737,0.165163,-0.185789
0.116230,0.166314,-0.188747
0.109058,0.166915,-0.192375
0.101865,0.167522,-0.196012
0.094506,0.168014,-0.199804
0.086784,0.168222,-0.203954
0.075492,0.165441,-0.211725
0.287443,-0.010738,-0.185458
0.291932,0.001293,-0.176364
0.295562,0.012372,-0.168267
0.300974,0.025224,-0.158213
0.306564,0.038187,-0.148000
0.305909,0.044707,-0.144771
0.304382,0.050321,-0.142522
0.301814,0.054865,-0.141434
0.299186,0.059340,-0.140417
0.296350,0.063599,-0.139633
0.293509,0.067849,-0.138858
0.290436,0.071860,-0.138342
0.287330,0.075836,-0.137862
0.283975,0.079563,-0.137657
0.280366,0.083038,-0.137731
0.276556,0.086316,-0.138024
0.272619,0.089473,-0.138453
0.268637,0.092589,-0.138930
0.264651,0.095705,-0.139410
0.260637,0.098798,-0.139916
0.256615,0.101886,-0.140430
0.252503,0.104892,-0.141039
0.248247,0.107765,-0.141800
0.243945,0.110600,-0.142608
0.239787,0.113577,-0.143259
0.235703,0.116629,-0.143826
0.231442,0.119520,-0.144580
0.227307,0.122533,-0.145198
0.222876,0.125276,-0.146128
0.218312,0.127902,-0.147194
0.213720,0.130509,-0.148287
0.209089,0.133090,-0.149415
0.204423,0.135646,-0.150577
0.199898,0.138340,-0.151584
0.195355,0.141024,-0.152608
0.190806,0.143712,-0.153633
0.185780,0.145975,-0.155153
0.180723,0.148222,-0.156701
0.175368,0.150213,-0.158553
0.169710,0.151946,-0.160714
0.164039,0.153683,-0.162879
0.157910,0.155030,-0.165511
0.151805,0.156416,-0.168109
0.145599,0.157731,-0.170802
0.139143,0.158847,-0.173741
0.132677,0.159975,-0.176679
0.125830,0.160792,-0.179999
0.119171,0.161794,-0.183113
0.112384,0.162709,-0.186345
0.105217,0.163319,-0.189955
0.097976,0.163891,-0.193626
0.089962,0.163829,-0.198072
0.082220,0.164029,-0.202224
0.285146,-0.013043,-0.181486
0.289449,-0.001204,-0.172629
0.293358,0.010164,-0.164245
0.301507,0.025829,-0.151177
0.304415,0.036035,-0.143981
0.303738,0.042535,-0.140786
0.302423,0.048363,-0.138309
0.300147,0.053202,-0.136902
0.297619,0.057777,-0.135779
0.294771,0.062022,-0.135013
0.291910,0.066249,-0.134263
0.289014,0.070436,-0.133555
0.286162,0.074661,-0.132801
0.282869,0.078446,-0.132532
0.279229,0.081886,-0.132641
0.275288,0.085034,-0.133076
0.271151,0.087991,-0.133723
0.267047,0.090987,-0.134333
0.262968,0.094010,-0.134911
0.258936,0.097084,-0.135437
0.254777,0.100039,-0.136098
0.250467,0.102855,-0.136917
0.246161,0.105680,-0.137730
0.241906,0.108559,-0.138485
0.237632,0.111427,-0.139256
0.233473,0.114409,-0.139902
0.229140,0.117232,-0.140731
0.224522,0.119795,-0.141860
0.219874,0.122338,-0.143014
0.215265,0.124925,-0.144124
0.210636,0.127502,-0.145249
0.205935,0.130021,-0.146447
0.201272,0.132584,-0.147599
0.196846,0.135372,-0.148498
0.192313,0.138070,-0.149505
0.187758,0.140755,-0.150531
0.182978,0.143244,-0.151789
0.177917,0.145489,-0.153334
0.172455,0.147387,-0.155289
0.166942,0.149252,-0.157292
0.161232,0.150957,-0.159489
0.155068,0.152275,-0.162149
0.148897,0.153605,-0.164805
0.142611,0.154853,-0.167570
0.136168,0.155983,-0.170485
0.129677,0.157091,-0.173439
0.122646,0.157751,-0.176935
0.115642,0.158458,-0.180390
0.108665,0.159213,-0.183805
0.101650,0.159958,-0.187245
0.093900,0.160099,-0.191421
0.085759,0.159935,-0.195978
0.282927,-0.015267,-0.177426
0.286905,-0.003764,-0.168959
0.291860,0.008684,-0.159439
0.298534,0.022831,-0.148050
0.302265,0.033883,-0.139963
0.301567,0.040362,-0.136801
0.300323,0.046262,-0.134254
0.298099,0.051154,-0.132794
0.295668,0.055827,-0.131568
0.293092,0.060345,-0.130506
0.290288,0.064627,-0.129697
0.287658,0.069077,-0.128702
0.284993,0.073485,-0.127748
0.281759,0.077325,-0.127416
0.278112,0.080755,-0.127535
0.273897,0.083630,-0.128268
0.269660,0.086488,-0.129023
0.265380,0.089309,-0.129821
0.261230,0.092264,-0.130475
0.256978,0.095123,-0.131237
0.252721,0.097984,-0.132000
0.248505,0.100889,-0.132717
0.244120,0.103639,-0.133611
0.239793,0.106450,-0.134441
0.235494,0.109294,-0.135236
0.230935,0.111899,-0.136306
0.226325,0.114463,-0.137425
0.221701,0.117023,-0.138554
0.217050,0.119565,-0.139707
0.212094,0.121834,-0.141177
0.207412,0.124365,-0.142354
0.202735,0.126911,-0.143520
0.198172,0.129569,-0.144562
0.193742,0.132357,-0.145460
0.189269,0.135113,-0.146399
0.184709,0.137796,-0.147426
0.180142,0.140482,-0.148455
0.175007,0.142663,-0.150071
0.169499,0.144522,-0.152067
0.164054,0.146451,-0.153990
0.158451,0.148254,-0.156068
0.152415,0.149687,-0.158587
0.146317,0.151083,-0.161159
0.140008,0.152312,-0.163937
0.133519,0.153403,-0.166890
0.126893,0.154396,-0.169972
0.119707,0.154922,-0.173615
0.112614,0.155555,-0.177148
0.105288,0.156011,-0.180906
0.097937,0.156472,-0.184675
0.089836,0.156317,-0.189191
0.081700,0.156162,-0.193727
0.271516,-0.034495,-0.187652
0.281599,-0.016564,-0.172376
0.284820,-0.005849,-0.164777
0.288459,0.005242,-0.156745
0.293366,0.017578,-0.147343
0.299910,0.031521,-0.136172
0.299483,0.038277,-0.132720
0.298222,0.044161,-0.130199
0.296129,0.049185,-0.128601
0.293666,0.053825,-0.127414
0.291067,0.058320,-0.126380
0.288453,0.062793,-0.125366
0.285955,0.067373,-0.124231
0.283205,0.071695,-0.123374
0.280095,0.075656,-0.122910
0.276273,0.078913,-0.123219
0.272219,0.081945,-0.123776
0.267880,0.084702,-0.124639
0.263626,0.087548,-0.125406
0.259372,0.090399,-0.126172
0.255118,0.093257,-0.126932
0.250801,0.096059,-0.127759
0.246463,0.098847,-0.128604
0.241972,0.101495,-0.129609
0.237461,0.104131,-0.130631
0.232849,0.106680,-0.131756
0.228306,0.109302,-0.132803
0.223509,0.111693,-0.134115
0.218879,0.114249,-0.135246
0.214194,0.116763,-0.136430
0.208813,0.118639,-0.138341
0.204138,0.121181,-0.139504
0.199376,0.123653,-0.140753
0.194988,0.126476,-0.141606
0.190570,0.129280,-0.142486
0.186311,0.132234,-0.143198
0.181723,0.134895,-0.144249
0.177128,0.137559,-0.145302
0.172226,0.139953,-0.146670
0.166899,0.141976,-0.148471
0.161487,0.143936,-0.150353
0.155675,0.145555,-0.152639
0.149689,0.147034,-0.155097
0.143765,0.148587,-0.157481
0.137598,0.149942,-0.160105
0.131103,0.151028,-0.163054
0.124354,0.151914,-0.166251
0.117036,0.152327,-0.170016
0.109542,0.152613,-0.173947
0.102159,0.153023,-0.177748
0.094098,0.152876,-0.182224
0.085787,0.152547,-0.186935
0.270785,-0.035166,-0.181894
0.280094,-0.018045,-0.167528
0.282752,-0.007916,-0.160577
0.284714,0.001445,-0.154423
0.289364,0.013523,-0.145330
0.297155,0.028750,-0.132819
0.297396,0.036189,-0.128644
0.296046,0.041983,-0.126228
0.293962,0.047017,-0.124625
0.291539,0.051698,-0.123398
0.288945,0.056198,-0.122362
0.286285,0.060624,-0.121402
0.283722,0.065141,-0.120339
0.280849,0.069342,-0.119617
0.277514,0.073082,-0.119397
0.273927,0.076572,-0.119450
0.269973,0.079703,-0.119898
0.265735,0.082558,-0.120650
0.261476,0.085401,-0.121419
0.257168,0.088200,-0.122240
0.252883,0.091027,-0.123032
0.248486,0.093754,-0.123940
0.244109,0.096505,-0.124824
0.239582,0.099121,-0.125862
0.235045,0.101733,-0.126909
0.230271,0.104130,-0.128201
0.225705,0.106732,-0.129269
0.220691,0.108920,-0.130804
0.216054,0.111473,-0.131937
0.210616,0.113287,-0.133906
0.205540,0.115452,-0.135489
0.200757,0.117899,-0.136759
0.196065,0.120439,-0.137928
0.191781,0.123362,-0.138668
0.187359,0.126166,-0.139548
0.183417,0.129413,-0.139926
0.178854,0.132100,-0.140946
0.174257,0.134765,-0.141995
0.169663,0.137438,-0.143039
0.164408,0.139529,-0.144759
0.158731,0.141253,-0.146908
0.153267,0.143182,-0.148830
0.147465,0.144827,-0.151089
0.141451,0.146300,-0.153557
0.135280,0.147652,-0.156176
0.128701,0.148665,-0.159202
0.121916,0.149520,-0.162425
0.114767,0.150081,-0.166006
0.107168,0.150276,-0.170031
0.099027,0.150032,-0.174589
0.090397,0.149399,-0.179623
0.081731,0.148770,-0.184676
0.271583,-0.034241,-0.174453
0.277869,-0.020276,-0.163481
0.280538,-0.010135,-0.156540
0.282251,-0.001031,-0.150679
0.285354,0.009460,-0.143313
0.293828,0.025393,-0.130089
0.294515,0.033292,-0.125437
0.293370,0.039297,-0.122804
0.291364,0.044413,-0.121118
0.289065,0.049220,-0.119759
0.286518,0.053769,-0.118675
0.283848,0.058187,-0.117728
0.281158,0.062578,-0.116806
0.278202,0.066700,-0.116174
0.274904,0.070479,-0.115914
0.271360,0.074012,-0.115920
0.267414,0.077153,-0.116356
0.263332,0.080164,-0.116936
0.259144,0.083076,-0.117627
0.254894,0.085932,-0.118382
0.250636,0.088788,-0.119142
0.246263,0.091538,-0.120022
0.241786,0.094194,-0.121008
0.237253,0.096804,-0.122051
0.232639,0.099344,-0.123174
0.227895,0.101770,-0.124430
0.223085,0.104144,-0.125750
0.218049,0.106314,-0.127303
0.212717,0.108217,-0.129160
0.207033,0.109806,-0.131380
0.202138,0.112144,-0.132765
0.197312,0.114557,-0.134073
0.192822,0.117288,-0.135025
0.188544,0.120222,-0.135754
0.184206,0.123105,-0.136542
0.180491,0.126564,-0.136681
0.175983,0.129303,-0.137639
0.171387,0.131971,-0.138683
0.166789,0.134645,-0.139726
0.161876,0.137043,-0.141089
0.156416,0.138964,-0.143007
0.150945,0.140887,-0.144929
0.145386,0.142748,-0.146933
0.139381,0.144228,-0.149384
0.133223,0.145591,-0.151983
0.126628,0.146591,-0.155014
0.119819,0.147424,-0.158252
0.112576,0.147902,-0.161918
0.104895,0.148026,-0.166012
0.096689,0.147726,-0.170621
0.087591,0.146691,-0.176112
0.078317,0.145543,-0.181758
0.270310,-0.035478,-0.169320
0.275560,-0.022593,-0.159526
0.277927,-0.012764,-0.152938
0.279492,-0.003811,-0.147257
0.280061,0.004079,-0.142689
0.290061,0.021586,-0.127832
0.291619,0.030381,-0.122240
0.290489,0.036404,-0.119597
0.288734,0.041775,-0.117645
0.286551,0.046703,-0.116162
0.283936,0.051185,-0.115154
0.281196,0.055535,-0.114283
0.278348,0.059772,-0.113534
0.275326,0.063830,-0.112974
0.272045,0.067628,-0.112695
0.268499,0.071164,-0.112701
0.264721,0.074473,-0.112953
0.260725,0.077570,-0.113439
0.256684,0.080627,-0.113970
0.252454,0.083504,-0.114701
0.248160,0.086327,-0.115496
0.243710,0.089003,-0.116454
0.239272,0.091699,-0.117395
0.234580,0.094159,-0.118600
0.229977,0.096713,-0.119707
0.225020,0.098939,-0.121182
0.220056,0.101169,-0.122658
0.214614,0.102961,-0.124630
0.208647,0.104275,-0.127143
0.203326,0.106210,-0.128972
0.198581,0.108693,-0.130194
0.193785,0.111138,-0.131463
0.189540,0.114100,-0.132157
0.185295,0.117068,-0.132847
0.181280,0.120253,-0.133295
0.177564,0.123712,-0.133434
0.173112,0.126506,-0.134329
0.168550,0.129207,-0.135334
0.164087,0.132005,-0.136233
0.159220,0.134447,-0.137543
0.153994,0.136579,-0.139214
0.148552,0.138530,-0.141100
0.143103,0.140489,-0.142985
0.137260,0.142112,-0.145264
0.131100,0.143473,-0.147856
0.124595,0.144551,-0.150787
0.117859,0.145447,-0.153942
0.110582,0.145895,-0.157630
0.102794,0.145926,-0.161819
0.094448,0.145504,-0.166555
0.085394,0.144507,-0.171984
0.269452,-0.036283,-0.163738
0.273877,-0.024260,-0.154882
0.275500,-0.015204,-0.149133
0.276386,-0.006949,-0.144212
0.276795,0.000779,-0.139830
0.281687,0.013064,-0.130582
0.287830,0.026558,-0.120010
0.287607,0.033508,-0.116389
0.285913,0.038946,-0.114373
0.283673,0.043818,-0.112956
0.281202,0.048448,-0.111793
0.278504,0.052843,-0.110880
0.275505,0.056932,-0.110293
0.272441,0.060951,-0.109778
0.269105,0.064699,-0.109556
0.265614,0.068292,-0.109501
0.261867,0.071634,-0.109720
0.258052,0.074911,-0.110010
0.254004,0.077963,-0.110546
0.249896,0.080962,-0.111143
0.245609,0.083792,-0.111928
0.241148,0.086461,-0.112892
0.236525,0.088980,-0.114025
0.231804,0.091416,-0.115255
0.226928,0.093713,-0.116644
0.221976,0.095947,-0.118107
0.216713,0.097898,-0.119890
0.210528,0.098996,-0.122629
0.204543,0.100301,-0.125149
0.199704,0.102693,-0.126467
0.194983,0.105203,-0.127657
0.190397,0.107848,-0.128701
0.186151,0.110815,-0.129390
0.181839,0.113726,-0.130145
0.178169,0.117229,-0.130234
0.174606,0.120833,-0.130212
0.170410,0.123863,-0.130840
0.166046,0.126744,-0.131639
0.161230,0.129226,-0.132895
0.156510,0.131802,-0.134049
0.151592,0.134211,-0.135400
0.146290,0.136287,-0.137137
0.140774,0.138187,-0.139084
0.135136,0.139993,-0.141147
0.128988,0.141365,-0.143719
0.122661,0.142598,-0.146461
0.115941,0.143508,-0.149589
0.108680,0.143968,-0.153250
0.100899,0.144004,-0.157421
0.092489,0.143526,-0.162206
0.083236,0.142356,-0.167818
0.267936,-0.037774,-0.158887
0.271949,-0.026181,-0.150511
0.273010,-0.017707,-0.145394
0.273296,-0.010070,-0.141141
0.273333,-0.002720,-0.137177
0.275488,0.006769,-0.130928
0.284097,0.022792,-0.117709
0.284319,0.030202,-0.113612
0.282630,0.035649,-0.111595
0.280569,0.040706,-0.109988
0.278363,0.045606,-0.108542
0.275582,0.049921,-0.107718
0.272557,0.053987,-0.107160
0.269532,0.058050,-0.106603
0.266119,0.061724,-0.106463
0.262695,0.065386,-0.106335
0.258971,0.068754,-0.106526
0.255247,0.072123,-0.106717
0.251253,0.075232,-0.107192
0.247040,0.078130,-0.107897
0.242746,0.080957,-0.108685
0.238392,0.083731,-0.109533
0.233755,0.086241,-0.110674
0.228980,0.088626,-0.111957
0.223877,0.090710,-0.113577
0.218810,0.092839,-0.115154
0.212721,0.094015,-0.117790
0.206431,0.095021,-0.120626
0.200705,0.096575,-0.122866
0.196077,0.099169,-0.123957
0.191380,0.101709,-0.125115
0.187008,0.104557,-0.125932
0.182671,0.107444,-0.126710
0.178495,0.110485,-0.127320
0.174931,0.114091,-0.127298
0.171509,0.117826,-0.127129
0.167688,0.121200,-0.127370
0.163414,0.124165,-0.128072
0.158752,0.126788,-0.129166
0.153931,0.129275,-0.130419
0.148953,0.131632,-0.131826
0.143927,0.133956,-0.133275
0.138460,0.135900,-0.135167
0.132826,0.137710,-0.137218
0.126998,0.139364,-0.139459
0.120781,0.140692,-0.142082
0.114226,0.141745,-0.145036
0.107049,0.142277,-0.148601
0.099163,0.142219,-0.152865
0.090439,0.141469,-0.157950
0.080797,0.139962,-0.163933
0.265748,-0.039965,-0.154774
0.269298,-0.028854,-0.146930
0.270482,-0.020251,-0.141694
0.270382,-0.013010,-0.137874
0.270169,-0.005913,-0.134192
0.269813,0.001010,-0.130679
0.276585,0.015174,-0.119478
0.279818,0.025663,-0.112137
0.279043,0.032044,-0.109138
0.277421,0.037550,-0.107060
0.275128,0.042367,-0.105710
0.272407,0.046746,-0.104823
0.269504,0.050938,-0.104134
0.266492,0.055017,-0.103563
0.263088,0.058704,-0.103411
0.259685,0.062391,-0.103259
0.256075,0.065875,-0.103326
0.252203,0.069101,-0.103672
0.248258,0.072261,-0.104092
0.244147,0.075263,-0.104686
0.239753,0.077996,-0.105574
0.235226,0.080607,-0.106599
0.230508,0.083043,-0.107820
0.225613,0.085319,-0.109221
0.220713,0.087600,-0.110622
0.214822,0.088952,-0.113050
0.208644,0.090050,-0.115768
0.202258,0.090974,-0.118690
0.197137,0.093102,-0.120291
0.192464,0.095661,-0.121422
0.187854,0.098286,-0.122485
0.183504,0.101159,-0.123274
0.179150,0.104036,-0.124064
0.175256,0.107342,-0.124379
0.171852,0.111097,-0.124191
0.168455,0.114860,-0.123995
0.164735,0.118328,-0.124130
0.160510,0.121342,-0.124778
0.156206,0.124289,-0.125504
0.151368,0.126763,-0.126769
0.146432,0.129158,-0.128129
0.141258,0.131352,-0.129722
0.136106,0.133577,-0.131288
0.130641,0.135537,-0.133163
0.124871,0.137243,-0.135337
0.118959,0.138839,-0.137646
0.112719,0.140165,-0.140275
0.105588,0.140735,-0.143785
0.097472,0.140475,-0.148266
0.088478,0.139489,-0.153605
0.077972,0.137238,-0.160430
0.264127,-0.041565,-0.150043
0.266619,-0.031556,-0.143377
0.267800,-0.022953,-0.138159
0.267578,-0.015836,-0.134482
0.267268,-0.008837,-0.130915
0.266683,-0.002145,-0.127659
0.266841,0.005281,-0.123614
0.273579,0.019359,-0.112514
0.274749,0.027724,-0.107429
0.273770,0.033886,-0.104665
0.271410,0.038642,-0.103387
0.268832,0.043171,-0.102346
0.266145,0.047584,-0.101427
0.263166,0.051700,-0.100820
0.259811,0.055441,-0.100614
0.256447,0.059171,-0.100419
0.252907,0.062727,-0.100410
0.248908,0.065835,-0.100886
0.244907,0.068946,-0.101361
0.240906,0.072058,-0.101835
0.236697,0.074974,-0.102524
0.231871,0.077301,-0.103857
0.226976,0.079572,-0.105256
0.221931,0.081710,-0.106806
0.216303,0.083305,-0.108957
0.210297,0.084556,-0.111493
0.204238,0.085777,-0.114073
0.197977,0.086824,-0.116853
0.193719,0.089770,-0.117552
0.189041,0.092328,-0.118683
0.184506,0.095028,-0.119661
0.180091,0.097846,-0.120513
0.175624,0.100623,-0.121414
0.172196,0.104361,-0.121249
0.168793,0.108122,-0.121058
0.165400,0.111892,-0.120857
0.161779,0.115454,-0.120889
0.157521,0.118440,-0.121567
0.153247,0.121417,-0.122258
0.148552,0.124023,-0.123373
0.143799,0.126584,-0.124542
0.138742,0.128884,-0.126012
0.133513,0.131042,-0.127650
0.128142,0.133086,-0.129423
0.122769,0.135142,-0.131193
0.117049,0.136907,-0.133302
0.111164,0.138543,-0.135568
0.104359,0.139394,-0.138742
0.095428,0.138424,-0.144023
0.085965,0.137032,-0.149811
0.075146,0.134512,-0.156925
0.253960,-0.059560,-0.158575
0.262580,-0.043088,-0.145237
0.264656,-0.033514,-0.139044
0.265149,-0.025624,-0.134587
0.264876,-0.018558,-0.130977
0.264178,-0.011954,-0.127837
0.263520,-0.005334,-0.124668
0.262437,0.000832,-0.121966
0.262398,0.008037,-0.118156
0.268837,0.021767,-0.107435
0.268924,0.029019,-0.103534
0.267269,0.034493,-0.101504
0.264907,0.039246,-0.100234
0.262532,0.043977,-0.098980
0.259422,0.047970,-0.098511
0.256079,0.051728,-0.098291
0.252734,0.055484,-0.098072
0.249388,0.059237,-0.097855
0.245420,0.062380,-0.098295
0.241386,0.065463,-0.098800
0.237235,0.068436,-0.099426
0.232953,0.071287,-0.100187
0.228339,0.073826,-0.101290
0.223134,0.075804,-0.103005
0.217576,0.077459,-0.105080
0.211029,0.078187,-0.108173
0.205064,0.079489,-0.110652
0.199680,0.081358,-0.112520
0.194424,0.083360,-0.114251
0.190235,0.086375,-0.114875
0.185614,0.088991,-0.115940
0.181176,0.091787,-0.116813
0.176600,0.094460,-0.117825
0.172389,0.097478,-0.118459
0.169104,0.101352,-0.118145
0.165731,0.105144,-0.117923
0.162342,0.108921,-0.117717
0.158822,0.112577,-0.117644
0.154594,0.115594,-0.118288
0.150286,0.118544,-0.119010
0.145679,0.121231,-0.120031
0.140954,0.123820,-0.121166
0.136012,0.126225,-0.122515
0.130886,0.128476,-0.124042
0.125669,0.130658,-0.125656
0.120257,0.132681,-0.127457
0.114864,0.134734,-0.129233
0.109292,0.136644,-0.131180
0.102785,0.137753,-0.134050
0.093515,0.136486,-0.139650
0.083229,0.134381,-0.146237
0.072441,0.131890,-0.153296
0.255076,-0.058293,-0.150841
0.260456,-0.045213,-0.141059
0.262689,-0.035476,-0.134716
0.262553,-0.028238,-0.130954
0.262185,-0.021268,-0.127455
0.261273,-0.014882,-0.124554
0.260295,-0.008585,-0.121736
0.259177,-0.002451,-0.119078
0.257908,0.003510,-0.116592
0.256189,0.008996,-0.114596
0.261719,0.021774,-0.104895
0.261782,0.028993,-0.101037
0.260333,0.034672,-0.098795
0.258389,0.039842,-0.097085
0.255263,0.043826,-0.096631
0.252036,0.047708,-0.096284
0.248809,0.051587,-0.095938
0.245560,0.055443,-0.095617
0.241692,0.058690,-0.095946
0.237347,0.061476,-0.096772
0.232983,0.064251,-0.097614
0.228616,0.067028,-0.098457
0.224245,0.069807,-0.099300
0.218814,0.071578,-0.101239
0.211761,0.071813,-0.104852
0.205132,0.072476,-0.108013
0.200133,0.074708,-0.109479
0.195128,0.076945,-0.110947
0.190865,0.079890,-0.111644
0.186672,0.082906,-0.112268
0.182262,0.085725,-0.113112
0.177576,0.088294,-0.114233
0.172833,0.090818,-0.115409
0.169214,0.094389,-0.115434
0.165928,0.098265,-0.115121
0.162515,0.102024,-0.114938
0.159186,0.105859,-0.114670
0.155778,0.109622,-0.114482
0.151654,0.112736,-0.115018
0.147379,0.115719,-0.115702
0.142861,0.118489,-0.116628
0.138113,0.121059,-0.117782
0.133192,0.123485,-0.119104
0.128051,0.125726,-0.120641
0.122823,0.127902,-0.122258
0.117501,0.130006,-0.123963
0.112241,0.132177,-0.125600
0.106524,0.133961,-0.127684
0.100206,0.135237,-0.130355
0.090493,0.133587,-0.136376
0.080061,0.131359,-0.143085
0.062881,0.123367,-0.156423
0.254093,-0.059223,-0.145398
0.258319,-0.047352,-0.136896
0.260037,-0.038150,-0.131128
0.259960,-0.030849,-0.127313
0.259438,-0.024035,-0.123990
0.258731,-0.017436,-0.120877
0.257484,-0.011412,-0.118354
0.255880,-0.005772,-0.116223
0.254522,0.000104,-0.113836
0.252805,0.005598,-0.111841
0.251082,0.011071,-0.109860
0.251704,0.018885,-0.105405
0.253742,0.028081,-0.099471
0.253006,0.034471,-0.096484
0.250026,0.038614,-0.095870
0.247014,0.042720,-0.095293
0.243968,0.046788,-0.094753
0.240753,0.050688,-0.094391
0.236960,0.054019,-0.094635
0.232607,0.056808,-0.095461
0.228018,0.059373,-0.096530
0.223367,0.061887,-0.097659
0.218375,0.064081,-0.099137
0.211383,0.064367,-0.102679
0.205382,0.065627,-0.105183
0.201167,0.068603,-0.105838
0.196487,0.071144,-0.106967
0.191739,0.073629,-0.108163
0.187475,0.076579,-0.108856
0.183227,0.079548,-0.109532
0.178624,0.082191,-0.110568
0.173843,0.084677,-0.111779
0.169227,0.087325,-0.112819
0.165513,0.090813,-0.112938
0.161799,0.094302,-0.113057
0.158720,0.098375,-0.112532
0.155686,0.102485,-0.111964
0.152267,0.106243,-0.111785
0.148300,0.109503,-0.112158
0.144166,0.112617,-0.112697
0.139736,0.115470,-0.113530
0.135045,0.118096,-0.114620
0.130153,0.120551,-0.115908
0.125028,0.122809,-0.117422
0.119767,0.124958,-0.119066
0.114395,0.127021,-0.120813
0.109061,0.129131,-0.122517
0.103068,0.130677,-0.124865
0.096247,0.131519,-0.128023
0.086337,0.129704,-0.134216
0.075597,0.127215,-0.141203
0.253208,-0.060050,-0.139859
0.256512,-0.049146,-0.132378
0.257312,-0.040900,-0.127616
0.257487,-0.033335,-0.123541
0.256992,-0.026493,-0.120199
0.256329,-0.019846,-0.117048
0.254770,-0.014140,-0.114865
0.253255,-0.008407,-0.112644
0.251346,-0.003089,-0.110850
0.249514,0.002292,-0.108981
0.247654,0.007632,-0.107148
0.245123,0.012286,-0.106031
0.242595,0.016934,-0.104915
0.242697,0.024194,-0.101038
0.241638,0.030274,-0.098395
0.239408,0.035177,-0.096988
0.237527,0.040414,-0.095221
0.234978,0.044982,-0.094158
0.230664,0.047819,-0.094935
0.225457,0.049793,-0.096638
0.220048,0.051581,-0.098544
0.214947,0.053682,-0.100123
0.210526,0.056449,-0.100994
0.205862,0.058989,-0.102112
0.200842,0.061198,-0.103592
0.196988,0.064527,-0.103869
0.192834,0.067574,-0.104452
0.188368,0.070331,-0.105352
0.184089,0.073270,-0.106057
0.179803,0.076209,-0.106767
0.175023,0.078692,-0.107976
0.170217,0.081160,-0.109206
0.165735,0.083937,-0.110104
0.161500,0.086950,-0.110747
0.157585,0.090261,-0.111066
0.154919,0.094719,-0.110122
0.152181,0.099106,-0.109254
0.148748,0.102856,-0.109087
0.144942,0.106267,-0.109295
0.140804,0.109382,-0.109834
0.136484,0.112337,-0.110552
0.131776,0.114952,-0.111654
0.126868,0.117397,-0.112951
0.121820,0.119727,-0.114382
0.116469,0.121800,-0.116108
0.110900,0.123694,-0.118043
0.105251,0.125531,-0.120049
0.099004,0.126861,-0.122639
0.091413,0.127039,-0.126541
0.081800,0.125490,-0.132418
0.070264,0.122320,-0.140161
0.244707,-0.076365,-0.146453
0.251771,-0.061456,-0.134921
0.254662,-0.050985,-0.127909
0.255005,-0.043214,-0.123651
0.254982,-0.035855,-0.119801
0.254425,-0.029074,-0.116534
0.253643,-0.022548,-0.113520
0.252293,-0.016627,-0.111120
0.250799,-0.010871,-0.108884
0.248678,-0.005767,-0.107319
0.246547,-0.000685,-0.105770
0.244253,0.004222,-0.104398
0.241776,0.008934,-0.103225
0.239301,0.013640,-0.102054
0.236463,0.017976,-0.101268
0.233273,0.021956,-0.100853
0.230084,0.025936,-0.100439
0.227908,0.030910,-0.098970
0.225628,0.035770,-0.097616
0.222232,0.039532,-0.097424
0.217918,0.042398,-0.098184
0.213698,0.045360,-0.098845
0.210241,0.049065,-0.098715
0.205882,0.051901,-0.099514
0.201490,0.054712,-0.100343
0.197444,0.057860,-0.100814
0.193409,0.061020,-0.101274
0.189298,0.064114,-0.101807
0.184977,0.067013,-0.102553
0.180709,0.069968,-0.103242
0.176197,0.072699,-0.104177
0.171384,0.075157,-0.105414
0.166564,0.077618,-0.106651
0.162308,0.080610,-0.107315
0.157574,0.083166,-0.108458
0.153611,0.086440,-0.108819
0.151047,0.090998,-0.107773
0.148449,0.095518,-0.106764
0.145225,0.099464,-0.106385
0.141576,0.103023,-0.106432
0.137437,0.106142,-0.106969
0.133194,0.109171,-0.107604
0.128376,0.111691,-0.108811
0.123385,0.114066,-0.110184
0.118234,0.116310,-0.111710
0.112656,0.118187,-0.113652
0.107067,0.120068,-0.115598
0.100922,0.121476,-0.118084
0.094051,0.122268,-0.121274
0.086053,0.122099,-0.125561
0.076197,0.120349,-0.131651
0.245379,-0.075550,-0.139219
0.249982,-0.063230,-0.130366
0.252108,-0.053559,-0.124195
0.252557,-0.045677,-0.119836
0.252347,-0.038509,-0.116196
0.251726,-0.031792,-0.113008
0.250762,-0.025451,-0.110194
0.249611,-0.019323,-0.107591
0.248146,-0.013534,-0.105329
0.246034,-0.008419,-0.103758
0.243925,-0.003313,-0.102190
0.241410,0.001372,-0.101054
0.238708,0.005862,-0.100119
0.236071,0.010409,-0.099120
0.233072,0.014589,-0.098503
0.229998,0.018691,-0.097965
0.226943,0.022807,-0.097410
0.223815,0.026847,-0.096933
0.220374,0.030577,-0.096781
0.216754,0.034131,-0.096816
0.213133,0.037684,-0.096851
0.209636,0.041359,-0.096759
0.206175,0.045067,-0.096629
0.202607,0.048672,-0.096610
0.198340,0.051606,-0.097307
0.194326,0.054788,-0.097742
0.190297,0.057960,-0.098191
0.185969,0.060850,-0.098943
0.181490,0.063605,-0.099845
0.177229,0.066571,-0.100522
0.172508,0.069112,-0.101663
0.167704,0.071583,-0.102883
0.162810,0.073981,-0.104189
0.157772,0.076255,-0.105635
0.152889,0.078682,-0.106920
0.149692,0.082669,-0.106506
0.146532,0.086688,-0.106057
0.144276,0.091529,-0.104704
0.141611,0.095990,-0.103765
0.137553,0.099184,-0.104217
0.133423,0.102317,-0.104739
0.129099,0.105280,-0.105451
0.124346,0.107865,-0.106585
0.119420,0.110304,-0.107886
0.114390,0.112662,-0.109284
0.108768,0.114506,-0.111260
0.102680,0.115954,-0.113687
0.096356,0.117213,-0.116337
0.089186,0.117750,-0.119807
0.080623,0.117099,-0.124627
0.066354,0.111528,-0.135006
0.233310,-0.095696,-0.149579
0.245995,-0.074796,-0.132065
0.248515,-0.064667,-0.125469
0.249730,-0.055949,-0.120290
0.250372,-0.047865,-0.115739
0.249689,-0.041186,-0.112613
0.249025,-0.034512,-0.109479
0.247776,-0.028462,-0.106975
0.246462,-0.022497,-0.104550
0.244961,-0.016741,-0.102332
0.243345,-0.011118,-0.100242
0.241311,-0.005933,-0.098599
0.238615,-0.001427,-0.097655
0.235950,0.003102,-0.096683
0.233288,0.007627,-0.095712
0.230267,0.011788,-0.095117
0.227113,0.015812,-0.094663
0.224043,0.019916,-0.094124
0.220830,0.023876,-0.093735
0.217525,0.027743,-0.093442
0.214019,0.031411,-0.093357
0.210388,0.034957,-0.093401
0.206597,0.038348,-0.093610
0.202899,0.041831,-0.093722
0.199200,0.045315,-0.093834
0.195182,0.048494,-0.094272
0.191190,0.051700,-0.094682
0.187182,0.054895,-0.095105
0.182636,0.057583,-0.096075
0.178048,0.060239,-0.097082
0.173593,0.063028,-0.097951
0.168862,0.065564,-0.099095
0.164239,0.068211,-0.100126
0.159193,0.070471,-0.101578
0.153941,0.072552,-0.103232
0.148830,0.074775,-0.104738
0.144713,0.077924,-0.105242
0.142311,0.082646,-0.104032
0.139591,0.087072,-0.103144
0.136347,0.091016,-0.102778
0.132913,0.094787,-0.102603
0.128902,0.098036,-0.103000
0.124779,0.101188,-0.103506
0.120213,0.103948,-0.104448
0.115383,0.106479,-0.105647
0.110027,0.108554,-0.107357
0.104243,0.110262,-0.109483
0.098225,0.111779,-0.111830
0.091259,0.112481,-0.115096
0.083784,0.112761,-0.118849
0.073637,0.110740,-0.125193
0.240243,-0.088267,-0.135635
0.244761,-0.075985,-0.126902
0.246854,-0.066307,-0.120784
0.247629,-0.058050,-0.116089
0.247734,-0.050524,-0.112123
0.247065,-0.043830,-0.108991
0.246075,-0.037488,-0.106209
0.244523,-0.031746,-0.104031
0.243185,-0.025802,-0.101637
0.241590,-0.020136,-0.099521
0.240037,-0.014445,-0.097370
0.238277,-0.008978,-0.095443
0.235930,-0.004117,-0.094137
0.233272,0.000422,-0.093159
0.230518,0.004857,-0.092286
0.227570,0.009093,-0.091616
0.224463,0.013167,-0.091113
0.221310,0.017191,-0.090660
0.217924,0.020982,-0.090450
0.214550,0.024785,-0.090227
0.211232,0.028640,-0.089948
0.207588,0.032176,-0.090004
0.203793,0.035566,-0.090214
0.200029,0.038988,-0.090392
0.196236,0.042384,-0.090598
0.191962,0.045321,-0.091293
0.187931,0.048494,-0.091739
0.183668,0.051450,-0.092419
0.179053,0.054078,-0.093451
0.174545,0.056815,-0.094372
0.170015,0.059538,-0.095312
0.165458,0.062244,-0.096274
0.160819,0.064880,-0.097314
0.155546,0.066933,-0.098989
0.150251,0.068980,-0.100677
0.145302,0.071358,-0.102013
0.140501,0.073883,-0.103196
0.135534,0.076264,-0.104540
0.132727,0.080627,-0.103732
0.130746,0.085735,-0.102106
0.127572,0.089753,-0.101668
0.124165,0.093558,-0.101461
0.120164,0.096829,-0.101840
0.115988,0.099946,-0.102391
0.110411,0.101820,-0.104315
0.104818,0.103693,-0.106249
0.099163,0.105526,-0.108235
0.092683,0.106645,-0.111022
0.085370,0.107054,-0.114611
0.075761,0.105479,-0.120423
0.233389,-0.102964,-0.140361
0.241545,-0.086778,-0.127749
0.243271,-0.077443,-0.122018
0.244704,-0.068460,-0.116621
0.245575,-0.060102,-0.111840
0.245118,-0.053160,-0.108479
0.244457,-0.046455,-0.105348
0.243131,-0.040459,-0.102929
0.241589,-0.034703,-0.100746
0.240053,-0.028958,-0.098565
0.238456,-0.023291,-0.096456
0.236947,-0.017550,-0.094263
0.234913,-0.012357,-0.092626
0.232589,-0.007469,-0.091298
0.230296,-0.002558,-0.089941
0.227734,0.002073,-0.088870
0.224798,0.006324,-0.088188
0.221813,0.010521,-0.087560
0.218574,0.014463,-0.087196
0.215170,0.018239,-0.087004
0.211789,0.022037,-0.086787
0.208416,0.025841,-0.086564
0.204585,0.029198,-0.086809
0.200884,0.032682,-0.086922
0.197181,0.036167,-0.087035
0.193125,0.039312,-0.087506
0.188849,0.042249,-0.088200
0.184669,0.045285,-0.088793
0.180083,0.047938,-0.089795
0.175347,0.050457,-0.090944
0.170831,0.053192,-0.091866
0.166287,0.055908,-0.092814
0.161800,0.058684,-0.093700
0.157072,0.061243,-0.094824
0.151814,0.063317,-0.096474
0.146553,0.065400,-0.098120
0.140981,0.067208,-0.100070
0.135543,0.069154,-0.101879
0.130674,0.071637,-0.103116
0.126515,0.074774,-0.103645
0.123211,0.078695,-0.103325
0.121756,0.084288,-0.101181
0.118677,0.088403,-0.100645
0.114484,0.091513,-0.101206
0.109632,0.094038,-0.102411
0.104641,0.096447,-0.103749
0.099251,0.098514,-0.105471
0.093189,0.099997,-0.107844
0.085561,0.100118,-0.111732
0.076850,0.099314,-0.116663
0.228957,-0.115154,-0.142484
0.237134,-0.098874,-0.129853
0.240356,-0.087916,-0.122530
0.242137,-0.078528,-0.116761
0.242781,-0.070374,-0.112218
0.243231,-0.062457,-0.107896
0.242562,-0.055734,-0.104770
0.241751,-0.049182,-0.101805
0.240266,-0.043347,-0.099559
0.238781,-0.037530,-0.097321
0.237175,-0.031854,-0.095219
0.235511,-0.026252,-0.093185
0.233854,-0.020659,-0.091153
0.231644,-0.015639,-0.089702
0.229429,-0.010637,-0.088262
0.227208,-0.005650,-0.086834
0.224614,-0.001047,-0.085797
0.221809,0.003338,-0.084980
0.219000,0.007714,-0.084171
0.215832,0.011728,-0.083734
0.212426,0.015505,-0.083542
0.209027,0.019287,-0.083345
0.205541,0.022984,-0.083236
0.201497,0.026136,-0.083697
0.197679,0.029511,-0.083925
0.193974,0.032997,-0.084038
0.189526,0.035770,-0.084903
0.185373,0.038831,-0.085467
0.181103,0.041785,-0.086147
0.176425,0.044356,-0.087235
0.171731,0.046920,-0.088335
0.167146,0.049596,-0.089321
0.162726,0.052434,-0.090138
0.158302,0.055275,-0.090955
0.153275,0.057559,-0.092372
0.148148,0.059761,-0.093883
0.142789,0.061759,-0.095619
0.136849,0.063233,-0.097925
0.130943,0.064756,-0.100188
0.124905,0.066175,-0.102574
0.119550,0.068235,-0.104276
0.115732,0.071704,-0.104456
0.111271,0.074595,-0.105267
0.109017,0.079481,-0.103907
0.106250,0.083900,-0.103054
0.102114,0.087087,-0.103544
0.097520,0.089869,-0.104481
0.091165,0.091094,-0.107129
0.082417,0.090220,-0.112099
0.229774,-0.121793,-0.139006
0.234583,-0.109042,-0.129967
0.238225,-0.097595,-0.122199
0.239372,-0.088839,-0.117101
0.240470,-0.080172,-0.112074
0.241006,-0.072133,-0.107659
0.240663,-0.065044,-0.104187
0.240006,-0.058308,-0.101058
0.238863,-0.052098,-0.098449
0.237431,-0.046205,-0.096152
0.235961,-0.040370,-0.093906
0.234238,-0.034811,-0.091931
0.232421,-0.029361,-0.090061
0.230500,-0.024032,-0.088306
0.228425,-0.018872,-0.086719
0.226345,-0.013728,-0.085141
0.223987,-0.008875,-0.083857
0.221392,-0.004269,-0.082821
0.218692,0.000225,-0.081898
0.215853,0.004575,-0.081120
0.212568,0.008478,-0.080802
0.209374,0.012467,-0.080392
0.206180,0.016456,-0.079983
0.202523,0.019987,-0.080048
0.198476,0.023140,-0.080508
0.194470,0.026336,-0.080925
0.190417,0.029490,-0.081388
0.185883,0.032185,-0.082334
0.181644,0.035170,-0.082980
0.177134,0.037900,-0.083896
0.172451,0.040473,-0.084983
0.167760,0.043048,-0.086072
0.163407,0.045949,-0.086820
0.159070,0.048871,-0.087548
0.154673,0.051742,-0.088333
0.149724,0.054105,-0.089665
0.144641,0.056353,-0.091124
0.139031,0.058123,-0.093101
0.133188,0.059693,-0.095300
0.127290,0.061229,-0.097546
0.121225,0.062627,-0.099949
0.114823,0.063737,-0.102673
0.107976,0.064461,-0.105825
0.101785,0.065802,-0.108322
0.095213,0.066820,-0.111181
0.087299,0.066650,-0.115342
0.076526,0.063951,-0.122278
0.230054,-0.129014,-0.136098
0.234030,-0.117111,-0.127950
0.236459,-0.106915,-0.121472
0.237618,-0.098113,-0.116361
0.238398,-0.089750,-0.111669
0.238623,-0.082007,-0.107580
0.238828,-0.074315,-0.103529
0.238121,-0.067605,-0.100448
0.237449,-0.060882,-0.097343
0.235976,-0.055012,-0.095087
0.234538,-0.049123,-0.092803
0.232737,-0.043625,-0.090906
0.230977,-0.038099,-0.088974
0.229162,-0.032643,-0.087105
0.227127,-0.027425,-0.085472
0.225019,-0.022293,-0.083920
0.222982,-0.017101,-0.082301
0.220648,-0.012219,-0.080994
0.218168,-0.007493,-0.079841
0.215571,-0.002892,-0.078813
0.212553,0.001284,-0.078218
0.209255,0.005179,-0.077912
0.206021,0.009134,-0.077542
0.202826,0.013125,-0.077133
0.198887,0.016386,-0.077482
0.195022,0.019722,-0.077753
0.191156,0.023059,-0.078025
0.186805,0.025930,-0.078784
0.182315,0.028672,-0.079681
0.177839,0.031435,-0.080559
0.173157,0.034007,-0.081643
0.168469,0.036583,-0.082726
0.163912,0.039291,-0.083676
0.159568,0.042207,-0.084407
0.155210,0.045116,-0.085152
0.150558,0.047755,-0.086184
0.145635,0.050149,-0.087482
0.140926,0.052751,-0.088564
0.135223,0.054441,-0.090622
0.129484,0.056113,-0.092709
0.123331,0.057420,-0.095196
0.116829,0.058424,-0.098017
0.110240,0.059370,-0.100913
0.103232,0.059956,-0.104208
0.096557,0.060869,-0.107165
0.088396,0.060461,-0.111562
0.078695,0.058701,-0.117442
0.064711,0.053146,-0.127469
0.222448,-0.152466,-0.145516
0.230968,-0.135564,-0.132514
0.233660,-0.125002,-0.125734
0.235654,-0.115238,-0.119721
0.236211,-0.107046,-0.115246
0.236892,-0.098758,-0.110659
0.236897,-0.091218,-0.106799
0.236683,-0.083938,-0.103186
0.236330,-0.076830,-0.099730
0.235621,-0.070122,-0.096662
0.234464,-0.063902,-0.094072
0.233086,-0.057929,-0.091722
0.231642,-0.052044,-0.089450
0.229490,-0.046903,-0.087922
0.227617,-0.041487,-0.086110
0.225856,-0.035973,-0.084190
0.223749,-0.030822,-0.082633
0.221614,-0.025712,-0.081111
0.219536,-0.020557,-0.079538
0.217098,-0.015774,-0.078338
0.214654,-0.011007,-0.077150
0.212211,-0.006247,-0.075965
0.209230,-0.002030,-0.075333
0.205950,0.001887,-0.075007
0.202663,0.005795,-0.074689
0.199162,0.009491,-0.074590
0.195177,0.012713,-0.074980
0.191272,0.016015,-0.075288
0.187232,0.019190,-0.075731
0.182807,0.021996,-0.076559
0.178353,0.024780,-0.077413
0.173908,0.027580,-0.078254
0.169214,0.030147,-0.079342
0.164503,0.032707,-0.080443
0.160062,0.035532,-0.081269
0.155697,0.038434,-0.082017
0.151332,0.041344,-0.082761
0.146555,0.043871,-0.083912
0.141912,0.046533,-0.084925
0.136882,0.048843,-0.086317
0.131197,0.050556,-0.088348
0.125774,0.052526,-0.090114
0.119351,0.053589,-0.092856
0.112760,0.054520,-0.095751
0.105948,0.055268,-0.098853
0.098891,0.055817,-0.102181
0.091042,0.055673,-0.106269
0.082904,0.055298,-0.110624
0.072096,0.052553,-0.117556
0.228436,-0.153581,-0.136529
0.231772,-0.142239,-0.129046
0.233957,-0.132193,-0.122809
0.235201,-0.123202,-0.117591
0.235697,-0.115050,-0.113183
0.235793,-0.107357,-0.109211
0.235525,-0.100081,-0.105639
0.235223,-0.092867,-0.102115
0.234756,-0.085855,-0.098778
0.233809,-0.079372,-0.095956
0.233102,-0.072658,-0.092893
0.231367,-0.067036,-0.090911
0.230050,-0.060998,-0.088504
0.228471,-0.055248,-0.086378
0.226242,-0.050182,-0.084931
0.224242,-0.044892,-0.083254
0.222338,-0.039517,-0.081485
0.220276,-0.034317,-0.079885
0.218220,-0.029121,-0.078284
0.215978,-0.024126,-0.076880
0.213541,-0.019337,-0.075682
0.211101,-0.014559,-0.074489
0.208503,-0.009950,-0.073464
0.205315,-0.005931,-0.073040
0.202234,-0.001811,-0.072511
0.199154,0.002308,-0.071981
0.195463,0.005823,-0.072070
0.191475,0.009047,-0.072460
0.187515,0.012303,-0.072819
0.183220,0.015236,-0.073513
0.178797,0.018051,-0.074333
0.174342,0.020841,-0.075183
0.169901,0.023651,-0.076013
0.165307,0.026322,-0.076994
0.160674,0.028962,-0.078010
0.156286,0.031843,-0.078778
0.151873,0.034707,-0.079568
0.147324,0.037448,-0.080490
0.142785,0.040205,-0.081399
0.138240,0.042965,-0.082308
0.133029,0.045112,-0.083871
0.127609,0.047077,-0.085632
0.121957,0.048841,-0.087615
0.115393,0.049780,-0.090482
0.108826,0.050738,-0.093341
0.101774,0.051274,-0.096663
0.094318,0.051467,-0.100366
0.086037,0.050940,-0.104857
0.076858,0.049634,-0.110202
0.060996,0.042356,-0.122000
0.228771,-0.160805,-0.133548
0.232361,-0.149154,-0.125803
0.233996,-0.139672,-0.120154
0.234939,-0.130979,-0.115256
0.235267,-0.122982,-0.111025
0.235029,-0.115622,-0.107407
0.234877,-0.108199,-0.103712
0.233934,-0.101641,-0.100858
0.233355,-0.094722,-0.097636
0.232494,-0.088125,-0.094722
0.231489,-0.081701,-0.091968
0.230179,-0.075616,-0.089541
0.228325,-0.070115,-0.087688
0.226896,-0.064190,-0.085403
0.225125,-0.058632,-0.083478
0.222969,-0.053486,-0.081959
0.220863,-0.048301,-0.080394
0.218815,-0.043067,-0.078775
0.216752,-0.037863,-0.077179
0.214698,-0.032660,-0.075579
0.212250,-0.027866,-0.074387
0.209966,-0.022918,-0.073032
0.207543,-0.018118,-0.071825
0.204634,-0.013811,-0.071114
0.201428,-0.009804,-0.070707
0.198309,-0.005715,-0.070215
0.195059,-0.001757,-0.069855
0.191366,0.001763,-0.069942
0.187482,0.005097,-0.070222
0.183548,0.008384,-0.070551
0.179183,0.011257,-0.071310
0.174766,0.014085,-0.072117
0.170333,0.016903,-0.072937
0.165886,0.019715,-0.073768
0.161392,0.022488,-0.074643
0.156897,0.025266,-0.075516
0.152356,0.028009,-0.076429
0.147796,0.030739,-0.077359
0.143251,0.033491,-0.078270
0.138696,0.036241,-0.079187
0.133997,0.038863,-0.080243
0.128753,0.040987,-0.081829
0.123513,0.043127,-0.083404
0.117597,0.044653,-0.085635
0.111123,0.045684,-0.088401
0.104466,0.046566,-0.091336
0.097031,0.046760,-0.095015
0.089008,0.046446,-0.099252
0.080346,0.045584,-0.104092
0.067558,0.041031,-0.112904
0.228647,-0.168541,-0.131051
0.232397,-0.156678,-0.123142
0.234254,-0.146928,-0.117263
0.234985,-0.138438,-0.112592
0.235154,-0.130589,-0.108531
0.234805,-0.123327,-0.105029
0.234443,-0.116106,-0.101555
0.233379,-0.109658,-0.098828
0.232424,-0.103116,-0.095997
0.231220,-0.096859,-0.093438
0.230064,-0.090571,-0.090839
0.228999,-0.084209,-0.088155
0.227208,-0.078625,-0.086234
0.225279,-0.073197,-0.084462
0.223610,-0.067517,-0.082430
0.221699,-0.062100,-0.080654
0.219597,-0.056892,-0.079081
0.217352,-0.051844,-0.077661
0.215288,-0.046622,-0.076062
0.213223,-0.041414,-0.074469
0.211001,-0.036375,-0.073043
0.208431,-0.031699,-0.071976
0.206099,-0.026791,-0.070670
0.203791,-0.021870,-0.069347
0.200726,-0.017712,-0.068794
0.197550,-0.013668,-0.068354
0.194377,-0.009626,-0.067914
0.190856,-0.005928,-0.067824
0.187216,-0.002348,-0.067855
0.183372,0.001033,-0.068089
0.179332,0.004224,-0.068519
0.175091,0.007224,-0.069148
0.170668,0.010053,-0.069955
0.166320,0.012962,-0.070684
0.161867,0.015774,-0.071515
0.157398,0.018577,-0.072359
0.152840,0.021304,-0.073286
0.148278,0.024032,-0.074215
0.143717,0.026769,-0.075139
0.139145,0.029503,-0.076070
0.134568,0.032240,-0.077002
0.129555,0.034576,-0.078358
0.124383,0.036776,-0.079864
0.119165,0.038943,-0.081409
0.112696,0.039966,-0.084168
0.106369,0.041141,-0.086778
0.099262,0.041619,-0.090135
0.091495,0.041521,-0.094119
0.082245,0.040102,-0.099524
0.070670,0.036615,-0.107153
0.227442,-0.177473,-0.129692
0.231919,-0.164777,-0.121021
0.234021,-0.154728,-0.114886
0.235058,-0.145882,-0.109897
0.235255,-0.137980,-0.105808
0.234813,-0.130798,-0.102404
0.234451,-0.123556,-0.098930
0.233127,-0.117369,-0.096475
0.231739,-0.111268,-0.094095
0.230768,-0.104745,-0.091293
0.229158,-0.098918,-0.089163
0.227552,-0.093104,-0.087038
0.226194,-0.087046,-0.084666
0.224259,-0.081609,-0.082897
0.222342,-0.076167,-0.081118
0.220168,-0.071004,-0.079608
0.218254,-0.065586,-0.077840
0.216221,-0.060303,-0.076199
0.213865,-0.055363,-0.074894
0.211684,-0.050254,-0.073416
0.209666,-0.044992,-0.071777
0.207233,-0.040163,-0.070568
0.204662,-0.035481,-0.069502
0.202225,-0.030672,-0.068305
0.199603,-0.026058,-0.067299
0.196617,-0.021814,-0.066664
0.193485,-0.017719,-0.066178
0.190299,-0.013681,-0.065747
0.186675,-0.010078,-0.065758
0.183000,-0.006524,-0.065819
0.179206,-0.003086,-0.065999
0.175107,0.000056,-0.066482
0.170989,0.003183,-0.066982
0.166601,0.006053,-0.067749
0.162263,0.008978,-0.068462
0.157841,0.011827,-0.069256
0.153322,0.014591,-0.070142
0.148758,0.017317,-0.071070
0.144141,0.020001,-0.072047
0.139564,0.022730,-0.072980
0.134997,0.025476,-0.073899
0.130322,0.028127,-0.074921
0.125254,0.030420,-0.076322
0.120109,0.032652,-0.077793
0.114318,0.034296,-0.079886
0.108017,0.035483,-0.082468
0.101489,0.036483,-0.085259
0.093636,0.036287,-0.089323
0.085096,0.035493,-0.094036
0.075302,0.033593,-0.099940
0.059522,0.026310,-0.111585
0.225702,-0.187018,-0.128892
0.230758,-0.173639,-0.119614
0.233689,-0.162652,-0.112610
0.234792,-0.153706,-0.107553
0.235313,-0.145429,-0.103125
0.234896,-0.138200,-0.099697
0.234468,-0.131011,-0.096294
0.233259,-0.124683,-0.093718
0.231777,-0.118667,-0.091436
0.230299,-0.112666,-0.089160
0.228630,-0.106885,-0.087090
0.226958,-0.101123,-0.085032
0.225289,-0.095374,-0.082978
0.223283,-0.089994,-0.081281
0.221356,-0.084546,-0.079509
0.219392,-0.079149,-0.077781
0.216747,-0.074470,-0.076757
0.214818,-0.069062,-0.075006
0.212785,-0.063775,-0.073369
0.210373,-0.058887,-0.072123
0.208072,-0.053896,-0.070769
0.205945,-0.048738,-0.069244
0.203387,-0.044029,-0.068161
0.200858,-0.039297,-0.067053
0.198344,-0.034560,-0.065934
0.195405,-0.030256,-0.065247
0.192454,-0.025969,-0.064574
0.189365,-0.021824,-0.064043
0.186078,-0.017878,-0.063711
0.182599,-0.014124,-0.063573
0.178915,-0.010573,-0.063640
0.175097,-0.007151,-0.063839
0.170960,-0.004038,-0.064355
0.166820,-0.000925,-0.064871
0.162528,0.002047,-0.065536
0.158187,0.004975,-0.066247
0.153805,0.007871,-0.066995
0.149203,0.010560,-0.067957
0.144574,0.013233,-0.068941
0.139958,0.015926,-0.069909
0.135368,0.018650,-0.070848
0.130569,0.021184,-0.071989
0.125601,0.023569,-0.073288
0.120533,0.025872,-0.074680
0.115206,0.027943,-0.076319
0.108986,0.029198,-0.078817
0.102796,0.030500,-0.081277
0.095334,0.030650,-0.084957
0.087338,0.030336,-0.089138
0.077570,0.028436,-0.095011
0.065950,0.024892,-0.102643
0.223090,-0.197552,-0.129002
0.229614,-0.182507,-0.118183
0.232838,-0.171159,-0.110873
0.234405,-0.161678,-0.105331
0.235206,-0.153071,-0.100612
0.234850,-0.145755,-0.097120
0.234462,-0.138502,-0.093677
0.233353,-0.132051,-0.090997
0.231684,-0.126219,-0.088908
0.230173,-0.120238,-0.086666
0.228422,-0.114529,-0.084681
0.226271,-0.109258,-0.083116
0.224449,-0.103653,-0.081218
0.222626,-0.098065,-0.079329
0.220554,-0.092753,-0.077704
0.218485,-0.087450,-0.076082
0.216161,-0.082424,-0.074727
0.213502,-0.077755,-0.073718
0.211394,-0.072527,-0.072153
0.209188,-0.067412,-0.070694
0.206847,-0.062446,-0.069377
0.204468,-0.057529,-0.068104
0.202091,-0.052619,-0.066834
0.199522,-0.047913,-0.065761
0.196988,-0.043181,-0.064659
0.194351,-0.038560,-0.063664
0.191371,-0.034290,-0.063016
0.188300,-0.030115,-0.062463
0.185190,-0.025983,-0.061951
0.181848,-0.022084,-0.061671
0.178508,-0.018185,-0.061391
0.174794,-0.014656,-0.061483
0.170927,-0.011275,-0.061727
0.166880,-0.008066,-0.062147
0.162703,-0.004981,-0.062695
0.158435,-0.001980,-0.063330
0.154089,0.000952,-0.064040
0.149610,0.003761,-0.064878
0.144991,0.006442,-0.065850
0.140365,0.009125,-0.066824
0.135587,0.011671,-0.067944
0.130785,0.014203,-0.069083
0.125938,0.016701,-0.070261
0.120744,0.018883,-0.071772
0.115459,0.020991,-0.073365
0.109561,0.022542,-0.075546
0.103469,0.023928,-0.077907
0.096765,0.024767,-0.080849
0.088774,0.024443,-0.085020
0.079723,0.023177,-0.090195
0.069460,0.020842,-0.096515
0.054583,0.014354,-0.107232
0.216990,-0.211982,-0.132776
0.228516,-0.191347,-0.116696
0.232072,-0.179594,-0.109042
0.233666,-0.170050,-0.103472
0.234953,-0.160887,-0.098247
0.234645,-0.153496,-0.094705
0.234316,-0.146159,-0.091202
0.233512,-0.139360,-0.088204
0.231850,-0.133508,-0.086109
0.230191,-0.127669,-0.084019
0.228481,-0.121902,-0.081990
0.226329,-0.116620,-0.080426
0.224171,-0.111358,-0.078874
0.222015,-0.106105,-0.077325
0.219807,-0.100920,-0.075836
0.217669,-0.095672,-0.074282
0.215535,-0.090435,-0.072730
0.212906,-0.085722,-0.071688
0.210267,-0.081029,-0.070661
0.207938,-0.076025,-0.069323
0.205569,-0.071071,-0.068031
0.203219,-0.066109,-0.066725
0.200875,-0.061150,-0.065418
0.198261,-0.056475,-0.064387
0.195660,-0.051795,-0.063348
0.193111,-0.047071,-0.062260
0.190357,-0.042561,-0.061382
0.187496,-0.038165,-0.060615
0.184423,-0.033985,-0.060061
0.181186,-0.029973,-0.059674
0.177764,-0.026146,-0.059471
0.174333,-0.022329,-0.059278
0.170612,-0.018798,-0.059373
0.166740,-0.015415,-0.059617
0.162793,-0.012102,-0.059935
0.158568,-0.009056,-0.060524
0.154324,-0.006024,-0.061130
0.149982,-0.003082,-0.061830
0.145372,-0.000391,-0.062789
0.140715,0.002262,-0.063792
0.135997,0.004865,-0.064849
0.131152,0.007355,-0.066027
0.126244,0.009795,-0.067261
0.121009,0.011937,-0.068808
0.115684,0.014007,-0.070435
0.110175,0.015916,-0.072235
0.104141,0.017351,-0.074534
0.098078,0.018775,-0.076854
0.090210,0.018550,-0.080901
0.081828,0.017881,-0.085426
0.072129,0.016037,-0.091197
0.060406,0.012386,-0.098884
0.226563,-0.201155,-0.116098
0.231300,-0.188055,-0.107210
0.232938,-0.178431,-0.101597
0.234540,-0.168892,-0.096044
0.234270,-0.161438,-0.092464
0.233980,-0.154035,-0.088919
0.233429,-0.146943,-0.085659
0.231883,-0.140950,-0.083443
0.230288,-0.135028,-0.081286
0.228632,-0.129189,-0.079202
0.226319,-0.124066,-0.077801
0.224011,-0.118951,-0.076402
0.221853,-0.113687,-0.074854
0.219474,-0.108669,-0.073539
0.216923,-0.103842,-0.072405
0.214637,-0.098748,-0.071006
0.212262,-0.093757,-0.069702
0.209627,-0.089047,-0.068668
0.206962,-0.084376,-0.067668
0.204361,-0.079646,-0.066607
0.201944,-0.074737,-0.065365
0.199585,-0.069777,-0.064068
0.197163,-0.064893,-0.062842
0.194609,-0.060151,-0.061751
0.191937,-0.055537,-0.060783
0.189206,-0.050990,-0.059879
0.186356,-0.046570,-0.059096
0.183568,-0.042093,-0.058254
0.180504,-0.037898,-0.057690
0.177189,-0.033955,-0.057377
0.173812,-0.030078,-0.057128
0.170332,-0.026302,-0.056981
0.166486,-0.022887,-0.057195
0.162592,-0.019517,-0.057457
0.158596,-0.016244,-0.057818
0.154384,-0.013178,-0.058388
0.150174,-0.010105,-0.058955
0.145741,-0.007244,-0.059738
0.141057,-0.004616,-0.060763
0.136369,-0.001985,-0.061788
0.131568,0.000547,-0.062919
0.126524,0.002857,-0.064281
0.121401,0.005103,-0.065715
0.116074,0.007168,-0.067341
0.110404,0.008923,-0.069292
0.104440,0.010419,-0.071519
0.098322,0.011786,-0.073887
0.090978,0.012037,-0.077422
0.083264,0.011969,-0.081300
0.073962,0.010470,-0.086683
0.063103,0.007582,-0.093534
0.047091,0.000036,-0.105275
0.224878,-0.210695,-0.115212
0.230000,-0.197120,-0.105924
0.231662,-0.187435,-0.100287
0.233356,-0.177761,-0.094640
0.233722,-0.169586,-0.090397
0.233477,-0.162111,-0.086806
0.233233,-0.154663,-0.083228
0.231779,-0.148555,-0.080915
0.230250,-0.142546,-0.078690
0.228711,-0.136565,-0.076483
0.226592,-0.131223,-0.074882
0.224197,-0.126189,-0.073571
0.221806,-0.121161,-0.072262
0.219460,-0.116096,-0.070911
0.216907,-0.111261,-0.069777
0.214321,-0.106469,-0.068682
0.211732,-0.101690,-0.067594
0.208876,-0.097196,-0.066780
0.206183,-0.092541,-0.065805
0.203494,-0.087890,-0.064831
0.200970,-0.083077,-0.063693
0.198460,-0.078257,-0.062546
0.195954,-0.073443,-0.061400
0.193444,-0.068642,-0.060261
0.190928,-0.063855,-0.059134
0.188279,-0.059213,-0.058143
0.185465,-0.054744,-0.057321
0.182575,-0.050357,-0.056577
0.179672,-0.045989,-0.055850
0.176507,-0.041887,-0.055385
0.173184,-0.037946,-0.055077
0.169851,-0.034017,-0.054781
0.166183,-0.030421,-0.054817
0.162344,-0.026991,-0.055020
0.158455,-0.023608,-0.055272
0.154289,-0.020494,-0.055794
0.150053,-0.017443,-0.056383
0.145837,-0.014368,-0.056949
0.141234,-0.011662,-0.057892
0.136591,-0.008987,-0.058869
0.131880,-0.006368,-0.059909
0.126809,-0.004086,-0.061294
0.121733,-0.001796,-0.062678
0.116247,0.000116,-0.064453
0.110560,0.001853,-0.066416
0.104712,0.003452,-0.068526
0.098452,0.004683,-0.071024
0.091719,0.005493,-0.073967
0.084216,0.005610,-0.077635
0.075791,0.004903,-0.082172
0.065775,0.002763,-0.088211
0.054185,-0.000775,-0.095726
0.222528,-0.221004,-0.115012
0.227883,-0.207118,-0.105485
0.230043,-0.196843,-0.099328
0.231895,-0.186959,-0.093517
0.232741,-0.178226,-0.088774
0.232712,-0.170490,-0.084958
0.232547,-0.162932,-0.081298
0.231481,-0.156384,-0.078584
0.230033,-0.150269,-0.076272
0.228507,-0.144259,-0.074053
0.226663,-0.138608,-0.072168
0.224257,-0.133574,-0.070866
0.221868,-0.128532,-0.069553
0.219482,-0.123498,-0.068242
0.216757,-0.118833,-0.067281
0.214053,-0.114154,-0.066303
0.211461,-0.109366,-0.065216
0.208673,-0.104792,-0.064331
0.205709,-0.100408,-0.063629
0.202747,-0.096028,-0.062927
0.200087,-0.091342,-0.061923
0.197562,-0.086524,-0.060788
0.195037,-0.081716,-0.059657
0.192476,-0.076952,-0.058566
0.189840,-0.072275,-0.057556
0.187203,-0.067605,-0.056549
0.184577,-0.062933,-0.055537
0.181715,-0.058506,-0.054761
0.178843,-0.054096,-0.054000
0.175921,-0.049740,-0.053290
0.172634,-0.045754,-0.052944
0.169270,-0.041847,-0.052675
0.165888,-0.037960,-0.052425
0.162024,-0.034549,-0.052649
0.158181,-0.031116,-0.052852
0.154236,-0.027781,-0.053154
0.149971,-0.024754,-0.053767
0.145711,-0.021719,-0.054374
0.141312,-0.018813,-0.055113
0.136684,-0.016122,-0.056072
0.132084,-0.013397,-0.057000
0.127136,-0.010996,-0.058262
0.122052,-0.008716,-0.059650
0.116764,-0.006619,-0.061230
0.111016,-0.004944,-0.063247
0.105164,-0.003353,-0.065356
0.098851,-0.002177,-0.067900
0.092409,-0.001103,-0.070557
0.085039,-0.000874,-0.074094
0.077376,-0.000889,-0.077895
0.067554,-0.002872,-0.083740
0.056929,-0.005551,-0.090328
0.220037,-0.231505,-0.114950
0.225544,-0.217393,-0.105268
0.228712,-0.205958,-0.098061
0.230108,-0.196542,-0.092724
0.231638,-0.187022,-0.087272
0.231622,-0.179245,-0.083441
0.231634,-0.171468,-0.079597
0.231102,-0.164315,-0.076330
0.229683,-0.158153,-0.073989
0.228243,-0.152032,-0.071678
0.226704,-0.146036,-0.069479
0.224295,-0.140994,-0.068179
0.221890,-0.135958,-0.066881
0.219490,-0.130927,-0.065582
0.216909,-0.126099,-0.064474
0.214116,-0.121505,-0.063585
0.211325,-0.116915,-0.062697
0.208573,-0.112293,-0.061774
0.205565,-0.107946,-0.061113
0.202525,-0.103637,-0.060487
0.199487,-0.099332,-0.059861
0.196753,-0.094717,-0.058933
0.194115,-0.090012,-0.057913
0.191590,-0.085198,-0.056784
0.188981,-0.080479,-0.055742
0.186348,-0.075792,-0.054729
0.183709,-0.071120,-0.053725
0.180924,-0.066603,-0.052870
0.177975,-0.062258,-0.052182
0.175099,-0.057845,-0.051423
0.172011,-0.053650,-0.050877
0.168724,-0.049657,-0.050528
0.165387,-0.045716,-0.050230
0.161754,-0.042071,-0.050225
0.157851,-0.038691,-0.050482
0.154004,-0.035254,-0.050685
0.149793,-0.032171,-0.051241
0.145564,-0.029102,-0.051814
0.141332,-0.026031,-0.052387
0.136798,-0.023247,-0.053251
0.132195,-0.020523,-0.054178
0.127462,-0.017916,-0.055227
0.122370,-0.015645,-0.056619
0.117268,-0.013373,-0.058015
0.111618,-0.011610,-0.059934
0.105723,-0.010064,-0.062080
0.099566,-0.008748,-0.064469
0.092885,-0.007906,-0.067352
0.085699,-0.007514,-0.070704
0.078162,-0.007424,-0.074380
0.069124,-0.008699,-0.079469
0.059197,-0.010758,-0.085385
0.045644,-0.016113,-0.094716
0.217303,-0.242312,-0.115130
0.223074,-0.227848,-0.105176
0.227233,-0.215262,-0.096939
0.228622,-0.205821,-0.091612
0.230301,-0.196100,-0.086003
0.230413,-0.188155,-0.082041
0.230370,-0.180411,-0.078252
0.230367,-0.172654,-0.074438
0.229043,-0.166369,-0.071997
0.227670,-0.160156,-0.069616
0.226271,-0.153992,-0.067273
0.224189,-0.148582,-0.065636
0.221793,-0.143524,-0.064326
0.219399,-0.138475,-0.063021
0.216951,-0.133494,-0.061774
0.214079,-0.128973,-0.060963
0.211257,-0.124407,-0.060105
0.208437,-0.119845,-0.059248
0.205383,-0.115537,-0.058632
0.202197,-0.111371,-0.058149
0.199148,-0.107068,-0.057533
0.196237,-0.102625,-0.056779
0.193550,-0.097958,-0.055806
0.190865,-0.093296,-0.054833
0.188139,-0.088684,-0.053905
0.185481,-0.084011,-0.052914
0.182851,-0.079316,-0.051898
0.180192,-0.074658,-0.050914
0.177342,-0.070202,-0.050124
0.174417,-0.065827,-0.049411
0.171469,-0.061481,-0.048723
0.168140,-0.057521,-0.048413
0.164805,-0.053570,-0.048110
0.161498,-0.049592,-0.047780
0.157611,-0.046191,-0.048019
0.153671,-0.042840,-0.048309
0.149741,-0.039476,-0.048587
0.145322,-0.036590,-0.049342
0.141033,-0.033570,-0.049965
0.136650,-0.030637,-0.050679
0.132094,-0.027865,-0.051556
0.127601,-0.025026,-0.052369
0.122641,-0.022628,-0.053630
0.117555,-0.020342,-0.055007
0.112177,-0.018323,-0.056660
0.106268,-0.016795,-0.058815
0.100216,-0.015386,-0.061098
0.093360,-0.014717,-0.064142
0.086342,-0.014177,-0.067328
0.078796,-0.014106,-0.071006
0.070631,-0.014585,-0.075258
0.061536,-0.015894,-0.080376
0.050375,-0.019076,-0.087431
0.028976,-0.031634,-0.104135
0.213699,-0.254137,-0.116205
0.221669,-0.237143,-0.103965
0.225959,-0.224364,-0.095596
0.226978,-0.215300,-0.090653
0.228531,-0.205684,-0.085176
0.229204,-0.197086,-0.080631
0.229180,-0.189295,-0.076823
0.229135,-0.181557,-0.073051
0.228287,-0.174729,-0.070119
0.226966,-0.168440,-0.067683
0.225645,-0.162172,-0.065258
0.223975,-0.156302,-0.063198
0.221588,-0.151220,-0.061877
0.219205,-0.146147,-0.060558
0.216811,-0.141095,-0.059255
0.214056,-0.136440,-0.058323
0.211169,-0.131932,-0.057529
0.208294,-0.127418,-0.056725
0.205394,-0.122938,-0.055950
0.202206,-0.118766,-0.055468
0.199020,-0.114597,-0.054985
0.195807,-0.110460,-0.054533
0.192958,-0.105948,-0.053718
0.190220,-0.101329,-0.052795
0.187485,-0.096715,-0.051874
0.184770,-0.092087,-0.050936
0.182065,-0.087456,-0.049991
0.179363,-0.082830,-0.049048
0.176594,-0.078279,-0.048174
0.173742,-0.073818,-0.047386
0.170855,-0.069400,-0.046635
0.167745,-0.065211,-0.046106
0.164381,-0.061280,-0.045828
0.161033,-0.057335,-0.045536
0.157365,-0.053710,-0.045556
0.153399,-0.050380,-0.045868
0.149495,-0.046986,-0.046118
0.145282,-0.043893,-0.046667
0.140855,-0.041005,-0.047422
0.136491,-0.038049,-0.048112
0.131985,-0.035226,-0.048938
0.127533,-0.032345,-0.049707
0.122850,-0.029680,-0.050698
0.117783,-0.027376,-0.052052
0.112779,-0.025001,-0.053341
0.106930,-0.023421,-0.055434
0.100960,-0.021940,-0.057635
0.094312,-0.021084,-0.060475
0.087378,-0.020475,-0.063576
0.079962,-0.020295,-0.067123
0.071920,-0.020674,-0.071252
0.062795,-0.022030,-0.076391
0.052676,-0.024270,-0.082451
0.040751,-0.028135,-0.090193
0.211453,-0.264470,-0.115852
0.220599,-0.246084,-0.102397
0.224179,-0.234057,-0.094771
0.225755,-0.224335,-0.089249
0.226723,-0.215338,-0.084380
0.227943,-0.206100,-0.079269
0.227767,-0.198449,-0.075615
0.227731,-0.190673,-0.071833
0.227420,-0.183231,-0.068349
0.226187,-0.176826,-0.065820
0.224874,-0.170529,-0.063385
0.223564,-0.164249,-0.060956
0.221286,-0.159037,-0.059523
0.218920,-0.153931,-0.058184
0.216557,-0.148833,-0.056847
0.214001,-0.143953,-0.055711
0.211084,-0.139468,-0.054945
0.208168,-0.134987,-0.054180
0.205255,-0.130510,-0.053415
0.202099,-0.126296,-0.052899
0.198868,-0.122165,-0.052459
0.195638,-0.118037,-0.052020
0.192561,-0.113754,-0.051431
0.189704,-0.109245,-0.050623
0.186851,-0.104742,-0.049817
0.184104,-0.100134,-0.048908
0.181412,-0.095478,-0.047948
0.178753,-0.090796,-0.046959
0.176091,-0.086123,-0.045976
0.173144,-0.081749,-0.045279
0.170192,-0.077385,-0.044589
0.167286,-0.072980,-0.043856
0.163988,-0.068974,-0.043510
0.160621,-0.065040,-0.043233
0.157265,-0.061097,-0.042946
0.153186,-0.057873,-0.043365
0.149067,-0.054687,-0.043820
0.145112,-0.051335,-0.044115
0.140561,-0.048565,-0.044986
0.136176,-0.045627,-0.045693
0.131789,-0.042685,-0.046399
0.127398,-0.039740,-0.047105
0.123005,-0.036794,-0.047812
0.118050,-0.034382,-0.049055
0.113045,-0.032009,-0.050342
0.107588,-0.030058,-0.052055
0.101584,-0.028614,-0.054283
0.095300,-0.027420,-0.056771
0.088334,-0.026852,-0.059898
0.081128,-0.026485,-0.063240
0.072987,-0.026972,-0.067456
0.064035,-0.028185,-0.072424
0.054929,-0.029504,-0.077518
0.045818,-0.030789,-0.082599
0.029997,-0.038241,-0.093972
0.208826,-0.275267,-0.115885
0.218605,-0.256094,-0.101782
0.222328,-0.243860,-0.094010
0.224730,-0.233173,-0.087634
0.225575,-0.224281,-0.082891
0.226517,-0.215321,-0.078069
0.226559,-0.207399,-0.074189
0.226386,-0.199748,-0.070546
0.226284,-0.192049,-0.066846
0.225249,-0.185405,-0.064114
0.224041,-0.178973,-0.061569
0.222770,-0.172630,-0.059099
0.221043,-0.166803,-0.057102
0.218467,-0.161912,-0.055974
0.216025,-0.156886,-0.054716
0.213663,-0.151784,-0.053380
0.210812,-0.147216,-0.052545
0.207850,-0.142774,-0.051824
0.204934,-0.138290,-0.051059
0.201918,-0.133918,-0.050399
0.198691,-0.129773,-0.049952
0.195466,-0.125631,-0.049505
0.192238,-0.121495,-0.049063
0.189358,-0.117001,-0.048277
0.186432,-0.112562,-0.047540
0.183501,-0.108133,-0.046811
0.180790,-0.103484,-0.045866
0.178172,-0.098747,-0.044834
0.175513,-0.094060,-0.043847
0.172715,-0.089524,-0.043000
0.169768,-0.085144,-0.042302
0.166817,-0.080775,-0.041611
0.163658,-0.076620,-0.041126
0.160187,-0.072782,-0.040947
0.156842,-0.068818,-0.040646
0.153264,-0.065091,-0.040573
0.148999,-0.062046,-0.041168
0.144730,-0.058999,-0.041762
0.140443,-0.055965,-0.042373
0.135842,-0.053236,-0.043285
0.131412,-0.050332,-0.044028
0.127017,-0.047387,-0.044734
0.122714,-0.044349,-0.045350
0.118085,-0.041621,-0.046276
0.113125,-0.039204,-0.047515
0.108309,-0.036639,-0.048612
0.102290,-0.035216,-0.050851
0.096263,-0.033784,-0.053089
0.089414,-0.033114,-0.056098
0.082373,-0.032605,-0.059280
0.074371,-0.032975,-0.063358
0.065896,-0.033759,-0.067868
0.056777,-0.035111,-0.072968
0.047993,-0.036112,-0.077735
0.036634,-0.039468,-0.084902
0.022744,-0.045110,-0.094416
0.205892,-0.286451,-0.116225
0.215063,-0.267891,-0.102762
0.220006,-0.254225,-0.093727
0.223655,-0.242090,-0.086064
0.224446,-0.233228,-0.081377
0.225194,-0.224452,-0.076754
0.225351,-0.216374,-0.072755
0.225146,-0.208732,-0.069145
0.224979,-0.201078,-0.065510
0.224286,-0.194033,-0.062425
0.223076,-0.187582,-0.059881
0.221873,-0.181144,-0.057339
0.220666,-0.174732,-0.054813
0.218305,-0.169594,-0.053465
0.215729,-0.164699,-0.052339
0.213158,-0.159810,-0.051214
0.210598,-0.154918,-0.050081
0.207626,-0.150475,-0.049367
0.204658,-0.146036,-0.048653
0.201696,-0.141596,-0.047936
0.198492,-0.137418,-0.047463
0.195221,-0.133316,-0.047059
0.191951,-0.129214,-0.046655
0.188821,-0.124972,-0.046115
0.185864,-0.120553,-0.045405
0.182930,-0.116116,-0.044675
0.180070,-0.111609,-0.043876
0.177456,-0.106855,-0.042837
0.174844,-0.102107,-0.041800
0.172235,-0.097365,-0.040765
0.169333,-0.092930,-0.040020
0.166385,-0.088546,-0.039323
0.163436,-0.084169,-0.038630
0.159944,-0.080345,-0.038469
0.156337,-0.076638,-0.038420
0.152991,-0.072670,-0.038118
0.148971,-0.069376,-0.038471
0.144719,-0.066308,-0.039045
0.140321,-0.063382,-0.039760
0.135658,-0.060711,-0.040727
0.131083,-0.057946,-0.041606
0.126724,-0.054964,-0.042274
0.122433,-0.051908,-0.042874
0.118069,-0.048919,-0.043541
0.113245,-0.046370,-0.044646
0.108546,-0.043693,-0.045628
0.103104,-0.041720,-0.047312
0.097093,-0.040279,-0.049531
0.090701,-0.039184,-0.052102
0.083617,-0.038725,-0.055318
0.075991,-0.038755,-0.059036
0.067789,-0.039300,-0.063282
0.058705,-0.040640,-0.068343
0.049743,-0.041828,-0.073271
0.041316,-0.042480,-0.077679
0.030339,-0.045466,-0.084457
0.016360,-0.051178,-0.094018
0.200954,-0.299965,-0.118631
0.213380,-0.277615,-0.101803
0.218250,-0.263979,-0.092848
0.221140,-0.252657,-0.085970
0.223033,-0.242516,-0.080147
0.223807,-0.233680,-0.075496
0.224404,-0.225081,-0.071047
0.224019,-0.217614,-0.067620
0.223708,-0.210093,-0.064131
0.223443,-0.202549,-0.060608
0.222152,-0.196167,-0.058145
0.220896,-0.189766,-0.055655
0.219696,-0.183326,-0.053120
0.218010,-0.177436,-0.051085
0.215514,-0.172441,-0.049876
0.212945,-0.167537,-0.048746
0.210379,-0.162639,-0.047617
0.207199,-0.158410,-0.047110
0.204166,-0.154029,-0.046458
0.201158,-0.149626,-0.045783
0.198082,-0.145302,-0.045179
0.194861,-0.141136,-0.044722
0.191602,-0.137014,-0.044304
0.188330,-0.132910,-0.043901
0.185351,-0.128503,-0.043210
0.182392,-0.124082,-0.042503
0.179432,-0.119667,-0.041799
0.176731,-0.114990,-0.040843
0.174116,-0.110232,-0.039806
0.171504,-0.105480,-0.038770
0.168697,-0.100935,-0.037929
0.165738,-0.096552,-0.037239
0.162888,-0.092065,-0.036447
0.159872,-0.087750,-0.035819
0.156224,-0.084077,-0.035807
0.152549,-0.080432,-0.035822
0.148909,-0.076752,-0.035802
0.144553,-0.073785,-0.036474
0.140078,-0.070931,-0.037258
0.135474,-0.068199,-0.038164
0.130695,-0.065632,-0.039235
0.126179,-0.062799,-0.040050
0.121940,-0.059688,-0.040595
0.117768,-0.056508,-0.041075
0.113413,-0.053502,-0.041728
0.108731,-0.050806,-0.042689
0.103920,-0.048227,-0.043769
0.097923,-0.046779,-0.045971
0.091911,-0.045327,-0.048177
0.084862,-0.044847,-0.051356
0.077610,-0.044535,-0.054714
0.069393,-0.045111,-0.058969
0.060903,-0.045911,-0.063464
0.051974,-0.047090,-0.068355
0.044013,-0.047326,-0.072322
0.034906,-0.048600,-0.077346
0.023982,-0.051523,-0.084046
0.009882,-0.057332,-0.093680
0.211602,-0.287474,-0.100932
0.216488,-0.273769,-0.091965
0.219135,-0.262681,-0.085341
0.221703,-0.251737,-0.078824
0.222373,-0.242986,-0.074280
0.223167,-0.234135,-0.069628
0.223070,-0.226318,-0.065905
0.222687,-0.218852,-0.062488
0.222306,-0.211413,-0.059084
0.221305,-0.204687,-0.056323
0.220016,-0.198302,-0.053865
0.218730,-0.191935,-0.051414
0.217518,-0.185507,-0.048899
0.215110,-0.180404,-0.047599
0.212655,-0.175362,-0.046351
0.210135,-0.170403,-0.045175
0.207422,-0.165661,-0.044196
0.204015,-0.161672,-0.043915
0.200609,-0.157685,-0.043635
0.197560,-0.153320,-0.043000
0.194385,-0.149094,-0.042493
0.191163,-0.144924,-0.042036
0.187943,-0.140756,-0.041579
0.184801,-0.136509,-0.041046
0.181770,-0.132150,-0.040406
0.178742,-0.127795,-0.039766
0.175827,-0.123328,-0.039017
0.173293,-0.118473,-0.037898
0.170761,-0.113624,-0.036780
0.168159,-0.108858,-0.035736
0.165140,-0.104525,-0.035103
0.162123,-0.100196,-0.034470
0.159271,-0.095704,-0.033679
0.155849,-0.091794,-0.033443
0.152245,-0.088070,-0.033386
0.148654,-0.084334,-0.033316
0.144382,-0.081279,-0.033903
0.139873,-0.078455,-0.034715
0.135361,-0.075629,-0.035529
0.130583,-0.073059,-0.036594
0.125751,-0.070535,-0.037707
0.121498,-0.067432,-0.038261
0.117364,-0.064210,-0.038701
0.113144,-0.061067,-0.039221
0.108802,-0.058040,-0.039855
0.104141,-0.055315,-0.040789
0.098660,-0.053373,-0.042496
0.092698,-0.051880,-0.044651
0.086449,-0.050644,-0.047069
0.079262,-0.050284,-0.050361
0.071317,-0.050618,-0.054354
0.063134,-0.051147,-0.058557
0.054545,-0.052026,-0.063123
0.046144,-0.052695,-0.067497
0.038351,-0.052761,-0.071288
0.028935,-0.054311,-0.076577
0.018350,-0.056906,-0.082934
0.001944,-0.064838,-0.094673
0.208726,-0.298624,-0.101186
0.214623,-0.283707,-0.091180
0.217396,-0.272432,-0.084427
0.220000,-0.261407,-0.077876
0.221022,-0.252225,-0.072971
0.221715,-0.243455,-0.068421
0.222041,-0.235135,-0.064265
0.221568,-0.227744,-0.060939
0.221185,-0.220281,-0.057535
0.220433,-0.213256,-0.054520
0.218931,-0.207086,-0.052276
0.217706,-0.200630,-0.049761
0.216484,-0.194192,-0.047254
0.214607,-0.188491,-0.045416
0.212185,-0.183400,-0.044133
0.209754,-0.178329,-0.042863
0.207303,-0.173291,-0.041620
0.204235,-0.168929,-0.040998
0.200822,-0.164943,-0.040722
0.197377,-0.160993,-0.040479
0.193897,-0.157083,-0.040273
0.190542,-0.153043,-0.039944
0.187253,-0.148936,-0.039550
0.183967,-0.144830,-0.039156
0.180989,-0.140404,-0.038460
0.178048,-0.135946,-0.037731
0.175022,-0.131582,-0.037088
0.172339,-0.126868,-0.036111
0.169804,-0.122008,-0.034993
0.167247,-0.117180,-0.033902
0.164510,-0.112546,-0.032990
0.161563,-0.108134,-0.032285
0.158552,-0.103793,-0.031646
0.155469,-0.099531,-0.031080
0.151823,-0.095841,-0.031058
0.148199,-0.092131,-0.031017
0.144364,-0.088632,-0.031179
0.139869,-0.085792,-0.031974
0.135353,-0.082967,-0.032787
0.130316,-0.080652,-0.034095
0.125245,-0.078362,-0.035432
0.120657,-0.075585,-0.036303
0.116712,-0.072170,-0.036558
0.112840,-0.068681,-0.036742
0.108454,-0.065692,-0.037414
0.104104,-0.062662,-0.038048
0.099375,-0.059994,-0.039039
0.093603,-0.058324,-0.041011
0.087996,-0.056479,-0.042820
0.080979,-0.055968,-0.045947
0.073689,-0.055695,-0.049320
0.065150,-0.056581,-0.053851
0.056695,-0.057353,-0.058287
0.048162,-0.058166,-0.062779
0.040580,-0.058050,-0.066368
0.032833,-0.058062,-0.070098
0.023742,-0.059298,-0.075062
0.012636,-0.062366,-0.081877
0.204922,-0.310880,-0.102385
0.212740,-0.293695,-0.090405
0.216097,-0.281709,-0.083053
0.218180,-0.271238,-0.077038
0.219721,-0.261431,-0.071601
0.220342,-0.252711,-0.067125
0.221057,-0.243923,-0.062572
0.220587,-0.236503,-0.059242
0.220059,-0.229177,-0.055985
0.219660,-0.221735,-0.052610
0.218190,-0.215509,-0.050331
0.216601,-0.209436,-0.048182
0.215249,-0.203119,-0.045803
0.213874,-0.196848,-0.043458
0.211415,-0.191782,-0.042209
0.208973,-0.186708,-0.040948
0.206555,-0.181619,-0.039668
0.204050,-0.176636,-0.038480
0.200756,-0.172512,-0.038083
0.197317,-0.168548,-0.037831
0.193870,-0.164595,-0.037589
0.190312,-0.160763,-0.037457
0.186702,-0.156988,-0.037378
0.183247,-0.153049,-0.037147
0.180082,-0.148809,-0.036631
0.177137,-0.144342,-0.035902
0.174180,-0.139893,-0.035187
0.171287,-0.135384,-0.034413
0.168792,-0.130468,-0.033253
0.166231,-0.125630,-0.032162
0.163674,-0.120797,-0.031072
0.160754,-0.116346,-0.030338
0.157806,-0.111929,-0.029634
0.154865,-0.107510,-0.028926
0.151440,-0.103588,-0.028688
0.147790,-0.099896,-0.028667
0.144143,-0.096201,-0.028645
0.139842,-0.093163,-0.029250
0.135344,-0.090317,-0.030042
0.130521,-0.087789,-0.031141
0.125160,-0.085786,-0.032750
0.119913,-0.083658,-0.034244
0.115864,-0.080338,-0.034594
0.112219,-0.076620,-0.034558
0.108354,-0.073115,-0.034731
0.103937,-0.070147,-0.035426
0.099518,-0.067176,-0.036120
0.094375,-0.064900,-0.037493
0.088830,-0.063001,-0.039240
0.082658,-0.061689,-0.041568
0.075381,-0.061416,-0.044925
0.067459,-0.061732,-0.048872
0.058821,-0.062698,-0.053474
0.050712,-0.063129,-0.057565
0.042680,-0.063456,-0.061570
0.035368,-0.063075,-0.064891
0.027119,-0.063546,-0.069069
0.018225,-0.064586,-0.073829
0.007149,-0.067617,-0.080588
0.210731,-0.303858,-0.089748
0.214517,-0.291335,-0.081960
0.216733,-0.280671,-0.075808
0.218578,-0.270483,-0.070062
0.219016,-0.261939,-0.065773
0.219660,-0.253200,-0.061291
0.219663,-0.245221,-0.057480
0.219135,-0.237870,-0.054221
0.218585,-0.230571,-0.050999
0.217513,-0.223882,-0.048316
0.215947,-0.217763,-0.046142
0.214360,-0.211687,-0.043998
0.212791,-0.205609,-0.041844
0.210685,-0.200139,-0.040238
0.208226,-0.195068,-0.038991
0.205771,-0.190005,-0.037745
0.203340,-0.184926,-0.036480
0.200398,-0.180411,-0.035729
0.197101,-0.176284,-0.035333
0.193807,-0.172159,-0.034936
0.190334,-0.168227,-0.034717
0.186721,-0.164449,-0.034637
0.183096,-0.160684,-0.034571
0.179266,-0.157136,-0.034706
0.176118,-0.152871,-0.034173
0.173118,-0.148453,-0.033495
0.170122,-0.144039,-0.032818
0.167493,-0.139247,-0.031786
0.165072,-0.134248,-0.030554
0.162653,-0.129258,-0.029327
0.159943,-0.124577,-0.028385
0.157000,-0.120143,-0.027673
0.154061,-0.115710,-0.026960
0.150999,-0.111408,-0.026368
0.147404,-0.107652,-0.026290
0.143753,-0.103955,-0.026269
0.139884,-0.100476,-0.026455
0.135369,-0.097645,-0.027259
0.130865,-0.094796,-0.028049
0.125639,-0.092661,-0.029526
0.120315,-0.090611,-0.031089
0.115607,-0.087940,-0.032062
0.111711,-0.084462,-0.032262
0.107969,-0.080830,-0.032314
0.103858,-0.077559,-0.032715
0.099441,-0.074583,-0.033403
0.094828,-0.071792,-0.034273
0.089280,-0.069898,-0.036018
0.083767,-0.067956,-0.037724
0.076687,-0.067506,-0.040890
0.069643,-0.066997,-0.044011
0.060997,-0.067991,-0.048614
0.052707,-0.068612,-0.052870
0.044836,-0.068803,-0.056720
0.037269,-0.068680,-0.060275
0.029960,-0.068285,-0.063576
0.021713,-0.068744,-0.067734
0.012524,-0.070048,-0.072745
0.001061,-0.073426,-0.079833
0.206551,-0.316561,-0.091309
0.212706,-0.301253,-0.081092
0.215146,-0.290291,-0.074714
0.217294,-0.279719,-0.068660
0.217854,-0.271007,-0.064246
0.218334,-0.262422,-0.059932
0.218715,-0.253987,-0.055735
0.217938,-0.246891,-0.052727
0.217386,-0.239569,-0.049505
0.216810,-0.232303,-0.046321
0.214958,-0.226483,-0.044432
0.213421,-0.220331,-0.042235
0.211870,-0.214214,-0.040062
0.210038,-0.208424,-0.038178
0.207486,-0.203442,-0.037021
0.205029,-0.198364,-0.035774
0.202576,-0.193294,-0.034529
0.200002,-0.188366,-0.033408
0.196642,-0.184298,-0.033070
0.193326,-0.180185,-0.032691
0.190011,-0.176075,-0.032313
0.186329,-0.172361,-0.032298
0.182491,-0.168815,-0.032436
0.178657,-0.165264,-0.032571
0.175082,-0.161437,-0.032451
0.172066,-0.157024,-0.031786
0.169053,-0.152614,-0.031121
0.166115,-0.148131,-0.030386
0.163692,-0.143118,-0.029153
0.161239,-0.138145,-0.027954
0.158773,-0.133197,-0.026772
0.156037,-0.128536,-0.025856
0.153251,-0.123934,-0.024992
0.150314,-0.119494,-0.024277
0.146938,-0.115505,-0.023984
0.143340,-0.111745,-0.023907
0.139707,-0.108022,-0.023865
0.135449,-0.104928,-0.024419
0.130958,-0.102064,-0.025193
0.126353,-0.099308,-0.026073
0.121045,-0.097245,-0.027618
0.116002,-0.094908,-0.028906
0.111721,-0.091807,-0.029468
0.107811,-0.088335,-0.029676
0.103831,-0.084932,-0.029951
0.099372,-0.081993,-0.030674
0.094942,-0.079021,-0.031368
0.089751,-0.076783,-0.032773
0.084239,-0.074843,-0.034474
0.077997,-0.073594,-0.036850
0.071013,-0.073039,-0.039910
0.063213,-0.073241,-0.043720
0.054512,-0.074273,-0.048352
0.046623,-0.074498,-0.052214
0.038965,-0.074474,-0.055847
0.031819,-0.073940,-0.058995
0.024285,-0.073746,-0.062489
0.016042,-0.074189,-0.066623
0.006446,-0.075861,-0.071986
-0.008888,-0.082821,-0.082598
0.201226,-0.330642,-0.094027
0.210830,-0.311275,-0.080283
0.213381,-0.300144,-0.073792
0.215709,-0.289325,-0.067555
0.216608,-0.280192,-0.062796
0.217131,-0.271529,-0.058438
0.217652,-0.262906,-0.054100
0.217104,-0.255527,-0.050859
0.216267,-0.248502,-0.047923
0.215634,-0.241273,-0.044794
0.214274,-0.234883,-0.042408
0.212384,-0.229106,-0.040564
0.210885,-0.222910,-0.038335
0.209337,-0.216788,-0.036166
0.206933,-0.211626,-0.034857
0.204337,-0.206687,-0.033746
0.201822,-0.201670,-0.032559
0.199370,-0.196595,-0.031315
0.196149,-0.192365,-0.030836
0.192627,-0.188465,-0.030657
0.189286,-0.184372,-0.030300
0.185879,-0.180353,-0.030010
0.181974,-0.176870,-0.030210
0.178068,-0.173386,-0.030410
0.174207,-0.169854,-0.030566
0.171028,-0.165601,-0.030056
0.168002,-0.161191,-0.029400
0.164926,-0.156839,-0.028795
0.162210,-0.152116,-0.027842
0.159745,-0.147139,-0.026651
0.157277,-0.142177,-0.025468
0.154715,-0.137320,-0.024379
0.151925,-0.132707,-0.023514
0.149138,-0.128098,-0.022649
0.146283,-0.123567,-0.021854
0.142792,-0.119689,-0.021670
0.139249,-0.115866,-0.021537
0.135531,-0.112220,-0.021572
0.131050,-0.109344,-0.022333
0.126565,-0.106465,-0.023095
0.121815,-0.103846,-0.024107
0.116867,-0.101416,-0.025301
0.112135,-0.098763,-0.026288
0.107828,-0.095681,-0.026868
0.103858,-0.092262,-0.027130
0.099428,-0.089294,-0.027823
0.094955,-0.086361,-0.028554
0.090223,-0.083675,-0.029524
0.084710,-0.081739,-0.031222
0.079162,-0.079824,-0.032945
0.072207,-0.079252,-0.035974
0.065165,-0.078740,-0.039071
0.056374,-0.079877,-0.043781
0.048210,-0.080381,-0.047893
0.040564,-0.080359,-0.051510
0.033316,-0.079936,-0.054748
0.026301,-0.079266,-0.057758
0.018481,-0.079329,-0.061498
0.010345,-0.079659,-0.065514
-0.000213,-0.082216,-0.071736
0.207022,-0.323569,-0.081436
0.211411,-0.310264,-0.073070
0.214055,-0.299039,-0.066512
0.215491,-0.289256,-0.061207
0.215811,-0.280793,-0.057054
0.216385,-0.272079,-0.052663
0.216330,-0.264114,-0.048923
0.215494,-0.257066,-0.045986
0.214659,-0.250040,-0.043058
0.213754,-0.243120,-0.040214
0.211739,-0.237464,-0.038493
0.209808,-0.231730,-0.036695
0.208314,-0.225527,-0.034468
0.206425,-0.219781,-0.032644
0.203826,-0.214831,-0.031532
0.201231,-0.209888,-0.030422
0.198638,-0.204951,-0.029314
0.195814,-0.200276,-0.028439
0.192288,-0.196371,-0.028259
0.188764,-0.192467,-0.028080
0.185240,-0.188564,-0.027901
0.181517,-0.184876,-0.027917
0.177579,-0.181420,-0.028145
0.173627,-0.177977,-0.028386
0.169912,-0.174280,-0.028394
0.166778,-0.169971,-0.027839
0.163697,-0.165610,-0.027233
0.160644,-0.161227,-0.026604
0.158199,-0.156213,-0.025390
0.155757,-0.151205,-0.024177
0.153306,-0.146217,-0.022977
0.150596,-0.141507,-0.022031
0.147807,-0.136886,-0.021165
0.145020,-0.132269,-0.020300
0.141905,-0.127996,-0.019752
0.138468,-0.124054,-0.019514
0.134921,-0.120227,-0.019381
0.131116,-0.116661,-0.019494
0.126628,-0.113783,-0.020255
0.122136,-0.110902,-0.021017
0.117500,-0.108161,-0.021913
0.112847,-0.105429,-0.022822
0.108375,-0.102510,-0.023556
0.103998,-0.099492,-0.024198
0.099529,-0.096559,-0.024925
0.095013,-0.093666,-0.025692
0.090528,-0.090738,-0.026428
0.085178,-0.088646,-0.027968
0.079590,-0.086772,-0.029725
0.073216,-0.085646,-0.032206
0.066163,-0.085155,-0.035309
0.058147,-0.085564,-0.039293
0.049404,-0.086639,-0.043935
0.041993,-0.086407,-0.047329
0.034639,-0.086095,-0.050659
0.027565,-0.085493,-0.053719
0.020398,-0.084955,-0.056853
0.012836,-0.084763,-0.060338
0.003965,-0.085769,-0.065008
-0.006222,-0.087966,-0.070864
0.201435,-0.337979,-0.084389
0.209289,-0.320591,-0.072492
0.211989,-0.309257,-0.065879
0.214371,-0.298347,-0.059615
0.214658,-0.289892,-0.055495
0.215033,-0.281373,-0.051304
0.215509,-0.272776,-0.047028
0.214475,-0.265929,-0.044288
0.213609,-0.258915,-0.041391
0.212746,-0.251922,-0.038502
0.211209,-0.245712,-0.036299
0.209201,-0.240047,-0.034576
0.207231,-0.234356,-0.032823
0.205740,-0.228148,-0.030600
0.202997,-0.223342,-0.029628
0.200354,-0.218437,-0.028562
0.197794,-0.213448,-0.027417
0.195238,-0.208468,-0.026274
0.191644,-0.204626,-0.026158
0.188083,-0.200751,-0.026010
0.184537,-0.196862,-0.025848
0.180903,-0.193070,-0.025774
0.176943,-0.189627,-0.026017
0.172986,-0.186181,-0.026258
0.169028,-0.182734,-0.026499
0.165712,-0.178606,-0.026116
0.162524,-0.174345,-0.025610
0.159382,-0.170041,-0.025062
0.156625,-0.165339,-0.024146
0.154180,-0.160317,-0.022932
0.151656,-0.155387,-0.021798
0.149060,-0.150543,-0.020739
0.146391,-0.145781,-0.019752
0.143680,-0.141072,-0.018810
0.140859,-0.136483,-0.017977
0.137516,-0.132435,-0.017645
0.134133,-0.128430,-0.017352
0.130532,-0.124649,-0.017267
0.126597,-0.121207,-0.017500
0.122191,-0.118237,-0.018176
0.117623,-0.115425,-0.019003
0.112969,-0.112691,-0.019909
0.108437,-0.109831,-0.020697
0.103999,-0.106870,-0.021393
0.099582,-0.103883,-0.022067
0.095082,-0.100972,-0.022815
0.090579,-0.098058,-0.023564
0.085618,-0.095587,-0.024738
0.080019,-0.093728,-0.026500
0.074274,-0.091996,-0.028391
0.067182,-0.091554,-0.031525
0.059808,-0.091358,-0.034908
0.050982,-0.092530,-0.039620
0.042982,-0.092876,-0.043554
0.035399,-0.092793,-0.047087
0.028573,-0.091965,-0.049914
0.021674,-0.091184,-0.052797
0.014244,-0.090880,-0.056155
0.007019,-0.090359,-0.059315
-0.001914,-0.091410,-0.064021
-0.016098,-0.097322,-0.073491
0.207092,-0.331036,-0.071980
0.209819,-0.319626,-0.065340
0.212566,-0.308251,-0.058706
0.213418,-0.299115,-0.054016
0.213827,-0.290527,-0.049789
0.214256,-0.281952,-0.045560
0.213576,-0.274677,-0.042462
0.212513,-0.267863,-0.039761
0.211628,-0.260872,-0.036893
0.210670,-0.253989,-0.034110
0.208661,-0.248308,-0.032385
0.206661,-0.242633,-0.030659
0.204655,-0.236979,-0.028946
0.202716,-0.231266,-0.027173
0.199617,-0.226852,-0.026556
0.196855,-0.222072,-0.025607
0.194253,-0.217125,-0.024506
0.191228,-0.212651,-0.023826
0.187477,-0.208973,-0.023860
0.183726,-0.205296,-0.023895
0.180174,-0.201403,-0.023734
0.176311,-0.197849,-0.023879
0.172347,-0.194402,-0.024122
0.168381,-0.190954,-0.024366
0.164693,-0.187211,-0.024340
0.161502,-0.182942,-0.023833
0.158249,-0.178741,-0.023388
0.154998,-0.174543,-0.022943
0.152411,-0.169653,-0.021861
0.149877,-0.164717,-0.020733
0.147346,-0.159787,-0.019607
0.144591,-0.155099,-0.018699
0.141836,-0.150418,-0.017794
0.139251,-0.145569,-0.016731
0.136328,-0.141076,-0.015993
0.133117,-0.136885,-0.015533
0.129771,-0.132833,-0.015202
0.125992,-0.129225,-0.015282
0.122051,-0.125780,-0.015515
0.117744,-0.122701,-0.016091
0.113126,-0.119931,-0.016959
0.108592,-0.117069,-0.017745
0.104047,-0.114211,-0.018537
0.099591,-0.111262,-0.019245
0.095122,-0.108317,-0.019961
0.090615,-0.105404,-0.020710
0.085674,-0.102912,-0.021860
0.080142,-0.100989,-0.023555
0.074560,-0.099103,-0.025291
0.067760,-0.098383,-0.028147
0.060593,-0.097997,-0.031332
0.052051,-0.098912,-0.035774
0.043532,-0.099770,-0.040178
0.036265,-0.099396,-0.043416
0.029093,-0.098906,-0.046555
0.022438,-0.097901,-0.049208
0.016055,-0.096618,-0.051604
0.009208,-0.095752,-0.054413
0.002178,-0.095038,-0.057379
-0.007857,-0.097113,-0.063068
0.201363,-0.345640,-0.075041
0.207758,-0.329903,-0.064681
0.210377,-0.318631,-0.058178
0.212102,-0.308449,-0.052603
0.212444,-0.299907,-0.048444
0.212996,-0.291161,-0.044092
0.212933,-0.283156,-0.040374
0.211643,-0.276578,-0.037898
0.210589,-0.269755,-0.035198
0.209648,-0.262830,-0.032396
0.208119,-0.256589,-0.030191
0.206113,-0.250904,-0.028468
0.204113,-0.245226,-0.026746
0.202117,-0.239561,-0.025028
0.199391,-0.234719,-0.024038
0.196274,-0.230320,-0.023438
0.193470,-0.225581,-0.022532
0.190712,-0.220801,-0.021585
0.187056,-0.217010,-0.021522
0.183303,-0.213326,-0.021554
0.179551,-0.209641,-0.021586
0.175687,-0.206078,-0.021727
0.171726,-0.202620,-0.021962
0.167764,-0.199161,-0.022198
0.163801,-0.195701,-0.022433
0.160246,-0.191807,-0.022275
0.156938,-0.187652,-0.021878
0.153683,-0.183446,-0.021433
0.150709,-0.178946,-0.020718
0.148130,-0.174040,-0.019629
0.145557,-0.169135,-0.018537
0.143007,-0.164217,-0.017429
0.140110,-0.159667,-0.016655
0.137269,-0.155067,-0.015832
0.134683,-0.150210,-0.014768
0.131429,-0.146048,-0.014344
0.128226,-0.141837,-0.013872
0.124950,-0.137704,-0.013470
0.121177,-0.134079,-0.013540
0.117368,-0.130491,-0.013643
0.113282,-0.127180,-0.014006
0.108745,-0.124319,-0.014791
0.104202,-0.121459,-0.015578
0.099649,-0.118602,-0.016373
0.095161,-0.115674,-0.017102
0.090489,-0.112922,-0.018001
0.085517,-0.110460,-0.019176
0.080157,-0.108368,-0.020706
0.074447,-0.106608,-0.022556
0.068046,-0.105505,-0.025036
0.060847,-0.105158,-0.028244
0.052853,-0.105556,-0.032172
0.044056,-0.106696,-0.036824
0.036725,-0.106393,-0.040114
0.029606,-0.105861,-0.043197
0.023801,-0.104053,-0.045069
0.017472,-0.102726,-0.047411
0.010966,-0.101550,-0.049906
0.004360,-0.100448,-0.052482
-0.003817,-0.100802,-0.056476
-0.014267,-0.103252,-0.062515
0.205361,-0.340602,-0.064350
0.208291,-0.328924,-0.057533
0.210911,-0.317665,-0.051058
0.211056,-0.309319,-0.047097
0.211472,-0.300698,-0.042880
0.212091,-0.291881,-0.038477
0.210997,-0.285058,-0.035804
0.209711,-0.278478,-0.033334
0.208665,-0.271647,-0.030635
0.207594,-0.264869,-0.027972
0.205567,-0.259191,-0.026269
0.203562,-0.253502,-0.024550
0.201565,-0.247821,-0.022831
0.199296,-0.242457,-0.021387
0.196062,-0.238177,-0.020899
0.192943,-0.233774,-0.020299
0.190081,-0.229095,-0.019452
0.186877,-0.224798,-0.018942
0.182919,-0.221331,-0.019172
0.179162,-0.217643,-0.019203
0.175406,-0.213955,-0.019235
0.171627,-0.210293,-0.019289
0.167164,-0.207367,-0.020007
0.163195,-0.203905,-0.020243
0.159412,-0.200244,-0.020300
0.155911,-0.196283,-0.020086
0.152410,-0.192324,-0.019872
0.149103,-0.188162,-0.019473
0.146431,-0.183337,-0.018469
0.143851,-0.178423,-0.017380
0.141178,-0.173615,-0.016384
0.138407,-0.168918,-0.015485
0.135619,-0.164246,-0.014606
0.132724,-0.159693,-0.013832
0.129794,-0.155181,-0.013094
0.126529,-0.151019,-0.012675
0.123307,-0.146818,-0.012218
0.119757,-0.142953,-0.012072
0.116001,-0.139301,-0.012120
0.112111,-0.135782,-0.012293
0.107837,-0.132650,-0.012826
0.103628,-0.129448,-0.013296
0.099234,-0.126426,-0.013936
0.094878,-0.123364,-0.014539
0.090218,-0.120597,-0.015423
0.085330,-0.118049,-0.016515
0.080136,-0.115793,-0.017886
0.074332,-0.114126,-0.019816
0.068349,-0.112619,-0.021904
0.061127,-0.112303,-0.025126
0.053535,-0.112322,-0.028678
0.044794,-0.113423,-0.033270
0.037298,-0.113289,-0.036705
0.030079,-0.112861,-0.039874
0.024050,-0.111271,-0.041945
0.018580,-0.109131,-0.043498
0.012468,-0.107589,-0.045631
0.005807,-0.106549,-0.048253
-0.001095,-0.105716,-0.051085
-0.010722,-0.107420,-0.056372
-0.027277,-0.115569,-0.067897
0.199919,-0.354905,-0.067083
0.205688,-0.339853,-0.057401
0.208730,-0.328057,-0.050501
0.209864,-0.318531,-0.045544
0.210011,-0.310190,-0.041596
0.210501,-0.301489,-0.037322
0.210181,-0.293753,-0.033874
0.209063,-0.286959,-0.031235
0.207778,-0.280379,-0.028771
0.206742,-0.273539,-0.026073
0.205043,-0.267471,-0.024041
0.203012,-0.261795,-0.022346
0.201011,-0.256102,-0.020629
0.199015,-0.250417,-0.018914
0.196087,-0.245785,-0.018121
0.192794,-0.241566,-0.017691
0.189609,-0.237232,-0.017156
0.186686,-0.232615,-0.016368
0.182935,-0.228913,-0.016392
0.178953,-0.225464,-0.016639
0.175012,-0.221969,-0.016847
0.171264,-0.218264,-0.016866
0.167553,-0.214520,-0.016851
0.163021,-0.211661,-0.017629
0.158615,-0.208660,-0.018282
0.155070,-0.204736,-0.018106
0.151560,-0.200776,-0.017897
0.148042,-0.196826,-0.017696
0.144613,-0.192786,-0.017412
0.141791,-0.188108,-0.016549
0.139069,-0.183333,-0.015594
0.136350,-0.178564,-0.014641
0.133475,-0.173965,-0.013839
0.130702,-0.169268,-0.012945
0.127975,-0.164529,-0.012009
0.124827,-0.160233,-0.011475
0.121615,-0.156005,-0.011003
0.118246,-0.151944,-0.010681
0.114549,-0.148219,-0.010668
0.110809,-0.144538,-0.010696
0.106637,-0.141293,-0.011126
0.102493,-0.138018,-0.011530
0.098147,-0.134941,-0.012121
0.093703,-0.131958,-0.012800
0.089177,-0.129051,-0.013553
0.084344,-0.126444,-0.014588
0.079368,-0.123969,-0.015751
0.073654,-0.122213,-0.017592
0.067952,-0.120429,-0.019414
0.060769,-0.120081,-0.022592
0.053703,-0.119594,-0.025652
0.045396,-0.120287,-0.029837
0.037306,-0.120738,-0.033808
0.030479,-0.119940,-0.036612
0.023947,-0.118837,-0.039137
0.018480,-0.116695,-0.040683
0.013012,-0.114541,-0.042224
0.006882,-0.113004,-0.044360
0.000085,-0.112081,-0.047091
-0.007966,-0.112320,-0.050947
-0.017974,-0.114366,-0.056552
0.203049,-0.350860,-0.057291
0.206031,-0.339085,-0.050451
0.208440,-0.328037,-0.044215
0.208818,-0.319397,-0.040036
0.208967,-0.311059,-0.036102
0.209402,-0.302425,-0.031899
0.208092,-0.295830,-0.029449
0.207016,-0.288988,-0.026777
0.205847,-0.282278,-0.024209
0.204655,-0.275616,-0.021673
0.202490,-0.270074,-0.020108
0.200448,-0.264410,-0.018429
0.198458,-0.258703,-0.016707
0.196280,-0.253220,-0.015175
0.192874,-0.249118,-0.014853
0.189554,-0.244923,-0.014447
0.186324,-0.240634,-0.013956
0.182953,-0.236506,-0.013605
0.178984,-0.233037,-0.013837
0.175002,-0.229581,-0.014080
0.171007,-0.226138,-0.014337
0.167125,-0.222571,-0.014482
0.163410,-0.218823,-0.014467
0.158974,-0.215852,-0.015146
0.154223,-0.213214,-0.016125
0.150642,-0.209319,-0.015980
0.147120,-0.205363,-0.015779
0.143599,-0.201408,-0.015578
0.140298,-0.197222,-0.015167
0.137037,-0.193000,-0.014722
0.134229,-0.188305,-0.013847
0.131477,-0.183559,-0.012923
0.128563,-0.178991,-0.012157
0.125709,-0.174367,-0.011337
0.122848,-0.169756,-0.010525
0.119642,-0.165508,-0.010043
0.116438,-0.161262,-0.009559
0.112905,-0.157357,-0.009387
0.109240,-0.153586,-0.009337
0.105405,-0.149990,-0.009449
0.101344,-0.146621,-0.009769
0.097128,-0.143406,-0.010233
0.092611,-0.140490,-0.010975
0.088133,-0.137528,-0.011678
0.083240,-0.134974,-0.012762
0.078290,-0.132469,-0.013895
0.072678,-0.130609,-0.015635
0.067013,-0.128788,-0.017415
0.060083,-0.128194,-0.020352
0.053339,-0.127396,-0.023108
0.045501,-0.127643,-0.026855
0.037314,-0.128198,-0.030907
0.030563,-0.127332,-0.033635
0.023884,-0.126376,-0.036287
0.018398,-0.124253,-0.037846
0.012950,-0.122081,-0.039364
0.007273,-0.120114,-0.041084
0.000705,-0.118982,-0.043603
-0.005785,-0.117754,-0.046042
-0.015175,-0.119243,-0.051084
-0.027835,-0.123764,-0.059047
0.198272,-0.364417,-0.059318
0.203363,-0.350114,-0.050360
0.206373,-0.338319,-0.043520
0.207067,-0.329277,-0.039023
0.207627,-0.320431,-0.034678
0.207934,-0.311915,-0.030603
0.207310,-0.304506,-0.027469
0.206002,-0.297908,-0.025026
0.204930,-0.291063,-0.022359
0.203909,-0.284184,-0.019652
0.202099,-0.278224,-0.017735
0.199936,-0.272680,-0.016174
0.197882,-0.267026,-0.014511
0.195897,-0.261312,-0.012788
0.193064,-0.256559,-0.011901
0.189657,-0.252454,-0.011579
0.186310,-0.248285,-0.011199
0.183079,-0.243993,-0.010709
0.179056,-0.240578,-0.010991
0.175025,-0.237169,-0.011277
0.171043,-0.233705,-0.011517
0.166993,-0.230315,-0.011821
0.162972,-0.226891,-0.012097
0.159258,-0.223134,-0.012078
0.154919,-0.220052,-0.012658
0.149965,-0.217623,-0.013825
0.146206,-0.213911,-0.013846
0.142669,-0.209962,-0.013655
0.139240,-0.205900,-0.013364
0.135974,-0.201669,-0.012918
0.132710,-0.197441,-0.012472
0.129447,-0.193215,-0.012027
0.126552,-0.188609,-0.011237
0.123636,-0.184032,-0.010470
0.120722,-0.179459,-0.009704
0.117651,-0.175055,-0.009088
0.114441,-0.170800,-0.008605
0.111092,-0.166690,-0.008254
0.107495,-0.162838,-0.008136
0.103793,-0.159094,-0.008116
0.099725,-0.155722,-0.008438
0.095662,-0.152342,-0.008753
0.091265,-0.149296,-0.009378
0.086818,-0.146296,-0.010046
0.082021,-0.143640,-0.011035
0.077113,-0.141087,-0.012122
0.071743,-0.138984,-0.013631
0.066071,-0.137168,-0.015413
0.059689,-0.136036,-0.017838
0.052941,-0.135246,-0.020590
0.045374,-0.135235,-0.024080
0.037387,-0.135606,-0.027941
0.030764,-0.134622,-0.030546
0.024173,-0.133586,-0.033112
0.018163,-0.131969,-0.035141
0.012777,-0.129738,-0.036599
0.007382,-0.127503,-0.038058
0.001273,-0.125937,-0.040157
-0.005066,-0.124573,-0.042455
-0.012466,-0.124195,-0.045698
-0.022623,-0.126392,-0.051406
-0.040143,-0.135462,-0.063688
0.200733,-0.361137,-0.050217
0.203676,-0.349372,-0.043446
0.205727,-0.338708,-0.037592
0.205756,-0.330446,-0.033776
0.206338,-0.321579,-0.029425
0.206526,-0.313204,-0.025483
0.205217,-0.306586,-0.023039
0.203912,-0.299986,-0.020601
0.202843,-0.293138,-0.017941
0.201620,-0.286490,-0.015443
0.199542,-0.280833,-0.013796
0.197381,-0.275285,-0.012237
0.195315,-0.269644,-0.010590
0.193233,-0.264037,-0.008967
0.189862,-0.259882,-0.008607
0.186436,-0.255794,-0.008302
0.183063,-0.251651,-0.007947
0.179604,-0.247605,-0.007677
0.175226,-0.244575,-0.008298
0.171096,-0.241268,-0.008677
0.167077,-0.237838,-0.008948
0.162896,-0.234583,-0.009374
0.158803,-0.231229,-0.009714
0.155097,-0.227456,-0.009683
0.150770,-0.224352,-0.010246
0.145697,-0.222044,-0.011519
0.141771,-0.218501,-0.011696
0.138215,-0.214563,-0.011520
0.134763,-0.210517,-0.011246
0.131403,-0.206377,-0.010887
0.128044,-0.202239,-0.010528
0.124671,-0.198119,-0.010185
0.121394,-0.193902,-0.009752
0.118451,-0.189341,-0.009007
0.115535,-0.184759,-0.008240
0.112368,-0.180443,-0.007711
0.109163,-0.176171,-0.007220
0.105637,-0.172231,-0.007030
0.102060,-0.168346,-0.006888
0.098104,-0.164849,-0.007098
0.094036,-0.161463,-0.007412
0.089746,-0.158299,-0.007931
0.085301,-0.155288,-0.008592
0.080605,-0.152523,-0.009480
0.075656,-0.150005,-0.010599
0.070350,-0.147833,-0.012043
0.064735,-0.145957,-0.013764
0.058514,-0.144666,-0.016034
0.051845,-0.143798,-0.018704
0.045112,-0.142973,-0.021424
0.037434,-0.143050,-0.024994
0.030375,-0.142496,-0.027989
0.024088,-0.141168,-0.030272
0.017903,-0.139724,-0.032454
0.012417,-0.137587,-0.033997
0.006922,-0.135448,-0.035541
0.001260,-0.133456,-0.037231
-0.004658,-0.131694,-0.039144
-0.010704,-0.130039,-0.041166
-0.020349,-0.131774,-0.046405
-0.029207,-0.132727,-0.050922
0.200747,-0.360734,-0.043590
0.204012,-0.348603,-0.036526
0.204353,-0.339945,-0.032397
0.204465,-0.331592,-0.028513
0.205050,-0.322726,-0.024176
0.204221,-0.315529,-0.021254
0.203125,-0.308666,-0.018608
0.201823,-0.302063,-0.016177
0.200756,-0.295214,-0.013523
0.198941,-0.289239,-0.011614
0.196902,-0.283536,-0.009933
0.194823,-0.277894,-0.008298
0.192747,-0.272263,-0.006668
0.190030,-0.267366,-0.005667
0.186679,-0.263185,-0.005286
0.183228,-0.259120,-0.005004
0.179811,-0.255021,-0.004691
0.175812,-0.251568,-0.004942
0.171401,-0.248566,-0.005588
0.167255,-0.245271,-0.005979
0.163064,-0.242022,-0.006411
0.158789,-0.238861,-0.006922
0.154626,-0.235576,-0.007326
0.150917,-0.231798,-0.007293
0.146501,-0.228781,-0.007935
0.141419,-0.226474,-0.009209
0.137325,-0.223102,-0.009540
0.133522,-0.219418,-0.009594
0.129801,-0.215648,-0.009572
0.126436,-0.211501,-0.009213
0.123074,-0.207356,-0.008854
0.119612,-0.203319,-0.008590
0.116226,-0.199205,-0.008256
0.113202,-0.194717,-0.007585
0.110213,-0.190199,-0.006883
0.106968,-0.185952,-0.006423
0.103570,-0.181866,-0.006107
0.100005,-0.177953,-0.005948
0.096241,-0.174247,-0.005974
0.092234,-0.170787,-0.006225
0.088111,-0.167443,-0.006583
0.083722,-0.164366,-0.007185
0.079166,-0.161453,-0.007939
0.074176,-0.158968,-0.009088
0.068948,-0.156713,-0.010452
0.063327,-0.154838,-0.012171
0.057112,-0.153540,-0.014427
0.050709,-0.152409,-0.016846
0.043984,-0.151577,-0.019550
0.036949,-0.151027,-0.022526
0.029984,-0.150385,-0.025427
0.023839,-0.148921,-0.027575
0.017680,-0.147454,-0.029727
0.011992,-0.145514,-0.031447
0.006440,-0.143428,-0.033038
0.000913,-0.141306,-0.034600
-0.005011,-0.139552,-0.036513
-0.010756,-0.137611,-0.038259
-0.018077,-0.137154,-0.041409
-0.027191,-0.138369,-0.046147
-0.041882,-0.144807,-0.055842
0.200486,-0.360655,-0.037251
0.203008,-0.349405,-0.030953
0.202980,-0.341182,-0.027206
0.203175,-0.332736,-0.023254
0.203199,-0.324524,-0.019488
0.201894,-0.317879,-0.017046
0.200916,-0.310880,-0.014293
0.199733,-0.304141,-0.011752
0.198408,-0.297587,-0.009361
0.196261,-0.291989,-0.007783
0.194209,-0.286299,-0.006119
0.192231,-0.280541,-0.004390
0.190139,-0.274927,-0.002780
0.186822,-0.270700,-0.002363
0.183493,-0.266490,-0.001961
0.180040,-0.262423,-0.001680
0.176478,-0.258481,-0.001506
0.172012,-0.255538,-0.002203
0.167597,-0.252534,-0.002848
0.163407,-0.249280,-0.003276
0.158694,-0.246593,-0.004202
0.154674,-0.243148,-0.004465
0.150438,-0.239932,-0.004932
0.146726,-0.236150,-0.004900
0.141816,-0.233657,-0.006005
0.137132,-0.230914,-0.006892
0.132868,-0.227715,-0.007379
0.128737,-0.224371,-0.007739
0.124956,-0.220654,-0.007768
0.121456,-0.216640,-0.007534
0.118025,-0.212557,-0.007235
0.114538,-0.208534,-0.006991
0.111052,-0.204514,-0.006746
0.108015,-0.200028,-0.006084
0.104754,-0.195781,-0.005633
0.101489,-0.191541,-0.005187
0.097896,-0.187643,-0.005048
0.094255,-0.183797,-0.004953
0.090290,-0.180281,-0.005159
0.086336,-0.176754,-0.005354
0.081824,-0.173792,-0.006063
0.077385,-0.170749,-0.006701
0.072473,-0.168179,-0.007772
0.067380,-0.165782,-0.009005
0.061819,-0.163841,-0.010660
0.055876,-0.162270,-0.012660
0.049569,-0.161043,-0.014983
0.042851,-0.160205,-0.017672
0.036298,-0.159183,-0.020202
0.029950,-0.157940,-0.022536
0.023730,-0.156552,-0.024745
0.017541,-0.155116,-0.026919
0.011620,-0.153403,-0.028843
0.006062,-0.151323,-0.030433
0.000835,-0.148911,-0.031721
-0.004999,-0.147072,-0.033548
-0.010748,-0.145137,-0.035292
-0.016555,-0.143243,-0.037081
-0.025178,-0.144010,-0.041375
-0.033320,-0.144289,-0.045226
-0.049904,-0.152499,-0.056564
0.200144,-0.360673,-0.031005
0.201465,-0.350836,-0.025920
0.201608,-0.342419,-0.022018
0.201886,-0.333880,-0.018000
0.200870,-0.326877,-0.015271
0.199566,-0.320230,-0.012836
0.198591,-0.313227,-0.010089
0.197619,-0.306247,-0.007351
0.195725,-0.300343,-0.005523
0.193579,-0.294742,-0.003948
0.191514,-0.289064,-0.002302
0.189538,-0.283302,-0.000576
0.186926,-0.278269,0.000527
0.183610,-0.274037,0.000944
0.180294,-0.269809,0.001360
0.176848,-0.265730,0.001649
0.172798,-0.262324,0.001355
0.168237,-0.259480,0.000573
0.163785,-0.256510,-0.000103
0.159551,-0.253297,-0.000568
0.154315,-0.251175,-0.001987
0.150275,-0.247742,-0.002264
0.146242,-0.244298,-0.002533
0.141933,-0.241153,-0.003063
0.136868,-0.238815,-0.004306
0.132525,-0.235695,-0.004863
0.128186,-0.232567,-0.005415
0.123939,-0.229338,-0.005878
0.120100,-0.225672,-0.005958
0.116401,-0.221858,-0.005906
0.112766,-0.217978,-0.005794
0.109292,-0.213930,-0.005532
0.105840,-0.209863,-0.005252
0.102591,-0.205586,-0.004784
0.099356,-0.201299,-0.004304
0.095854,-0.197292,-0.004074
0.092242,-0.193401,-0.003947
0.088377,-0.189771,-0.004053
0.084431,-0.186222,-0.004235
0.080035,-0.183132,-0.004830
0.075510,-0.180167,-0.005541
0.070683,-0.177501,-0.006526
0.065655,-0.175031,-0.007692
0.060207,-0.172973,-0.009237
0.054131,-0.171530,-0.011349
0.048071,-0.170055,-0.013438
0.042413,-0.168163,-0.015154
0.036352,-0.166657,-0.017230
0.029999,-0.165422,-0.019562
0.023720,-0.164096,-0.021821
0.017487,-0.162707,-0.024027
0.011487,-0.161072,-0.026017
0.006348,-0.158586,-0.027226
0.001093,-0.156202,-0.028534
-0.004983,-0.154599,-0.030573
-0.010751,-0.152684,-0.032330
-0.016562,-0.150796,-0.034118
-0.023408,-0.149881,-0.036821
-0.031597,-0.150220,-0.040707
-0.043008,-0.153578,-0.047438
0.198788,-0.361882,-0.025773
0.199520,-0.352739,-0.021287
0.200237,-0.343654,-0.016835
0.199899,-0.335836,-0.013437
0.198540,-0.329229,-0.011053
0.197237,-0.322582,-0.008626
0.196266,-0.315575,-0.005885
0.195017,-0.308910,-0.003424
0.193039,-0.303101,-0.001684
0.190896,-0.297496,-0.000111
0.188818,-0.291831,0.001518
0.186844,-0.286064,0.003241
0.183568,-0.281776,0.003701
0.180394,-0.277379,0.004256
0.177077,-0.273148,0.004671
0.173652,-0.269041,0.004981
0.169112,-0.266174,0.004221
0.164521,-0.263356,0.003416
0.159991,-0.260466,0.002671
0.155258,-0.257794,0.001735
0.149926,-0.255768,0.000233
0.145663,-0.252568,-0.000250
0.142086,-0.248621,-0.000082
0.137118,-0.246179,-0.001229
0.131916,-0.243979,-0.002593
0.127555,-0.240866,-0.003160
0.123002,-0.237956,-0.003906
0.119127,-0.234317,-0.004013
0.115230,-0.230704,-0.004143
0.110993,-0.227448,-0.004587
0.107277,-0.223640,-0.004546
0.103788,-0.219596,-0.004294
0.100497,-0.215347,-0.003858
0.097231,-0.211076,-0.003402
0.093834,-0.206945,-0.003068
0.090237,-0.203024,-0.002921
0.086485,-0.199264,-0.002918
0.082506,-0.195737,-0.003123
0.078286,-0.192455,-0.003550
0.073766,-0.189476,-0.004249
0.068939,-0.186802,-0.005227
0.064002,-0.184232,-0.006303
0.058461,-0.182262,-0.007925
0.052690,-0.180509,-0.009749
0.046922,-0.178739,-0.011566
0.041463,-0.176646,-0.013094
0.035676,-0.174868,-0.014915
0.029849,-0.173113,-0.016765
0.023708,-0.171654,-0.018892
0.017323,-0.170417,-0.021230
0.011642,-0.168473,-0.022927
0.006718,-0.165777,-0.023939
0.001294,-0.163558,-0.025395
-0.004882,-0.162055,-0.027518
-0.010616,-0.160109,-0.029238
-0.016176,-0.157982,-0.030798
-0.021757,-0.155864,-0.032371
-0.029876,-0.156151,-0.036189
-0.037332,-0.155779,-0.039407
-0.051329,-0.161575,-0.048397
0.197575,-0.354641,-0.016654
0.198416,-0.345414,-0.012096
0.197565,-0.338193,-0.009213
0.196210,-0.331583,-0.006834
0.194908,-0.324934,-0.004413
0.193940,-0.317923,-0.001678
0.192171,-0.311854,0.000269
0.190219,-0.306012,0.002030
0.188210,-0.300252,0.003728
0.186120,-0.294599,0.005341
0.183506,-0.289551,0.006443
0.180217,-0.285273,0.006890
0.177033,-0.280884,0.007436
0.173856,-0.276491,0.007986
0.170074,-0.272777,0.007955
0.165419,-0.270030,0.007092
0.160799,-0.267239,0.006264
0.156264,-0.264348,0.005519
0.150858,-0.262406,0.003951
0.145525,-0.260373,0.002458
0.141040,-0.257405,0.001770
0.137150,-0.253788,0.001647
0.132290,-0.251217,0.000611
0.127077,-0.249019,-0.000753
0.122495,-0.246134,-0.001522
0.117062,-0.244151,-0.003083
0.114033,-0.239599,-0.002394
0.110154,-0.235953,-0.002500
0.105567,-0.233056,-0.003265
0.101796,-0.229294,-0.003269
0.098424,-0.225114,-0.002903
0.095155,-0.220830,-0.002443
0.091845,-0.216593,-0.002024
0.088234,-0.212672,-0.001883
0.084584,-0.208793,-0.001780
0.080567,-0.205292,-0.002014
0.076462,-0.201881,-0.002328
0.072007,-0.198825,-0.002961
0.067287,-0.196034,-0.003834
0.062299,-0.193507,-0.004949
0.056853,-0.191435,-0.006476
0.051262,-0.189497,-0.008130
0.045879,-0.187337,-0.009589
0.040413,-0.185248,-0.011118
0.034742,-0.183351,-0.012826
0.028927,-0.181583,-0.014658
0.023365,-0.179551,-0.016256
0.017051,-0.178246,-0.018524
0.011788,-0.175892,-0.019840
0.007088,-0.172976,-0.020649
0.001494,-0.170924,-0.022251
-0.004740,-0.169482,-0.024421
-0.010194,-0.167267,-0.025887
-0.015757,-0.165146,-0.027445
-0.021344,-0.163034,-0.029019
-0.028155,-0.162082,-0.031671
-0.035522,-0.161639,-0.034805
-0.044434,-0.162638,-0.039291
0.195631,-0.356543,-0.012022
0.195980,-0.347890,-0.007961
0.195021,-0.340796,-0.005193
0.193878,-0.333938,-0.002614
0.192578,-0.327287,-0.000200
0.191273,-0.320663,0.002199
0.189322,-0.314800,0.003965
0.187373,-0.308953,0.005723
0.185424,-0.303121,0.007475
0.183419,-0.297370,0.009165
0.180162,-0.293046,0.009646
0.176871,-0.288765,0.010093
0.173664,-0.284396,0.010618
0.170494,-0.279992,0.011174
0.166369,-0.276654,0.010819
0.161720,-0.273894,0.009967
0.157071,-0.271129,0.009117
0.152376,-0.268408,0.008226
0.146348,-0.267139,0.006079
0.141114,-0.264988,0.004689
0.136404,-0.262256,0.003796
0.131962,-0.259227,0.003158
0.127128,-0.256616,0.002156
0.122226,-0.254072,0.001091
0.116960,-0.251909,-0.000309
0.111099,-0.250370,-0.002258
0.108067,-0.245807,-0.001568
0.104510,-0.241805,-0.001366
0.100123,-0.238683,-0.001938
0.096355,-0.234905,-0.001933
0.093118,-0.230572,-0.001439
0.089809,-0.226318,-0.001012
0.086242,-0.222336,-0.000825
0.082632,-0.218401,-0.000678
0.078694,-0.214806,-0.000833
0.074681,-0.211289,-0.001057
0.070225,-0.208222,-0.001683
0.065649,-0.205275,-0.002418
0.060641,-0.202761,-0.003544
0.055365,-0.200511,-0.004909
0.049795,-0.198547,-0.006536
0.044400,-0.196393,-0.007998
0.039099,-0.194133,-0.009370
0.033879,-0.191783,-0.010665
0.028147,-0.189931,-0.012416
0.022742,-0.187739,-0.013865
0.016778,-0.186091,-0.015812
0.011933,-0.183322,-0.016749
0.007265,-0.180373,-0.017524
0.001642,-0.178352,-0.019150
-0.004576,-0.176898,-0.021299
-0.009813,-0.174473,-0.022568
-0.015341,-0.172319,-0.024090
-0.020932,-0.170214,-0.025662
-0.026395,-0.167974,-0.027116
-0.033623,-0.167411,-0.030124
-0.040715,-0.166695,-0.033000
-0.052759,-0.170661,-0.040224
0.193277,-0.350679,-0.004083
0.192321,-0.343578,-0.001320
0.191368,-0.336500,0.001435
0.190247,-0.329641,0.004015
0.188419,-0.323617,0.005901
0.186471,-0.317749,0.007664
0.184524,-0.311896,0.009419
0.182578,-0.306059,0.011169
0.180094,-0.300847,0.012396
0.176812,-0.296546,0.012854
0.173521,-0.292262,0.013301
0.170291,-0.287913,0.013804
0.166863,-0.283792,0.014115
0.162298,-0.280936,0.013347
0.157940,-0.277847,0.012776
0.153346,-0.275013,0.011985
0.148081,-0.272913,0.010561
0.141963,-0.271735,0.008341
0.136603,-0.269712,0.006840
0.131572,-0.267320,0.005654
0.126757,-0.264684,0.004674
0.121929,-0.262055,0.003685
0.117044,-0.259480,0.002646
0.111406,-0.257704,0.000909
0.105504,-0.256195,-0.001065
0.101951,-0.252173,-0.000854
0.098164,-0.248401,-0.000861
0.094332,-0.244677,-0.000910
0.091031,-0.240393,-0.000468
0.087794,-0.236047,0.000030
0.084318,-0.231956,0.000307
0.080659,-0.228057,0.000415
0.076822,-0.224345,0.000359
0.072803,-0.220820,0.000137
0.068474,-0.217614,-0.000368
0.063979,-0.214573,-0.001022
0.059004,-0.212018,-0.002110
0.053877,-0.209610,-0.003333
0.048309,-0.207638,-0.004950
0.042786,-0.205609,-0.006520
0.037424,-0.203404,-0.007940
0.033047,-0.200200,-0.008467
0.027389,-0.198272,-0.010144
0.022118,-0.195945,-0.011468
0.016746,-0.193708,-0.012878
0.011703,-0.191134,-0.013988
0.006565,-0.188644,-0.015179
0.001754,-0.185824,-0.016074
-0.004304,-0.184216,-0.018076
-0.009544,-0.181796,-0.019343
-0.014899,-0.179476,-0.020708
-0.020341,-0.177230,-0.022145
-0.025711,-0.174902,-0.023512
-0.031725,-0.173182,-0.025443
-0.038852,-0.172511,-0.028346
-0.045938,-0.171779,-0.031203
-0.060462,-0.178092,-0.040572
0.189653,-0.346323,0.002589
0.188700,-0.339244,0.005333
0.187446,-0.332536,0.007778
0.185564,-0.326572,0.009606
0.183618,-0.320700,0.011366
0.181673,-0.314842,0.013119
0.179729,-0.309000,0.014866
0.176682,-0.304422,0.015552
0.173444,-0.300068,0.016052
0.170165,-0.295764,0.016512
0.166913,-0.291435,0.016995
0.162855,-0.288011,0.016710
0.158253,-0.285190,0.015912
0.153854,-0.282138,0.015309
0.149488,-0.279046,0.014738
0.143775,-0.277430,0.012902
0.137647,-0.276255,0.010682
0.132062,-0.274469,0.008980
0.126514,-0.272628,0.007319
0.121536,-0.270158,0.006195
0.116707,-0.267518,0.005213
0.111819,-0.264935,0.004181
0.103934,-0.265554,0.000370
0.099552,-0.262402,-0.000182
0.095578,-0.258812,-0.000353
0.091790,-0.255025,-0.000353
0.088053,-0.251184,-0.000307
0.085296,-0.246314,0.000639
0.082429,-0.241567,0.001482
0.078750,-0.237675,0.001578
0.075022,-0.233835,0.001628
0.070980,-0.230322,0.001391
0.066736,-0.227016,0.000970
0.062235,-0.223973,0.000317
0.057378,-0.221287,-0.000656
0.052350,-0.218770,-0.001781
0.046683,-0.216895,-0.003481
0.041102,-0.214918,-0.005095
0.036262,-0.212180,-0.006037
0.031903,-0.208949,-0.006542
0.026769,-0.206493,-0.007743
0.020582,-0.205079,-0.009881
0.015901,-0.202148,-0.010666
0.010632,-0.199794,-0.011972
0.005999,-0.196800,-0.012707
0.001662,-0.193509,-0.013175
-0.004032,-0.191546,-0.014847
-0.009515,-0.189363,-0.016326
-0.014394,-0.186579,-0.017265
-0.019686,-0.184189,-0.018565
-0.025028,-0.181837,-0.019905
-0.030188,-0.179298,-0.021080
-0.036989,-0.178326,-0.023692
-0.043915,-0.177453,-0.026404
-0.053910,-0.179486,-0.031794
-0.080988,-0.197712,-0.052096
0.186998,-0.349054,0.006512
0.186047,-0.341970,0.009252
0.184421,-0.335689,0.011330
0.182637,-0.329610,0.013249
0.180762,-0.323654,0.015071
0.178819,-0.317791,0.016822
0.176307,-0.312590,0.018023
0.173254,-0.308015,0.018702
0.170058,-0.303608,0.019244
0.166788,-0.299289,0.019712
0.163444,-0.295058,0.020108
0.158839,-0.292239,0.019311
0.154231,-0.289417,0.018512
0.149761,-0.286437,0.017847
0.145077,-0.283687,0.016984
0.139233,-0.282206,0.015035
0.133320,-0.280786,0.013028
0.127508,-0.279238,0.011124
0.121747,-0.277620,0.009274
0.116235,-0.275718,0.007662
0.111459,-0.273009,0.006739
0.105774,-0.271270,0.004976
0.097841,-0.271924,0.001141
0.091455,-0.270897,-0.001252
0.086440,-0.268392,-0.002373
0.085388,-0.261678,0.000156
0.081860,-0.257600,0.000402
0.079048,-0.252773,0.001301
0.076152,-0.248041,0.002121
0.073096,-0.243483,0.002792
0.069082,-0.239928,0.002587
0.064883,-0.236564,0.002214
0.060510,-0.233376,0.001685
0.055762,-0.230571,0.000817
0.050730,-0.228050,-0.000304
0.045144,-0.226086,-0.001922
0.039458,-0.224212,-0.003624
0.034766,-0.221315,-0.004426
0.030025,-0.218461,-0.005269
0.023820,-0.217075,-0.007421
0.018763,-0.214520,-0.008539
0.014781,-0.210880,-0.008692
0.009769,-0.208266,-0.009762
0.005429,-0.204975,-0.010230
0.001088,-0.201682,-0.010699
-0.004086,-0.199206,-0.011903
-0.010001,-0.197448,-0.013760
-0.014390,-0.194181,-0.014261
-0.019031,-0.191156,-0.014983
-0.024344,-0.188778,-0.016293
-0.029507,-0.186243,-0.017467
-0.035113,-0.184127,-0.019025
-0.041869,-0.183102,-0.021585
-0.048796,-0.182221,-0.024285
-0.061373,-0.186708,-0.031906
0.183177,-0.344947,0.012966
0.181393,-0.338846,0.014887
0.179612,-0.332760,0.016802
0.177834,-0.326689,0.018714
0.175933,-0.320776,0.020499
0.172876,-0.316192,0.021179
0.169821,-0.311613,0.021857
0.166669,-0.307152,0.022440
0.163397,-0.302830,0.022907
0.159312,-0.299424,0.022605
0.154778,-0.296517,0.021880
0.150201,-0.293653,0.021118
0.145658,-0.290745,0.020391
0.140382,-0.288642,0.018979
0.134506,-0.287186,0.017011
0.128680,-0.285659,0.015098
0.122844,-0.284128,0.013181
0.116967,-0.282625,0.011235
0.111079,-0.281121,0.009284
0.106123,-0.278594,0.008203
0.099425,-0.277931,0.005517
0.091724,-0.278321,0.001916
0.083732,-0.278993,-0.001941
0.076362,-0.278970,-0.005210
0.074740,-0.272831,-0.003201
0.075643,-0.264042,0.001113
0.072526,-0.259520,0.001739
0.069378,-0.255035,0.002333
0.065733,-0.251075,0.002474
0.062004,-0.247204,0.002537
0.057869,-0.243755,0.002231
0.053471,-0.240576,0.001689
0.048297,-0.238190,0.000448
0.042041,-0.236906,-0.001765
0.036745,-0.234621,-0.003105
0.031985,-0.231781,-0.003959
0.026862,-0.229302,-0.005136
0.021500,-0.227055,-0.006523
0.017514,-0.223411,-0.006675
0.013527,-0.219767,-0.006827
0.009134,-0.216527,-0.007341
0.004671,-0.213353,-0.007914
0.000221,-0.210162,-0.008474
-0.004569,-0.207301,-0.009333
-0.010164,-0.205228,-0.010901
-0.014387,-0.201794,-0.011252
-0.018611,-0.198359,-0.011604
-0.023662,-0.195726,-0.012679
-0.028698,-0.193071,-0.013739
-0.033704,-0.190376,-0.014768
-0.039810,-0.188735,-0.016755
-0.046680,-0.187813,-0.019402
-0.054960,-0.188218,-0.023268
-0.068773,-0.193870,-0.031932
0.176572,-0.335926,0.020350
0.174799,-0.329847,0.022260
0.172430,-0.324463,0.023597
0.169439,-0.319800,0.024339
0.166384,-0.315216,0.025017
0.163274,-0.310701,0.025640
0.160002,-0.306376,0.026107
0.155182,-0.303786,0.025119
0.150528,-0.301006,0.024287
0.146042,-0.298032,0.023617
0.141547,-0.295062,0.022940
0.135673,-0.293610,0.020979
0.129785,-0.292157,0.019011
0.123920,-0.290663,0.017073
0.117847,-0.289380,0.014948
0.111884,-0.287960,0.012933
0.106273,-0.286143,0.011249
0.100754,-0.284213,0.009658
0.092851,-0.284833,0.005877
0.084382,-0.286030,0.001589
0.076674,-0.286377,-0.001984
0.063694,-0.276535,-0.003375
0.063688,-0.268703,0.000096
0.062218,-0.262434,0.002225
0.058106,-0.258943,0.001950
0.054181,-0.255256,0.001844
0.049793,-0.252048,0.001321
0.044698,-0.249566,0.000161
0.039095,-0.247599,-0.001451
0.033951,-0.245147,-0.002646
0.026488,-0.245055,-0.005915
0.022561,-0.241338,-0.006008
0.018171,-0.238088,-0.006514
0.015209,-0.233390,-0.005744
0.012250,-0.228697,-0.004975
0.008191,-0.225114,-0.005186
0.003727,-0.221933,-0.005755
-0.000694,-0.218706,-0.006284
-0.005117,-0.215477,-0.006814
-0.010159,-0.212855,-0.007888
-0.014385,-0.209420,-0.008239
-0.018591,-0.205963,-0.008571
-0.022729,-0.202436,-0.008842
-0.027754,-0.199771,-0.009889
-0.032751,-0.197072,-0.010908
-0.037753,-0.194367,-0.011927
-0.044567,-0.193403,-0.014522
-0.051727,-0.192749,-0.017407
-0.062462,-0.195495,-0.023387
-0.088418,-0.212716,-0.042540
0.171757,-0.333012,0.025807
0.168846,-0.328243,0.026628
0.165896,-0.323527,0.027409
0.162941,-0.318824,0.028181
0.159874,-0.314256,0.028846
0.155878,-0.310738,0.028634
0.151044,-0.308157,0.027638
0.146268,-0.305505,0.026699
0.141776,-0.302529,0.026029
0.136722,-0.300170,0.024837
0.130884,-0.298666,0.022921
0.125034,-0.297161,0.021001
0.119147,-0.295680,0.019053
0.112900,-0.294577,0.016779
0.106607,-0.293505,0.014471
0.100842,-0.291843,0.012658
0.094582,-0.290699,0.010396
0.085284,-0.292803,0.005356
0.076938,-0.293846,0.001205
0.031329,-0.302626,-0.022838
0.046987,-0.278291,-0.005159
0.029996,-0.288201,-0.017052
0.029308,-0.281048,-0.014193
0.028500,-0.274043,-0.011453
0.027695,-0.267058,-0.008721
0.026019,-0.260993,-0.006781
0.023046,-0.256274,-0.006010
0.020076,-0.251559,-0.005238
0.017108,-0.246849,-0.004468
0.014144,-0.242142,-0.003698
0.011181,-0.237439,-0.002929
0.007244,-0.233723,-0.003026
0.002816,-0.230501,-0.003559
-0.001611,-0.227272,-0.004089
-0.006022,-0.224023,-0.004602
-0.010130,-0.220469,-0.004847
-0.014336,-0.217011,-0.005178
-0.018355,-0.213365,-0.005343
-0.022138,-0.209486,-0.005301
-0.026810,-0.206477,-0.006035
-0.031798,-0.203770,-0.007044
-0.036756,-0.201025,-0.008022
-0.042459,-0.198994,-0.009646
-0.049611,-0.198347,-0.012521
-0.056842,-0.197751,-0.015454
-0.070053,-0.202859,-0.023553
0.165099,-0.332208,0.029516
0.162186,-0.327443,0.030332
0.159277,-0.322683,0.031147
0.156370,-0.317927,0.031962
0.151738,-0.315119,0.031159
0.146897,-0.312538,0.030163
0.142051,-0.309955,0.029165
0.137500,-0.307036,0.028447
0.131871,-0.305305,0.026730
0.126020,-0.303805,0.024813
0.120068,-0.302401,0.022808
0.114000,-0.301107,0.020705
0.107812,-0.299927,0.018500
0.101611,-0.298743,0.016289
0.095308,-0.297652,0.013993
0.086911,-0.298801,0.009788
0.076308,-0.302286,0.003581
0.027651,-0.298450,-0.016166
0.026916,-0.291319,-0.013348
0.026704,-0.283667,-0.010070
0.026160,-0.276388,-0.007103
0.024352,-0.270438,-0.005278
0.021466,-0.265614,-0.004424
0.018583,-0.260795,-0.003572
0.015702,-0.255981,-0.002720
0.012857,-0.251137,-0.001839
0.010072,-0.246240,-0.000908
0.006384,-0.242264,-0.000781
0.001999,-0.238990,-0.001271
-0.002234,-0.235560,-0.001625
-0.006112,-0.231773,-0.001665
-0.010077,-0.228072,-0.001781
-0.014288,-0.224614,-0.002112
-0.018090,-0.220748,-0.002085
-0.021876,-0.216867,-0.002043
-0.025866,-0.213187,-0.002179
-0.030847,-0.210474,-0.003179
-0.035804,-0.207732,-0.004155
-0.040800,-0.205018,-0.005160
-0.047601,-0.204043,-0.007726
-0.054850,-0.203479,-0.010672
-0.063845,-0.204569,-0.015114
-0.077472,-0.210059,-0.023536
0.155306,-0.326887,0.033837
0.151797,-0.322805,0.034089
0.147181,-0.319966,0.033309
0.142563,-0.317126,0.032528
0.137887,-0.314345,0.031696
0.132859,-0.311948,0.030541
0.126900,-0.310572,0.028528
0.120879,-0.309248,0.026466
0.114846,-0.307921,0.024400
0.108718,-0.306680,0.022254
0.102515,-0.305505,0.020047
0.096002,-0.304647,0.017564
0.088766,-0.304553,0.014428
0.078867,-0.307305,0.008874
0.023980,-0.294285,-0.009508
0.023380,-0.287035,-0.006587
0.021891,-0.280731,-0.004473
0.019623,-0.275250,-0.003063
0.017357,-0.269778,-0.001656
0.014817,-0.264601,-0.000498
0.012026,-0.259688,0.000434
0.009238,-0.254781,0.001364
0.005640,-0.250704,0.001575
0.001577,-0.247098,0.001374
-0.002304,-0.243308,0.001334
-0.006184,-0.239517,0.001295
-0.010065,-0.235726,0.001255
-0.014037,-0.232026,0.001136
-0.017825,-0.228142,0.001178
-0.021615,-0.224259,0.001219
-0.025461,-0.220433,0.001210
-0.030085,-0.217370,0.000525
-0.035178,-0.214761,-0.000566
-0.040213,-0.212086,-0.001602
-0.045597,-0.209741,-0.002937
-0.052861,-0.209206,-0.005891
-0.059956,-0.208484,-0.008689
-0.071340,-0.211859,-0.015169
0.127700,-0.317434,0.032174
0.121692,-0.316100,0.030129
0.115671,-0.314764,0.028080
0.019631,-0.290845,-0.003478
0.017278,-0.285431,-0.002138
0.015036,-0.279914,-0.000705
0.012699,-0.274508,0.000638
0.010365,-0.269109,0.001979
0.008035,-0.263718,0.003318
0.005118,-0.258936,0.004134
0.001209,-0.255167,0.004073
-0.002700,-0.251398,0.004012
-0.006589,-0.247608,0.003968
-0.010250,-0.243590,0.004124
-0.013998,-0.239659,0.004205
-0.017847,-0.235830,0.004196
-0.021696,-0.232000,0.004188
-0.025535,-0.228161,0.004188
-0.029557,-0.224503,0.004028
-0.034653,-0.221896,0.002939
-0.039602,-0.219138,0.001980
-0.044451,-0.216274,0.001112
-0.050863,-0.214921,-0.001103
-0.057965,-0.214218,-0.003901
-0.065235,-0.213654,-0.006836
-0.079937,-0.220210,-0.016137
0.011074,-0.283934,0.002222
0.008950,-0.278301,0.003752
0.006831,-0.272677,0.005280
0.004358,-0.267426,0.006491
0.000587,-0.263509,0.006555
-0.003078,-0.259484,0.006712
-0.006743,-0.255461,0.006868
-0.010407,-0.251438,0.007025
-0.014073,-0.247419,0.007178
-0.017925,-0.243586,0.007170
-0.021767,-0.239744,0.007170
-0.025608,-0.235901,0.007171
-0.029450,-0.232058,0.007172
-0.034128,-0.229039,0.006448
-0.038992,-0.226198,0.005566
-0.043842,-0.223335,0.004699
-0.048859,-0.220627,0.003693
-0.055978,-0.219954,0.000882
-0.063105,-0.219265,-0.001925
-0.073677,-0.221877,-0.007674
-0.095329,-0.235091,-0.022878
0.002750,-0.276805,0.008110
-0.000602,-0.272446,0.008547
-0.004141,-0.268283,0.008818
-0.007680,-0.264121,0.009089
-0.011084,-0.259824,0.009477
-0.014453,-0.255496,0.009894
-0.018030,-0.251381,0.010127
-0.021868,-0.247529,0.010133
-0.025707,-0.243678,0.010139
-0.029545,-0.239826,0.010145
-0.033578,-0.236165,0.009984
-0.038467,-0.233349,0.009083
-0.043361,-0.230529,0.008181
-0.048228,-0.227676,0.007306
-0.054016,-0.225712,0.005645
-0.061137,-0.225031,0.002845
-0.068728,-0.224781,-0.000344
-0.082505,-0.230473,-0.008804
-0.004909,-0.276798,0.011193
-0.008283,-0.272459,0.011610
-0.011657,-0.268122,0.012028
-0.015028,-0.263788,0.012445
-0.018485,-0.259541,0.012787
-0.022166,-0.255524,0.012932
-0.025907,-0.251568,0.013026
-0.029748,-0.247712,0.013032
-0.033590,-0.243857,0.013038
-0.038172,-0.240735,0.012405
-0.043070,-0.237918,0.011504
-0.047777,-0.234906,0.010770
-0.052372,-0.231779,0.010134
-0.059172,-0.230796,0.007615
-0.066714,-0.230513,0.004472
-0.076083,-0.231974,-0.000219
-0.095257,-0.242854,-0.013234
-0.018979,-0.267757,0.015419
-0.022648,-0.263719,0.015578
-0.026332,-0.259698,0.015723
-0.030016,-0.255677,0.015869
-0.033797,-0.251755,0.015929
-0.037879,-0.248131,0.015732
-0.042732,-0.245270,0.014872
-0.047327,-0.242145,0.014238
-0.051924,-0.239019,0.013603
-0.057210,-0.236560,0.012383
-0.064701,-0.236243,0.009286
-0.072416,-0.236117,0.006011
-0.085919,-0.241568,-0.002168
-0.030515,-0.263887,0.018513
-0.034197,-0.259858,0.018663
-0.037880,-0.255831,0.018811
-0.042280,-0.252517,0.018344
-0.046876,-0.249393,0.017711
-0.051476,-0.246267,0.017077
-0.056079,-0.243140,0.016442
-0.062796,-0.242075,0.014011
-0.070937,-0.242380,0.010379
-0.079628,-0.243189,0.006293
-0.047053,-0.257272,0.020652
-0.051633,-0.254123,0.020039
-0.056216,-0.250972,0.019425
-0.061679,-0.248680,0.018066
-0.069401,-0.248588,0.014795
-0.076902,-0.248253,0.011724
