X,Y,Z
0.166042,0.083947,0.415509
0.169480,0.088473,0.426154
0.188445,0.093194,0.443272
0.177290,0.097511,0.438466
0.186935,0.096931,0.443550
0.195315,0.089947,0.461315
0.185443,0.095011,0.453299
0.201085,0.094138,0.456593
0.203742,0.097414,0.463276
0.213519,0.086505,0.465332
0.216320,0.095412,0.468755
0.222137,0.096614,0.474195
0.170923,0.092779,0.412326
0.169642,0.095193,0.438093
0.189151,0.099387,0.437920
0.178420,0.103409,0.440175
0.194985,0.096755,0.448855
0.192379,0.087581,0.461030
0.189531,0.106121,0.457758
0.199998,0.098750,0.461620
0.206758,0.092743,0.470174
0.216381,0.095329,0.469279
0.208759,0.106601,0.469521
0.221323,0.091482,0.472819
0.214683,0.088465,0.466265
0.224919,0.096880,0.468308
0.226049,0.098387,0.466155
0.164161,0.096409,0.413169
0.164945,0.104216,0.429461
0.171490,0.101397,0.435613
0.175962,0.103581,0.437223
0.181603,0.092159,0.451299
0.182200,0.101925,0.450823
0.186747,0.105891,0.457187
0.192303,0.103315,0.456561
0.196088,0.112828,0.462201
0.203680,0.101510,0.469760
0.206405,0.101460,0.467411
0.211806,0.097548,0.465076
0.208607,0.102343,0.470609
0.214758,0.105370,0.469786
0.233058,0.099894,0.467458
0.224841,0.103311,0.473702
0.223529,0.105386,0.474640
0.230204,0.103546,0.469560
0.233086,0.102519,0.472034
0.172946,0.095042,0.411501
0.172299,0.103829,0.428715
0.171931,0.113106,0.442844
0.172023,0.105289,0.441591
0.181862,0.105504,0.452108
0.181836,0.100283,0.454215
0.192408,0.105559,0.448504
0.192746,0.107377,0.462036
0.191024,0.117776,0.470068
0.196792,0.109831,0.464667
0.196175,0.111211,0.467361
0.211040,0.112426,0.473799
0.213437,0.106110,0.465411
0.216168,0.111232,0.466884
0.215974,0.102903,0.474248
0.229476,0.104122,0.481323
0.229308,0.110013,0.474393
0.235005,0.115719,0.472797
0.239683,0.109580,0.476270
0.246925,0.112184,0.465563
0.251625,0.117806,0.470087
0.248174,0.113989,0.457807
0.161413,0.104688,0.423133
0.173038,0.109225,0.426665
0.170794,0.108404,0.434585
0.171567,0.116062,0.443727
0.182205,0.107558,0.454143
0.197660,0.109797,0.460022
0.186530,0.110646,0.462411
0.194314,0.110750,0.466659
0.198452,0.114307,0.461183
0.196271,0.119970,0.464014
0.192331,0.121086,0.471016
0.214570,0.120655,0.471831
0.217103,0.114348,0.472076
0.222144,0.117566,0.476529
0.225185,0.114931,0.474635
0.217588,0.112570,0.477237
0.225933,0.106156,0.468906
0.241236,0.111883,0.466976
0.247695,0.114632,0.471895
0.253460,0.115680,0.462732
0.244319,0.115232,0.468493
0.246509,0.118596,0.466960
0.250080,0.122886,0.460733
0.249108,0.109019,0.462988
0.267885,0.113357,0.456906
0.159613,0.127566,0.429814
0.163900,0.116200,0.436064
0.172412,0.118231,0.438772
0.189824,0.110600,0.456758
0.169013,0.112791,0.454092
0.181685,0.105127,0.459433
0.192977,0.127161,0.457430
0.186634,0.118377,0.461156
0.203521,0.115428,0.465640
0.205269,0.119690,0.455635
0.206737,0.113882,0.469235
0.208044,0.125299,0.474106
0.215025,0.118952,0.479594
0.223624,0.119511,0.473254
0.229634,0.107800,0.463535
0.226808,0.112770,0.471111
0.235952,0.120565,0.470309
0.237992,0.123315,0.466143
0.241796,0.121957,0.478075
0.236206,0.118532,0.472182
0.241665,0.118739,0.454890
0.255323,0.119909,0.464449
0.260350,0.116167,0.480101
0.266643,0.122998,0.458355
0.271773,0.109263,0.460940
0.278489,0.117978,0.456755
0.274354,0.110329,0.466134
0.163687,0.118402,0.412545
0.165256,0.122652,0.429181
0.166488,0.121601,0.438526
0.177398,0.117912,0.437310
0.170255,0.133985,0.445325
0.184679,0.115331,0.452514
0.194425,0.119012,0.459024
0.180544,0.117028,0.460408
0.195058,0.131883,0.463345
0.201863,0.124204,0.477010
0.197472,0.118102,0.466994
0.217866,0.119047,0.459261
0.208266,0.126034,0.467137
0.209447,0.127088,0.463832
0.221874,0.127962,0.474350
0.220633,0.124693,0.469665
0.228804,0.126350,0.476286
0.225441,0.115245,0.471463
0.237891,0.123705,0.453777
0.240814,0.114850,0.455399
0.239776,0.122678,0.472210
0.258896,0.127837,0.465895
0.253099,0.118984,0.469423
0.252988,0.114752,0.463445
0.260115,0.120353,0.464398
0.269440,0.117806,0.469831
0.266181,0.114060,0.450693
0.276221,0.120473,0.450522
0.277242,0.126047,0.448343
0.282538,0.118815,0.451053
0.164062,0.118598,0.410100
0.167820,0.126971,0.434505
0.165846,0.125397,0.440655
0.175353,0.125534,0.447511
0.176509,0.128202,0.450933
0.178159,0.137289,0.454637
0.182042,0.117028,0.465100
0.188259,0.120661,0.463552
0.203908,0.127601,0.469563
0.187656,0.124814,0.471777
0.200791,0.125877,0.472089
0.198695,0.123738,0.468924
0.213656,0.131153,0.468761
0.211022,0.130902,0.474766
0.206875,0.128082,0.482451
0.227987,0.122203,0.468898
0.222221,0.124909,0.467454
0.226755,0.128790,0.476504
0.226876,0.119922,0.469699
0.246347,0.127607,0.468402
0.249884,0.129394,0.471432
0.261126,0.126708,0.462528
0.254707,0.128095,0.478316
0.254520,0.134623,0.464765
0.265825,0.119152,0.468357
0.266502,0.121810,0.457399
0.273195,0.128550,0.461913
0.274824,0.130814,0.462834
0.278251,0.119868,0.458234
0.284398,0.122810,0.448503
0.285475,0.125806,0.445267
0.293421,0.127411,0.445175
0.157723,0.135449,0.419569
0.169960,0.131297,0.433942
0.175554,0.121140,0.439869
0.173974,0.124891,0.439358
0.174431,0.135342,0.463077
0.183799,0.124866,0.457672
0.187927,0.132212,0.474816
0.187931,0.124821,0.474371
0.191775,0.128624,0.464841
0.196573,0.133241,0.462437
0.203103,0.139337,0.476660
0.212380,0.131075,0.467677
0.206506,0.136813,0.476653
0.208551,0.123955,0.472685
0.213898,0.130494,0.465952
0.208503,0.133189,0.460638
0.225874,0.129583,0.472886
0.228099,0.129152,0.462390
0.238131,0.139148,0.466594
0.248200,0.137931,0.474770
0.241712,0.132822,0.477543
0.252394,0.128601,0.461676
0.255804,0.124685,0.463989
0.258827,0.135755,0.467993
0.259168,0.130155,0.461637
0.265782,0.134284,0.463480
0.263453,0.117482,0.455332
0.274456,0.134782,0.453850
0.280750,0.128144,0.456905
0.278260,0.139698,0.457130
0.286723,0.135074,0.454699
0.297779,0.129064,0.447860
0.295254,0.124188,0.436124
0.307066,0.129107,0.441763
0.158710,0.142972,0.427457
0.165184,0.132781,0.426864
0.163559,0.133967,0.433316
0.175741,0.129513,0.442971
0.169404,0.144867,0.453382
0.172952,0.137103,0.459250
0.184078,0.130188,0.463287
0.193905,0.142784,0.471468
0.204810,0.139298,0.469728
0.201300,0.138600,0.462642
0.201431,0.136229,0.471826
0.200319,0.124765,0.471241
0.211211,0.128855,0.467353
0.224339,0.136297,0.475753
0.221154,0.141705,0.471554
0.223287,0.132404,0.476493
0.222322,0.132287,0.468495
0.236150,0.138620,0.465729
0.227151,0.124103,0.473769
0.241995,0.134090,0.471237
0.238327,0.139995,0.471357
0.254405,0.141182,0.469542
0.251067,0.131110,0.463516
0.258724,0.131915,0.458892
0.251146,0.136248,0.453606
0.266173,0.148048,0.453799
0.266772,0.142672,0.458077
0.280659,0.137428,0.458104
0.284031,0.132098,0.455332
0.276904,0.129477,0.451189
0.282299,0.132193,0.446413
0.287239,0.130347,0.442860
0.304652,0.134138,0.444289
0.298608,0.138657,0.428817
0.292020,0.131069,0.433009
0.304789,0.135829,0.431555
0.154315,0.141062,0.436623
0.165075,0.140807,0.436446
0.176293,0.135439,0.449832
0.167247,0.137230,0.454654
0.168452,0.143199,0.458161
0.190241,0.138939,0.458644
0.182649,0.137969,0.460821
0.188672,0.138684,0.463289
0.196681,0.143727,0.473744
0.207769,0.143246,0.467583
0.203367,0.133646,0.468032
0.207710,0.141780,0.472356
0.217572,0.142293,0.472323
0.215909,0.145970,0.468249
0.221747,0.140506,0.474407
0.224906,0.139352,0.470305
0.223621,0.130022,0.476903
0.237260,0.139927,0.462672
0.229920,0.136319,0.477478
0.236221,0.143732,0.472564
0.243025,0.146378,0.469338
0.249772,0.150744,0.464596
0.250545,0.143858,0.468977
0.254737,0.144016,0.470281
0.261552,0.140947,0.471854
0.262246,0.143759,0.462356
0.272058,0.135575,0.453690
0.279883,0.131710,0.452575
0.279783,0.137170,0.454223
0.281380,0.141343,0.452502
0.292123,0.132387,0.439074
0.292810,0.133562,0.441641
0.299877,0.139113,0.444222
0.300831,0.138352,0.437548
0.303438,0.141105,0.435732
0.315967,0.137546,0.412391
0.309432,0.128994,0.418989
0.153712,0.159543,0.416418
0.160757,0.143174,0.422440
0.157662,0.143591,0.440647
0.169315,0.134269,0.446237
0.182005,0.141365,0.452707
0.175780,0.143166,0.453276
0.180365,0.130080,0.462334
0.181635,0.139204,0.456093
0.184244,0.139301,0.461395
0.196657,0.159176,0.481021
0.198113,0.141847,0.461385
0.199188,0.146616,0.468441
0.201252,0.142308,0.474352
0.212429,0.142596,0.464038
0.218615,0.145953,0.472211
0.226719,0.141705,0.470828
0.217010,0.141303,0.471986
0.238173,0.147014,0.472210
0.227599,0.150331,0.468392
0.234158,0.136061,0.465151
0.253232,0.156159,0.467942
0.253316,0.148875,0.469723
0.241335,0.144969,0.466463
0.241657,0.139941,0.463678
0.248404,0.147883,0.466253
0.261207,0.139682,0.456844
0.258606,0.139072,0.459195
0.263692,0.140794,0.455567
0.273812,0.145044,0.466246
0.279835,0.137964,0.449339
0.278094,0.145071,0.451384
0.296336,0.143044,0.443145
0.288286,0.144711,0.441581
0.288432,0.144386,0.447292
0.305971,0.153945,0.436956
0.302267,0.133112,0.431828
0.313938,0.142095,0.413351
0.320311,0.141818,0.404814
0.158381,0.145882,0.414036
0.165041,0.153815,0.437398
0.167654,0.143474,0.446146
0.162204,0.146855,0.451677
0.173697,0.143015,0.456253
0.175680,0.151822,0.453699
0.187079,0.149108,0.459393
0.182364,0.153154,0.470740
0.192300,0.147200,0.470039
0.194591,0.147924,0.473118
0.202772,0.145847,0.469823
0.208118,0.156067,0.466888
0.209077,0.152580,0.481134
0.215969,0.151974,0.470214
0.218519,0.148431,0.464779
0.219266,0.160639,0.467665
0.219476,0.142551,0.461608
0.229838,0.144531,0.468106
0.235287,0.146745,0.475059
0.239586,0.150439,0.474064
0.245058,0.150223,0.471920
0.247708,0.151898,0.460773
0.240728,0.153826,0.463855
0.258328,0.147991,0.460471
0.259171,0.144692,0.467141
0.267197,0.151696,0.453668
0.262393,0.156473,0.454507
0.274141,0.150871,0.456320
0.271242,0.147531,0.454483
0.276888,0.148914,0.455810
0.278679,0.150045,0.452719
0.278138,0.154539,0.443227
0.290542,0.154886,0.437209
0.301409,0.140868,0.439817
0.312934,0.151315,0.435043
0.301848,0.150960,0.425767
0.308722,0.142875,0.425105
0.330077,0.142771,0.387361
0.332076,0.143294,0.408110
0.338626,0.150059,0.409834
0.336542,0.147377,0.413694
0.341131,0.150218,0.430634
0.350608,0.151187,0.438734
0.355487,0.154245,0.420166
0.366355,0.136490,0.436849
0.160068,0.148656,0.417030
0.159193,0.161347,0.434780
0.155719,0.151923,0.440558
0.164326,0.147272,0.453411
0.167240,0.163992,0.456528
0.180885,0.150051,0.462723
0.184412,0.154524,0.463626
0.190024,0.147009,0.461756
0.186210,0.156790,0.466475
0.197474,0.143001,0.478672
0.200255,0.152394,0.462154
0.198322,0.147176,0.469279
0.200993,0.157669,0.466909
0.213828,0.157647,0.468736
0.212564,0.150285,0.470822
0.223858,0.149675,0.479861
0.225805,0.149440,0.473086
0.225525,0.161418,0.468374
0.244052,0.161760,0.462182
0.235592,0.152636,0.466476
0.235504,0.151371,0.474243
0.247603,0.146038,0.459393
0.246983,0.154461,0.466205
0.262905,0.151189,0.462166
0.255062,0.153262,0.468336
0.257981,0.149861,0.461150
0.264417,0.154258,0.457716
0.272030,0.150625,0.459355
0.277171,0.156703,0.459639
0.272399,0.156348,0.449105
0.291002,0.149086,0.459129
0.284609,0.154674,0.445507
0.299931,0.156163,0.441685
0.289328,0.150883,0.453039
0.292207,0.157548,0.437501
0.301720,0.157088,0.425189
0.299364,0.149717,0.421197
0.303651,0.144395,0.420507
0.318046,0.155879,0.430277
0.328603,0.143422,0.426708
0.331758,0.152442,0.412723
0.332614,0.152659,0.412519
0.339190,0.156573,0.418904
0.347969,0.142048,0.416693
0.349645,0.156159,0.429267
0.347685,0.141270,0.426721
0.355909,0.145851,0.440062
0.356720,0.150510,0.441197
0.369422,0.143480,0.435545
0.364267,0.156434,0.443738
0.372769,0.146276,0.445255
0.375747,0.160083,0.448141
0.382616,0.153011,0.449146
0.149085,0.157844,0.421597
0.156507,0.154072,0.432234
0.167641,0.160666,0.439873
0.162478,0.169887,0.449594
0.170524,0.162490,0.460656
0.183043,0.159836,0.456536
0.180398,0.148638,0.458321
0.189324,0.163002,0.463734
0.192525,0.157921,0.470824
0.200560,0.153726,0.466018
0.190139,0.161251,0.478397
0.194208,0.160570,0.462927
0.205045,0.161064,0.477983
0.204987,0.159025,0.470497
0.218214,0.159831,0.470253
0.221963,0.166052,0.477567
0.216903,0.160595,0.472459
0.221811,0.148197,0.471472
0.234781,0.153540,0.458585
0.240503,0.158720,0.467357
0.235806,0.155274,0.468562
0.244529,0.159362,0.466051
0.252917,0.155185,0.475185
0.251833,0.156574,0.465049
0.255583,0.162433,0.460951
0.255440,0.160966,0.468020
0.263137,0.166299,0.460179
0.262697,0.149877,0.457219
0.276541,0.159705,0.453193
0.271069,0.153410,0.443610
0.281618,0.151154,0.455885
0.283567,0.161915,0.456772
0.291673,0.161678,0.437601
0.297092,0.150244,0.439467
0.298898,0.166613,0.437534
0.314599,0.154700,0.437568
0.308822,0.162827,0.448376
0.323285,0.143938,0.439663
0.321319,0.152638,0.444743
0.328191,0.155313,0.437215
0.327302,0.161654,0.439582
0.325233,0.163551,0.423285
0.336385,0.147146,0.416080
0.338360,0.153948,0.419261
0.346633,0.157851,0.432060
0.348092,0.160181,0.435887
0.345323,0.152490,0.430245
0.345246,0.157619,0.426261
0.365780,0.160140,0.443669
0.367423,0.169101,0.441674
0.361709,0.159201,0.447488
0.374569,0.146626,0.449907
0.371516,0.149440,0.450622
0.378993,0.156224,0.450500
0.374179,0.155575,0.440476
0.383483,0.162781,0.451984
0.387799,0.149104,0.452000
0.392705,0.154542,0.452965
0.398516,0.162143,0.459644
0.151953,0.144436,0.425692
0.160616,0.170052,0.441165
0.168249,0.166311,0.453392
0.176436,0.166503,0.453692
0.170803,0.155308,0.455767
0.181570,0.169032,0.458718
0.177690,0.160389,0.465137
0.185975,0.158711,0.478024
0.192604,0.166968,0.463034
0.197038,0.168409,0.461204
0.200832,0.163479,0.474212
0.208402,0.173345,0.480403
0.202021,0.162273,0.481353
0.211898,0.152722,0.462892
0.209118,0.161160,0.470966
0.216191,0.171448,0.480662
0.229614,0.158696,0.475054
0.230021,0.150622,0.475898
0.237410,0.166127,0.473842
0.236104,0.154369,0.465457
0.243206,0.159870,0.464599
0.247596,0.161718,0.463061
0.241774,0.160404,0.472764
0.250527,0.163847,0.466172
0.259691,0.160492,0.464667
0.261442,0.162099,0.465220
0.261434,0.158416,0.466060
0.269955,0.158813,0.454619
0.272727,0.159872,0.451055
0.278831,0.155631,0.457177
0.286710,0.159789,0.450950
0.292797,0.153520,0.450490
0.291663,0.160293,0.449823
0.294880,0.165943,0.452829
0.299593,0.153985,0.452301
0.308273,0.165406,0.454025
0.305873,0.169856,0.445770
0.314945,0.156611,0.448319
0.326573,0.156748,0.454233
0.315132,0.158317,0.446924
0.327862,0.153790,0.455901
0.328888,0.156934,0.434440
0.339285,0.162191,0.419451
0.335828,0.161952,0.414621
0.336392,0.163959,0.431361
0.336781,0.157156,0.446899
0.353083,0.161584,0.442953
0.350072,0.159922,0.433457
0.367435,0.157567,0.435138
0.364075,0.165521,0.441949
0.368767,0.159180,0.445838
0.384819,0.157959,0.444026
0.373331,0.158037,0.454063
0.379348,0.162260,0.447840
0.388608,0.157428,0.449432
0.383434,0.162011,0.443008
0.394921,0.159518,0.452947
0.388300,0.166878,0.459406
0.408896,0.159331,0.453674
0.411988,0.162643,0.453346
0.406281,0.168134,0.458294
0.411505,0.165930,0.439625
0.414924,0.167524,0.450718
0.156120,0.170308,0.435923
0.154845,0.164296,0.441002
0.160954,0.172438,0.453819
0.171436,0.161473,0.464876
0.171953,0.165485,0.462373
0.167336,0.156294,0.463887
0.185442,0.166254,0.458347
0.194056,0.171302,0.461983
0.197339,0.159328,0.484693
0.197442,0.167593,0.463389
0.208852,0.168190,0.469150
0.208578,0.177961,0.469676
0.207200,0.160845,0.468032
0.211496,0.175955,0.465807
0.220249,0.164479,0.465284
0.224926,0.171757,0.469640
0.215799,0.166310,0.470477
0.225402,0.165506,0.470514
0.229968,0.169677,0.468054
0.245895,0.160925,0.463542
0.241137,0.164729,0.466238
0.241198,0.173652,0.466449
0.247393,0.160264,0.466938
0.248965,0.156976,0.459585
0.256066,0.167671,0.461430
0.263341,0.161422,0.464298
0.267857,0.168418,0.453908
0.273145,0.170398,0.461679
0.275679,0.164405,0.450237
0.284492,0.160408,0.463619
0.289100,0.165685,0.458746
0.286598,0.171065,0.461346
0.285005,0.169858,0.456046
0.299385,0.166282,0.454121
0.294722,0.170046,0.455081
0.298137,0.165285,0.457579
0.311569,0.173829,0.456849
0.310095,0.162843,0.458459
0.317756,0.167214,0.455976
0.325741,0.166449,0.451332
0.324845,0.173763,0.454167
0.325297,0.165884,0.433858
0.334793,0.160762,0.445776
0.332207,0.161360,0.425250
0.348475,0.168395,0.432987
0.350877,0.159906,0.449655
0.350180,0.171081,0.434895
0.354592,0.172874,0.439325
0.355328,0.170411,0.451957
0.362399,0.168640,0.445336
0.368035,0.165125,0.447994
0.370753,0.166491,0.455824
0.366797,0.165994,0.449386
0.380027,0.166081,0.458818
0.393205,0.167370,0.448899
0.392634,0.175170,0.459163
0.391249,0.156227,0.442607
0.398979,0.165514,0.448214
0.404384,0.165323,0.451272
0.401454,0.166332,0.452184
0.396974,0.160918,0.444366
0.414448,0.165026,0.451222
0.412196,0.163311,0.458728
0.418578,0.168577,0.458967
0.417082,0.166236,0.455341
0.438446,0.165905,0.453667
0.152904,0.175749,0.420601
0.160391,0.168974,0.436996
0.160059,0.170090,0.447354
0.156468,0.175739,0.452602
0.166522,0.174946,0.451707
0.171829,0.173274,0.444232
0.178378,0.172440,0.456769
0.186483,0.164015,0.457687
0.184768,0.172324,0.468102
0.187678,0.166260,0.473307
0.190472,0.165405,0.469682
0.196333,0.168400,0.470891
0.207063,0.172577,0.468414
0.208511,0.176641,0.465797
0.211630,0.173642,0.462281
0.203070,0.181528,0.476808
0.224265,0.183451,0.477492
0.225478,0.170443,0.470906
0.232150,0.185767,0.476252
0.230399,0.168939,0.469098
0.230876,0.169940,0.472647
0.239323,0.172769,0.470365
0.249744,0.167737,0.470463
0.252805,0.166342,0.469925
0.250372,0.174871,0.468814
0.262243,0.167177,0.471556
0.267699,0.172194,0.468773
0.265686,0.182094,0.454791
0.269794,0.170956,0.457606
0.282102,0.169582,0.459174
0.280402,0.169094,0.453511
0.278886,0.174155,0.453485
0.283667,0.174871,0.461183
0.297728,0.165603,0.462354
0.292496,0.177239,0.455490
0.306205,0.175664,0.455595
0.306023,0.175242,0.463214
0.303899,0.177111,0.471519
0.305377,0.171149,0.458320
0.325986,0.164882,0.466976
0.321819,0.176068,0.463640
0.325627,0.171967,0.444786
0.326319,0.167817,0.459604
0.332852,0.178801,0.445749
0.340673,0.177405,0.434718
0.342645,0.174002,0.437670
0.344791,0.167670,0.441962
0.355164,0.165528,0.441514
0.351965,0.169665,0.441469
0.351616,0.166957,0.453241
0.363552,0.172371,0.449624
0.354532,0.174817,0.449902
0.373764,0.168285,0.444699
0.370240,0.164448,0.454762
0.369490,0.175963,0.447471
0.378497,0.168657,0.444592
0.394771,0.172500,0.454549
0.396940,0.170501,0.448545
0.396633,0.170978,0.453360
0.394823,0.173568,0.459590
0.406374,0.179776,0.467666
0.401773,0.174632,0.460842
0.423406,0.168680,0.467763
0.423397,0.176312,0.450924
0.427048,0.167082,0.454032
0.427638,0.177119,0.449376
0.425730,0.160810,0.459428
0.440328,0.169248,0.462572
0.446264,0.171408,0.452286
0.435537,0.172345,0.444451
0.148552,0.167545,0.422685
0.152336,0.173682,0.435204
0.158946,0.174256,0.445202
0.162647,0.172116,0.451659
0.169262,0.175153,0.454916
0.175519,0.172966,0.470680
0.185447,0.179789,0.466531
0.182083,0.173417,0.468349
0.193632,0.184244,0.466289
0.189904,0.179105,0.467386
0.191268,0.170555,0.470977
0.210088,0.179943,0.478210
0.205289,0.175664,0.468357
0.205309,0.179106,0.462061
0.219503,0.174877,0.477647
0.213918,0.177844,0.464870
0.214212,0.182182,0.470247
0.220251,0.181608,0.464178
0.235318,0.177458,0.471162
0.238715,0.175291,0.462390
0.243296,0.182971,0.467100
0.235545,0.181300,0.476689
0.238844,0.175204,0.471658
0.254499,0.180628,0.465740
0.256505,0.175803,0.473580
0.256898,0.170403,0.467180
0.253516,0.170815,0.455954
0.267661,0.168533,0.454415
0.275561,0.187176,0.471537
0.283199,0.174576,0.453583
0.269082,0.173069,0.472731
0.278327,0.172502,0.465724
0.290121,0.179906,0.463025
0.286204,0.164421,0.451446
0.294724,0.173500,0.446619
0.302024,0.184707,0.444466
0.305444,0.182104,0.455682
0.308339,0.177751,0.453450
0.307638,0.179222,0.457938
0.315639,0.184696,0.458349
0.320605,0.176135,0.453713
0.324368,0.176995,0.456020
0.330807,0.166303,0.453223
0.341525,0.169828,0.446021
0.342286,0.171223,0.443910
0.351384,0.178959,0.437360
0.347284,0.164006,0.448251
0.344855,0.181924,0.445816
0.357642,0.182288,0.437293
0.358114,0.167067,0.435375
0.361922,0.167644,0.453391
0.369727,0.167064,0.460142
0.376342,0.169825,0.437731
0.385702,0.167148,0.448292
0.393293,0.172353,0.452241
0.386967,0.172804,0.459051
0.387829,0.178186,0.453362
0.398248,0.178979,0.443294
0.400116,0.179406,0.458962
0.403026,0.187770,0.456892
0.400083,0.176671,0.457719
0.410255,0.177606,0.456311
0.413202,0.171434,0.454681
0.420092,0.175322,0.456513
0.423829,0.180054,0.461257
0.435973,0.172755,0.451168
0.425860,0.175199,0.461570
0.440256,0.169755,0.452904
0.429379,0.181103,0.450009
0.449953,0.173450,0.449064
0.444986,0.172398,0.450923
0.456541,0.184234,0.442269
0.148759,0.187751,0.419648
0.156645,0.181766,0.430348
0.159381,0.182800,0.446206
0.159315,0.185054,0.457613
0.169337,0.182003,0.461121
0.169357,0.172404,0.456141
0.174947,0.183725,0.472800
0.185037,0.183179,0.466883
0.192028,0.181847,0.463832
0.181885,0.186467,0.468891
0.194483,0.183311,0.474758
0.196666,0.186429,0.471294
0.197654,0.188161,0.476753
0.206936,0.183501,0.463069
0.215032,0.176614,0.472507
0.223161,0.182149,0.473684
0.225296,0.187045,0.464478
0.226710,0.180495,0.466551
0.228748,0.180859,0.469972
0.228155,0.179389,0.474573
0.239596,0.189027,0.475181
0.245308,0.178587,0.476169
0.242371,0.188189,0.462638
0.249045,0.180907,0.466560
0.254929,0.183560,0.462876
0.253317,0.182397,0.463361
0.262311,0.176292,0.465796
0.273114,0.187818,0.468746
0.269032,0.180559,0.471193
0.269875,0.173638,0.467273
0.270736,0.178081,0.466721
0.282318,0.177084,0.465617
0.278429,0.184315,0.462770
0.283889,0.180789,0.461101
0.293345,0.179025,0.461680
0.296558,0.188442,0.461814
0.304185,0.181509,0.462619
0.303311,0.183731,0.468570
0.308690,0.183813,0.474709
0.312912,0.180399,0.458879
0.320771,0.183779,0.451383
0.319043,0.179063,0.444333
0.325654,0.183683,0.455676
0.337323,0.182610,0.456340
0.334932,0.175372,0.450023
0.344876,0.183953,0.448901
0.347489,0.172490,0.440551
0.356514,0.170545,0.445452
0.342352,0.169371,0.447290
0.356986,0.182043,0.448182
0.357745,0.180074,0.459635
0.373534,0.175152,0.447942
0.365697,0.183891,0.456190
0.374438,0.188685,0.447738
0.378747,0.181336,0.457989
0.379012,0.181964,0.455418
0.393030,0.174891,0.449034
0.391146,0.179742,0.458673
0.396726,0.176567,0.456064
0.402896,0.175722,0.452801
0.401807,0.188436,0.448340
0.404082,0.173771,0.458174
0.412293,0.172722,0.463071
0.422223,0.173891,0.463592
0.425630,0.180492,0.450437
0.418543,0.188257,0.468924
0.424840,0.176675,0.455938
0.437956,0.169675,0.455469
0.441060,0.175586,0.454777
0.441397,0.179843,0.448100
0.450321,0.173182,0.449551
0.444256,0.175163,0.439397
0.453757,0.189674,0.435231
0.149446,0.178910,0.428429
0.160029,0.178727,0.439108
0.162272,0.184464,0.444102
0.158970,0.183398,0.456774
0.168249,0.185542,0.457638
0.163869,0.180872,0.451805
0.189289,0.189796,0.467694
0.181144,0.182055,0.464519
0.185832,0.194145,0.473374
0.194541,0.180720,0.465330
0.190381,0.183301,0.471886
0.194646,0.186391,0.477832
0.203551,0.186840,0.478000
0.198310,0.178732,0.463997
0.222215,0.190589,0.476529
0.215522,0.178040,0.474349
0.229933,0.188907,0.462454
0.223838,0.183577,0.465725
0.229258,0.184481,0.475272
0.223724,0.190032,0.476027
0.238343,0.183036,0.474801
0.251637,0.184958,0.475436
0.245489,0.185382,0.470912
0.248876,0.176110,0.474188
0.246836,0.191702,0.461729
0.257313,0.186268,0.466232
0.259634,0.191708,0.459043
0.274921,0.185048,0.469642
0.272575,0.181901,0.467379
0.271727,0.181298,0.470959
0.275890,0.187247,0.469916
0.282752,0.180516,0.467261
0.282765,0.183014,0.468966
0.295084,0.185934,0.471608
0.299232,0.177270,0.470791
0.307566,0.187091,0.463211
0.301180,0.187607,0.469345
0.305543,0.178425,0.470362
0.302380,0.184850,0.464328
0.306728,0.182950,0.471029
0.316329,0.186434,0.474957
0.316516,0.188542,0.466157
0.330644,0.180813,0.461687
0.334038,0.176041,0.469359
0.337135,0.185384,0.453096
0.352107,0.177781,0.453771
0.348693,0.191139,0.450184
0.341683,0.186409,0.444330
0.351748,0.193173,0.440362
0.359590,0.187677,0.452408
0.366519,0.186699,0.448842
0.362447,0.180291,0.448310
0.375527,0.181122,0.452637
0.376298,0.182769,0.451988
0.381198,0.180281,0.457406
0.385368,0.191964,0.456584
0.382101,0.176981,0.449648
0.388439,0.181066,0.452418
0.402381,0.183540,0.462589
0.395916,0.191872,0.452720
0.401777,0.182528,0.455555
0.411119,0.181180,0.454151
0.414295,0.186240,0.458183
0.422201,0.181674,0.459521
0.424772,0.185697,0.448184
0.428438,0.188299,0.449747
0.423002,0.185857,0.453015
0.431819,0.188730,0.459753
0.439304,0.184171,0.456019
0.438463,0.187673,0.456045
0.444076,0.182852,0.446526
0.454194,0.181250,0.440089
0.450849,0.179106,0.438737
0.466948,0.187399,0.429929
0.460170,0.188657,0.433277
0.155186,0.183040,0.428475
0.150923,0.194110,0.443797
0.155017,0.197707,0.449239
0.156056,0.188877,0.460663
0.175319,0.191604,0.458171
0.169141,0.185019,0.470207
0.180107,0.187256,0.467835
0.182950,0.188806,0.475638
0.182668,0.190160,0.468012
0.190468,0.189599,0.470046
0.188995,0.191670,0.468708
0.202460,0.189674,0.467574
0.213445,0.189102,0.467208
0.214333,0.199348,0.466316
0.213834,0.190795,0.474294
0.214527,0.195418,0.463966
0.224307,0.195481,0.469127
0.222068,0.186104,0.478368
0.231505,0.186701,0.468736
0.227125,0.186460,0.467748
0.240686,0.189819,0.466110
0.230816,0.184344,0.463633
0.247562,0.189588,0.470051
0.239986,0.193146,0.470547
0.255128,0.190247,0.464112
0.258862,0.189572,0.469768
0.262390,0.190323,0.463919
0.260031,0.184110,0.472464
0.260739,0.193665,0.466919
0.279699,0.190329,0.470184
0.277535,0.195851,0.461522
0.284981,0.187772,0.466846
0.289866,0.188943,0.464364
0.280792,0.198412,0.465401
0.289568,0.193764,0.468676
0.287388,0.178878,0.477944
0.306786,0.189959,0.457125
0.310232,0.194167,0.470881
0.314016,0.183891,0.469043
0.316699,0.187053,0.479411
0.318220,0.195150,0.460476
0.330801,0.190255,0.466059
0.322922,0.183997,0.463343
0.339796,0.182630,0.454570
0.341289,0.186338,0.455923
0.336836,0.192111,0.455872
0.355545,0.187735,0.449218
0.347729,0.195144,0.457623
0.358261,0.188374,0.452201
0.367802,0.190177,0.454592
0.360012,0.190523,0.463365
0.369219,0.192464,0.456759
0.369042,0.184845,0.454023
0.366701,0.192993,0.449170
0.382585,0.189474,0.451773
0.386100,0.182595,0.464230
0.389324,0.194789,0.461066
0.391724,0.194871,0.456692
0.397702,0.194657,0.456083
0.396529,0.185882,0.453074
0.408170,0.190028,0.459830
0.409619,0.184200,0.453361
0.422004,0.195382,0.451545
0.423948,0.174025,0.461400
0.423261,0.182349,0.456411
0.425050,0.187449,0.450585
0.435232,0.186907,0.459133
0.433207,0.185653,0.451834
0.441405,0.189931,0.453508
0.442832,0.187793,0.449098
0.448811,0.187815,0.446898
0.448171,0.182687,0.437768
0.458017,0.190494,0.443001
0.467581,0.196007,0.427437
0.463928,0.190404,0.420576
0.479927,0.185565,0.417867
0.155655,0.195952,0.432691
0.164368,0.184890,0.444303
0.168798,0.184548,0.456640
0.158815,0.199741,0.458236
0.165292,0.195756,0.454264
0.176885,0.194444,0.461148
0.184683,0.185859,0.465802
0.172991,0.197605,0.469275
0.174439,0.206330,0.476237
0.196652,0.203955,0.472286
0.189661,0.194394,0.477127
0.195393,0.199417,0.486119
0.201788,0.189365,0.466638
0.206215,0.194214,0.478175
0.213278,0.198755,0.467442
0.216625,0.191436,0.469154
0.218195,0.185934,0.465812
0.215436,0.197675,0.479211
0.227800,0.201921,0.472615
0.227734,0.194928,0.466193
0.240913,0.193060,0.472450
0.243008,0.194737,0.469515
0.248021,0.191705,0.475233
0.247637,0.193571,0.470875
0.256613,0.190856,0.478397
0.250451,0.192469,0.473189
0.264516,0.190100,0.473916
0.259841,0.188678,0.470530
0.267498,0.203113,0.469923
0.270476,0.193274,0.468830
0.280901,0.194536,0.471895
0.295241,0.196140,0.471926
0.285734,0.192654,0.478461
0.289236,0.192408,0.463335
0.299421,0.197032,0.475789
0.292333,0.192871,0.469954
0.313812,0.189467,0.466173
0.306544,0.205403,0.463818
0.311813,0.198485,0.471135
0.309998,0.195650,0.480234
0.322892,0.197171,0.471035
0.331520,0.193985,0.458213
0.331409,0.191344,0.469135
0.333823,0.189427,0.468118
0.331880,0.189699,0.452977
0.345006,0.201361,0.454170
0.347713,0.206190,0.457049
0.345969,0.189007,0.455960
0.345090,0.196035,0.445297
0.359902,0.186660,0.452306
0.364228,0.193407,0.453009
0.371790,0.191266,0.454282
0.374305,0.196729,0.452509
0.382873,0.196176,0.459391
0.373264,0.195708,0.462031
0.387141,0.191264,0.454250
0.385925,0.192892,0.453252
0.381359,0.201468,0.458295
0.392219,0.192301,0.464946
0.401136,0.194493,0.461065
0.405258,0.197177,0.457408
0.414321,0.189604,0.453046
0.416288,0.194494,0.454523
0.421423,0.198390,0.455249
0.422301,0.198858,0.453202
0.427510,0.191203,0.464444
0.428777,0.195795,0.460963
0.434039,0.191966,0.457035
0.440770,0.192711,0.457063
0.439618,0.195037,0.453865
0.452085,0.187963,0.446241
0.445464,0.191230,0.441201
0.453690,0.193432,0.440985
0.466084,0.194076,0.426763
0.475043,0.198620,0.417923
0.473402,0.194499,0.413272
0.476078,0.188553,0.406820
0.142242,0.205716,0.412224
0.147148,0.191611,0.439877
0.148026,0.196502,0.443093
0.154588,0.195193,0.448393
0.171842,0.200601,0.456255
0.168408,0.199926,0.461197
0.177118,0.191817,0.466073
0.180365,0.201540,0.480355
0.178907,0.203877,0.469457
0.181872,0.198224,0.465965
0.185229,0.191939,0.474856
0.188901,0.204573,0.466053
0.199143,0.207671,0.468134
0.199338,0.211572,0.479773
0.208467,0.207263,0.476356
0.210385,0.189926,0.477630
0.204590,0.207554,0.476263
0.226159,0.199595,0.472049
0.220351,0.196964,0.476203
0.227223,0.193574,0.482896
0.236812,0.199237,0.470084
0.241541,0.199663,0.470108
0.247257,0.194754,0.477039
0.243441,0.203253,0.477396
0.244645,0.207146,0.468678
0.249089,0.192659,0.471280
0.257310,0.197505,0.464168
0.264787,0.195269,0.471396
0.264505,0.200476,0.478196
0.259473,0.203934,0.479514
0.281347,0.195149,0.467598
0.278909,0.203738,0.477017
0.281922,0.202530,0.472429
0.291267,0.199743,0.479999
0.291770,0.194190,0.468357
0.286695,0.196947,0.477727
0.306284,0.199217,0.464589
0.305655,0.197264,0.474201
0.315450,0.195992,0.465038
0.314778,0.199076,0.468341
0.318124,0.204884,0.466361
0.316801,0.197356,0.475848
0.321389,0.195349,0.469347
0.343897,0.205595,0.467268
0.329179,0.202605,0.464714
0.339707,0.196436,0.462780
0.338652,0.202127,0.456767
0.343758,0.193945,0.451413
0.356336,0.196084,0.450174
0.351503,0.204222,0.453382
0.361149,0.201703,0.455082
0.361359,0.191672,0.461901
0.370011,0.193499,0.454868
0.370971,0.203207,0.454527
0.369139,0.196815,0.450496
0.372560,0.198878,0.448284
0.381207,0.193552,0.454072
0.383710,0.196070,0.454545
0.390439,0.199564,0.451264
0.398187,0.196772,0.456528
0.392432,0.202614,0.458054
0.401124,0.201342,0.454908
0.412242,0.200649,0.461615
0.416321,0.202330,0.451734
0.412596,0.199150,0.460877
0.427488,0.202705,0.450431
0.427260,0.204128,0.458888
0.428644,0.202832,0.460778
0.439018,0.192777,0.447233
0.433172,0.192620,0.456107
0.436318,0.206251,0.446825
0.446884,0.203896,0.442134
0.465118,0.199581,0.444414
0.454705,0.198939,0.439511
0.462925,0.201510,0.428215
0.468554,0.194331,0.417409
0.474505,0.202272,0.414788
0.474524,0.203673,0.400222
0.145708,0.202029,0.421698
0.155994,0.205053,0.446646
0.158556,0.207558,0.449554
0.159415,0.198523,0.457259
0.163677,0.198096,0.453881
0.171743,0.200906,0.469527
0.172378,0.195938,0.463169
0.168441,0.204304,0.464110
0.183078,0.209305,0.474154
0.177523,0.202188,0.471510
0.201719,0.208230,0.478367
0.189917,0.198968,0.468978
0.193076,0.206754,0.474733
0.198910,0.204189,0.477898
0.210752,0.204356,0.473400
0.210987,0.202126,0.474796
0.211890,0.199873,0.470914
0.215036,0.199931,0.481764
0.218898,0.202850,0.474341
0.227851,0.194693,0.479973
0.231474,0.197915,0.473088
0.234470,0.204915,0.478843
0.241609,0.201646,0.466355
0.236016,0.203715,0.469313
0.245727,0.212009,0.471601
0.246882,0.203736,0.476050
0.253366,0.201619,0.473872
0.258298,0.198055,0.478614
0.264903,0.199023,0.479275
0.276355,0.206910,0.478594
0.269916,0.208836,0.473502
0.283471,0.203582,0.476322
0.285073,0.194522,0.462106
0.284242,0.203030,0.475435
0.282930,0.209459,0.465781
0.294951,0.200131,0.474992
0.298262,0.211202,0.481055
0.303035,0.200868,0.473855
0.305812,0.204156,0.467476
0.315075,0.204611,0.475366
0.312104,0.199940,0.468842
0.319688,0.202917,0.472173
0.326473,0.204521,0.461309
0.326999,0.204302,0.461437
0.329594,0.206161,0.467391
0.341636,0.205647,0.470033
0.342088,0.205529,0.460202
0.346294,0.216343,0.455296
0.357225,0.200082,0.455786
0.350301,0.206436,0.448833
0.356552,0.205395,0.456634
0.366209,0.198047,0.456763
0.370410,0.205450,0.456724
0.369822,0.209189,0.457684
0.376915,0.208135,0.461702
0.378217,0.209783,0.453174
0.377462,0.203389,0.459191
0.381703,0.207300,0.452287
0.388023,0.209664,0.468089
0.398068,0.206630,0.455989
0.406361,0.204988,0.464838
0.397739,0.200223,0.460308
0.411635,0.198678,0.447668
0.412193,0.200751,0.463553
0.413239,0.202891,0.460092
0.426527,0.203438,0.453014
0.424433,0.199300,0.459264
0.422637,0.195188,0.455000
0.433918,0.205644,0.449009
0.435704,0.202317,0.453324
0.441635,0.204028,0.439507
0.438889,0.210192,0.442135
0.450379,0.204920,0.437939
0.458839,0.197965,0.435983
0.456184,0.201329,0.425090
0.459961,0.201755,0.410921
0.464875,0.203180,0.413709
0.153744,0.205874,0.430007
0.153476,0.208369,0.446046
0.149591,0.199484,0.461048
0.160567,0.202910,0.451148
0.165473,0.216923,0.462162
0.168962,0.211735,0.463946
0.170381,0.215292,0.468384
0.181992,0.215163,0.466769
0.178002,0.206288,0.465940
0.182759,0.211236,0.473636
0.193004,0.206497,0.473529
0.192467,0.197358,0.469159
0.196754,0.212631,0.470815
0.205591,0.204908,0.473833
0.211581,0.202899,0.472305
0.218007,0.203982,0.483872
0.217306,0.211273,0.470513
0.224178,0.208161,0.480000
0.224409,0.211730,0.470238
0.222053,0.209150,0.473609
0.220689,0.203656,0.469203
0.241512,0.209260,0.480265
0.253275,0.210523,0.474185
0.239983,0.205366,0.481098
0.245285,0.206966,0.477091
0.250902,0.211177,0.465831
0.259281,0.214955,0.472209
0.255622,0.211566,0.474602
0.260141,0.209189,0.474661
0.264786,0.206358,0.482343
0.280609,0.212410,0.478151
0.280434,0.209319,0.476933
0.280406,0.211910,0.486020
0.275116,0.210310,0.480085
0.284249,0.205523,0.481824
0.296841,0.211819,0.477594
0.297331,0.208729,0.484439
0.310680,0.205306,0.476005
0.307076,0.213379,0.465708
0.307812,0.197692,0.466272
0.318771,0.217504,0.468038
0.314663,0.201147,0.472826
0.324792,0.204574,0.470705
0.318335,0.211288,0.465591
0.329043,0.204203,0.467453
0.329182,0.207805,0.467819
0.333469,0.209413,0.460644
0.351110,0.203163,0.468336
0.352880,0.202853,0.449017
0.335212,0.211682,0.453806
0.358579,0.210136,0.459934
0.355964,0.210010,0.460508
0.363575,0.204455,0.454057
0.372086,0.215909,0.461896
0.382305,0.202661,0.451650
0.376474,0.211289,0.451522
0.378946,0.190395,0.457942
0.388892,0.202867,0.457190
0.397833,0.204957,0.453151
0.399052,0.209590,0.457500
0.405326,0.200836,0.463222
0.404780,0.198183,0.459146
0.402105,0.208044,0.454052
0.408555,0.214047,0.460101
0.421949,0.211048,0.462182
0.421534,0.205105,0.456770
0.426321,0.206065,0.456091
0.432621,0.200089,0.448840
0.436438,0.205852,0.443697
0.433343,0.207761,0.448912
0.440759,0.200522,0.454564
0.443377,0.202983,0.435958
0.460561,0.204041,0.426419
0.455280,0.199815,0.432675
0.454183,0.199369,0.420566
0.469398,0.206668,0.410914
0.475354,0.206708,0.407715
0.147861,0.213101,0.436803
0.153754,0.209118,0.446549
0.155392,0.207252,0.454687
0.161491,0.207890,0.447027
0.170129,0.213904,0.459327
0.173222,0.207816,0.461787
0.180419,0.215385,0.455206
0.172113,0.214036,0.461263
0.178824,0.209729,0.472504
0.191863,0.213720,0.467591
0.190954,0.219552,0.460611
0.196163,0.213190,0.468736
0.200213,0.204486,0.480315
0.200971,0.208112,0.472522
0.211315,0.209725,0.472786
0.210606,0.217414,0.477426
0.215770,0.216381,0.481613
0.226172,0.206952,0.477041
0.227693,0.214847,0.471948
0.220345,0.213778,0.468908
0.241763,0.211942,0.473309
0.239049,0.207144,0.475052
0.240136,0.212085,0.472458
0.243780,0.209733,0.482943
0.239628,0.217435,0.478223
0.259420,0.216221,0.482302
0.260367,0.219574,0.467205
0.253949,0.215895,0.483530
0.262398,0.211768,0.478963
0.263339,0.204712,0.474781
0.280825,0.216482,0.463823
0.287113,0.216055,0.467906
0.279687,0.209268,0.469289
0.289465,0.208731,0.478503
0.290127,0.212365,0.472087
0.292632,0.211300,0.487319
0.293490,0.211224,0.475853
0.313599,0.210456,0.465809
0.308551,0.212953,0.477381
0.302454,0.210901,0.468280
0.313957,0.202908,0.479462
0.328311,0.216834,0.471589
0.332869,0.213096,0.473335
0.332794,0.217192,0.472456
0.337548,0.214773,0.467910
0.327723,0.214211,0.466732
0.338178,0.222220,0.449798
0.337702,0.214332,0.471726
0.344443,0.213516,0.458576
0.354382,0.217358,0.466616
0.365657,0.205612,0.460829
0.365938,0.202596,0.461168
0.365567,0.215729,0.467448
0.368112,0.208930,0.454871
0.374315,0.216902,0.454984
0.387429,0.207843,0.455372
0.386848,0.218339,0.461565
0.388057,0.224990,0.456819
0.395245,0.210007,0.454300
0.397401,0.212170,0.464530
0.404474,0.213091,0.467001
0.397713,0.215035,0.458851
0.408999,0.202848,0.458537
0.413673,0.214614,0.460939
0.413182,0.216390,0.451238
0.419265,0.212991,0.460204
0.429809,0.207462,0.466929
0.435569,0.203726,0.454124
0.436724,0.203567,0.456493
0.440078,0.205631,0.459576
0.439589,0.198841,0.448103
0.441835,0.212057,0.446925
0.457065,0.207865,0.432535
0.449790,0.214507,0.432737
0.459222,0.211254,0.427574
0.461822,0.218261,0.412392
0.476606,0.209966,0.397564
0.147836,0.211194,0.432689
0.152415,0.212958,0.445312
0.163203,0.225913,0.446634
0.160390,0.215938,0.469350
0.163037,0.212044,0.473335
0.173753,0.211764,0.467568
0.173119,0.219908,0.480189
0.176387,0.217146,0.464204
0.173992,0.217974,0.470599
0.187121,0.212660,0.483834
0.193638,0.219147,0.466324
0.201143,0.219310,0.475685
0.196734,0.216453,0.472947
0.205745,0.217329,0.469139
0.214282,0.223021,0.474561
0.209247,0.215761,0.473349
0.213789,0.220624,0.483639
0.227297,0.219785,0.470195
0.225722,0.222401,0.480884
0.228185,0.215949,0.475586
0.233276,0.222115,0.489277
0.240506,0.214869,0.474909
0.244030,0.219459,0.479362
0.243983,0.221178,0.484377
0.248761,0.211481,0.475841
0.253925,0.213284,0.472085
0.264651,0.217846,0.482090
0.260858,0.217842,0.478969
0.269076,0.219734,0.481396
0.272679,0.208282,0.480674
0.277474,0.222103,0.486502
0.275774,0.217324,0.477674
0.282285,0.220854,0.490140
0.280890,0.221248,0.493668
0.286342,0.220123,0.471653
0.284755,0.209478,0.468310
0.299067,0.220545,0.481547
0.304291,0.218275,0.477206
0.297812,0.216042,0.482792
0.311412,0.216876,0.477703
0.318679,0.206566,0.475820
0.320405,0.214873,0.469676
0.330007,0.215688,0.471922
0.321753,0.217072,0.464451
0.332622,0.222650,0.467092
0.341980,0.224012,0.466303
0.341743,0.222565,0.463908
0.347084,0.220917,0.459448
0.347820,0.219380,0.460769
0.346833,0.216473,0.452234
0.362288,0.215728,0.465545
0.360828,0.207336,0.456474
0.358067,0.212507,0.455395
0.380283,0.221912,0.457226
0.379278,0.218284,0.458465
0.374685,0.221350,0.461849
0.386771,0.219385,0.459212
0.387189,0.215429,0.457762
0.405963,0.216684,0.460514
0.397436,0.214868,0.464440
0.395755,0.221702,0.453137
0.406855,0.226277,0.466802
0.403657,0.218227,0.457335
0.411279,0.216175,0.459740
0.416914,0.217384,0.455415
0.428395,0.217452,0.453151
0.420666,0.221655,0.457355
0.433508,0.212522,0.453949
0.428221,0.217589,0.443158
0.442906,0.217175,0.446315
0.446770,0.210055,0.451765
0.456275,0.218990,0.441079
0.456107,0.221953,0.428754
0.456549,0.208931,0.429160
0.457620,0.219616,0.414579
0.466064,0.218793,0.403631
0.143384,0.222176,0.431817
0.148968,0.218987,0.445802
0.160871,0.226642,0.460780
0.167204,0.227208,0.452332
0.163185,0.227202,0.457718
0.159075,0.227053,0.472403
0.168533,0.214960,0.470060
0.174127,0.223830,0.471093
0.190368,0.226208,0.471975
0.180299,0.231461,0.462354
0.188998,0.223361,0.482891
0.200570,0.216671,0.469225
0.197197,0.214856,0.471988
0.196642,0.216622,0.481132
0.208376,0.212660,0.481433
0.222871,0.224704,0.472501
0.214707,0.213693,0.475685
0.219451,0.220587,0.472123
0.224732,0.222180,0.476543
0.224822,0.223307,0.481102
0.235893,0.220637,0.480842
0.242672,0.218837,0.478467
0.229825,0.222924,0.482140
0.249610,0.224445,0.471760
0.255275,0.226881,0.478374
0.251025,0.218741,0.480780
0.259872,0.225103,0.471759
0.259227,0.220689,0.481844
0.264706,0.224575,0.472655
0.262572,0.225477,0.476224
0.269911,0.226300,0.480457
0.282750,0.227634,0.484513
0.280646,0.216866,0.485838
0.280675,0.227242,0.483090
0.285622,0.223404,0.479270
0.293178,0.222875,0.473912
0.294747,0.230264,0.477271
0.299931,0.216240,0.475082
0.305368,0.219367,0.477243
0.315150,0.222099,0.477388
0.313064,0.220626,0.475329
0.303389,0.222717,0.474560
0.321436,0.226787,0.465101
0.323657,0.228426,0.466284
0.339213,0.215334,0.470603
0.337781,0.224807,0.461651
0.340445,0.216543,0.467806
0.341375,0.223223,0.463118
0.349084,0.217715,0.450984
0.353396,0.221194,0.459462
0.365979,0.216297,0.462484
0.360822,0.227862,0.452668
0.366115,0.230783,0.466042
0.367459,0.224501,0.462789
0.373621,0.227343,0.474838
0.378465,0.223954,0.459899
0.388686,0.228975,0.464705
0.389920,0.226208,0.450386
0.399448,0.218201,0.464911
0.390153,0.225857,0.451935
0.394760,0.217556,0.460087
0.404137,0.226747,0.452562
0.408943,0.214770,0.458422
0.409493,0.219967,0.454713
0.416014,0.221102,0.463504
0.420452,0.228580,0.457333
0.422340,0.222876,0.455060
0.424724,0.215715,0.451023
0.428555,0.213972,0.453313
0.441346,0.223361,0.447236
0.435411,0.226312,0.440901
0.453337,0.219303,0.434753
0.448886,0.218298,0.433745
0.463817,0.221607,0.429763
0.462612,0.217531,0.408063
0.467896,0.217752,0.395918
0.137255,0.223541,0.421383
0.143409,0.215895,0.435481
0.153469,0.219528,0.448478
0.158398,0.230512,0.456246
0.158088,0.222267,0.458111
0.156512,0.237386,0.469342
0.168770,0.224450,0.473460
0.179538,0.227120,0.476340
0.180852,0.225350,0.472883
0.185145,0.231938,0.481290
0.183375,0.229564,0.472642
0.194153,0.236682,0.482128
0.198223,0.229940,0.469938
0.193670,0.227424,0.473719
0.195730,0.229683,0.478168
0.196551,0.218035,0.476933
0.209921,0.232097,0.487753
0.222294,0.227457,0.477900
0.228098,0.227031,0.483668
0.219980,0.230083,0.480279
0.230206,0.228639,0.488399
0.220106,0.225368,0.479735
0.234102,0.223871,0.473285
0.242807,0.217470,0.485752
0.240653,0.223871,0.475915
0.250919,0.227579,0.475179
0.259426,0.230661,0.480754
0.257294,0.228314,0.478293
0.258049,0.229338,0.486847
0.263132,0.218887,0.485309
0.279679,0.227098,0.481594
0.281417,0.225142,0.484318
0.292372,0.232660,0.481575
0.279414,0.227364,0.477810
0.292074,0.225585,0.470719
0.288568,0.227847,0.486047
0.298663,0.229006,0.484747
0.295715,0.220902,0.480724
0.300274,0.238227,0.484950
0.297480,0.229609,0.474057
0.311629,0.228248,0.474978
0.315858,0.224790,0.479560
0.316868,0.231777,0.473916
0.325118,0.234653,0.479441
0.333017,0.221799,0.473823
0.335642,0.212439,0.476649
0.345237,0.223700,0.469805
0.343518,0.236836,0.467792
0.347595,0.225284,0.471615
0.352694,0.226872,0.472059
0.350630,0.232987,0.464332
0.360768,0.230980,0.463749
0.366870,0.218916,0.465156
0.364830,0.231127,0.470911
0.376203,0.221047,0.459514
0.375972,0.221313,0.454773
0.375223,0.226081,0.461677
0.377091,0.234305,0.458346
0.385456,0.223611,0.454899
0.393472,0.220508,0.454325
0.399503,0.216662,0.454144
0.406021,0.229831,0.461116
0.403381,0.220421,0.459238
0.418155,0.220862,0.469953
0.415579,0.221799,0.461248
0.411330,0.224236,0.451782
0.422951,0.233037,0.452640
0.416819,0.225362,0.448398
0.426397,0.224860,0.448363
0.438925,0.221675,0.455487
0.434196,0.217367,0.437604
0.439381,0.219776,0.431229
0.441212,0.225865,0.433147
0.457199,0.219722,0.428687
0.457665,0.224674,0.415052
0.460800,0.226719,0.414747
0.141571,0.240032,0.430245
0.154191,0.218870,0.436626
0.148703,0.232000,0.457043
0.155669,0.232394,0.456809
0.169951,0.232987,0.465486
0.159215,0.229428,0.464220
0.183943,0.221793,0.461131
0.172278,0.240414,0.470566
0.182390,0.231742,0.478058
0.180766,0.225233,0.476669
0.186492,0.221396,0.474260
0.194965,0.233198,0.488302
0.195211,0.233346,0.486782
0.193204,0.240465,0.476761
0.201476,0.230790,0.476832
0.201338,0.225475,0.487856
0.219163,0.234108,0.473541
0.214232,0.234849,0.481137
0.233966,0.227121,0.485877
0.214441,0.236567,0.479032
0.221590,0.229176,0.481723
0.231800,0.229716,0.474476
0.233426,0.229634,0.480307
0.236128,0.231747,0.487202
0.250536,0.226784,0.482142
0.235334,0.231474,0.480351
0.249923,0.243806,0.487872
0.261404,0.230271,0.482467
0.265108,0.230357,0.484705
0.258156,0.244242,0.491413
0.279293,0.235526,0.483506
0.274175,0.229916,0.481761
0.285572,0.231123,0.491438
0.279635,0.227753,0.490720
0.292017,0.229273,0.490972
0.291624,0.239189,0.478357
0.299786,0.226025,0.480753
0.301909,0.237771,0.476671
0.303021,0.222333,0.491297
0.307936,0.224172,0.482039
0.308361,0.222612,0.480945
0.311323,0.234357,0.486352
0.315399,0.220876,0.472935
0.322387,0.234825,0.471837
0.332101,0.237231,0.481042
0.323070,0.233113,0.468953
0.333023,0.228630,0.468586
0.341649,0.226714,0.474154
0.351745,0.226961,0.462954
0.357834,0.234075,0.470987
0.345677,0.228771,0.458230
0.359059,0.231629,0.471908
0.368723,0.232723,0.458263
0.366458,0.230620,0.461585
0.367511,0.237001,0.460580
0.380489,0.231426,0.450684
0.373141,0.224697,0.460605
0.381259,0.226350,0.462171
0.388432,0.230163,0.459068
0.386445,0.227132,0.461534
0.404332,0.236418,0.457459
0.396919,0.219421,0.460377
0.402867,0.231591,0.463625
0.417841,0.228965,0.458714
0.409476,0.225287,0.458935
0.409597,0.230529,0.460217
0.425793,0.228865,0.450579
0.423589,0.225198,0.455260
0.430589,0.231825,0.438637
0.426549,0.224780,0.442133
0.443263,0.236633,0.449351
0.456880,0.233423,0.429313
0.448642,0.230911,0.431325
0.458347,0.224712,0.417377
0.458160,0.234062,0.417596
0.456786,0.225889,0.387726
0.147535,0.232718,0.434611
0.149734,0.230531,0.448652
0.146746,0.234028,0.458136
0.158190,0.229564,0.469807
0.158117,0.236945,0.469546
0.165987,0.236586,0.464407
0.162943,0.238340,0.474173
0.169346,0.234330,0.461237
0.165755,0.226936,0.470083
0.184826,0.231158,0.486533
0.189609,0.241291,0.478481
0.198284,0.234546,0.481659
0.185092,0.226655,0.477959
0.200954,0.237438,0.487923
0.205440,0.239367,0.483855
0.205088,0.236388,0.476514
0.207963,0.239306,0.480647
0.213401,0.239051,0.481790
0.228282,0.244586,0.480799
0.224960,0.231126,0.477451
0.228226,0.232377,0.476319
0.229332,0.239693,0.478593
0.227402,0.242234,0.487347
0.238873,0.238720,0.473475
0.240921,0.245615,0.489606
0.247992,0.225390,0.488040
0.256517,0.239229,0.489297
0.257396,0.231147,0.477993
0.255895,0.235481,0.484955
0.263815,0.238867,0.484710
0.267850,0.233859,0.478414
0.275460,0.253208,0.492282
0.272711,0.233575,0.485356
0.280339,0.230795,0.484981
0.286326,0.236584,0.491735
0.281604,0.233948,0.485030
0.300348,0.226644,0.496864
0.288921,0.239279,0.483414
0.301470,0.236336,0.476381
0.306886,0.234112,0.484906
0.313145,0.234805,0.477868
0.317510,0.238143,0.478211
0.321611,0.233767,0.474267
0.320788,0.241226,0.482106
0.325525,0.242718,0.469661
0.325136,0.225114,0.473813
0.337119,0.230975,0.473380
0.342746,0.222130,0.467358
0.355392,0.229678,0.471324
0.343926,0.239349,0.482708
0.357138,0.245171,0.467233
0.347558,0.238164,0.451466
0.359751,0.241518,0.466771
0.363308,0.231242,0.459675
0.370735,0.237849,0.458995
0.380197,0.225886,0.462297
0.378049,0.232679,0.465651
0.378189,0.239986,0.464545
0.383791,0.230743,0.468052
0.396256,0.235693,0.462736
0.382078,0.239032,0.459111
0.401613,0.236988,0.458619
0.403235,0.225307,0.454903
0.407945,0.238591,0.459142
0.425476,0.229148,0.462515
0.415677,0.234119,0.456197
0.422905,0.234075,0.455535
0.428214,0.233214,0.447792
0.430449,0.234898,0.457674
0.441690,0.233933,0.440236
0.445495,0.233566,0.438541
0.446323,0.227779,0.444660
0.448056,0.236732,0.425415
0.448602,0.225136,0.425866
0.448200,0.235947,0.410132
0.144055,0.239687,0.437555
0.137084,0.237694,0.450341
0.141329,0.241298,0.464522
0.165546,0.240493,0.462556
0.157286,0.248394,0.462224
0.164366,0.240786,0.478330
0.173892,0.244683,0.475524
0.167757,0.238386,0.476526
0.188943,0.247547,0.476468
0.179810,0.230774,0.482782
0.185306,0.241183,0.477592
0.199748,0.241340,0.478819
0.192544,0.247077,0.474319
0.201097,0.239817,0.488572
0.196213,0.238695,0.474526
0.206823,0.244630,0.474270
0.212054,0.233490,0.477766
0.208977,0.245567,0.476223
0.210048,0.236365,0.478472
0.220664,0.248125,0.482372
0.224177,0.248626,0.475487
0.228920,0.244377,0.485892
0.241597,0.243625,0.486877
0.253256,0.244435,0.481511
0.241559,0.242686,0.485983
0.253323,0.245969,0.481304
0.265604,0.245483,0.477068
0.255593,0.248040,0.488683
0.257112,0.238271,0.487499
0.264268,0.238519,0.486783
0.271996,0.245836,0.481797
0.288531,0.239881,0.488981
0.278086,0.234463,0.487826
0.290149,0.239635,0.497709
0.288057,0.246209,0.480008
0.288645,0.238147,0.490440
0.290189,0.239263,0.480749
0.302715,0.243080,0.490588
0.303753,0.241868,0.483080
0.305927,0.249340,0.489872
0.315278,0.234925,0.476209
0.311695,0.245877,0.474153
0.320732,0.245992,0.483951
0.318441,0.237181,0.475589
0.325913,0.244758,0.474524
0.338891,0.239956,0.469004
0.339154,0.238619,0.470934
0.343430,0.242699,0.460219
0.343139,0.243912,0.468739
0.348555,0.250337,0.460896
0.352848,0.236656,0.457540
0.356397,0.240288,0.453881
0.364352,0.237817,0.465402
0.368066,0.233402,0.462503
0.367869,0.233505,0.467940
0.374387,0.235265,0.456614
0.389422,0.239524,0.459352
0.381960,0.239456,0.456564
0.382434,0.231547,0.461715
0.392410,0.233201,0.460756
0.398494,0.242296,0.450849
0.399345,0.247226,0.463739
0.408345,0.238283,0.456764
0.411039,0.243922,0.454902
0.406586,0.234281,0.463131
0.406601,0.241811,0.460452
0.421197,0.231324,0.450278
0.420020,0.243477,0.457118
0.433619,0.237297,0.456322
0.442686,0.235152,0.436143
0.441314,0.235608,0.440172
0.448317,0.239392,0.433168
0.442227,0.242831,0.428367
0.455808,0.241486,0.414598
0.452027,0.239218,0.394394
0.141288,0.246370,0.441708
0.150243,0.249513,0.449548
0.152958,0.241893,0.455344
0.163221,0.237588,0.454357
0.164435,0.243809,0.462680
0.170487,0.242934,0.470268
0.170648,0.239315,0.479979
0.177950,0.247650,0.472332
0.177522,0.245387,0.476982
0.179158,0.243597,0.478281
0.185856,0.242399,0.487039
0.180797,0.248090,0.479577
0.191450,0.243083,0.490762
0.204593,0.248758,0.497859
0.195192,0.248007,0.487150
0.207178,0.243507,0.484468
0.214349,0.250929,0.478311
0.211230,0.241770,0.487791
0.216759,0.236408,0.485509
0.218643,0.243003,0.484262
0.227674,0.246992,0.487607
0.237706,0.241722,0.490411
0.240318,0.236924,0.491891
0.242046,0.247306,0.494688
0.249641,0.240884,0.493189
0.251886,0.249264,0.488752
0.258890,0.241079,0.479192
0.259070,0.241301,0.492990
0.272003,0.250375,0.495250
0.264155,0.250323,0.484150
0.264566,0.239332,0.495754
0.279902,0.243836,0.503254
0.285903,0.252467,0.491590
0.280919,0.244510,0.489777
0.294152,0.240410,0.489068
0.283393,0.244239,0.493387
0.299821,0.241663,0.487206
0.295768,0.250103,0.488025
0.303195,0.248348,0.491570
0.311702,0.245497,0.480177
0.299610,0.247785,0.477203
0.314730,0.242569,0.477867
0.325730,0.250135,0.483968
0.333954,0.247398,0.474268
0.328305,0.248915,0.475633
0.330238,0.241473,0.481001
0.336546,0.237543,0.465897
0.340817,0.245835,0.470785
0.343629,0.245397,0.472136
0.349914,0.240625,0.474981
0.355668,0.240271,0.478955
0.356667,0.248149,0.467747
0.366911,0.241958,0.460697
0.365862,0.241368,0.469088
0.365893,0.244628,0.464070
0.381819,0.241615,0.454378
0.380992,0.245580,0.469940
0.383558,0.236868,0.459066
0.382748,0.245400,0.467362
0.383663,0.246000,0.449509
0.393704,0.244211,0.453437
0.391276,0.239710,0.452972
0.406875,0.251014,0.461131
0.410937,0.246129,0.456049
0.407364,0.239206,0.464872
0.428259,0.248672,0.459950
0.420235,0.245832,0.451756
0.421137,0.250672,0.448868
0.425704,0.239076,0.442973
0.436421,0.234954,0.440408
0.439913,0.244008,0.438635
0.447477,0.245508,0.431907
0.447061,0.242030,0.424437
0.449883,0.241833,0.414755
0.150718,0.249662,0.442091
0.149346,0.238717,0.453814
0.149883,0.247163,0.453343
0.161808,0.249182,0.476405
0.160232,0.242543,0.467899
0.156565,0.238664,0.463140
0.165185,0.249991,0.476058
0.176908,0.248250,0.474246
0.179054,0.248559,0.485136
0.179333,0.256173,0.483396
0.177838,0.257143,0.475721
0.187721,0.253196,0.485688
0.191087,0.243210,0.480473
0.199429,0.247282,0.489381
0.198732,0.248261,0.478928
0.197616,0.240710,0.492010
0.201041,0.251030,0.484149
0.215747,0.242010,0.483447
0.210845,0.239880,0.483913
0.223144,0.252198,0.472320
0.233178,0.248863,0.491716
0.239587,0.242655,0.490657
0.236448,0.239690,0.484427
0.238167,0.245455,0.491685
0.234598,0.255069,0.498932
0.252034,0.240159,0.488587
0.250816,0.248293,0.507657
0.251287,0.246956,0.492979
0.261355,0.248913,0.493998
0.269333,0.253673,0.488323
0.264624,0.251002,0.495748
0.271937,0.249810,0.489802
0.266703,0.242274,0.488414
0.284343,0.251151,0.493999
0.278107,0.242549,0.488471
0.288233,0.251100,0.491844
0.291525,0.249567,0.494241
0.295833,0.253152,0.475757
0.308721,0.253152,0.485476
0.303343,0.247021,0.478084
0.320691,0.253069,0.488081
0.315266,0.242782,0.479582
0.320786,0.252843,0.488113
0.327414,0.252109,0.483351
0.332989,0.253353,0.480780
0.325731,0.251180,0.474926
0.344152,0.256145,0.479859
0.336628,0.250621,0.475167
0.341081,0.257132,0.467249
0.353829,0.246193,0.473102
0.360354,0.250822,0.466985
0.359452,0.258135,0.462940
0.362540,0.254297,0.464412
0.368881,0.251929,0.471709
0.370025,0.247956,0.459539
0.376583,0.252044,0.465080
0.381568,0.243149,0.463731
0.384859,0.247802,0.459539
0.386934,0.258151,0.466720
0.399049,0.248823,0.467633
0.398893,0.247921,0.458484
0.402802,0.254488,0.470614
0.412195,0.246205,0.443486
0.403971,0.248464,0.451999
0.412946,0.247501,0.460828
0.418157,0.241124,0.451691
0.420275,0.248184,0.465843
0.418663,0.249728,0.435485
0.422837,0.251611,0.444982
0.429502,0.246201,0.438013
0.434999,0.244798,0.421922
0.446018,0.250900,0.420706
0.455788,0.248156,0.406876
0.458492,0.249786,0.393316
0.138953,0.257746,0.416424
0.130336,0.253468,0.440505
0.141749,0.247971,0.459147
0.149517,0.252913,0.462765
0.153580,0.255727,0.469166
0.160707,0.249408,0.469686
0.168216,0.250877,0.470825
0.162402,0.253059,0.483225
0.162685,0.265734,0.479603
0.176959,0.252778,0.476272
0.182503,0.252687,0.479387
0.182385,0.257168,0.484681
0.193068,0.257134,0.483658
0.190094,0.256547,0.487938
0.189470,0.255710,0.488878
0.213647,0.258931,0.479683
0.208798,0.253410,0.485966
0.219077,0.247210,0.485202
0.221092,0.255560,0.489780
0.211982,0.253281,0.492417
0.215921,0.257021,0.489872
0.230934,0.251437,0.483018
0.231893,0.253476,0.494747
0.237009,0.259280,0.491528
0.234093,0.262576,0.488546
0.246146,0.250173,0.489139
0.247088,0.262659,0.496484
0.253918,0.252069,0.492040
0.256279,0.258324,0.495058
0.269118,0.262184,0.494541
0.266682,0.255581,0.489017
0.264545,0.253578,0.489349
0.269408,0.254453,0.502560
0.275271,0.248794,0.494442
0.275748,0.253737,0.488622
0.286913,0.251491,0.492883
0.285554,0.258223,0.491309
0.296021,0.254062,0.488287
0.297726,0.251844,0.492019
0.289305,0.247773,0.495439
0.309883,0.251771,0.490746
0.315940,0.249433,0.495998
0.316835,0.252695,0.485204
0.329520,0.251901,0.487646
0.317829,0.257685,0.475125
0.330393,0.259347,0.474990
0.320483,0.250651,0.477906
0.341537,0.253074,0.472453
0.352956,0.255751,0.475612
0.341635,0.242909,0.474168
0.338653,0.261474,0.472530
0.351823,0.247806,0.463076
0.347105,0.263871,0.467870
0.361656,0.243970,0.457459
0.365208,0.260474,0.462167
0.379521,0.252406,0.463369
0.384128,0.258999,0.464745
0.375152,0.245084,0.462803
0.390087,0.255642,0.456260
0.388473,0.258480,0.460328
0.393897,0.253268,0.464866
0.404774,0.251682,0.454679
0.396794,0.252036,0.461488
0.401863,0.246558,0.458446
0.404113,0.249817,0.461914
0.409477,0.249649,0.442758
0.421128,0.249972,0.446625
0.434320,0.247011,0.455410
0.432598,0.252612,0.449303
0.430453,0.248287,0.443265
0.434417,0.260123,0.424160
0.441832,0.247330,0.433259
0.451621,0.247575,0.418032
0.445354,0.253332,0.405147
0.138043,0.251353,0.433704
0.142517,0.250407,0.460565
0.149170,0.250660,0.458205
0.158037,0.259687,0.463532
0.153474,0.253865,0.474989
0.169630,0.261579,0.474772
0.161092,0.258488,0.476092
0.169548,0.258997,0.482031
0.171827,0.247522,0.471689
0.179188,0.258033,0.490001
0.175697,0.260518,0.491715
0.180997,0.261113,0.479592
0.193801,0.258685,0.483004
0.200136,0.262619,0.479985
0.205297,0.258262,0.489962
0.213031,0.259087,0.481449
0.205286,0.258467,0.486304
0.209431,0.262187,0.491344
0.206201,0.258823,0.483795
0.216139,0.261392,0.485552
0.229194,0.261700,0.488047
0.229467,0.254389,0.498081
0.232169,0.264728,0.489346
0.225141,0.262887,0.498563
0.253181,0.266077,0.491762
0.251942,0.258325,0.496269
0.251534,0.255773,0.491438
0.250052,0.258578,0.490660
0.257320,0.261430,0.503155
0.259003,0.251444,0.494724
0.260765,0.260566,0.492087
0.273298,0.267908,0.496295
0.277295,0.257092,0.489812
0.272855,0.262506,0.483059
0.278744,0.251040,0.480399
0.288837,0.259974,0.508126
0.296312,0.258247,0.495173
0.295810,0.260621,0.493739
0.290746,0.266549,0.492524
0.307611,0.256993,0.498265
0.306580,0.265610,0.485139
0.320290,0.252604,0.479330
0.310916,0.260531,0.485501
0.315339,0.258999,0.480177
0.329488,0.263606,0.489658
0.331867,0.256392,0.492037
0.330553,0.253065,0.479384
0.327820,0.268484,0.474790
0.337977,0.244552,0.474517
0.347681,0.254879,0.461443
0.351109,0.252652,0.476204
0.355745,0.265517,0.466923
0.350493,0.261900,0.457653
0.365093,0.255339,0.459721
0.372417,0.255688,0.468537
0.372867,0.263539,0.460465
0.366652,0.258430,0.456818
0.380237,0.267957,0.463015
0.383658,0.254984,0.452218
0.395568,0.255122,0.454269
0.384514,0.261057,0.464608
0.390886,0.261017,0.454665
0.405761,0.254901,0.463533
0.409368,0.263826,0.464677
0.401719,0.254258,0.459308
0.412845,0.260890,0.455882
0.415494,0.250084,0.456606
0.420920,0.263049,0.448338
0.418138,0.261991,0.451928
0.432084,0.265849,0.448019
0.436072,0.252658,0.425357
0.443800,0.247516,0.424391
0.448281,0.254764,0.417603
0.451065,0.251538,0.385509
0.139558,0.259341,0.442139
0.153054,0.255210,0.446115
0.161648,0.265932,0.460899
0.148592,0.268057,0.464025
0.160834,0.270815,0.475070
0.166488,0.272214,0.465183
0.167642,0.265333,0.486881
0.171509,0.263211,0.475131
0.176664,0.266029,0.477176
0.179789,0.259950,0.481028
0.185715,0.256476,0.490654
0.185884,0.260497,0.487195
0.195955,0.268748,0.482890
0.207550,0.261384,0.487570
0.200981,0.264060,0.495149
0.202172,0.268989,0.490632
0.202164,0.263673,0.496250
0.212643,0.270557,0.493809
0.209616,0.266003,0.479823
0.222892,0.247777,0.492080
0.219244,0.261129,0.496835
0.234086,0.268508,0.493617
0.242607,0.265589,0.496018
0.234568,0.263373,0.489664
0.242702,0.261945,0.489358
0.237696,0.260774,0.498981
0.241725,0.263499,0.492808
0.249383,0.261123,0.502252
0.257749,0.260237,0.497745
0.268936,0.269756,0.499297
0.264083,0.266989,0.504493
0.264454,0.256093,0.500268
0.270271,0.265513,0.512523
0.276970,0.257016,0.502539
0.283403,0.267771,0.501394
0.290358,0.261221,0.505028
0.289315,0.263859,0.492050
0.284557,0.265685,0.494782
0.310842,0.258992,0.492831
0.296672,0.263458,0.493580
0.315166,0.264268,0.490681
0.312876,0.259759,0.490904
0.319004,0.256501,0.491245
0.319345,0.261753,0.488892
0.313079,0.260230,0.479313
0.329831,0.252527,0.465443
0.333816,0.263767,0.477548
0.331628,0.247906,0.481987
0.339730,0.255979,0.472251
0.333006,0.264512,0.479640
0.349193,0.254664,0.472746
0.351800,0.262809,0.468050
0.354054,0.264933,0.464903
0.365818,0.255428,0.470955
0.365921,0.258662,0.454680
0.372975,0.258618,0.450536
0.384453,0.267477,0.457013
0.380593,0.260894,0.462366
0.388469,0.261332,0.463750
0.389416,0.269503,0.463225
0.393658,0.255722,0.464475
0.400554,0.261603,0.452042
0.394808,0.268534,0.463500
0.409758,0.263875,0.458606
0.408058,0.270127,0.446830
0.411481,0.255078,0.450474
0.410563,0.264466,0.456081
0.423822,0.268007,0.449813
0.429631,0.264521,0.437131
0.441445,0.257190,0.435257
0.438701,0.257080,0.425369
0.439106,0.256109,0.417782
0.454556,0.262472,0.411982
0.134690,0.260731,0.443644
0.141433,0.269146,0.453074
0.150632,0.265303,0.460029
0.158542,0.262535,0.468941
0.156878,0.268756,0.475268
0.159704,0.277939,0.477622
0.166135,0.274505,0.481660
0.178514,0.267103,0.480402
0.174947,0.270292,0.478826
0.181850,0.264129,0.476502
0.182795,0.262738,0.486491
0.194701,0.277422,0.486598
0.195343,0.273226,0.487238
0.201044,0.271598,0.489476
0.194608,0.275305,0.490781
0.206436,0.269008,0.481731
0.213044,0.267826,0.481197
0.207880,0.266344,0.490507
0.207074,0.272226,0.484253
0.219030,0.270602,0.495614
0.227990,0.264777,0.493783
0.230418,0.269479,0.492428
0.233923,0.265450,0.499868
0.231079,0.267501,0.496302
0.246349,0.275993,0.506130
0.250377,0.267784,0.507195
0.256447,0.265729,0.507002
0.252119,0.277180,0.500091
0.257188,0.269290,0.504602
0.260031,0.272344,0.497268
0.270247,0.271117,0.502021
0.265456,0.266886,0.496269
0.275785,0.274615,0.505944
0.276158,0.270761,0.488292
0.282173,0.261753,0.492710
0.285615,0.266942,0.498974
0.292964,0.273828,0.494637
0.293616,0.270868,0.501133
0.296238,0.269536,0.505644
0.293448,0.263864,0.488047
0.311332,0.275469,0.491084
0.306815,0.267250,0.493549
0.307362,0.266690,0.501172
0.323287,0.255754,0.483787
0.323037,0.274236,0.476031
0.327350,0.268683,0.482798
0.335080,0.276803,0.478175
0.333311,0.274639,0.479778
0.343214,0.271718,0.471886
0.343153,0.269478,0.476887
0.349287,0.270356,0.471171
0.350474,0.264406,0.467708
0.365994,0.262280,0.474230
0.354591,0.264913,0.461446
0.361311,0.270006,0.463947
0.364673,0.273694,0.458589
0.376698,0.271299,0.461723
0.372074,0.257393,0.460196
0.385997,0.263267,0.467436
0.387642,0.257369,0.462925
0.389792,0.275419,0.467546
0.397490,0.267375,0.450817
0.400599,0.267194,0.458953
0.408374,0.267919,0.462480
0.407941,0.260140,0.451895
0.406853,0.262614,0.455532
0.419325,0.256613,0.444227
0.422195,0.262125,0.443551
0.424376,0.262508,0.443089
0.424548,0.263009,0.429147
0.430114,0.262307,0.430790
0.444735,0.268343,0.407461
0.133998,0.265073,0.440223
0.138363,0.275195,0.457248
0.147754,0.273097,0.449824
0.150988,0.270749,0.470842
0.154789,0.273524,0.476943
0.150839,0.270763,0.478231
0.162600,0.267917,0.478132
0.170659,0.272733,0.480745
0.180791,0.270768,0.477335
0.180418,0.274995,0.482175
0.181846,0.280902,0.489183
0.189898,0.271962,0.483184
0.182361,0.268107,0.491148
0.193044,0.260509,0.492793
0.194010,0.270567,0.487841
0.209433,0.273953,0.483132
0.203035,0.276004,0.488508
0.204787,0.273323,0.492468
0.220905,0.276937,0.496979
0.222118,0.275663,0.483429
0.221702,0.278788,0.498463
0.231250,0.272211,0.497939
0.232785,0.273842,0.507002
0.239500,0.269558,0.510377
0.240189,0.267418,0.497533
0.246980,0.268411,0.496686
0.255339,0.275330,0.510715
0.258262,0.274069,0.497986
0.256386,0.266711,0.504490
0.264329,0.264269,0.501560
0.267342,0.271552,0.505177
0.266761,0.262705,0.499402
0.276030,0.281485,0.489203
0.269862,0.273070,0.498515
0.289162,0.274462,0.500848
0.284519,0.276797,0.502734
0.289120,0.269522,0.499576
0.287642,0.265842,0.496068
0.304209,0.274901,0.496650
0.294593,0.269030,0.488803
0.307660,0.274861,0.488148
0.318865,0.273905,0.491923
0.323791,0.275048,0.485205
0.315311,0.270685,0.485949
0.318711,0.271038,0.489004
0.324772,0.279353,0.490220
0.324838,0.267896,0.478725
0.346038,0.271540,0.480058
0.346329,0.274685,0.479403
0.340873,0.272188,0.473191
0.356540,0.272606,0.473445
0.349727,0.269825,0.478165
0.356057,0.274574,0.461673
0.360191,0.262873,0.472472
0.364863,0.273267,0.456978
0.372056,0.272205,0.464117
0.373625,0.276286,0.463117
0.373390,0.281675,0.464947
0.378334,0.277379,0.460168
0.387709,0.271889,0.462834
0.388875,0.276924,0.457996
0.394101,0.267360,0.457756
0.395921,0.278404,0.458899
0.406097,0.269982,0.452013
0.409355,0.263232,0.459096
0.411745,0.264769,0.447048
0.419750,0.274143,0.453466
0.427036,0.278409,0.440916
0.424343,0.265209,0.435204
0.415761,0.268333,0.435601
0.436122,0.261356,0.410889
0.435286,0.270171,0.402706
0.141825,0.267030,0.452432
0.137009,0.285081,0.462617
0.153548,0.275351,0.458408
0.148796,0.272363,0.472555
0.153126,0.277973,0.465739
0.160300,0.272693,0.472196
0.165717,0.275357,0.481207
0.161381,0.271582,0.485382
0.171696,0.277678,0.479205
0.180388,0.273689,0.469106
0.179559,0.270110,0.482607
0.186447,0.272351,0.492448
0.183563,0.276668,0.484648
0.192693,0.268855,0.497637
0.204360,0.273996,0.490840
0.210043,0.278964,0.489075
0.206943,0.278178,0.485196
0.218503,0.281165,0.488235
0.217272,0.280680,0.489494
0.215971,0.280853,0.495105
0.218931,0.274990,0.500066
0.225977,0.269989,0.505952
0.232334,0.280065,0.497665
0.229409,0.268741,0.510459
0.241027,0.274523,0.498480
0.236185,0.272894,0.499562
0.240805,0.278043,0.499895
0.247375,0.280066,0.499043
0.251225,0.278461,0.510578
0.259811,0.273072,0.505647
0.263945,0.279357,0.512535
0.262051,0.286569,0.504494
0.268270,0.274014,0.505735
0.275609,0.282935,0.505899
0.292462,0.278289,0.501872
0.286652,0.282165,0.503553
0.292672,0.288517,0.496608
0.292345,0.278093,0.502595
0.293355,0.274896,0.500123
0.312753,0.282218,0.492348
0.309281,0.283402,0.497030
0.316048,0.275123,0.485201
0.316511,0.274823,0.484499
0.321157,0.281859,0.494285
0.322129,0.280447,0.481409
0.326537,0.280587,0.483782
0.342499,0.274612,0.476039
0.338701,0.270413,0.483409
0.343565,0.276983,0.477563
0.345971,0.273349,0.479492
0.356993,0.275920,0.480372
0.345801,0.282693,0.475266
0.363523,0.277233,0.456979
0.358810,0.270180,0.474647
0.370785,0.288609,0.467521
0.371047,0.280265,0.450786
0.367970,0.279213,0.461506
0.372191,0.286979,0.466841
0.388958,0.280043,0.469268
0.382503,0.269133,0.457139
0.386961,0.268049,0.460016
0.396979,0.272459,0.456244
0.388011,0.274449,0.465611
0.406062,0.269220,0.444489
0.412856,0.278001,0.453092
0.407018,0.275187,0.444138
0.418131,0.284080,0.451871
0.425876,0.283740,0.439597
0.416433,0.275134,0.430862
0.432182,0.271930,0.425159
0.431841,0.266810,0.419710
0.148140,0.288691,0.443435
0.146188,0.279256,0.465114
0.157001,0.276692,0.466845
0.145695,0.274709,0.472056
0.157749,0.280356,0.469252
0.154722,0.286200,0.478130
0.161654,0.285293,0.483700
0.164609,0.284748,0.483025
0.172484,0.283119,0.482435
0.178195,0.273208,0.479330
0.178121,0.285854,0.484623
0.187256,0.290247,0.490157
0.191111,0.292794,0.490599
0.195129,0.286998,0.485861
0.194977,0.279988,0.493668
0.209067,0.277369,0.485337
0.205946,0.278933,0.490518
0.206712,0.293164,0.496157
0.219818,0.273661,0.497992
0.221692,0.284380,0.496428
0.221570,0.288234,0.493317
0.226933,0.287377,0.492692
0.226676,0.282067,0.512307
0.232250,0.283485,0.492786
0.239312,0.282860,0.500630
0.241054,0.280296,0.508074
0.251946,0.277305,0.500156
0.247297,0.275027,0.508421
0.261377,0.284191,0.505274
0.262718,0.278011,0.500873
0.262932,0.284687,0.520089
0.270296,0.290245,0.507755
0.278582,0.283299,0.498822
0.275428,0.277490,0.503451
0.282095,0.283131,0.503226
0.283988,0.273736,0.509157
0.291270,0.279578,0.497676
0.291478,0.279729,0.504509
0.304586,0.277863,0.499950
0.300943,0.276618,0.494752
0.302446,0.277220,0.495629
0.307527,0.284091,0.501294
0.312179,0.281679,0.489580
0.320678,0.275919,0.497047
0.321452,0.267907,0.478206
0.328023,0.279452,0.485909
0.332144,0.287632,0.481969
0.332199,0.281469,0.474120
0.339633,0.278591,0.484095
0.349296,0.277854,0.466583
0.349524,0.276273,0.477509
0.355102,0.276827,0.460103
0.361958,0.279434,0.478299
0.368402,0.277396,0.466215
0.370726,0.277359,0.462161
0.370599,0.272374,0.465770
0.384433,0.282383,0.465860
0.371447,0.276108,0.461031
0.371333,0.280632,0.460575
0.387305,0.272961,0.459667
0.388794,0.286455,0.460091
0.388986,0.284630,0.459198
0.402740,0.291818,0.446891
0.411017,0.278009,0.452363
0.408924,0.278044,0.448168
0.418266,0.274803,0.443251
0.410107,0.274166,0.441989
0.422670,0.286185,0.439652
0.430980,0.272787,0.431964
0.442365,0.281853,0.418146
0.437419,0.270301,0.411766
0.142698,0.294116,0.456701
0.134976,0.289368,0.462777
0.149240,0.296716,0.465836
0.152590,0.288686,0.471892
0.161382,0.294028,0.475128
0.171524,0.283965,0.484210
0.173149,0.289383,0.482871
0.163157,0.284230,0.484345
0.182979,0.287110,0.480878
0.180087,0.282493,0.486030
0.181483,0.291022,0.487498
0.188731,0.278726,0.486486
0.200096,0.287219,0.494608
0.202891,0.280927,0.496370
0.198684,0.277592,0.491374
0.192724,0.284424,0.501059
0.205724,0.279523,0.493176
0.213272,0.283984,0.487317
0.220087,0.284853,0.485183
0.225007,0.289188,0.499968
0.216316,0.284104,0.503727
0.233995,0.277994,0.501830
0.230188,0.282020,0.508879
0.237552,0.285822,0.505653
0.231894,0.287182,0.514720
0.240783,0.298073,0.502133
0.246916,0.279546,0.513169
0.252538,0.296643,0.500760
0.264615,0.292896,0.495236
0.258672,0.286073,0.498343
0.274636,0.286216,0.503904
0.272527,0.285843,0.501687
0.271253,0.276487,0.509815
0.287755,0.284016,0.508558
0.285609,0.283613,0.506681
0.289043,0.288143,0.513579
0.292696,0.285738,0.497807
0.294335,0.292546,0.503512
0.300631,0.284147,0.508362
0.299280,0.291612,0.499292
0.311835,0.281344,0.496233
0.307962,0.296641,0.498846
0.316370,0.288295,0.499004
0.316983,0.284466,0.489404
0.324564,0.284614,0.482386
0.331773,0.273711,0.488706
0.333552,0.283439,0.482260
0.336541,0.283365,0.483857
0.345625,0.288242,0.479535
0.345713,0.295045,0.474063
0.351794,0.292952,0.480563
0.354638,0.281482,0.472971
0.362268,0.282302,0.466676
0.363458,0.278113,0.464950
0.371004,0.293699,0.451928
0.370069,0.285751,0.468505
0.377615,0.280111,0.468417
0.368372,0.272103,0.467609
0.387848,0.285854,0.461548
0.382690,0.285369,0.454888
0.385956,0.280776,0.464951
0.390549,0.282908,0.460620
0.397680,0.287929,0.455426
0.401493,0.288665,0.454360
0.401251,0.285416,0.451206
0.409254,0.293001,0.439908
0.418962,0.288529,0.446623
0.429035,0.282916,0.435025
0.429651,0.281994,0.431820
0.436849,0.275173,0.411260
0.130115,0.287191,0.433018
0.144510,0.295344,0.453864
0.145629,0.294382,0.466877
0.148133,0.276531,0.468661
0.147376,0.281694,0.473538
0.159356,0.289355,0.473663
0.157281,0.277480,0.488427
0.173789,0.289562,0.474407
0.172401,0.292718,0.486241
0.164350,0.291139,0.486000
0.183308,0.286779,0.484340
0.182409,0.280045,0.485154
0.183101,0.288563,0.496479
0.191731,0.295053,0.497092
0.192448,0.297765,0.496614
0.194130,0.301879,0.497060
0.200347,0.294778,0.497506
0.204038,0.289374,0.499917
0.204457,0.296643,0.500707
0.213342,0.281357,0.496521
0.224190,0.299483,0.493936
0.222963,0.291457,0.507285
0.227781,0.284307,0.498994
0.227726,0.286291,0.504503
0.233983,0.280921,0.508424
0.248624,0.291319,0.504441
0.248398,0.294368,0.513560
0.241271,0.282509,0.511866
0.249656,0.292510,0.513526
0.255228,0.291334,0.514216
0.268045,0.294042,0.508774
0.262400,0.282564,0.506970
0.272375,0.299878,0.502231
0.270308,0.296311,0.514000
0.273464,0.294993,0.500985
0.279876,0.292162,0.510450
0.293410,0.303070,0.511635
0.297247,0.300291,0.505340
0.297863,0.291922,0.499689
0.294362,0.290923,0.504613
0.302483,0.307638,0.509107
0.305849,0.288677,0.498337
0.299960,0.290020,0.495373
0.310504,0.301246,0.497413
0.322245,0.295240,0.498363
0.331542,0.289085,0.493092
0.337219,0.289314,0.484411
0.322962,0.292594,0.489312
0.335788,0.290854,0.479128
0.348899,0.284987,0.477964
0.339020,0.289612,0.466082
0.346399,0.289590,0.469339
0.351719,0.287426,0.464728
0.358693,0.288335,0.463852
0.370838,0.283955,0.469706
0.369816,0.295004,0.468782
0.362574,0.288172,0.472499
0.373808,0.289788,0.470553
0.377851,0.285582,0.459346
0.382939,0.282260,0.451297
0.388455,0.288051,0.460489
0.391555,0.290692,0.462943
0.392924,0.295337,0.467762
0.406257,0.284492,0.453461
0.398372,0.284803,0.447933
0.402020,0.288002,0.456154
0.417450,0.287166,0.441415
0.420318,0.293998,0.438951
0.418459,0.294924,0.434964
0.424171,0.288492,0.422039
0.441929,0.292683,0.391999
0.135084,0.285795,0.448933
0.153259,0.290424,0.452109
0.138324,0.290464,0.462869
0.141887,0.294681,0.466643
0.151409,0.304446,0.481778
0.153191,0.295759,0.481745
0.159766,0.298648,0.482429
0.159260,0.293686,0.479180
0.167990,0.289766,0.481354
0.169903,0.298193,0.489105
0.180874,0.296123,0.487935
0.179662,0.307448,0.497086
0.182742,0.300179,0.497067
0.189800,0.297157,0.492104
0.188526,0.291856,0.491273
0.200034,0.290207,0.502069
0.206094,0.309250,0.491145
0.202074,0.292558,0.495900
0.213260,0.299023,0.499899
0.212188,0.291361,0.509075
0.222800,0.296474,0.494948
0.228704,0.293508,0.505847
0.228679,0.299023,0.508672
0.235795,0.293291,0.507535
0.229056,0.293779,0.506322
0.240367,0.293582,0.506201
0.245051,0.291443,0.505354
0.248460,0.284294,0.511521
0.249100,0.289954,0.516753
0.264680,0.291830,0.501196
0.257690,0.295352,0.506941
0.261184,0.288295,0.509569
0.267276,0.298002,0.510402
0.269790,0.294315,0.508405
0.270878,0.285637,0.505887
0.282489,0.290050,0.498760
0.288598,0.297674,0.506554
0.295083,0.294760,0.500923
0.294877,0.294538,0.497879
0.294432,0.291821,0.500843
0.304138,0.298739,0.501895
0.303363,0.291996,0.497040
0.311766,0.298252,0.499433
0.305359,0.296558,0.489209
0.314407,0.292181,0.501612
0.326734,0.285727,0.483313
0.326859,0.293388,0.483190
0.332282,0.290043,0.484605
0.328413,0.295414,0.480491
0.355166,0.291807,0.476594
0.345262,0.293833,0.485137
0.346601,0.299542,0.466643
0.355341,0.291747,0.481023
0.352759,0.292962,0.476506
0.355785,0.307203,0.475496
0.363170,0.287733,0.467431
0.369104,0.296211,0.468641
0.369697,0.303664,0.459507
0.387370,0.295621,0.465412
0.391566,0.295184,0.459070
0.386131,0.294813,0.456630
0.388255,0.290983,0.458871
0.406611,0.301657,0.464786
0.388008,0.301105,0.451998
0.411068,0.290163,0.454006
0.400363,0.305839,0.447450
0.417618,0.300357,0.447641
0.416603,0.291967,0.437777
0.418435,0.289569,0.425348
0.424876,0.293381,0.405950
0.134603,0.299399,0.433259
0.141049,0.304363,0.459800
0.143261,0.301171,0.460274
0.154610,0.302194,0.461547
0.146417,0.298478,0.474857
0.145864,0.298610,0.473238
0.155125,0.289912,0.489617
0.164578,0.297277,0.487620
0.155336,0.301497,0.479290
0.171021,0.294006,0.480450
0.180679,0.299552,0.486194
0.182782,0.285611,0.495084
0.188305,0.297960,0.491426
0.182774,0.294231,0.490146
0.202666,0.298835,0.499156
0.208023,0.299275,0.486880
0.206669,0.296412,0.498848
0.216901,0.298361,0.501273
0.220882,0.297191,0.505647
0.213782,0.300329,0.499176
0.220282,0.302627,0.502326
0.232335,0.302293,0.498199
0.234573,0.295793,0.501834
0.236095,0.291881,0.505639
0.237445,0.294327,0.510889
0.235357,0.298796,0.508546
0.245645,0.301280,0.503300
0.242145,0.305931,0.510245
0.257731,0.298467,0.511766
0.253636,0.295451,0.508308
0.264296,0.292935,0.506529
0.265425,0.292753,0.511111
0.263952,0.308709,0.500962
0.266241,0.291529,0.511437
0.274593,0.296966,0.507096
0.279623,0.295917,0.513724
0.298688,0.298655,0.503325
0.286392,0.294130,0.500307
0.295854,0.289653,0.499700
0.296411,0.299315,0.500914
0.303708,0.302755,0.498910
0.304455,0.293689,0.498829
0.314682,0.297875,0.502526
0.307679,0.300036,0.504154
0.318890,0.304023,0.494618
0.312958,0.297764,0.483709
0.327754,0.304489,0.484337
0.331875,0.307658,0.485884
0.330551,0.297853,0.480954
0.334496,0.293654,0.479084
0.343716,0.296799,0.479352
0.357634,0.301234,0.483763
0.351255,0.315070,0.481765
0.349046,0.300043,0.467147
0.377697,0.300363,0.479080
0.365867,0.302540,0.467622
0.368291,0.300294,0.469888
0.369477,0.295570,0.461918
0.375246,0.307567,0.471313
0.392629,0.301271,0.464833
0.392102,0.301951,0.464597
0.396414,0.299974,0.460447
0.396195,0.301635,0.455861
0.400073,0.296495,0.455530
0.403759,0.300136,0.449399
0.410950,0.297881,0.441248
0.411611,0.290107,0.438544
0.413966,0.304722,0.439330
0.415173,0.295827,0.426523
0.141971,0.300514,0.443743
0.144733,0.305311,0.456297
0.145795,0.292757,0.454451
0.147170,0.304769,0.480131
0.155171,0.302637,0.477188
0.168412,0.304050,0.476318
0.164913,0.313564,0.484226
0.165989,0.298964,0.482084
0.169075,0.302712,0.489013
0.174965,0.307696,0.490279
0.179952,0.301034,0.491396
0.179089,0.306522,0.490936
0.189633,0.306959,0.492964
0.186660,0.310545,0.484518
0.202207,0.315383,0.491214
0.203565,0.297144,0.501286
0.202947,0.295954,0.496588
0.212086,0.298243,0.500653
0.217174,0.303308,0.503876
0.214584,0.305243,0.509903
0.217203,0.304051,0.501550
0.228614,0.299144,0.498727
0.227880,0.303716,0.510887
0.232496,0.306213,0.515347
0.237293,0.304763,0.513808
0.243001,0.306340,0.506166
0.244604,0.308762,0.514353
0.240397,0.309857,0.516177
0.255532,0.308131,0.514538
0.256107,0.300795,0.508208
0.256349,0.305269,0.506539
0.269282,0.297759,0.509876
0.262017,0.304697,0.510149
0.275325,0.300411,0.503522
0.271948,0.308313,0.513336
0.287293,0.309886,0.513473
0.279306,0.299993,0.509926
0.291006,0.310537,0.496595
0.285107,0.308667,0.509019
0.301130,0.297196,0.496383
0.293344,0.301305,0.510534
0.312908,0.297953,0.502751
0.303180,0.298842,0.498072
0.309258,0.295794,0.499032
0.329107,0.299838,0.487824
0.324636,0.304483,0.493369
0.325650,0.304861,0.492258
0.330928,0.301412,0.492446
0.338831,0.309898,0.482651
0.339962,0.304565,0.485186
0.350198,0.307898,0.478227
0.349762,0.303544,0.482660
0.360776,0.300715,0.473000
0.341862,0.301032,0.473183
0.359907,0.301059,0.466413
0.368973,0.303665,0.466912
0.370242,0.297712,0.467297
0.374494,0.310123,0.465869
0.370334,0.303299,0.465482
0.386081,0.302835,0.462070
0.389063,0.300804,0.456654
0.390397,0.310639,0.461556
0.394640,0.299986,0.457382
0.401927,0.307237,0.460936
0.407037,0.309580,0.447678
0.415315,0.309933,0.449966
0.412175,0.299106,0.438908
0.416357,0.302695,0.428320
0.420572,0.303629,0.417922
0.134641,0.308334,0.442884
0.140604,0.298405,0.455975
0.141721,0.301489,0.467916
0.140868,0.303829,0.473025
0.163164,0.311223,0.476990
0.152551,0.298696,0.471215
0.160899,0.311210,0.489157
0.176464,0.304295,0.480023
0.164002,0.314675,0.492810
0.174353,0.308685,0.497089
0.171487,0.312064,0.489080
0.174740,0.306577,0.482846
0.187376,0.312076,0.492208
0.197191,0.314711,0.489066
0.195534,0.299609,0.492459
0.199820,0.302218,0.496282
0.205762,0.308154,0.499155
0.221888,0.315397,0.501809
0.218575,0.293376,0.503147
0.207524,0.312025,0.499332
0.206619,0.306164,0.506195
0.233626,0.306225,0.507443
0.232162,0.309172,0.518402
0.229251,0.304352,0.503524
0.238093,0.308961,0.510993
0.241794,0.307277,0.511828
0.233991,0.307505,0.511262
0.244101,0.306191,0.517892
0.251517,0.300616,0.505080
0.257722,0.320893,0.504717
0.269544,0.295109,0.511380
0.264597,0.303472,0.510418
0.264050,0.308452,0.508815
0.272307,0.305220,0.516161
0.277732,0.314061,0.512579
0.288014,0.304108,0.503140
0.297819,0.312126,0.502297
0.290274,0.309145,0.499393
0.292083,0.310918,0.513980
0.301720,0.311143,0.507901
0.299767,0.317309,0.511885
0.306645,0.309067,0.512956
0.316152,0.305486,0.497330
0.308424,0.310883,0.494724
0.316636,0.306522,0.502170
0.322501,0.299317,0.487537
0.324246,0.303250,0.494144
0.327234,0.300387,0.494944
0.345303,0.308449,0.475632
0.341041,0.305049,0.479871
0.353209,0.305104,0.469735
0.346129,0.310557,0.477567
0.357763,0.304061,0.471417
0.358798,0.312759,0.480600
0.366515,0.319188,0.474543
0.362488,0.310617,0.472962
0.374635,0.301243,0.462984
0.376594,0.313518,0.467445
0.366982,0.306018,0.472487
0.381939,0.295859,0.460660
0.392839,0.306229,0.464612
0.384216,0.305200,0.452662
0.395787,0.309193,0.454190
0.405400,0.308818,0.448490
0.411406,0.301509,0.460606
0.409387,0.307178,0.444698
0.418307,0.300225,0.429601
0.429349,0.307372,0.428012
0.124650,0.314741,0.445559
0.131514,0.304977,0.463683
0.146639,0.316819,0.473747
0.147269,0.301724,0.475725
0.163382,0.315813,0.469597
0.149075,0.323067,0.485882
0.166142,0.305858,0.491484
0.160199,0.304202,0.490169
0.167877,0.306368,0.492873
0.169823,0.317665,0.493648
0.176838,0.311133,0.490795
0.182749,0.317325,0.496265
0.192748,0.298535,0.490763
0.192568,0.318365,0.501501
0.194310,0.308586,0.498595
0.197864,0.316337,0.495393
0.202342,0.312121,0.488188
0.207582,0.313993,0.503773
0.212282,0.321574,0.498949
0.220201,0.315971,0.510867
0.219037,0.315098,0.511814
0.236218,0.316611,0.504894
0.225463,0.319021,0.506731
0.232616,0.306237,0.518665
0.237014,0.313218,0.526153
0.238430,0.311382,0.508123
0.246705,0.315796,0.523342
0.246018,0.313258,0.508672
0.260331,0.320699,0.511063
0.259807,0.315227,0.509648
0.259149,0.316002,0.522407
0.266225,0.308401,0.509426
0.269881,0.314251,0.509339
0.282023,0.311873,0.517232
0.282617,0.314996,0.512001
0.287318,0.309820,0.513086
0.290463,0.309540,0.508958
0.288933,0.313602,0.502284
0.298791,0.309668,0.501851
0.303024,0.305171,0.496392
0.294660,0.317635,0.507962
0.310328,0.308247,0.504250
0.313287,0.315884,0.501383
0.317901,0.304417,0.495357
0.316636,0.311487,0.492040
0.323195,0.307709,0.497132
0.336323,0.322488,0.488675
0.333058,0.308843,0.493218
0.341594,0.310064,0.492305
0.331345,0.312899,0.482664
0.352245,0.311267,0.485037
0.351849,0.310491,0.485716
0.352292,0.317172,0.480661
0.363621,0.320221,0.473974
0.364828,0.311780,0.474438
0.358268,0.312205,0.467966
0.370687,0.308960,0.478195
0.374750,0.317839,0.458955
0.385778,0.316442,0.471676
0.384771,0.313464,0.461398
0.381270,0.305232,0.457506
0.383886,0.314124,0.450991
0.396848,0.312514,0.456564
0.407245,0.300391,0.451913
0.396502,0.310557,0.448586
0.410925,0.304456,0.430145
0.399260,0.322867,0.429103
0.417050,0.304974,0.413862
0.134697,0.316029,0.439265
0.132500,0.313146,0.466378
0.147655,0.314430,0.470191
0.159451,0.317011,0.472586
0.155934,0.323592,0.481870
0.161689,0.308412,0.482758
0.159769,0.304615,0.482235
0.162342,0.316092,0.477177
0.164333,0.315419,0.484031
0.182763,0.318079,0.492571
0.181248,0.315523,0.490562
0.179909,0.315713,0.492882
0.175044,0.317021,0.494278
0.192426,0.314333,0.493610
0.190356,0.314691,0.498438
0.201930,0.306866,0.508188
0.201187,0.320817,0.501326
0.211572,0.324148,0.510116
0.218181,0.317140,0.512332
0.210961,0.307109,0.508956
0.219241,0.323651,0.507525
0.230459,0.321750,0.507606
0.226600,0.325197,0.508576
0.231294,0.316304,0.509563
0.241340,0.316254,0.511654
0.238135,0.315976,0.503904
0.240044,0.320102,0.511289
0.250451,0.317762,0.515599
0.253648,0.311438,0.513422
0.260006,0.317472,0.511328
0.267523,0.317708,0.503347
0.264358,0.319013,0.501027
0.258293,0.309233,0.514391
0.274950,0.314126,0.511612
0.272879,0.312360,0.511267
0.280639,0.320531,0.504007
0.285340,0.321576,0.511834
0.280539,0.313666,0.513510
0.290247,0.308574,0.510339
0.302106,0.314327,0.515470
0.309438,0.318846,0.504360
0.301688,0.311650,0.506553
0.307297,0.325982,0.500382
0.318271,0.308204,0.510057
0.328614,0.313053,0.508022
0.324898,0.316897,0.496202
0.333922,0.321691,0.487044
0.334614,0.315626,0.495745
0.339294,0.311551,0.487337
0.341892,0.316554,0.480047
0.348023,0.315161,0.479106
0.344448,0.311765,0.479111
0.359816,0.316464,0.476844
0.354469,0.319529,0.476235
0.360231,0.318382,0.463748
0.373232,0.300746,0.466381
0.378515,0.320230,0.472383
0.376111,0.312622,0.470989
0.375569,0.329421,0.467603
0.384468,0.310447,0.462283
0.382512,0.307570,0.465545
0.392376,0.321839,0.449178
0.394651,0.313476,0.454590
0.402808,0.320922,0.450481
0.396079,0.326389,0.448743
0.412473,0.326303,0.434830
0.416551,0.310505,0.429866
0.141421,0.309408,0.447128
0.132282,0.328868,0.459015
0.142427,0.310848,0.469606
0.153562,0.325490,0.470791
0.157842,0.317441,0.473097
0.152755,0.321899,0.486417
0.160362,0.321425,0.482399
0.167941,0.326641,0.487849
0.165975,0.323104,0.491675
0.174537,0.317347,0.495232
0.174888,0.328251,0.495453
0.180028,0.328564,0.495767
0.186881,0.318816,0.497434
0.186694,0.312090,0.496166
0.197995,0.317800,0.495050
0.210367,0.317595,0.503726
0.207544,0.317999,0.498899
0.208125,0.328584,0.508226
0.199247,0.322655,0.515817
0.217967,0.324584,0.502365
0.226080,0.317203,0.520934
0.215554,0.317175,0.512302
0.233349,0.332730,0.509288
0.235109,0.316987,0.510615
0.235510,0.318970,0.510055
0.241494,0.325086,0.522316
0.237011,0.317860,0.506686
0.250212,0.318665,0.513498
0.254613,0.322303,0.515102
0.250783,0.317144,0.508520
0.258960,0.322545,0.504994
0.267916,0.329274,0.517427
0.270576,0.333041,0.514507
0.280376,0.323296,0.505332
0.273785,0.320197,0.514137
0.270345,0.321159,0.506095
0.281871,0.317589,0.508686
0.293819,0.323311,0.509245
0.294288,0.313472,0.499599
0.291920,0.325353,0.503124
0.298584,0.319380,0.501503
0.307028,0.316312,0.494324
0.304844,0.320402,0.492066
0.315239,0.325110,0.495899
0.313007,0.323007,0.497846
0.318154,0.332053,0.496533
0.330203,0.322287,0.493417
0.332917,0.317658,0.477842
0.335558,0.318238,0.486617
0.338058,0.313866,0.488973
0.338257,0.327980,0.488355
0.350063,0.330481,0.481397
0.345078,0.325942,0.476156
0.351905,0.320541,0.472542
0.360488,0.323387,0.464532
0.365843,0.324770,0.469623
0.371979,0.327892,0.469154
0.377036,0.322763,0.470130
0.382854,0.330132,0.463206
0.381218,0.326674,0.459855
0.383354,0.318218,0.466346
0.396070,0.319898,0.462149
0.396562,0.326323,0.454628
0.399624,0.325182,0.444504
0.397574,0.328207,0.436487
0.408831,0.320193,0.435259
0.420707,0.313385,0.410926
0.138930,0.328056,0.448555
0.136618,0.328771,0.457542
0.149933,0.330177,0.462987
0.154547,0.331810,0.463365
0.157318,0.318124,0.474667
0.154553,0.318960,0.476611
0.157663,0.322755,0.491082
0.169877,0.320816,0.482892
0.171290,0.337141,0.481272
0.171123,0.322872,0.489382
0.174393,0.332476,0.493066
0.183240,0.332948,0.495057
0.174223,0.329912,0.496466
0.191783,0.337576,0.500653
0.192299,0.334991,0.503706
0.210388,0.333358,0.495985
0.201590,0.332981,0.506757
0.216758,0.321828,0.505118
0.208151,0.326156,0.519186
0.218935,0.322680,0.496786
0.216709,0.321940,0.513951
0.236787,0.325521,0.511185
0.224922,0.322110,0.503059
0.232356,0.321146,0.516458
0.231006,0.330820,0.511728
0.232937,0.331605,0.505305
0.246311,0.339039,0.514869
0.245318,0.332632,0.516540
0.243635,0.333630,0.510305
0.251191,0.327334,0.506299
0.261244,0.322298,0.514387
0.258518,0.327124,0.512079
0.264124,0.320819,0.516294
0.275462,0.321411,0.510528
0.287327,0.325273,0.516332
0.279353,0.325605,0.509365
0.291174,0.327640,0.507814
0.292271,0.329497,0.505506
0.300766,0.321595,0.503529
0.291368,0.327108,0.501219
0.302866,0.331486,0.508543
0.318699,0.324239,0.508211
0.310162,0.332492,0.501196
0.312004,0.326237,0.501818
0.320951,0.332234,0.494168
0.321748,0.331640,0.494182
0.325751,0.323485,0.490556
0.332874,0.320463,0.488827
0.335280,0.327771,0.489638
0.339816,0.320908,0.478141
0.350912,0.322170,0.476050
0.351094,0.333925,0.475655
0.358968,0.325053,0.478757
0.357994,0.326276,0.479263
0.362921,0.332134,0.467358
0.360887,0.325766,0.469680
0.378031,0.323444,0.473265
0.371993,0.327871,0.464985
0.381434,0.323067,0.464427
0.380878,0.327597,0.468938
0.399268,0.335176,0.463250
0.397036,0.334321,0.454029
0.392921,0.333870,0.453635
0.399138,0.324655,0.442103
0.403660,0.323375,0.431990
0.414485,0.313790,0.436018
0.132754,0.338679,0.455835
0.135771,0.327461,0.466674
0.140058,0.333811,0.472962
0.156555,0.330860,0.480864
0.153901,0.335215,0.466557
0.154772,0.323949,0.483659
0.165042,0.329810,0.483996
0.149647,0.334260,0.485435
0.168071,0.325937,0.488794
0.172681,0.328586,0.488427
0.182920,0.331221,0.495554
0.182408,0.333365,0.502130
0.189843,0.335267,0.502452
0.190186,0.335595,0.493278
0.188856,0.328873,0.494942
0.192855,0.332353,0.508528
0.210692,0.335006,0.503806
0.210420,0.331000,0.512955
0.210595,0.325493,0.516463
0.210800,0.330957,0.513568
0.225213,0.338109,0.516064
0.223741,0.336416,0.514394
0.234039,0.332166,0.508547
0.223825,0.327472,0.508793
0.240409,0.332110,0.517578
0.234460,0.329451,0.512442
0.246204,0.330741,0.517859
0.249615,0.331305,0.519286
0.246281,0.328030,0.515593
0.255376,0.334689,0.516692
0.259858,0.328798,0.512799
0.263908,0.322950,0.505258
0.266129,0.330393,0.512918
0.276691,0.332697,0.515628
0.275630,0.327892,0.508385
0.279804,0.322442,0.509075
0.280599,0.330124,0.503907
0.290219,0.329366,0.513708
0.295963,0.327842,0.510913
0.297048,0.327314,0.514869
0.298228,0.323772,0.516051
0.305246,0.324175,0.497225
0.310146,0.329526,0.506069
0.309480,0.335386,0.503135
0.323904,0.338883,0.492740
0.314569,0.332749,0.487087
0.337252,0.330167,0.496769
0.325684,0.340510,0.484950
0.333196,0.329482,0.488623
0.347866,0.331553,0.482181
0.350239,0.336838,0.484631
0.349598,0.333774,0.464477
0.356698,0.341232,0.477630
0.363939,0.334290,0.471689
0.363888,0.334621,0.461950
0.368300,0.326692,0.466375
0.365766,0.332727,0.472783
0.373748,0.328539,0.467315
0.379644,0.333097,0.470709
0.388778,0.329059,0.468254
0.392096,0.328147,0.461750
0.391449,0.336357,0.447130
0.400636,0.333881,0.453052
0.402609,0.324137,0.440611
0.402299,0.333054,0.426736
0.135897,0.327816,0.446233
0.139875,0.334324,0.457244
0.142761,0.337254,0.473513
0.148900,0.331357,0.476107
0.161332,0.339490,0.478484
0.156245,0.338733,0.484162
0.172495,0.334767,0.489529
0.166353,0.341208,0.478991
0.168042,0.330633,0.490987
0.177369,0.337247,0.489154
0.182804,0.333361,0.504485
0.184510,0.334473,0.498722
0.187771,0.340549,0.499106
0.189742,0.336740,0.496354
0.190934,0.332259,0.500164
0.190593,0.338908,0.501903
0.198024,0.333532,0.510873
0.213228,0.330428,0.505343
0.205736,0.338384,0.514423
0.216968,0.326486,0.518719
0.219379,0.336341,0.516996
0.223827,0.334022,0.522099
0.234172,0.341216,0.514122
0.239454,0.330963,0.519691
0.230800,0.331844,0.521835
0.248098,0.343430,0.531277
0.245756,0.342613,0.520200
0.251116,0.348655,0.524168
0.255144,0.332605,0.518631
0.251164,0.334290,0.518189
0.252483,0.332952,0.514670
0.267600,0.337138,0.508568
0.267154,0.332225,0.509175
0.271730,0.330490,0.515786
0.272052,0.335377,0.505212
0.278995,0.340939,0.508375
0.278687,0.338405,0.511011
0.285744,0.336150,0.505625
0.288681,0.332133,0.517999
0.289658,0.331860,0.507794
0.300989,0.326565,0.505906
0.310317,0.340062,0.499397
0.309143,0.344508,0.505156
0.303644,0.330826,0.501040
0.311415,0.342306,0.491811
0.323311,0.324033,0.499262
0.321693,0.341464,0.491253
0.330161,0.324556,0.480293
0.343342,0.323530,0.486909
0.343170,0.340899,0.478197
0.350105,0.329681,0.472501
0.355992,0.329540,0.484615
0.355198,0.334336,0.473422
0.359634,0.339501,0.482701
0.365752,0.340781,0.475864
0.364475,0.328127,0.479903
0.368318,0.337987,0.469247
0.375144,0.330503,0.465903
0.377173,0.334813,0.453923
0.376446,0.329047,0.469035
0.390303,0.336160,0.461929
0.396028,0.335443,0.453155
0.392755,0.342893,0.444149
0.400789,0.339386,0.438643
0.410884,0.351196,0.418144
0.134829,0.338234,0.438738
0.135795,0.342732,0.462612
0.137098,0.340658,0.469843
0.141822,0.335894,0.474845
0.150137,0.339679,0.483876
0.161798,0.341321,0.487499
0.169495,0.339829,0.484773
0.168805,0.338938,0.488514
0.183745,0.337383,0.485645
0.174001,0.347596,0.492732
0.176013,0.331469,0.496233
0.184177,0.342066,0.497901
0.184267,0.335832,0.503651
0.198284,0.330810,0.494352
0.192942,0.337920,0.499883
0.192515,0.334442,0.506872
0.204550,0.341783,0.510669
0.212242,0.344029,0.519134
0.202796,0.341982,0.507634
0.212152,0.343807,0.509926
0.227351,0.332033,0.513051
0.220177,0.340549,0.515418
0.220436,0.334959,0.514132
0.234491,0.340212,0.523516
0.234270,0.332448,0.524796
0.242276,0.339540,0.517926
0.254538,0.337147,0.514644
0.259991,0.334122,0.515736
0.249321,0.343468,0.513538
0.257282,0.345299,0.515077
0.259912,0.337479,0.510749
0.260723,0.337042,0.517327
0.262282,0.341944,0.503805
0.275855,0.336633,0.499932
0.273952,0.335484,0.517842
0.278820,0.341675,0.518526
0.286574,0.339313,0.510611
0.290857,0.339186,0.511141
0.296550,0.338772,0.508277
0.290765,0.329891,0.497200
0.301364,0.338983,0.509485
0.301961,0.337345,0.507119
0.307144,0.338554,0.503898
0.311971,0.337850,0.502421
0.314670,0.331895,0.493181
0.328350,0.333349,0.488798
0.333875,0.334522,0.488299
0.328569,0.336856,0.482622
0.336955,0.344706,0.491396
0.345493,0.339383,0.483736
0.341428,0.334635,0.481758
0.355704,0.337417,0.472423
0.347919,0.339449,0.473092
0.355407,0.332897,0.474882
0.357515,0.339800,0.468472
0.364283,0.340690,0.469681
0.377357,0.334323,0.469354
0.374386,0.341767,0.468198
0.381432,0.347314,0.454854
0.377946,0.336440,0.460103
0.393334,0.343373,0.454500
0.394541,0.342095,0.452363
0.392051,0.346389,0.445823
0.404581,0.339729,0.434379
0.141623,0.343336,0.438333
0.146180,0.341191,0.455721
0.140684,0.346090,0.464741
0.154367,0.342963,0.485429
0.162085,0.345142,0.479980
0.154072,0.336716,0.482520
0.171920,0.348124,0.493592
0.163748,0.346182,0.491848
0.168600,0.341540,0.492504
0.175284,0.337338,0.490600
0.176466,0.332087,0.490300
0.180375,0.348030,0.499431
0.185773,0.345705,0.505809
0.190539,0.348515,0.505503
0.196447,0.339647,0.500479
0.192454,0.353816,0.506101
0.213468,0.335400,0.504682
0.202155,0.346825,0.502810
0.207710,0.345561,0.512935
0.211129,0.346292,0.513035
0.229846,0.345323,0.525048
0.228349,0.336319,0.506168
0.224822,0.337195,0.516642
0.224802,0.347408,0.521911
0.233015,0.344348,0.518256
0.240851,0.348782,0.511292
0.245729,0.342373,0.512753
0.245000,0.342520,0.514437
0.259463,0.347410,0.515495
0.257852,0.332686,0.503523
0.260909,0.345115,0.516825
0.266304,0.340927,0.510377
0.265768,0.353502,0.509038
0.281775,0.344891,0.505142
0.279703,0.341152,0.493666
0.276189,0.339945,0.517629
0.277019,0.340918,0.510289
0.292405,0.346020,0.514482
0.284729,0.342716,0.504675
0.292528,0.343976,0.508165
0.293088,0.344119,0.516633
0.304256,0.356143,0.513343
0.314127,0.346571,0.503359
0.313951,0.327806,0.493110
0.305185,0.349344,0.498213
0.316309,0.337938,0.496877
0.330286,0.337731,0.490320
0.334124,0.345218,0.485201
0.331423,0.348668,0.491501
0.338372,0.341307,0.478171
0.351293,0.342764,0.477840
0.352956,0.334293,0.482655
0.352698,0.350681,0.474010
0.361360,0.342627,0.481464
0.361981,0.335510,0.465197
0.371077,0.344773,0.481349
0.367135,0.343288,0.473228
0.378111,0.339162,0.460572
0.370528,0.345603,0.465754
0.385581,0.347253,0.465361
0.391092,0.337971,0.445376
0.398468,0.341635,0.449737
0.391332,0.344800,0.439868
0.411361,0.337033,0.410729
0.134787,0.354974,0.442255
0.140357,0.341439,0.453042
0.138542,0.347112,0.473055
0.143755,0.344976,0.470188
0.152464,0.341765,0.479531
0.157646,0.347848,0.489128
0.159278,0.356164,0.486074
0.157689,0.343143,0.477071
0.171157,0.352841,0.485888
0.176129,0.350661,0.492853
0.177510,0.353445,0.497185
0.185234,0.350299,0.492890
0.191461,0.339111,0.499479
0.189597,0.338361,0.506095
0.206368,0.358920,0.502566
0.201360,0.345573,0.505610
0.205392,0.352159,0.510578
0.215283,0.351389,0.512541
0.203445,0.351407,0.525601
0.217045,0.349336,0.518787
0.225815,0.348599,0.522298
0.228806,0.342145,0.518455
0.229700,0.347373,0.521802
0.233764,0.349632,0.525968
0.231511,0.345100,0.515007
0.233945,0.349412,0.511990
0.238835,0.352185,0.514090
0.238836,0.348905,0.519530
0.251369,0.332095,0.512447
0.253871,0.348077,0.512368
0.262177,0.338473,0.508300
0.268092,0.346123,0.509125
0.267053,0.350821,0.512626
0.272148,0.353804,0.508501
0.283037,0.350977,0.517722
0.284272,0.349045,0.504538
0.286927,0.345838,0.510207
0.297049,0.347879,0.509881
0.296916,0.346591,0.514219
0.288405,0.352786,0.508009
0.304255,0.351165,0.501370
0.305734,0.342842,0.505112
0.315128,0.334091,0.501879
0.315076,0.355484,0.500929
0.320077,0.347938,0.496315
0.336509,0.351829,0.495640
0.334541,0.348931,0.493602
0.337834,0.348858,0.483717
0.331853,0.350387,0.493083
0.339701,0.336738,0.483637
0.342032,0.347593,0.484032
0.354949,0.358911,0.475152
0.359923,0.347779,0.472478
0.362409,0.345000,0.478834
0.356658,0.344985,0.477493
0.359529,0.350099,0.462000
0.363542,0.355140,0.463120
0.371639,0.357477,0.466990
0.384585,0.356690,0.453757
0.380342,0.350733,0.462561
0.389771,0.350112,0.449322
0.394693,0.353949,0.449380
0.382391,0.347753,0.427621
0.130872,0.359720,0.446906
0.142540,0.357863,0.469542
0.151538,0.350915,0.469663
0.148193,0.359121,0.482777
0.154621,0.350305,0.479725
0.163468,0.351164,0.481429
0.155979,0.356694,0.491076
0.176545,0.351855,0.492194
0.172605,0.348639,0.498933
0.175514,0.349774,0.492231
0.187817,0.350950,0.500500
0.180121,0.352836,0.495559
0.185640,0.348167,0.510441
0.180923,0.349761,0.511678
0.183384,0.346602,0.496598
0.199059,0.347731,0.506544
0.207959,0.351170,0.518876
0.202601,0.347080,0.515854
0.210912,0.352241,0.513873
0.218122,0.346554,0.520321
0.227365,0.349782,0.516416
0.228901,0.350181,0.519439
0.234238,0.353938,0.525544
0.229127,0.354524,0.527310
0.228410,0.352047,0.523863
0.234401,0.345757,0.517696
0.252274,0.347201,0.515355
0.237219,0.348726,0.517590
0.253763,0.355113,0.513662
0.248454,0.351511,0.522725
0.253502,0.361683,0.517813
0.269675,0.352212,0.505992
0.271043,0.362072,0.507834
0.276383,0.347625,0.512499
0.281684,0.353891,0.512911
0.279204,0.351588,0.520042
0.281048,0.351351,0.517661
0.290031,0.360034,0.508925
0.285054,0.361870,0.511043
0.291924,0.354816,0.500641
0.302240,0.351154,0.509182
0.309532,0.347260,0.512015
0.313540,0.350798,0.502221
0.312487,0.342981,0.494218
0.311315,0.356839,0.497241
0.325341,0.353419,0.498707
0.327672,0.349701,0.485706
0.326072,0.353649,0.480042
0.340263,0.353048,0.480524
0.345430,0.352164,0.486572
0.339719,0.353684,0.477463
0.357072,0.340209,0.482145
0.354189,0.365388,0.470483
0.353451,0.351815,0.475081
0.369387,0.349977,0.476632
0.362290,0.350596,0.464059
0.370003,0.346667,0.466358
0.371844,0.348419,0.466714
0.363239,0.339804,0.454288
0.378266,0.350250,0.457146
0.393618,0.357069,0.439361
0.394946,0.353725,0.431912
0.395285,0.351528,0.418281
0.126507,0.353091,0.456312
0.146362,0.353996,0.462112
0.150207,0.363002,0.468974
0.148874,0.355361,0.477646
0.149174,0.352794,0.482451
0.162212,0.353360,0.490219
0.161315,0.347877,0.494161
0.161442,0.362240,0.502318
0.166964,0.355977,0.499569
0.178943,0.353874,0.496431
0.166136,0.354995,0.495699
0.185706,0.353059,0.501640
0.180038,0.351675,0.506610
0.190254,0.358578,0.514954
0.200467,0.365709,0.509200
0.199168,0.353206,0.509509
0.196597,0.353081,0.516079
0.201434,0.365384,0.513557
0.210209,0.353516,0.513162
0.214548,0.357825,0.521373
0.218283,0.362789,0.516918
0.221473,0.356748,0.517793
0.231044,0.356944,0.523016
0.235311,0.352657,0.522224
0.237509,0.359708,0.514210
0.249875,0.352877,0.509014
0.241905,0.352994,0.512723
0.246903,0.354805,0.518750
0.254653,0.354076,0.515563
0.268169,0.361198,0.522123
0.261935,0.356482,0.506964
0.259906,0.361992,0.509532
0.270722,0.359961,0.509508
0.273872,0.370411,0.516580
0.283224,0.362974,0.513292
0.285815,0.352471,0.507653
0.283069,0.355727,0.516374
0.297314,0.367247,0.512200
0.289516,0.354918,0.509800
0.303513,0.352708,0.512599
0.300084,0.355113,0.502160
0.303221,0.367674,0.508484
0.313729,0.365265,0.499068
0.320490,0.364257,0.494770
0.326243,0.352150,0.498740
0.325389,0.356555,0.495118
0.325581,0.347786,0.482106
0.339130,0.355109,0.492613
0.337835,0.357838,0.478802
0.341708,0.352500,0.472178
0.353101,0.342466,0.483571
0.347412,0.364973,0.473383
0.365636,0.346663,0.465188
0.354864,0.353614,0.474352
0.365830,0.358329,0.470984
0.366721,0.363587,0.462722
0.361172,0.356162,0.471264
0.372358,0.362429,0.455383
0.393378,0.362290,0.454024
0.384435,0.363605,0.458192
0.384831,0.365720,0.446065
0.405416,0.353042,0.437582
0.134765,0.356719,0.458253
0.145833,0.365862,0.460650
0.148007,0.365865,0.481415
0.145801,0.361249,0.484701
0.157998,0.353924,0.489144
0.155201,0.360490,0.489741
0.167398,0.365405,0.495167
0.171737,0.366936,0.490390
0.176221,0.357999,0.492667
0.178973,0.366173,0.504813
0.180728,0.364726,0.498576
0.181100,0.353687,0.510606
0.184547,0.364392,0.512035
0.207781,0.362429,0.506644
0.188054,0.363139,0.510777
0.195693,0.364859,0.511011
0.200999,0.354579,0.512085
0.214018,0.360550,0.520181
0.215226,0.360422,0.521219
0.220698,0.369133,0.519254
0.223738,0.365289,0.515006
0.218971,0.371441,0.517244
0.229788,0.357028,0.521465
0.228699,0.356100,0.513514
0.238966,0.354322,0.517853
0.241133,0.363625,0.517451
0.249243,0.354681,0.523899
0.252400,0.358371,0.515685
0.255608,0.365986,0.518727
0.261354,0.366025,0.516946
0.265594,0.358702,0.511999
0.259946,0.357244,0.517971
0.269529,0.363957,0.512925
0.274916,0.358865,0.510471
0.283856,0.362419,0.514346
0.281264,0.354115,0.505695
0.286375,0.367252,0.514739
0.285143,0.360578,0.514915
0.293845,0.360858,0.512753
0.298673,0.363199,0.499237
0.300742,0.362880,0.509814
0.309878,0.366254,0.503185
0.315424,0.356962,0.503172
0.306419,0.350361,0.491057
0.316009,0.353416,0.499039
0.321197,0.368366,0.490711
0.329291,0.367047,0.479641
0.335340,0.360753,0.482135
0.336366,0.361483,0.491349
0.338349,0.356543,0.478005
0.346034,0.359390,0.479992
0.349190,0.357874,0.476645
0.352688,0.359525,0.479563
0.358188,0.354603,0.482752
0.363449,0.351006,0.470328
0.368275,0.355633,0.472241
0.368300,0.371112,0.466358
0.368697,0.362545,0.463442
0.381653,0.369446,0.450850
0.391478,0.365680,0.450497
0.389352,0.359860,0.437511
0.389472,0.360325,0.416550
0.136652,0.363488,0.461304
0.134883,0.363908,0.474261
0.143310,0.371638,0.480165
0.154023,0.363709,0.491438
0.153572,0.366186,0.485961
0.155235,0.372976,0.494729
0.165053,0.363728,0.494858
0.163605,0.365400,0.485575
0.166558,0.358810,0.496366
0.181351,0.360522,0.494652
0.180475,0.370102,0.497012
0.179023,0.366968,0.515221
0.177091,0.358644,0.500938
0.191896,0.367495,0.507763
0.194395,0.362802,0.513004
0.205215,0.378832,0.511652
0.204726,0.364819,0.514497
0.210374,0.361340,0.507519
0.212578,0.358362,0.515163
0.214345,0.364215,0.514256
0.221703,0.363124,0.518572
0.222521,0.374779,0.518465
0.236381,0.370684,0.519267
0.226373,0.362878,0.516171
0.240018,0.360350,0.516374
0.241310,0.371093,0.519549
0.238628,0.362570,0.501592
0.246792,0.365897,0.517394
0.261482,0.359820,0.521308
0.254554,0.368194,0.510724
0.266089,0.363091,0.512788
0.259501,0.374404,0.518580
0.274765,0.362798,0.517326
0.280995,0.371214,0.520155
0.270850,0.362917,0.509278
0.280941,0.372742,0.518812
0.297350,0.365195,0.505228
0.287915,0.370423,0.510493
0.297038,0.373075,0.509213
0.285835,0.369879,0.507740
0.289746,0.373373,0.503487
0.312067,0.361412,0.496992
0.313471,0.372252,0.501976
0.312773,0.370392,0.497326
0.319670,0.368753,0.491438
0.330962,0.360340,0.494211
0.323160,0.365854,0.489214
0.316928,0.371795,0.490053
0.334093,0.373150,0.492982
0.344508,0.366466,0.487665
0.336449,0.366673,0.471650
0.357105,0.365407,0.472758
0.360162,0.373671,0.464849
0.360584,0.363530,0.469759
0.367605,0.362161,0.464757
0.375387,0.370174,0.460952
0.371318,0.370822,0.467332
0.376713,0.373319,0.459447
0.380018,0.363322,0.452189
0.382864,0.365372,0.447672
0.396508,0.371993,0.441082
0.141643,0.363281,0.459244
0.139145,0.364439,0.468800
0.144900,0.367775,0.478486
0.152641,0.368084,0.491948
0.158054,0.368187,0.495193
0.160330,0.377510,0.493572
0.163341,0.370771,0.496259
0.163109,0.378124,0.501933
0.174836,0.367758,0.501746
0.174776,0.374229,0.504691
0.175388,0.378124,0.507323
0.180370,0.362881,0.502644
0.184178,0.369409,0.509541
0.183606,0.363780,0.509569
0.191490,0.371245,0.503974
0.207618,0.371122,0.505952
0.209699,0.373484,0.517524
0.209743,0.368768,0.511992
0.210746,0.374610,0.524782
0.212507,0.368387,0.515796
0.217464,0.370469,0.521486
0.212883,0.374717,0.523838
0.226394,0.360230,0.508789
0.229139,0.366666,0.515843
0.236512,0.369635,0.514669
0.243103,0.371082,0.511045
0.250226,0.365888,0.527917
0.251269,0.376660,0.523403
0.252306,0.370596,0.516528
0.258282,0.371957,0.522017
0.262423,0.373869,0.523550
0.263023,0.373603,0.526703
0.266202,0.371365,0.513855
0.271470,0.376721,0.519824
0.273613,0.370286,0.519170
0.283063,0.373209,0.523969
0.291617,0.368776,0.510008
0.298106,0.367826,0.513911
0.297283,0.363684,0.515562
0.300372,0.366033,0.497015
0.305720,0.362987,0.509677
0.300942,0.370566,0.502877
0.316968,0.364585,0.497300
0.315825,0.368319,0.503859
0.315928,0.378436,0.493207
0.324668,0.381016,0.480613
0.336093,0.363956,0.485312
0.325079,0.367351,0.483217
0.335641,0.364760,0.479773
0.348244,0.371773,0.475978
0.343475,0.368096,0.482656
0.353263,0.363467,0.473825
0.355402,0.367817,0.479327
0.360425,0.376270,0.468350
0.364032,0.368929,0.465229
0.375331,0.375500,0.464876
0.362769,0.372786,0.452911
0.382664,0.368328,0.467479
0.388945,0.375985,0.456123
0.391754,0.363487,0.438244
0.133253,0.377846,0.446831
0.138634,0.375136,0.470721
0.142687,0.378729,0.474181
0.142672,0.370215,0.479679
0.152210,0.378288,0.486823
0.153191,0.368157,0.494351
0.161702,0.383142,0.500127
0.165752,0.379383,0.504966
0.172434,0.371772,0.497751
0.170119,0.380464,0.508026
0.173037,0.376204,0.503482
0.182873,0.380310,0.512651
0.180443,0.371435,0.510724
0.198608,0.368180,0.515373
0.188035,0.370777,0.507402
0.198450,0.375353,0.514691
0.203905,0.371785,0.510621
0.200406,0.370898,0.521378
0.210063,0.371904,0.516427
0.217581,0.389043,0.518528
0.216916,0.368809,0.514114
0.224360,0.375136,0.528406
0.218735,0.389471,0.524413
0.236034,0.376327,0.521337
0.230706,0.372129,0.518675
0.237483,0.376300,0.507431
0.234137,0.375868,0.530434
0.250454,0.377764,0.521092
0.248754,0.379895,0.513737
0.261520,0.359061,0.522966
0.254666,0.384548,0.523292
0.256270,0.378926,0.517595
0.266757,0.381317,0.510110
0.267812,0.374247,0.518411
0.269291,0.369795,0.514775
0.276260,0.375947,0.519776
0.284038,0.378474,0.506685
0.288720,0.370894,0.508426
0.298845,0.371740,0.510205
0.289493,0.367733,0.508805
0.295458,0.374375,0.512353
0.302728,0.376335,0.513168
0.313404,0.370795,0.502111
0.314680,0.365014,0.499275
0.317214,0.373530,0.503488
0.319151,0.384682,0.491547
0.321238,0.367048,0.489712
0.336153,0.376872,0.483415
0.336400,0.376120,0.487897
0.346561,0.372401,0.492318
0.350496,0.381300,0.479548
0.347275,0.378490,0.477380
0.353188,0.377273,0.470215
0.354448,0.381363,0.478857
0.358985,0.377085,0.472232
0.358481,0.374213,0.479980
0.366926,0.371688,0.464366
0.365876,0.380649,0.458431
0.373451,0.367034,0.447857
0.381795,0.382390,0.448485
0.386930,0.377263,0.430681
0.125723,0.383015,0.463819
0.137024,0.378051,0.470273
0.143720,0.386971,0.481603
0.146870,0.367151,0.494290
0.147588,0.379212,0.481358
0.150023,0.378995,0.500174
0.146951,0.381544,0.494527
0.157394,0.380082,0.504928
0.167420,0.384504,0.498380
0.172253,0.390943,0.500890
0.170838,0.380310,0.504612
0.178030,0.382683,0.513680
0.181859,0.382935,0.513928
0.188551,0.376383,0.517889
0.192619,0.384415,0.511301
0.193133,0.377960,0.513392
0.199100,0.382658,0.517914
0.199717,0.383991,0.512684
0.205875,0.386706,0.523813
0.207791,0.377712,0.518413
0.212754,0.369651,0.518398
0.215066,0.380022,0.525318
0.226221,0.371451,0.517903
0.234314,0.379007,0.520153
0.230278,0.379077,0.535173
0.235634,0.370759,0.522926
0.234464,0.379797,0.520221
0.251376,0.387699,0.515968
0.253360,0.369944,0.519966
0.243897,0.372435,0.518549
0.250391,0.377854,0.518513
0.261871,0.382756,0.517505
0.261474,0.379111,0.514568
0.279652,0.381173,0.517414
0.271114,0.374983,0.524058
0.283247,0.378933,0.520081
0.286956,0.376008,0.510188
0.288934,0.377248,0.510037
0.297011,0.380983,0.504565
0.289910,0.371850,0.500689
0.295492,0.381841,0.504231
0.299244,0.383597,0.502552
0.305124,0.378922,0.499852
0.317117,0.374989,0.499181
0.313812,0.375374,0.502231
0.315817,0.371679,0.501562
0.324669,0.378465,0.479719
0.325308,0.383215,0.494496
0.333468,0.383315,0.483141
0.334019,0.383378,0.476067
0.344477,0.375495,0.483856
0.345366,0.386185,0.482948
0.351549,0.381520,0.472362
0.357177,0.379823,0.470374
0.353216,0.374771,0.464856
0.367634,0.381445,0.463771
0.375994,0.378445,0.459806
0.366500,0.380033,0.457598
0.370483,0.376466,0.446480
0.382566,0.379169,0.448329
0.134671,0.385942,0.464543
0.137088,0.384496,0.487901
0.138400,0.381801,0.478228
0.150151,0.383205,0.486345
0.146613,0.390509,0.491364
0.144318,0.390610,0.498171
0.153216,0.391374,0.499408
0.169816,0.377552,0.503598
0.167385,0.385127,0.505234
0.172249,0.385458,0.503829
0.172159,0.378384,0.516194
0.175900,0.395775,0.507322
0.180351,0.387114,0.506830
0.183232,0.377685,0.512016
0.192759,0.382546,0.517894
0.189751,0.384066,0.513771
0.194907,0.388072,0.516512
0.196680,0.372857,0.520184
0.212466,0.372752,0.523430
0.211761,0.385281,0.520894
0.212771,0.388796,0.517372
0.223639,0.391869,0.518975
0.224578,0.387369,0.520536
0.222128,0.384466,0.533575
0.226122,0.388034,0.525806
0.233407,0.375332,0.529013
0.241840,0.383351,0.527458
0.242727,0.379299,0.526160
0.254252,0.391063,0.526813
0.257727,0.386363,0.518288
0.260733,0.386228,0.521943
0.264464,0.386130,0.520463
0.262918,0.380671,0.524081
0.270945,0.379776,0.521916
0.268033,0.378099,0.521395
0.274055,0.387623,0.515783
0.293571,0.379567,0.518561
0.289192,0.373137,0.509325
0.289911,0.385780,0.515371
0.297342,0.378287,0.512960
0.299512,0.387773,0.505424
0.304107,0.375897,0.507063
0.309758,0.391080,0.503958
0.320405,0.390755,0.498753
0.309723,0.383482,0.501097
0.325431,0.385864,0.483436
0.317259,0.381162,0.486259
0.325433,0.383252,0.485370
0.322416,0.380903,0.485548
0.343222,0.388429,0.481309
0.345349,0.380231,0.473155
0.348942,0.385988,0.479034
0.347863,0.387748,0.471925
0.354796,0.387315,0.471626
0.360080,0.384668,0.463070
0.371820,0.380568,0.461174
0.373680,0.385962,0.454922
0.373396,0.380966,0.452824
0.374967,0.374489,0.445273
0.386409,0.392303,0.432306
0.125565,0.395517,0.454027
0.133495,0.392649,0.473998
0.130181,0.381317,0.486334
0.144405,0.382709,0.480052
0.138170,0.392159,0.495921
0.144937,0.389258,0.485426
0.149593,0.384076,0.498694
0.156330,0.391820,0.507604
0.160611,0.391872,0.494317
0.175670,0.383362,0.501802
0.175384,0.391717,0.506294
0.174172,0.377657,0.512631
0.183193,0.383281,0.511623
0.190020,0.384533,0.511804
0.188211,0.396629,0.514540
0.191886,0.387110,0.518716
0.195039,0.389914,0.519863
0.191441,0.394340,0.519508
0.207204,0.378561,0.513332
0.210714,0.383404,0.523451
0.213809,0.389484,0.519109
0.210082,0.389893,0.526229
0.226350,0.376157,0.529844
0.224291,0.386648,0.519357
0.227512,0.381954,0.518666
0.225990,0.388158,0.516428
0.233899,0.379815,0.521036
0.245187,0.385007,0.518465
0.242133,0.386108,0.528005
0.252574,0.401594,0.519824
0.252131,0.383202,0.528155
0.254495,0.389851,0.516089
0.259515,0.395455,0.518335
0.266865,0.387162,0.520164
0.272636,0.388058,0.511313
0.271547,0.374762,0.518049
0.277666,0.396148,0.516819
0.284568,0.380436,0.521491
0.296675,0.389288,0.514147
0.286923,0.386588,0.515027
0.297951,0.392449,0.508844
0.301312,0.377527,0.508568
0.311523,0.403590,0.499637
0.307149,0.390812,0.503701
0.308322,0.383903,0.493079
0.311710,0.383616,0.489106
0.318095,0.378433,0.496222
0.319867,0.379818,0.489375
0.326429,0.383244,0.488035
0.330689,0.395582,0.484210
0.330222,0.389875,0.483313
0.338435,0.381226,0.483889
0.345811,0.391707,0.476054
0.355983,0.398561,0.468576
0.357595,0.396606,0.470644
0.360939,0.383051,0.456920
0.376532,0.388501,0.449039
0.366231,0.379840,0.457809
0.373331,0.396968,0.451546
0.366718,0.392780,0.427303
0.122734,0.384871,0.472479
0.133795,0.395144,0.479714
0.130265,0.396580,0.483802
0.133357,0.402530,0.491583
0.146950,0.393727,0.498677
0.157793,0.391019,0.499044
0.154278,0.402641,0.499501
0.154155,0.398760,0.498385
0.158337,0.391087,0.502847
0.167666,0.394825,0.513310
0.170872,0.398711,0.506599
0.175790,0.388958,0.514588
0.180928,0.399147,0.510923
0.178184,0.394610,0.517915
0.188210,0.385981,0.522381
0.186256,0.392645,0.519123
0.197109,0.391054,0.517480
0.190766,0.394595,0.530298
0.204317,0.390914,0.529030
0.212657,0.389340,0.516316
0.204742,0.401710,0.517199
0.217412,0.393628,0.531688
0.221678,0.390873,0.523513
0.220160,0.391952,0.525703
0.219773,0.395258,0.523952
0.230301,0.407228,0.521715
0.233399,0.399617,0.516842
0.240492,0.398635,0.519398
0.241284,0.395864,0.519883
0.254779,0.389920,0.518897
0.258376,0.395490,0.526511
0.255480,0.392837,0.521204
0.265926,0.396951,0.519195
0.266252,0.396109,0.519809
0.270419,0.398408,0.517528
0.272020,0.397945,0.523185
0.283617,0.391434,0.511442
0.284124,0.392667,0.513057
0.287152,0.390523,0.509299
0.294454,0.391117,0.512259
0.288208,0.390812,0.511256
0.306570,0.396194,0.500974
0.297243,0.383668,0.500908
0.306405,0.391874,0.491615
0.308429,0.391492,0.494458
0.312082,0.391903,0.495386
0.317762,0.392036,0.485769
0.332766,0.388894,0.482962
0.325858,0.388596,0.484840
0.333539,0.388726,0.476882
0.340732,0.398434,0.481461
0.346926,0.395090,0.472477
0.340433,0.399484,0.467162
0.343213,0.389030,0.468139
0.361133,0.399649,0.454911
0.360309,0.396875,0.451488
0.356973,0.389166,0.449572
0.368635,0.400407,0.451542
0.369901,0.397140,0.442709
0.124706,0.405811,0.451313
0.132426,0.395060,0.472316
0.135719,0.397056,0.476616
0.139455,0.397697,0.488377
0.144382,0.391334,0.495350
0.146814,0.398359,0.503488
0.146344,0.397593,0.501074
0.164705,0.398440,0.501816
0.152371,0.403728,0.504555
0.158086,0.394620,0.510700
0.163047,0.397863,0.513375
0.161546,0.398752,0.504939
0.179370,0.399514,0.523390
0.182454,0.403347,0.522373
0.180742,0.401936,0.520955
0.177553,0.391662,0.524526
0.192324,0.401845,0.515850
0.191281,0.393309,0.514323
0.204170,0.389255,0.520935
0.206870,0.399841,0.518776
0.211176,0.391045,0.526646
0.216606,0.399673,0.531455
0.218588,0.405850,0.524602
0.221409,0.400283,0.532747
0.230341,0.407205,0.526007
0.221860,0.396333,0.521809
0.234090,0.394819,0.530912
0.240739,0.392703,0.520864
0.237747,0.386550,0.525273
0.239297,0.394983,0.524241
0.250376,0.391151,0.514960
0.258868,0.395985,0.522892
0.260343,0.397164,0.516348
0.263951,0.405030,0.514484
0.271167,0.394675,0.515416
0.266269,0.394715,0.522492
0.283791,0.401481,0.519070
0.274440,0.398751,0.516686
0.280727,0.410399,0.512372
0.288704,0.400943,0.514245
0.292323,0.395600,0.500845
0.290660,0.403385,0.499151
0.297807,0.395190,0.499754
0.310674,0.400782,0.501041
0.309242,0.399376,0.505137
0.302886,0.401988,0.508641
0.307048,0.399819,0.509606
0.321032,0.388750,0.490481
0.334559,0.394698,0.484972
0.321373,0.398356,0.475745
0.339175,0.394193,0.481152
0.341719,0.411508,0.474204
0.354428,0.394920,0.470456
0.340426,0.407420,0.466723
0.349172,0.399488,0.463255
0.351042,0.406571,0.470693
0.352521,0.392248,0.457044
0.360767,0.396582,0.450386
0.368947,0.391093,0.441260
0.117807,0.401366,0.464311
0.129292,0.400783,0.474083
0.136166,0.399036,0.474023
0.140671,0.397892,0.493781
0.143346,0.400830,0.496301
0.146637,0.403453,0.494059
0.144923,0.400790,0.502595
0.154986,0.405832,0.502155
0.156299,0.399761,0.503690
0.160762,0.393790,0.515697
0.164987,0.399562,0.505911
0.170945,0.395845,0.516665
0.177145,0.397847,0.515152
0.174181,0.396847,0.517855
0.192069,0.400500,0.519956
0.187999,0.416826,0.530664
0.188771,0.403278,0.523804
0.189807,0.398077,0.523080
0.199896,0.393474,0.521654
0.206364,0.403238,0.512042
0.204850,0.405587,0.527070
0.207778,0.398505,0.519142
0.212053,0.410941,0.513287
0.225246,0.400174,0.519238
0.220362,0.399340,0.521555
0.228415,0.408066,0.534350
0.227567,0.400455,0.526587
0.237343,0.401820,0.516462
0.241425,0.396859,0.518191
0.250806,0.398936,0.509422
0.250061,0.404580,0.527971
0.254940,0.401758,0.515037
0.251745,0.405187,0.524721
0.254986,0.395595,0.525438
0.264099,0.406480,0.519301
0.269144,0.409831,0.518900
0.272910,0.396766,0.516570
0.278541,0.398831,0.519569
0.279267,0.401568,0.525168
0.293245,0.405792,0.512531
0.303967,0.389938,0.509066
0.292963,0.398188,0.501611
0.299515,0.406952,0.510184
0.303281,0.392333,0.488183
0.310340,0.404201,0.503413
0.316715,0.409225,0.491823
0.318370,0.394941,0.495599
0.329085,0.404627,0.481943
0.326736,0.407555,0.490452
0.332289,0.402771,0.478016
0.328353,0.408621,0.470921
0.325172,0.398602,0.478100
0.346101,0.404255,0.471056
0.340211,0.400416,0.463912
0.343746,0.398632,0.468679
0.351843,0.405916,0.453118
0.361358,0.409209,0.455827
0.356527,0.395453,0.444893
0.117091,0.410609,0.456739
0.115416,0.414473,0.473330
0.125544,0.405748,0.490505
0.139595,0.404979,0.486267
0.134149,0.408661,0.491823
0.142058,0.406638,0.490770
0.143531,0.410992,0.505627
0.153612,0.410519,0.507731
0.158318,0.416206,0.505879
0.160946,0.397853,0.507331
0.165308,0.410335,0.513318
0.167664,0.409461,0.508281
0.167345,0.400032,0.514997
0.181375,0.405551,0.519331
0.182358,0.397860,0.512774
0.190481,0.402047,0.511420
0.191345,0.413431,0.510593
0.192665,0.402365,0.524739
0.193933,0.400291,0.521992
0.199705,0.415483,0.531143
0.194236,0.401207,0.520393
0.205020,0.405926,0.538078
0.219220,0.401952,0.521131
0.219326,0.418723,0.515430
0.217768,0.404683,0.523391
0.227694,0.403011,0.523807
0.216256,0.398254,0.519643
0.233106,0.405458,0.524054
0.235231,0.414105,0.532119
0.236102,0.411639,0.540498
0.243412,0.401822,0.524722
0.246963,0.396231,0.526266
0.247898,0.402507,0.530098
0.259771,0.404904,0.528234
0.257037,0.404530,0.519529
0.263398,0.411839,0.527607
0.273896,0.404384,0.522745
0.274097,0.416552,0.519337
0.279115,0.402456,0.513849
0.284922,0.414978,0.504629
0.273770,0.402462,0.514051
0.280283,0.403518,0.506965
0.295088,0.412732,0.503766
0.301787,0.403929,0.506327
0.301776,0.405915,0.512609
0.306831,0.408174,0.505095
0.303366,0.408496,0.481318
0.318146,0.416337,0.490577
0.313980,0.402404,0.491885
0.321493,0.403372,0.482255
0.329162,0.403595,0.488788
0.331899,0.408534,0.479968
0.339125,0.398760,0.478588
0.345335,0.397932,0.467153
0.334704,0.408221,0.468425
0.339047,0.406118,0.461155
0.360646,0.406463,0.456392
0.361960,0.400473,0.444159
0.364797,0.401197,0.435691
0.121887,0.415472,0.470464
0.124678,0.408959,0.485904
0.129293,0.408608,0.479503
0.128286,0.408417,0.489901
0.138010,0.413741,0.505579
0.141254,0.406236,0.499459
0.145377,0.416005,0.513271
0.139790,0.413235,0.511527
0.166000,0.415169,0.511555
0.153609,0.417813,0.514928
0.163128,0.414251,0.514531
0.162428,0.415531,0.516993
0.171848,0.426190,0.516462
0.170335,0.413840,0.520705
0.171705,0.403092,0.524363
0.186981,0.411381,0.525835
0.181123,0.408978,0.520468
0.186670,0.403568,0.524381
0.196756,0.401098,0.517948
0.197100,0.424048,0.520228
0.210483,0.411903,0.524829
0.203467,0.414165,0.533125
0.216354,0.413770,0.525332
0.215917,0.409043,0.521819
0.216737,0.406680,0.527269
0.215755,0.415165,0.525964
0.221435,0.407074,0.529152
0.230614,0.416853,0.526033
0.229979,0.419040,0.517948
0.236702,0.406817,0.526688
0.240074,0.406664,0.525468
0.260437,0.403168,0.528502
0.256845,0.408362,0.521136
0.254260,0.412268,0.523824
0.260635,0.407194,0.521612
0.270413,0.402469,0.514909
0.263825,0.408395,0.514238
0.267379,0.406555,0.520934
0.278992,0.412717,0.525403
0.286298,0.409778,0.514953
0.281088,0.405483,0.512228
0.295128,0.406456,0.508177
0.294305,0.411706,0.510164
0.295329,0.410429,0.503282
0.300333,0.412382,0.507492
0.320304,0.411002,0.502008
0.305440,0.408569,0.493675
0.316093,0.417694,0.491176
0.311350,0.414560,0.478150
0.323473,0.414342,0.486794
0.329722,0.416676,0.488690
0.330498,0.409273,0.478000
0.333162,0.420692,0.470799
0.344877,0.408247,0.468244
0.342760,0.414877,0.460795
0.344854,0.412816,0.463574
0.359989,0.418092,0.447434
0.354069,0.409781,0.444675
0.109820,0.415726,0.454305
0.117985,0.405775,0.471471
0.122097,0.415891,0.484452
0.128502,0.415228,0.483263
0.123959,0.420065,0.488931
0.143332,0.412797,0.493256
0.133317,0.417638,0.499093
0.148961,0.408113,0.510491
0.149767,0.417565,0.509846
0.146207,0.415136,0.505291
0.166241,0.416231,0.512738
0.168630,0.414922,0.511997
0.170900,0.410332,0.515816
0.169691,0.415247,0.512901
0.164595,0.422904,0.519712
0.170661,0.414481,0.517655
0.188715,0.421374,0.531278
0.185508,0.412453,0.525204
0.191853,0.420742,0.530143
0.189510,0.408469,0.526756
0.203618,0.407508,0.531592
0.192324,0.405366,0.521852
0.212295,0.420179,0.526884
0.214851,0.415172,0.527536
0.217207,0.409545,0.522551
0.218295,0.411470,0.517711
0.219071,0.422498,0.528129
0.228691,0.412253,0.532934
0.233831,0.417674,0.524926
0.238367,0.420487,0.525517
0.242794,0.413995,0.527953
0.240289,0.417526,0.519712
0.253857,0.415757,0.524575
0.260239,0.411197,0.524622
0.260082,0.408775,0.523984
0.255339,0.407319,0.530206
0.262087,0.408447,0.523565
0.271056,0.418155,0.521018
0.274467,0.408375,0.515566
0.277416,0.417373,0.512869
0.276199,0.413147,0.513006
0.281617,0.412067,0.508720
0.288860,0.418819,0.513554
0.303584,0.415538,0.501976
0.286842,0.418646,0.511735
0.296030,0.416945,0.506391
0.308525,0.416660,0.502339
0.310546,0.412030,0.496528
0.317320,0.416844,0.482973
0.318190,0.410550,0.491392
0.321250,0.414988,0.486799
0.327175,0.410481,0.481995
0.328376,0.413696,0.478214
0.337427,0.416373,0.477055
0.350427,0.416532,0.463621
0.344049,0.427007,0.458936
0.349124,0.418988,0.456038
0.360821,0.411372,0.444921
0.120860,0.410862,0.471126
0.120708,0.418362,0.474422
0.126190,0.421414,0.487457
0.124138,0.420877,0.491784
0.135968,0.426120,0.487249
0.143498,0.418704,0.499614
0.145017,0.420203,0.502250
0.148977,0.422265,0.501959
0.157853,0.417292,0.516774
0.150354,0.426455,0.515164
0.150113,0.417346,0.514300
0.170920,0.422243,0.510299
0.173990,0.420335,0.515538
0.168021,0.415447,0.515837
0.173934,0.425439,0.529517
0.177448,0.424209,0.523782
0.185321,0.418318,0.525331
0.188040,0.416939,0.523872
0.194607,0.422546,0.528347
0.197725,0.419030,0.522524
0.191292,0.416005,0.524286
0.206474,0.422212,0.525188
0.214952,0.415492,0.526329
0.205912,0.421127,0.510749
0.214228,0.427109,0.530118
0.222236,0.432342,0.527853
0.231679,0.419161,0.525555
0.229994,0.417084,0.518962
0.229923,0.415708,0.533457
0.240535,0.421849,0.526280
0.239886,0.420077,0.533364
0.238559,0.411624,0.525941
0.249075,0.415920,0.525436
0.259961,0.426972,0.523688
0.251342,0.424034,0.513347
0.266087,0.422186,0.520056
0.266658,0.422774,0.520250
0.260388,0.416050,0.520580
0.267146,0.423300,0.528485
0.278892,0.420946,0.516623
0.277301,0.416875,0.517231
0.287046,0.414505,0.511304
0.283183,0.422462,0.511509
0.299822,0.418515,0.512282
0.304005,0.407287,0.507232
0.304555,0.416065,0.501154
0.312181,0.408186,0.490150
0.315025,0.412572,0.498208
0.321731,0.425547,0.493573
0.327605,0.418802,0.492426
0.328635,0.427126,0.473057
0.333096,0.424581,0.482780
0.335449,0.417702,0.481577
0.328553,0.427832,0.480066
0.342254,0.426702,0.467064
0.351027,0.408279,0.459416
0.342825,0.418980,0.447061
0.106779,0.421980,0.459781
0.114709,0.415368,0.481634
0.118901,0.426121,0.485685
0.121830,0.433899,0.487118
0.126953,0.424874,0.498767
0.133486,0.431971,0.494357
0.140597,0.417240,0.505476
0.142056,0.420663,0.502286
0.155265,0.422476,0.511212
0.149219,0.421240,0.511704
0.155362,0.418099,0.519863
0.150454,0.424846,0.512260
0.165568,0.414820,0.528274
0.169481,0.408295,0.512824
0.171143,0.424464,0.525245
0.172987,0.430913,0.533230
0.188287,0.424078,0.520527
0.186466,0.419050,0.532116
0.188241,0.427045,0.524699
0.194817,0.419046,0.533956
0.194409,0.416135,0.517609
0.196040,0.425253,0.522774
0.195378,0.416403,0.527577
0.208009,0.420056,0.533669
0.208299,0.413626,0.532232
0.215120,0.418813,0.527634
0.229218,0.424999,0.524986
0.221796,0.419209,0.531481
0.231711,0.435148,0.530187
0.234494,0.411786,0.523171
0.227197,0.428535,0.522223
0.240878,0.427550,0.513240
0.240516,0.411592,0.525552
0.244101,0.421539,0.521209
0.254656,0.420053,0.520230
0.257211,0.425012,0.518585
0.262264,0.415151,0.528225
0.264871,0.420367,0.514360
0.271416,0.421053,0.533057
0.263381,0.428323,0.518863
0.272860,0.420740,0.507221
0.279057,0.421816,0.513193
0.289159,0.419620,0.505926
0.283527,0.420070,0.513499
0.302889,0.431944,0.511201
0.304378,0.423961,0.504134
0.301535,0.416709,0.502380
0.305787,0.420528,0.504841
0.307144,0.415089,0.488170
0.312806,0.427499,0.487126
0.317440,0.431636,0.487379
0.328183,0.425078,0.480250
0.327954,0.427937,0.465020
0.329567,0.423520,0.476566
0.334783,0.431297,0.464835
0.337898,0.430987,0.456727
0.343957,0.423825,0.459030
0.349620,0.428651,0.436592
0.116394,0.421966,0.475885
0.118097,0.425399,0.481099
0.120150,0.434312,0.480716
0.127021,0.431324,0.497550
0.127446,0.430735,0.494902
0.135924,0.432177,0.499692
0.138652,0.431366,0.502898
0.138874,0.432592,0.508434
0.150356,0.424549,0.509988
0.143126,0.431752,0.521478
0.154334,0.429520,0.509896
0.159335,0.431903,0.519313
0.153503,0.425587,0.511857
0.163302,0.418040,0.516871
0.178056,0.420947,0.530552
0.174236,0.423308,0.516335
0.177800,0.431727,0.524013
0.180709,0.441625,0.525048
0.181681,0.425457,0.519988
0.195347,0.429697,0.532205
0.203230,0.423417,0.522553
0.201320,0.439954,0.519135
0.207873,0.427078,0.529502
0.204842,0.424918,0.522727
0.208917,0.424201,0.521264
0.211699,0.427035,0.528991
0.219669,0.429407,0.527240
0.223944,0.424704,0.524001
0.230332,0.423841,0.527501
0.236915,0.428449,0.517425
0.238017,0.422570,0.532521
0.243284,0.422835,0.534085
0.248275,0.431429,0.524649
0.247457,0.420220,0.529522
0.255617,0.429182,0.528354
0.256552,0.426520,0.519554
0.261331,0.433599,0.525479
0.251927,0.423564,0.512425
0.270935,0.435069,0.514831
0.273089,0.431147,0.510557
0.271009,0.428988,0.513251
0.280013,0.432811,0.504093
0.285926,0.428509,0.507102
0.297962,0.426732,0.509802
0.292749,0.435781,0.512269
0.303320,0.430005,0.506751
0.305910,0.425363,0.498949
0.302067,0.435592,0.501871
0.305826,0.433852,0.501812
0.321724,0.419560,0.489914
0.325880,0.417089,0.478961
0.331784,0.423030,0.480738
0.334585,0.428537,0.472700
0.335807,0.417537,0.464360
0.341629,0.428909,0.471555
0.339402,0.429728,0.461282
0.346197,0.429199,0.447720
0.104264,0.429359,0.463220
0.107964,0.435602,0.468343
0.107695,0.433236,0.488088
0.116608,0.428873,0.487734
0.123284,0.433655,0.497181
0.130678,0.435192,0.502522
0.133096,0.435624,0.502029
0.134335,0.438477,0.504206
0.141109,0.436085,0.504861
0.146757,0.431345,0.512606
0.149538,0.435421,0.520747
0.159538,0.428691,0.518833
0.158459,0.430508,0.519554
0.168723,0.437447,0.519939
0.167140,0.433527,0.532374
0.172252,0.431717,0.527608
0.175952,0.433034,0.526876
0.176404,0.421444,0.535225
0.178351,0.432795,0.534065
0.188298,0.430351,0.523395
0.195045,0.435954,0.527184
0.207551,0.422922,0.524813
0.193217,0.436287,0.535644
0.212748,0.439405,0.534259
0.203682,0.432356,0.524096
0.217357,0.436496,0.520965
0.215093,0.435215,0.535262
0.225855,0.434543,0.531492
0.224507,0.434773,0.527791
0.225431,0.432992,0.526718
0.232936,0.431223,0.526486
0.236651,0.431338,0.521380
0.242658,0.438475,0.522758
0.254334,0.431438,0.535449
0.252895,0.435264,0.527508
0.244050,0.431355,0.527408
0.254209,0.433264,0.524013
0.260631,0.438659,0.530394
0.260235,0.429361,0.524005
0.266899,0.435342,0.531666
0.275097,0.430782,0.519658
0.281420,0.427907,0.513488
0.283707,0.422685,0.506013
0.281688,0.422946,0.516857
0.277125,0.433847,0.507031
0.296427,0.436655,0.504880
0.294727,0.436023,0.505707
0.299099,0.424853,0.493591
0.311226,0.438454,0.494123
0.316892,0.434033,0.496934
0.313097,0.432879,0.486526
0.316328,0.430033,0.475618
0.321471,0.432602,0.479626
0.331309,0.438946,0.475809
0.332247,0.440233,0.465688
0.327615,0.428458,0.460046
0.342421,0.436121,0.456797
0.097749,0.433073,0.452712
0.114163,0.442863,0.468579
0.110786,0.440567,0.480233
0.118517,0.438969,0.484207
0.111896,0.443842,0.487999
0.120527,0.438677,0.488070
0.117384,0.437495,0.501419
0.132860,0.437766,0.496680
0.137962,0.443424,0.511799
0.144184,0.440898,0.511011
0.141575,0.440816,0.509468
0.157928,0.440958,0.522982
0.158374,0.432639,0.513715
0.166972,0.436152,0.516778
0.161128,0.437690,0.520568
0.168521,0.435438,0.526501
0.176287,0.435795,0.517267
0.182682,0.434424,0.529498
0.177084,0.443758,0.526587
0.183017,0.438361,0.522536
0.194759,0.438051,0.522821
0.192344,0.430596,0.520393
0.194432,0.437663,0.531861
0.196435,0.430007,0.526727
0.198739,0.427250,0.524078
0.200484,0.432515,0.533013
0.208349,0.433290,0.517494
0.217479,0.434180,0.527467
0.219652,0.444015,0.532727
0.224577,0.432403,0.525794
0.224968,0.440658,0.529845
0.229987,0.445445,0.526484
0.241816,0.443498,0.527156
0.249002,0.432022,0.526342
0.237886,0.439877,0.518679
0.245105,0.440155,0.522066
0.250810,0.435540,0.531153
0.249499,0.433728,0.527632
0.265526,0.444656,0.515246
0.262501,0.441160,0.527297
0.271096,0.433257,0.528374
0.279612,0.431963,0.517411
0.273487,0.438639,0.515026
0.279064,0.436464,0.515121
0.287746,0.433731,0.504511
0.290032,0.438519,0.514165
0.292336,0.438486,0.507893
0.290140,0.442982,0.502023
0.301304,0.444840,0.500087
0.306758,0.439241,0.496748
0.307370,0.439848,0.498866
0.314342,0.441047,0.487359
0.328560,0.442440,0.478780
0.322052,0.440390,0.478698
0.329210,0.440443,0.469881
0.328318,0.440786,0.475330
0.339223,0.441929,0.461236
0.350005,0.441528,0.450095
0.102215,0.435261,0.456364
0.114460,0.443876,0.470422
0.106456,0.443305,0.487391
0.118314,0.446493,0.489436
0.115018,0.442547,0.497861
0.121399,0.454328,0.507968
0.134028,0.449931,0.504521
0.137685,0.444358,0.504251
0.142117,0.431756,0.511147
0.130583,0.445736,0.524248
0.150965,0.441396,0.508657
0.151279,0.438272,0.518098
0.153715,0.442164,0.516626
0.160243,0.432355,0.518267
0.160752,0.435825,0.522887
0.168835,0.452295,0.525692
0.168507,0.438511,0.518549
0.178307,0.440618,0.527862
0.180212,0.442180,0.516569
0.176081,0.439014,0.526141
0.184483,0.443532,0.524463
0.193974,0.439244,0.533712
0.194275,0.448209,0.535053
0.201067,0.442029,0.527678
0.203930,0.444098,0.526880
0.211613,0.446630,0.529757
0.200188,0.442893,0.537849
0.225212,0.437427,0.532395
0.216115,0.449836,0.527436
0.225775,0.433313,0.520014
0.232608,0.438497,0.522369
0.230954,0.436958,0.519978
0.232877,0.447569,0.532909
0.243227,0.437989,0.524783
0.243649,0.440342,0.527746
0.246030,0.445800,0.524938
0.253361,0.438773,0.521661
0.258842,0.450748,0.509284
0.256830,0.436276,0.521746
0.271262,0.444444,0.523440
0.269961,0.437775,0.530391
0.277645,0.434546,0.523724
0.279627,0.452985,0.509896
0.286092,0.438246,0.514767
0.288092,0.458944,0.507440
0.291589,0.433678,0.511420
0.289528,0.441617,0.515324
0.295905,0.436146,0.500379
0.304037,0.436539,0.504647
0.306681,0.435447,0.504256
0.308460,0.443071,0.493511
0.315094,0.439378,0.479195
0.319829,0.437312,0.484583
0.332801,0.434672,0.480022
0.328002,0.451759,0.482219
0.343751,0.442910,0.466506
0.332895,0.436433,0.457490
0.106530,0.450094,0.459169
0.095787,0.442549,0.478305
0.102587,0.443596,0.472467
0.098977,0.440999,0.488414
0.115480,0.445457,0.488890
0.126255,0.447224,0.493625
0.117531,0.445228,0.502292
0.131990,0.446657,0.503695
0.131562,0.451901,0.510570
0.141829,0.439089,0.508150
0.136911,0.449918,0.513906
0.141031,0.429484,0.518682
0.149088,0.436057,0.520364
0.147429,0.447184,0.516892
0.153554,0.442805,0.516958
0.161348,0.447389,0.531453
0.167404,0.444030,0.530225
0.174858,0.452670,0.534708
0.167716,0.440954,0.536241
0.179626,0.446769,0.528203
0.185462,0.448481,0.530875
0.192328,0.442962,0.528459
0.198741,0.439439,0.527798
0.187542,0.442290,0.522448
0.202315,0.450391,0.535134
0.205518,0.451619,0.524646
0.209642,0.447318,0.535217
0.214894,0.439355,0.525464
0.217873,0.453594,0.521129
0.225593,0.448242,0.530165
0.226781,0.443293,0.537919
0.217370,0.447642,0.529664
0.229115,0.434774,0.534239
0.238158,0.445138,0.525617
0.244061,0.448574,0.523835
0.252294,0.438890,0.525421
0.253350,0.442085,0.529422
0.253531,0.448549,0.526308
0.263618,0.445173,0.514339
0.265258,0.436292,0.528085
0.262619,0.449168,0.524637
0.264649,0.450523,0.522497
0.266763,0.448430,0.519947
0.277915,0.443061,0.523057
0.286789,0.451420,0.512652
0.288830,0.442917,0.510682
0.291890,0.436893,0.508475
0.293568,0.454408,0.505811
0.297316,0.445897,0.503527
0.302090,0.449504,0.503689
0.305553,0.455531,0.494438
0.308861,0.445249,0.502135
0.322292,0.452503,0.487620
0.317922,0.448212,0.480904
0.322183,0.450679,0.474069
0.323987,0.451626,0.472847
0.337448,0.448046,0.459927
0.332581,0.439359,0.458175
0.102683,0.450181,0.461068
0.105240,0.455692,0.479737
0.104408,0.442910,0.477627
0.127302,0.446068,0.484522
0.118550,0.447022,0.496456
0.125322,0.456213,0.493365
0.135453,0.454307,0.498026
0.124011,0.452463,0.504609
0.139016,0.445047,0.505215
0.134619,0.453478,0.508516
0.148173,0.460464,0.510852
0.153359,0.455313,0.510187
0.152962,0.460732,0.517754
0.154334,0.445171,0.519123
0.155883,0.445509,0.529770
0.164930,0.450207,0.527374
0.171366,0.444968,0.526149
0.168184,0.451767,0.526816
0.174224,0.454613,0.531850
0.173693,0.437119,0.532863
0.184076,0.452601,0.520452
0.178869,0.437332,0.527945
0.171309,0.451168,0.532060
0.203170,0.451357,0.536152
0.194350,0.457083,0.527050
0.191791,0.451395,0.527869
0.207469,0.458380,0.528864
0.208414,0.452015,0.539584
0.218462,0.451624,0.525101
0.227658,0.449418,0.530201
0.236099,0.457599,0.532361
0.223641,0.451415,0.525655
0.230463,0.454784,0.525043
0.231420,0.458154,0.524999
0.238526,0.452199,0.526922
0.244433,0.448211,0.529331
0.261506,0.451294,0.529466
0.251127,0.450571,0.530688
0.249063,0.451560,0.526518
0.261819,0.450413,0.519449
0.256397,0.453149,0.527769
0.269186,0.453986,0.518033
0.270649,0.446391,0.517939
0.283237,0.451893,0.523742
0.272745,0.446069,0.522923
0.287616,0.454701,0.512160
0.289510,0.447806,0.506377
0.290864,0.450619,0.504234
0.293300,0.456532,0.506415
0.299109,0.448152,0.499443
0.305050,0.463296,0.497448
0.315090,0.454670,0.491860
0.315257,0.455496,0.486636
0.316843,0.449553,0.497333
0.330953,0.449932,0.481233
0.325241,0.447150,0.473295
0.333328,0.452622,0.462766
0.090368,0.455419,0.460064
0.095561,0.455508,0.473962
0.107446,0.461237,0.481597
0.107772,0.448054,0.484893
0.109381,0.454693,0.488709
0.105695,0.462409,0.496961
0.113925,0.455389,0.506741
0.122821,0.457502,0.505275
0.135763,0.460745,0.499660
0.136167,0.452413,0.508075
0.129710,0.456748,0.510232
0.140732,0.459559,0.510167
0.145993,0.459966,0.510604
0.144627,0.455564,0.509417
0.156204,0.459577,0.519292
0.157671,0.459612,0.525617
0.162281,0.450189,0.521449
0.157485,0.457423,0.524933
0.163548,0.454592,0.523166
0.171416,0.452056,0.525368
0.186826,0.457291,0.523166
0.183095,0.456701,0.519229
0.181772,0.453532,0.528163
0.188226,0.460278,0.532636
0.188057,0.452652,0.528378
0.200785,0.455269,0.528385
0.195328,0.462959,0.527584
0.208449,0.454199,0.524306
0.216616,0.457011,0.525958
0.210974,0.454333,0.521330
0.226718,0.455390,0.529000
0.235598,0.456582,0.528182
0.226440,0.447980,0.532123
0.241482,0.454013,0.522083
0.238649,0.453894,0.524500
0.237821,0.455502,0.525343
0.240495,0.448477,0.527012
0.257867,0.455125,0.528396
0.253625,0.450743,0.526492
0.259950,0.454354,0.526206
0.258030,0.457079,0.533756
0.263789,0.463493,0.533052
0.278069,0.454176,0.520470
0.279082,0.460423,0.522521
0.284383,0.454891,0.518264
0.281529,0.453607,0.508813
0.286509,0.462524,0.508209
0.293050,0.452600,0.512513
0.291830,0.458167,0.504351
0.292187,0.461001,0.506261
0.296851,0.452967,0.495788
0.307183,0.454400,0.497755
0.301136,0.460959,0.491678
0.310564,0.463399,0.486850
0.327582,0.463237,0.479585
0.321708,0.462743,0.471188
0.327102,0.455294,0.470835
0.327330,0.448071,0.455751
0.084516,0.464383,0.457094
0.101266,0.460825,0.469587
0.098210,0.464697,0.475741
0.099297,0.458626,0.486001
0.099821,0.457034,0.496483
0.114489,0.463888,0.486810
0.115679,0.456385,0.500078
0.114160,0.461955,0.507496
0.135473,0.460864,0.501774
0.126657,0.459657,0.513140
0.129734,0.462595,0.501896
0.130227,0.462492,0.510008
0.140775,0.462187,0.512236
0.136836,0.456138,0.516520
0.144373,0.465566,0.520530
0.161498,0.454265,0.517114
0.155617,0.461108,0.526412
0.161893,0.455806,0.525827
0.166301,0.455715,0.532330
0.174998,0.455507,0.524115
0.181139,0.458457,0.517099
0.183460,0.456941,0.521900
0.192377,0.455486,0.530649
0.187256,0.466183,0.536204
0.180545,0.453847,0.525430
0.197174,0.462399,0.530041
0.200302,0.456262,0.535411
0.203545,0.463748,0.530081
0.208969,0.468013,0.528582
0.211635,0.458127,0.533538
0.209989,0.458132,0.531079
0.222111,0.465727,0.529674
0.224606,0.471700,0.538019
0.219814,0.455584,0.528013
0.222323,0.461718,0.527573
0.243338,0.466974,0.526665
0.233423,0.453544,0.529347
0.238664,0.457500,0.521539
0.240358,0.464285,0.522877
0.254412,0.463027,0.519021
0.259642,0.458458,0.521964
0.262384,0.457914,0.523413
0.262328,0.454444,0.515423
0.266535,0.463647,0.527099
0.280364,0.457996,0.514510
0.275175,0.460602,0.511667
0.275697,0.455700,0.524548
0.275801,0.456911,0.512602
0.298840,0.460145,0.510496
0.294460,0.450317,0.523173
0.303941,0.455004,0.505731
0.305341,0.465878,0.510434
0.307764,0.455317,0.485116
0.311466,0.449491,0.487873
0.315477,0.459573,0.488879
0.315160,0.464148,0.475443
0.326662,0.460490,0.476960
0.325369,0.464439,0.472379
0.330020,0.457798,0.448234
0.077862,0.460701,0.463704
0.092675,0.465771,0.479575
0.103080,0.454856,0.483352
0.100882,0.459803,0.495137
0.109516,0.454373,0.497215
0.113376,0.462085,0.499083
0.116095,0.459291,0.503612
0.112952,0.466935,0.509946
0.116682,0.471596,0.508363
0.131254,0.457252,0.511767
0.136779,0.456185,0.514267
0.141923,0.465585,0.510819
0.144439,0.467891,0.515238
0.147192,0.470407,0.523615
0.144204,0.467795,0.523173
0.149181,0.461200,0.523697
0.162312,0.470011,0.526888
0.153222,0.460347,0.516582
0.167305,0.471955,0.528631
0.167093,0.464609,0.533970
0.178975,0.467656,0.527433
0.182073,0.464779,0.528603
0.185152,0.469352,0.529536
0.192797,0.470357,0.531702
0.188757,0.462096,0.534980
0.193263,0.475648,0.530366
0.200558,0.457239,0.533664
0.211058,0.461950,0.535673
0.213939,0.462859,0.543149
0.210587,0.471113,0.534196
0.219395,0.462807,0.530518
0.225759,0.468083,0.535499
0.240664,0.472659,0.532659
0.235183,0.465364,0.525813
0.229104,0.466658,0.530233
0.238076,0.461555,0.535886
0.235423,0.470410,0.525108
0.248418,0.471422,0.526441
0.249569,0.455728,0.530798
0.257807,0.461313,0.525391
0.261272,0.465436,0.516434
0.261046,0.459963,0.516982
0.276147,0.460969,0.522199
0.266253,0.463545,0.526534
0.275456,0.466660,0.520970
0.270581,0.462514,0.518884
0.275917,0.470381,0.518872
0.282187,0.461298,0.505839
0.291411,0.464860,0.511946
0.293604,0.460030,0.506262
0.301768,0.459258,0.500432
0.303883,0.469389,0.496820
0.305058,0.464623,0.490292
0.315725,0.465031,0.481267
0.313709,0.466625,0.485511
0.316821,0.458356,0.479591
0.316868,0.460802,0.473030
0.325678,0.464941,0.469422
0.089009,0.468435,0.454325
0.091648,0.474913,0.472492
0.094079,0.469324,0.476024
0.101585,0.461616,0.505374
0.104179,0.471309,0.501701
0.110038,0.462598,0.508639
0.111473,0.459572,0.515982
0.115952,0.468380,0.509916
0.122062,0.462981,0.518362
0.131028,0.463675,0.512008
0.135849,0.467627,0.524661
0.136247,0.473734,0.517331
0.135013,0.475565,0.525446
0.141391,0.464759,0.520134
0.141000,0.473957,0.508837
0.149757,0.467825,0.523998
0.150040,0.476293,0.526717
0.144881,0.475320,0.523434
0.157703,0.468611,0.523634
0.168029,0.468288,0.535004
0.173056,0.469389,0.529104
0.171992,0.469106,0.526013
0.170482,0.470259,0.535197
0.183106,0.465195,0.533587
0.190476,0.468055,0.524121
0.195168,0.458258,0.532290
0.191600,0.466434,0.536813
0.193201,0.463849,0.534631
0.207546,0.458856,0.523865
0.206805,0.458106,0.529499
0.208529,0.459521,0.531236
0.214735,0.458353,0.530439
0.212987,0.474754,0.533672
0.227969,0.453932,0.527909
0.223254,0.475348,0.527134
0.235909,0.467020,0.531357
0.237139,0.461311,0.524764
0.239679,0.478501,0.530247
0.237621,0.469499,0.527699
0.246276,0.466066,0.524796
0.255383,0.470290,0.528796
0.259153,0.466351,0.527357
0.262281,0.462365,0.529856
0.266804,0.468565,0.525929
0.270642,0.474642,0.526351
0.269971,0.467224,0.516437
0.275504,0.460955,0.522044
0.270493,0.468434,0.518583
0.288422,0.464607,0.506363
0.290321,0.465835,0.513138
0.290864,0.471860,0.506899
0.292620,0.471737,0.501900
0.300690,0.469775,0.504849
0.309948,0.468353,0.487517
0.304841,0.470173,0.487612
0.312833,0.475018,0.484727
0.320571,0.465397,0.471795
0.326321,0.470592,0.472608
0.323056,0.469290,0.458890
0.075817,0.471251,0.443395
0.091204,0.474510,0.472071
0.076956,0.474189,0.492731
0.089052,0.477965,0.495581
0.103647,0.472068,0.520086
0.110874,0.480231,0.516178
0.107190,0.471655,0.521349
0.118485,0.472785,0.519439
0.118060,0.477325,0.528195
0.122222,0.464913,0.527828
0.130620,0.468618,0.527466
0.131770,0.478706,0.529590
0.133681,0.468277,0.521558
0.150873,0.466097,0.534118
0.138628,0.472537,0.529956
0.149901,0.475320,0.525577
0.144587,0.474991,0.526406
0.154083,0.471152,0.529343
0.155289,0.473553,0.521843
0.161693,0.476523,0.528720
0.162573,0.470614,0.527808
0.171432,0.473458,0.527530
0.178156,0.476601,0.532466
0.187517,0.466016,0.529428
0.179766,0.478028,0.521554
0.197778,0.474744,0.527744
0.190005,0.470104,0.529050
0.195133,0.475374,0.523243
0.200428,0.472660,0.534398
0.205047,0.471789,0.533810
0.212858,0.476874,0.531421
0.215289,0.470739,0.528529
0.220977,0.474242,0.525600
0.225146,0.471170,0.532925
0.220449,0.475606,0.530012
0.234839,0.465191,0.531348
0.232031,0.475495,0.526308
0.239387,0.473150,0.522662
0.234892,0.468649,0.525624
0.248853,0.482827,0.524103
0.261540,0.467602,0.521261
0.254547,0.468748,0.518622
0.265178,0.468859,0.531982
0.257516,0.476648,0.515262
0.262274,0.466823,0.519451
0.266038,0.468727,0.524534
0.280357,0.473615,0.525637
0.283346,0.477156,0.520548
0.284018,0.469891,0.511745
0.284493,0.468202,0.510984
0.292350,0.477366,0.510579
0.301997,0.471779,0.509117
0.292915,0.464141,0.499250
0.295096,0.475798,0.492616
0.302508,0.474576,0.496270
0.306189,0.472082,0.481293
0.318698,0.476590,0.481295
0.318115,0.468831,0.472352
0.321806,0.477497,0.469609
0.324674,0.474570,0.459438
0.087765,0.481998,0.461944
0.087135,0.477733,0.483383
0.091580,0.481374,0.506833
0.099007,0.475789,0.514776
0.105206,0.477089,0.519218
0.097831,0.472353,0.527584
0.115521,0.480916,0.532651
0.113024,0.478323,0.533301
0.120318,0.483307,0.529484
0.122233,0.477354,0.522813
0.122108,0.477142,0.533411
0.116240,0.478319,0.535303
0.140244,0.474184,0.531760
0.137348,0.470961,0.540281
0.151516,0.468892,0.522230
0.145503,0.480459,0.527761
0.147269,0.479091,0.527932
0.162936,0.467117,0.517815
0.144363,0.470098,0.513579
0.151061,0.472694,0.532849
0.164968,0.475884,0.527785
0.176994,0.477736,0.521639
0.179366,0.477335,0.519139
0.175947,0.481981,0.532408
0.171172,0.469709,0.537469
0.187082,0.482306,0.526804
0.192000,0.466591,0.535701
0.193991,0.472583,0.527076
0.190123,0.478611,0.525340
0.214803,0.477926,0.527127
0.205827,0.476902,0.531013
0.215281,0.473292,0.532002
0.220315,0.481119,0.530609
0.221065,0.483783,0.528991
0.230078,0.472773,0.529574
0.231194,0.481366,0.535008
0.232138,0.486583,0.522476
0.241890,0.477020,0.534401
0.236764,0.469307,0.532415
0.240416,0.468591,0.536297
0.265310,0.481275,0.526614
0.253941,0.480510,0.517007
0.255061,0.479769,0.519886
0.259208,0.471812,0.529023
0.268314,0.480273,0.524371
0.266151,0.478042,0.527088
0.273602,0.483592,0.526890
0.276746,0.481088,0.517739
0.280038,0.476882,0.519424
0.288259,0.470103,0.518547
0.286059,0.484599,0.510483
0.280897,0.474758,0.506498
0.293491,0.487341,0.504986
0.301975,0.474044,0.503531
0.302632,0.474974,0.504659
0.311925,0.471477,0.488032
0.315240,0.471571,0.488133
0.318255,0.483920,0.469244
0.325747,0.484895,0.466793
0.317980,0.476666,0.451130
0.074241,0.485868,0.451531
0.083526,0.481100,0.479156
0.084359,0.479368,0.512647
0.093347,0.480726,0.512032
0.099064,0.486512,0.525024
0.103743,0.484587,0.527128
0.099356,0.480006,0.531149
0.107660,0.477262,0.529390
0.103994,0.482262,0.539362
0.121447,0.486877,0.541306
0.114623,0.475807,0.529598
0.123973,0.488747,0.528901
0.132938,0.480899,0.536370
0.134630,0.477245,0.540568
0.139087,0.477955,0.537205
0.138495,0.485773,0.522957
0.141830,0.487946,0.528086
0.149099,0.485854,0.535237
0.157703,0.475983,0.528935
0.150309,0.478029,0.526787
0.163007,0.480672,0.523380
0.163563,0.481865,0.514003
0.175748,0.479509,0.529767
0.177697,0.487094,0.523500
0.179019,0.477966,0.518967
0.188785,0.480403,0.536256
0.191715,0.486116,0.525952
0.193924,0.476991,0.532957
0.201414,0.483253,0.522913
0.206443,0.475759,0.529183
0.200318,0.477505,0.525778
0.215186,0.478163,0.533010
0.212416,0.476456,0.526707
0.215253,0.478002,0.527301
0.226618,0.478177,0.536299
0.225773,0.489628,0.527368
0.230202,0.487416,0.535506
0.231929,0.481995,0.530648
0.235027,0.476423,0.530949
0.246975,0.475051,0.531144
0.249538,0.483218,0.529261
0.248886,0.488797,0.524504
0.247405,0.483170,0.527627
0.250300,0.483434,0.530385
0.261498,0.486418,0.519520
0.267674,0.479116,0.528759
0.274814,0.477704,0.515273
0.267200,0.482690,0.519000
0.281531,0.478562,0.517895
0.276303,0.484382,0.515031
0.288752,0.480037,0.513569
0.284239,0.480131,0.499727
0.286490,0.486906,0.513683
0.290811,0.480518,0.502720
0.313292,0.476221,0.494218
0.300655,0.488631,0.493206
0.310461,0.484967,0.479814
0.314899,0.489320,0.478339
0.318911,0.477442,0.471433
0.332790,0.488057,0.471062
0.063063,0.492168,0.450368
0.077298,0.492541,0.480011
0.087400,0.475528,0.507786
0.090086,0.485038,0.523302
0.089132,0.488752,0.517989
0.095625,0.494285,0.523502
0.101218,0.488463,0.524696
0.109428,0.486318,0.535293
0.117545,0.479753,0.529577
0.113976,0.481876,0.534911
0.105251,0.488151,0.531370
0.126531,0.488512,0.544554
0.123365,0.485685,0.528808
0.133838,0.492251,0.537536
0.132815,0.482853,0.544139
0.136804,0.483266,0.537485
0.143882,0.484759,0.525500
0.152282,0.488963,0.534898
0.148296,0.484216,0.539834
0.144452,0.496115,0.530861
0.157563,0.491548,0.533113
0.165927,0.485615,0.527825
0.173976,0.481177,0.528489
0.166377,0.487736,0.510782
0.172963,0.479933,0.520427
0.174428,0.486425,0.529260
0.186529,0.485313,0.527510
0.189373,0.481346,0.520341
0.184603,0.489821,0.528266
0.195801,0.477986,0.536140
0.190831,0.495182,0.526121
0.197807,0.484389,0.528037
0.201681,0.483111,0.538988
0.218615,0.488236,0.534321
0.206969,0.486969,0.526121
0.218680,0.487889,0.537091
0.222635,0.485287,0.520298
0.229657,0.475635,0.540427
0.234063,0.487579,0.530990
0.233421,0.486516,0.534287
0.249429,0.490313,0.519172
0.249917,0.498120,0.533811
0.250049,0.485957,0.529413
0.249593,0.488196,0.530352
0.270002,0.482084,0.517273
0.260335,0.478878,0.530879
0.271537,0.481037,0.520290
0.275848,0.485865,0.525422
0.270283,0.477843,0.518582
0.272949,0.483761,0.518671
0.291193,0.487053,0.517130
0.286314,0.489330,0.519683
0.288538,0.481247,0.516705
0.300013,0.483821,0.498934
0.299182,0.492630,0.503142
0.295613,0.484885,0.500189
0.306677,0.490654,0.490194
0.311015,0.484494,0.486304
0.312223,0.490982,0.480762
0.320493,0.481880,0.469626
0.318593,0.494595,0.464258
0.068032,0.499699,0.450562
0.070800,0.487291,0.502530
0.087541,0.483710,0.514255
0.089068,0.484683,0.514007
0.088202,0.489260,0.520070
0.094691,0.493327,0.518295
0.093261,0.493648,0.520480
0.109648,0.487296,0.527954
0.110938,0.496985,0.534011
0.122407,0.492470,0.530147
0.115487,0.478799,0.533756
0.125087,0.488194,0.536505
0.125409,0.494514,0.538916
0.126768,0.488787,0.541028
0.125788,0.477134,0.545033
0.136882,0.484215,0.534763
0.145156,0.482338,0.538300
0.144300,0.485623,0.534550
0.146850,0.488124,0.547543
0.162812,0.491342,0.534311
0.163970,0.479271,0.542586
0.163192,0.495907,0.527640
0.151571,0.489714,0.524521
0.171700,0.486293,0.539221
0.176079,0.495376,0.524792
0.177689,0.484047,0.524683
0.186095,0.489138,0.524317
0.184699,0.496997,0.529127
0.189824,0.483550,0.523024
0.200502,0.496639,0.529261
0.195386,0.489053,0.529105
0.200402,0.490726,0.532067
0.208782,0.489960,0.534426
0.211230,0.484838,0.525122
0.215835,0.482031,0.517236
0.217819,0.487511,0.531496
0.219538,0.491117,0.523302
0.222654,0.491420,0.532818
0.229542,0.489539,0.531429
0.229257,0.490165,0.527503
0.240430,0.479239,0.527549
0.240393,0.494824,0.526423
0.239713,0.491989,0.528674
0.259967,0.492384,0.523925
0.260268,0.486357,0.522096
0.265019,0.488488,0.527270
0.274912,0.483228,0.522925
0.267303,0.489406,0.515330
0.259770,0.485360,0.518710
0.276252,0.497094,0.522620
0.278493,0.492431,0.520972
0.287022,0.491817,0.501452
0.284484,0.495704,0.512060
0.295449,0.492416,0.497961
0.294785,0.476653,0.504925
0.306345,0.495123,0.495672
0.296778,0.492890,0.489300
0.313505,0.486627,0.480838
0.319570,0.487093,0.477120
0.319464,0.488642,0.464884
0.331910,0.492665,0.457240
0.070515,0.496058,0.447055
0.079825,0.502395,0.493404
0.077420,0.490365,0.505192
0.089404,0.492197,0.518133
0.089563,0.495780,0.527614
0.091434,0.498847,0.527770
0.104922,0.492334,0.533344
0.098668,0.498466,0.537394
0.105177,0.484976,0.530342
0.110200,0.485364,0.537109
0.114198,0.487409,0.532547
0.114091,0.493079,0.534787
0.114182,0.498104,0.545657
0.130538,0.498715,0.537834
0.131979,0.492113,0.542891
0.132942,0.489603,0.531948
0.141902,0.494978,0.548344
0.144969,0.493684,0.533881
0.146636,0.497119,0.540730
0.154451,0.500730,0.536772
0.158517,0.497330,0.537323
0.153015,0.494308,0.543614
0.157593,0.493753,0.536118
0.166517,0.481694,0.537433
0.174796,0.494562,0.529768
0.176116,0.489162,0.532595
0.179080,0.502000,0.536027
0.183262,0.491799,0.527996
0.182498,0.495084,0.535879
0.198969,0.496226,0.527608
0.202113,0.495575,0.532746
0.198393,0.484290,0.531408
0.193681,0.498578,0.528004
0.209330,0.498079,0.535097
0.214706,0.495347,0.524806
0.216712,0.496221,0.519029
0.220590,0.498986,0.534331
0.235142,0.486814,0.528865
0.233321,0.499866,0.531380
0.239986,0.504186,0.525307
0.233675,0.491137,0.527650
0.241354,0.494079,0.529397
0.254712,0.492896,0.521006
0.245308,0.491014,0.526998
0.257035,0.494534,0.522534
0.255969,0.502920,0.525043
0.265006,0.490582,0.519199
0.258038,0.497632,0.513914
0.270157,0.493279,0.515833
0.275746,0.500061,0.514098
0.278514,0.500765,0.504027
0.287774,0.498230,0.512595
0.284744,0.491986,0.516157
0.288916,0.493647,0.504234
0.297922,0.499305,0.500733
0.287105,0.496600,0.501919
0.309788,0.497829,0.486517
0.308016,0.499681,0.499859
0.306100,0.491187,0.485055
0.318128,0.500299,0.475039
0.323902,0.484753,0.470181
0.325373,0.490189,0.464787
0.065823,0.505096,0.435632
0.063734,0.499818,0.454216
0.075236,0.497285,0.497959
0.072778,0.504486,0.518123
0.085607,0.494700,0.524064
0.089597,0.486962,0.519392
0.083774,0.502001,0.519910
0.098512,0.498625,0.528899
0.094288,0.501615,0.527804
0.103795,0.500390,0.535347
0.107629,0.500834,0.528736
0.116461,0.488569,0.530921
0.122311,0.486200,0.533507
0.123507,0.502869,0.539051
0.129226,0.502458,0.537392
0.133886,0.498563,0.538850
0.144008,0.500316,0.536760
0.132389,0.501859,0.535454
0.143711,0.489846,0.538057
0.139834,0.491476,0.545109
0.156343,0.493685,0.538559
0.154733,0.508929,0.538465
0.164888,0.502056,0.535676
0.156270,0.492913,0.540854
0.165074,0.500659,0.523206
0.172473,0.504097,0.538837
0.169746,0.502992,0.520436
0.180826,0.508706,0.526160
0.188793,0.500753,0.529927
0.191519,0.499320,0.533229
0.189778,0.489406,0.530302
0.189437,0.498929,0.530529
0.203740,0.503731,0.530213
0.209394,0.507324,0.519953
0.214438,0.496238,0.524283
0.215052,0.500839,0.528613
0.218230,0.495935,0.532151
0.212731,0.505032,0.526266
0.226524,0.496742,0.530586
0.234466,0.494980,0.518629
0.237795,0.501695,0.516748
0.246026,0.499819,0.523535
0.244951,0.498271,0.535012
0.247022,0.504314,0.515626
0.252483,0.500295,0.517697
0.247244,0.496199,0.518861
0.255280,0.504656,0.531379
0.269721,0.497764,0.519234
0.267241,0.500619,0.521633
0.269841,0.494757,0.520282
0.274978,0.501731,0.522651
0.271408,0.495736,0.517924
0.282120,0.499552,0.504201
0.288560,0.494900,0.508690
0.288768,0.493395,0.500511
0.306112,0.499127,0.498228
0.310932,0.496791,0.498494
0.304824,0.499021,0.490798
0.315726,0.510985,0.486377
0.310312,0.497952,0.482152
0.310811,0.505890,0.477663
0.326057,0.499734,0.469564
0.321787,0.511080,0.453029
0.057127,0.514984,0.421454
0.061464,0.513336,0.444222
0.060559,0.503009,0.493263
0.071459,0.507804,0.505964
0.083903,0.502936,0.516342
0.082694,0.508933,0.520844
0.086108,0.495796,0.519594
0.096284,0.500649,0.517876
0.093952,0.500806,0.525889
0.103673,0.498288,0.522108
0.112049,0.508480,0.539020
0.116044,0.503555,0.533090
0.122033,0.503881,0.533402
0.119422,0.499792,0.537448
0.122808,0.506429,0.542248
0.124237,0.488606,0.533533
0.132000,0.493391,0.536296
0.131454,0.502057,0.538498
0.133879,0.506848,0.536815
0.139713,0.503430,0.543033
0.148452,0.506431,0.536829
0.148162,0.502553,0.536371
0.151740,0.502098,0.535131
0.154847,0.500011,0.542931
0.171060,0.502844,0.537953
0.162925,0.499055,0.533291
0.167452,0.506309,0.535717
0.169667,0.515431,0.536234
0.179692,0.504050,0.523158
0.189127,0.507364,0.531594
0.183753,0.497481,0.516653
0.187274,0.502369,0.528756
0.205503,0.502483,0.526530
0.199536,0.499270,0.526517
0.211269,0.500442,0.530623
0.214933,0.505751,0.533796
0.224649,0.502285,0.519853
0.227165,0.503971,0.526902
0.216513,0.503173,0.524797
0.219486,0.502831,0.526427
0.239478,0.497710,0.526694
0.233545,0.514767,0.528658
0.237049,0.505139,0.522219
0.246468,0.500929,0.523809
0.241134,0.501798,0.528150
0.244659,0.511919,0.527111
0.255697,0.504861,0.524068
0.249773,0.508117,0.515169
0.260769,0.506547,0.517865
0.267794,0.506127,0.522277
0.275547,0.505852,0.517660
0.280782,0.507718,0.517561
0.281441,0.497681,0.500921
0.282125,0.511468,0.508985
0.285873,0.505577,0.506213
0.297172,0.507781,0.497260
0.298206,0.497307,0.500916
0.304957,0.509669,0.495266
0.307838,0.500899,0.486090
0.295135,0.511081,0.487871
0.309769,0.496753,0.485011
0.320931,0.501588,0.475060
0.315181,0.510784,0.462218
0.322209,0.508878,0.444531
0.067407,0.511790,0.437912
0.061130,0.505243,0.462606
0.074718,0.500507,0.503916
0.077419,0.504681,0.502634
0.077675,0.509659,0.512389
0.083633,0.499307,0.522769
0.082681,0.506203,0.524491
0.083452,0.510428,0.522419
0.097955,0.509486,0.523665
0.099191,0.505065,0.532871
0.106992,0.507281,0.538031
0.110121,0.516830,0.545279
0.114850,0.502377,0.539806
0.124163,0.511757,0.539150
0.126147,0.509496,0.534080
0.117964,0.504083,0.532336
0.130917,0.503846,0.536918
0.132890,0.501444,0.547024
0.140177,0.513691,0.538968
0.144287,0.497759,0.549457
0.142482,0.502762,0.532064
0.146274,0.503473,0.540457
0.158660,0.513778,0.539292
0.154590,0.515894,0.543270
0.165577,0.506411,0.534459
0.164924,0.505675,0.544762
0.172464,0.505018,0.530886
0.175612,0.509524,0.532012
0.184554,0.500699,0.523084
0.183189,0.506564,0.529594
0.190478,0.504239,0.533745
0.195911,0.500556,0.523695
0.194615,0.506432,0.533724
0.200570,0.513917,0.518364
0.209282,0.506768,0.530744
0.194625,0.504043,0.528235
0.206904,0.513054,0.519924
0.214505,0.506900,0.534234
0.215106,0.499749,0.522111
0.223731,0.504249,0.517834
0.227790,0.506305,0.524156
0.233755,0.502345,0.533164
0.239791,0.517761,0.528249
0.241413,0.503054,0.510729
0.245455,0.513979,0.522481
0.243774,0.507381,0.519424
0.254282,0.500338,0.515190
0.261310,0.503489,0.525768
0.264612,0.504265,0.522278
0.270400,0.512202,0.515609
0.270305,0.493411,0.506391
0.274477,0.514505,0.517960
0.272629,0.503480,0.509904
0.289290,0.516665,0.508271
0.289137,0.509466,0.510530
0.287097,0.512468,0.503068
0.292930,0.510570,0.497106
0.292467,0.518008,0.503564
0.303011,0.516496,0.484880
0.305868,0.512619,0.482297
0.312187,0.506591,0.470887
0.311209,0.508345,0.463435
0.318718,0.506186,0.454673
0.050398,0.515063,0.437287
0.050457,0.513925,0.450263
0.065219,0.510465,0.467857
0.071409,0.510129,0.502457
0.073736,0.512427,0.500114
0.083542,0.517829,0.520561
0.087596,0.513333,0.517722
0.091211,0.514074,0.521908
0.081227,0.506260,0.529432
0.102920,0.514961,0.536478
0.096392,0.517531,0.536278
0.111829,0.512846,0.528836
0.114500,0.510774,0.535611
0.108483,0.519137,0.541272
0.123052,0.514850,0.536774
0.125950,0.518198,0.535674
0.129055,0.512611,0.547791
0.132813,0.512096,0.543541
0.136562,0.517902,0.542195
0.137306,0.513838,0.539529
0.134748,0.504374,0.539994
0.145963,0.515553,0.542143
0.149509,0.507373,0.535625
0.149284,0.515321,0.536359
0.161932,0.500558,0.545813
0.158979,0.505028,0.533859
0.167857,0.502419,0.534859
0.173898,0.512368,0.537482
0.177273,0.512775,0.527185
0.182367,0.519280,0.526813
0.186006,0.509485,0.535959
0.186090,0.513397,0.524372
0.190018,0.507282,0.529668
0.196890,0.510366,0.513660
0.207621,0.513185,0.522926
0.207909,0.506969,0.528045
0.202499,0.512311,0.520307
0.210743,0.506995,0.529690
0.215715,0.516237,0.534308
0.216772,0.512529,0.532485
0.219241,0.506071,0.526141
0.233507,0.502247,0.529163
0.226135,0.510168,0.519775
0.234747,0.515326,0.524366
0.234651,0.506359,0.519519
0.246761,0.497120,0.521569
0.253306,0.509999,0.519759
0.249006,0.505747,0.511976
0.260136,0.507557,0.516973
0.261702,0.512454,0.518579
0.263077,0.516129,0.520583
0.264293,0.509166,0.517151
0.270964,0.516692,0.517557
0.285411,0.517873,0.509352
0.279791,0.514835,0.514100
0.281009,0.522515,0.503428
0.288600,0.518548,0.503291
0.296504,0.509069,0.496335
0.298244,0.519172,0.494987
0.302740,0.507760,0.498750
0.306203,0.509111,0.485835
0.312787,0.517576,0.479811
0.325409,0.519808,0.462034
0.323642,0.521227,0.459342
0.050105,0.517949,0.420878
0.050401,0.520234,0.441091
0.068986,0.513050,0.457625
0.064172,0.525743,0.475238
0.075205,0.523679,0.495541
0.071188,0.517423,0.509742
0.082303,0.508137,0.507404
0.084175,0.521265,0.513481
0.080922,0.509010,0.511918
0.095808,0.515511,0.521622
0.101533,0.514426,0.523158
0.102926,0.510901,0.527348
0.106367,0.508164,0.526538
0.115356,0.512451,0.540201
0.115605,0.512297,0.538284
0.116063,0.519835,0.536646
0.118631,0.523499,0.537489
0.121581,0.514027,0.539109
0.129438,0.512250,0.538169
0.125289,0.524135,0.540776
0.132766,0.521730,0.538384
0.143272,0.510142,0.546195
0.149492,0.507865,0.553528
0.152063,0.510246,0.540455
0.154760,0.522536,0.537547
0.166159,0.516819,0.545452
0.163006,0.509469,0.539764
0.168372,0.509252,0.540497
0.169988,0.519881,0.535530
0.174932,0.522078,0.536004
0.173232,0.518782,0.530059
0.185967,0.518583,0.539188
0.191888,0.518315,0.528065
0.191865,0.513118,0.524049
0.203525,0.512070,0.530456
0.198263,0.518138,0.532025
0.200735,0.519803,0.530816
0.201109,0.509398,0.527386
0.198263,0.527638,0.530498
0.220250,0.510084,0.532557
0.217929,0.505698,0.519922
0.221840,0.524629,0.521065
0.232510,0.514931,0.526859
0.239669,0.519347,0.523706
0.231886,0.511964,0.529846
0.237238,0.511566,0.516384
0.249564,0.516877,0.517363
0.254924,0.523764,0.526249
0.253864,0.515731,0.511618
0.257333,0.511412,0.518243
0.258802,0.514296,0.517252
0.263468,0.517614,0.527028
0.273415,0.517684,0.517824
0.267480,0.521633,0.504790
0.272661,0.512631,0.503402
0.278579,0.513499,0.504887
0.282420,0.511759,0.501563
0.293616,0.524541,0.497107
0.299409,0.512149,0.503649
0.302310,0.521838,0.498282
0.300107,0.518872,0.480995
0.306621,0.520920,0.487931
0.305846,0.517267,0.469128
0.316833,0.520020,0.468971
0.316159,0.509939,0.462872
0.036909,0.524064,0.437513
0.052732,0.514226,0.453873
0.054614,0.526281,0.458332
0.074493,0.530694,0.480045
0.066214,0.519348,0.498489
0.075570,0.522848,0.500397
0.089812,0.532513,0.507352
0.085284,0.525288,0.515630
0.089964,0.521063,0.517744
0.086322,0.520436,0.522135
0.102489,0.513890,0.526630
0.100110,0.515227,0.531526
0.092021,0.524252,0.530399
0.105972,0.527409,0.539546
0.110813,0.516834,0.533499
0.119786,0.527706,0.547860
0.123651,0.524990,0.529112
0.127424,0.518447,0.532491
0.128422,0.515609,0.541939
0.134917,0.522311,0.539190
0.135456,0.522349,0.543360
0.149058,0.520362,0.543537
0.140855,0.511844,0.542494
0.144461,0.521069,0.543855
0.165495,0.522161,0.545208
0.165824,0.520007,0.541492
0.163734,0.522284,0.535283
0.163347,0.517614,0.541430
0.168544,0.516515,0.536235
0.179367,0.521320,0.526412
0.176309,0.524985,0.530932
0.188231,0.524499,0.527362
0.193565,0.520184,0.528655
0.193659,0.520701,0.523953
0.196218,0.531254,0.538869
0.193461,0.517752,0.527033
0.211153,0.524404,0.527483
0.214053,0.517080,0.526026
0.207368,0.517015,0.524369
0.217229,0.522493,0.520449
0.215229,0.515150,0.519406
0.225914,0.519939,0.522086
0.228271,0.520223,0.522930
0.235683,0.529385,0.523555
0.240113,0.528604,0.531590
0.244389,0.518009,0.515903
0.235057,0.523313,0.524923
0.242354,0.519352,0.521955
0.254505,0.519839,0.521025
0.258943,0.517788,0.514846
0.253878,0.517536,0.518684
0.263922,0.524366,0.520739
0.272878,0.527819,0.523002
0.275292,0.521013,0.514826
0.277995,0.518946,0.511053
0.276762,0.520996,0.511216
0.285719,0.524484,0.505775
0.292199,0.519077,0.511713
0.297183,0.519267,0.499437
0.298019,0.514510,0.486982
0.317472,0.523948,0.491064
0.320578,0.528315,0.487250
0.316310,0.516841,0.473108
0.318971,0.516686,0.458771
0.325190,0.523401,0.451112
0.051476,0.534326,0.437256
0.059089,0.532539,0.450648
0.050732,0.523288,0.446356
0.066922,0.530395,0.460215
0.060937,0.523700,0.487096
0.071851,0.521667,0.492961
0.075055,0.528172,0.506369
0.084572,0.526916,0.499167
0.083804,0.532444,0.511998
0.088382,0.521173,0.518144
0.091135,0.519604,0.521361
0.098664,0.516944,0.523512
0.089356,0.525942,0.532843
0.103909,0.519316,0.536584
0.101321,0.529020,0.535223
0.115010,0.525369,0.529052
0.124030,0.515287,0.533778
0.124972,0.517611,0.526841
0.126725,0.528776,0.538818
0.139446,0.528667,0.536536
0.140103,0.532283,0.538492
0.143091,0.522503,0.533331
0.138038,0.531248,0.535129
0.150896,0.531495,0.539540
0.157068,0.525734,0.533972
0.155243,0.520995,0.539882
0.155313,0.520390,0.544119
0.166244,0.521713,0.537660
0.163382,0.524034,0.544708
0.174777,0.525022,0.537575
0.167299,0.518915,0.526608
0.182447,0.523056,0.528328
0.184147,0.528033,0.526228
0.196344,0.527441,0.535823
0.191809,0.524714,0.530310
0.199624,0.526786,0.525413
0.199259,0.522374,0.532129
0.200360,0.522598,0.522483
0.203813,0.538731,0.528870
0.214959,0.524277,0.524010
0.211956,0.529418,0.523689
0.225142,0.527388,0.532565
0.230605,0.524845,0.526984
0.234750,0.536256,0.527609
0.227679,0.513211,0.521896
0.239723,0.524341,0.526538
0.243646,0.514327,0.534320
0.247598,0.525276,0.523427
0.257591,0.530636,0.527665
0.256584,0.527932,0.517199
0.256899,0.515012,0.520429
0.265541,0.515801,0.531358
0.267379,0.528008,0.523757
0.281117,0.532830,0.525987
0.277392,0.531434,0.524140
0.285332,0.526512,0.514540
0.274840,0.521184,0.523078
0.290995,0.525417,0.509621
0.290145,0.525591,0.515252
0.287138,0.523494,0.510063
0.294221,0.527332,0.498520
0.304550,0.533602,0.490586
0.300715,0.531658,0.469801
0.313483,0.522807,0.475521
0.310462,0.527970,0.464337
0.320666,0.530198,0.444053
0.043211,0.545421,0.416763
0.047949,0.545648,0.432715
0.056158,0.540675,0.446817
0.045289,0.533017,0.467121
0.064689,0.534657,0.488989
0.067563,0.532410,0.483047
0.066625,0.534799,0.501110
0.074844,0.525590,0.503560
0.084680,0.530439,0.511628
0.082141,0.532496,0.510305
0.087729,0.534201,0.514924
0.089503,0.526534,0.524773
0.096818,0.532394,0.515222
0.094408,0.540686,0.533711
0.103816,0.522678,0.531493
0.117306,0.526710,0.528635
0.109768,0.521442,0.543019
0.124044,0.525478,0.538089
0.123387,0.524888,0.541047
0.121227,0.526757,0.535162
0.131233,0.536929,0.544527
0.141361,0.527800,0.539223
0.135705,0.521806,0.529935
0.139927,0.532977,0.548610
0.148673,0.527392,0.536469
0.156989,0.515090,0.528112
0.156709,0.527863,0.536851
0.163800,0.528745,0.539032
0.161156,0.527027,0.542829
0.165520,0.531132,0.539969
0.175297,0.530563,0.538449
0.180182,0.526491,0.536677
0.181819,0.522764,0.529657
0.175450,0.529925,0.528267
0.184025,0.529736,0.539252
0.193480,0.527313,0.519375
0.198347,0.522458,0.530782
0.204444,0.525518,0.524076
0.210701,0.528089,0.536466
0.210465,0.525787,0.538925
0.224365,0.534344,0.530013
0.222388,0.529382,0.528412
0.220312,0.525781,0.525657
0.229243,0.525810,0.512601
0.217829,0.533608,0.527581
0.234340,0.528568,0.535449
0.226097,0.536955,0.524262
0.248181,0.525599,0.533007
0.245060,0.541792,0.530127
0.248277,0.537476,0.525966
0.255219,0.526945,0.530091
0.263453,0.524458,0.533468
0.260231,0.527228,0.525807
0.273699,0.525533,0.529347
0.266013,0.524725,0.525590
0.272161,0.534872,0.514009
0.276706,0.537974,0.525846
0.286161,0.529052,0.517063
0.282548,0.533953,0.520238
0.294438,0.525591,0.508270
0.296740,0.532785,0.509625
0.304445,0.529993,0.500991
0.292227,0.529238,0.510852
0.306437,0.527830,0.492199
0.311744,0.531913,0.475454
0.321254,0.539068,0.460129
0.037757,0.532436,0.418188
0.047778,0.541703,0.432133
0.052583,0.540980,0.443298
0.054609,0.543028,0.463647
0.063776,0.536154,0.482871
0.061596,0.538594,0.486918
0.072142,0.539602,0.496344
0.067800,0.530585,0.498753
0.077404,0.535439,0.497797
0.083047,0.541150,0.507398
0.089047,0.537523,0.509117
0.085012,0.531306,0.517436
0.088359,0.532690,0.520180
0.092698,0.527258,0.518499
0.100696,0.535018,0.528023
0.109426,0.535754,0.527816
0.110994,0.530941,0.529101
0.121020,0.518721,0.532165
0.121254,0.529499,0.538302
0.124239,0.540810,0.541655
0.123600,0.535180,0.530508
0.119504,0.528335,0.535228
0.139530,0.530392,0.524064
0.146947,0.531941,0.538311
0.132994,0.529510,0.540222
0.142404,0.519228,0.543459
0.146485,0.526230,0.540085
0.155142,0.534466,0.536420
0.157360,0.540052,0.530366
0.170943,0.535643,0.533926
0.166878,0.534783,0.535606
0.169361,0.544082,0.530155
0.168424,0.529121,0.535576
0.176353,0.534439,0.521767
0.173003,0.534999,0.527722
0.186697,0.537999,0.526799
0.193143,0.536837,0.526143
0.193350,0.528078,0.518088
0.204404,0.532031,0.520086
0.201565,0.533210,0.526526
0.201470,0.531509,0.523147
0.213982,0.529536,0.522792
0.209523,0.537838,0.511617
0.219824,0.534944,0.527198
0.224545,0.537603,0.530068
0.237961,0.537166,0.529955
0.233191,0.533662,0.529899
0.241733,0.534129,0.536479
0.251639,0.537193,0.532713
0.236534,0.536141,0.530494
0.243383,0.526513,0.529236
0.267248,0.534506,0.525610
0.259850,0.542302,0.527698
0.262656,0.539535,0.528632
0.258671,0.543948,0.528081
0.270724,0.534866,0.517431
0.272689,0.532965,0.525074
0.278755,0.536908,0.522429
0.285768,0.535891,0.518931
0.283957,0.532740,0.526295
0.282164,0.527853,0.522747
0.296007,0.533552,0.515502
0.298850,0.545321,0.505878
0.309626,0.537257,0.506604
0.311668,0.534092,0.502781
0.307643,0.541774,0.483683
0.324080,0.543069,0.459367
0.037131,0.540483,0.433165
0.032968,0.541173,0.447670
0.041444,0.549025,0.446366
0.050411,0.539283,0.468672
0.056642,0.546271,0.477397
0.062610,0.546078,0.484476
0.063285,0.537804,0.499272
0.070741,0.541852,0.492166
0.081466,0.547069,0.504856
0.079720,0.542923,0.504161
0.084740,0.537870,0.498099
0.087196,0.539293,0.516835
0.087169,0.541038,0.515416
0.095699,0.543063,0.513826
0.100139,0.542326,0.521596
0.099704,0.528421,0.524116
0.104637,0.536044,0.532871
0.117308,0.534580,0.527406
0.124507,0.540803,0.533327
0.126665,0.542507,0.533363
0.117595,0.539848,0.529151
0.120889,0.535854,0.524199
0.141963,0.538677,0.527256
0.138870,0.536730,0.536435
0.137581,0.529929,0.525373
0.145532,0.538810,0.535126
0.150951,0.531912,0.538621
0.144001,0.544251,0.537359
0.155664,0.535631,0.531057
0.164924,0.537487,0.531307
0.159261,0.534863,0.537872
0.170262,0.538677,0.530786
0.184879,0.536514,0.535045
0.179350,0.540109,0.518933
0.173220,0.539524,0.529084
0.191948,0.543246,0.528374
0.195057,0.534812,0.531932
0.180375,0.537565,0.525076
0.205179,0.534775,0.528768
0.208156,0.543019,0.528174
0.214765,0.536671,0.529304
0.211994,0.536856,0.522250
0.213611,0.539682,0.521661
0.225917,0.533636,0.523361
0.219872,0.532925,0.529068
0.233944,0.534177,0.524603
0.236769,0.540413,0.521131
0.240428,0.544659,0.533242
0.237123,0.541020,0.523932
0.248108,0.534138,0.529671
0.256760,0.537735,0.529452
0.255209,0.540314,0.539653
0.257783,0.538116,0.532318
0.257669,0.530737,0.528018
0.265053,0.544158,0.527036
0.270212,0.539419,0.532187
0.269158,0.542190,0.530194
0.277932,0.527830,0.527173
0.286190,0.535705,0.529005
0.285795,0.544435,0.526887
0.282847,0.541639,0.521146
0.292500,0.541997,0.517080
0.306331,0.535535,0.509717
0.304142,0.544720,0.502023
0.302272,0.539878,0.501364
0.319315,0.546046,0.495883
0.313176,0.535379,0.460388
0.024649,0.549294,0.393210
0.035997,0.550245,0.430350
0.047486,0.544076,0.445605
0.050511,0.547752,0.461219
0.054531,0.548536,0.468228
0.064930,0.552836,0.474875
0.057391,0.546200,0.489141
0.074178,0.538206,0.488442
0.074609,0.547516,0.493769
0.065115,0.552242,0.506173
0.084284,0.543919,0.500569
0.090520,0.549014,0.510571
0.082510,0.543699,0.511068
0.089416,0.544793,0.511057
0.095512,0.544340,0.517910
0.094541,0.546135,0.503932
0.107180,0.548112,0.526244
0.113641,0.543936,0.523042
0.116603,0.539509,0.522673
0.126130,0.538007,0.521291
0.129302,0.544578,0.527390
0.130162,0.550377,0.524909
0.128152,0.540663,0.531877
0.135483,0.544993,0.529930
0.146825,0.545089,0.532560
0.142130,0.540575,0.523178
0.153237,0.542656,0.533355
0.152670,0.551134,0.531311
0.155429,0.540659,0.527405
0.149973,0.543854,0.530813
0.163695,0.541791,0.532027
0.165933,0.541269,0.531065
0.165906,0.547201,0.535460
0.181991,0.540910,0.529528
0.194477,0.534838,0.530664
0.188144,0.535098,0.523856
0.191875,0.540603,0.532609
0.191809,0.543832,0.526356
0.196308,0.546215,0.519801
0.197222,0.544511,0.527373
0.196974,0.542861,0.532140
0.196242,0.544108,0.531497
0.208370,0.541154,0.519669
0.219351,0.549702,0.523910
0.214514,0.540218,0.528253
0.226953,0.542704,0.530403
0.230588,0.533122,0.538749
0.241552,0.545317,0.532539
0.235086,0.539885,0.540324
0.235349,0.535373,0.527266
0.233564,0.537407,0.534454
0.250267,0.541713,0.535850
0.247694,0.532551,0.527789
0.259384,0.551133,0.536710
0.263809,0.549433,0.531105
0.258370,0.548051,0.538800
0.260482,0.532771,0.534993
0.262859,0.544257,0.538196
0.276785,0.544100,0.522124
0.285550,0.543505,0.519233
0.290075,0.548339,0.523591
0.294597,0.542295,0.513710
0.285169,0.549009,0.522940
0.300512,0.547778,0.520335
0.306090,0.544757,0.517474
0.322497,0.540445,0.500377
0.317374,0.543857,0.495408
0.313492,0.546573,0.461566
0.035356,0.552102,0.427396
0.033116,0.545218,0.449363
0.043494,0.546868,0.467429
0.048659,0.550841,0.474058
0.053510,0.551515,0.473018
0.058370,0.549943,0.492423
0.058279,0.546253,0.481796
0.060888,0.543016,0.491866
0.058411,0.555810,0.493935
0.074454,0.554384,0.492614
0.078800,0.554199,0.493965
0.079413,0.549177,0.510756
0.094185,0.545321,0.519513
0.086997,0.541144,0.506479
0.093806,0.546341,0.507467
0.101971,0.550859,0.512923
0.100679,0.557855,0.515748
0.112303,0.545872,0.528986
0.109448,0.547377,0.524433
0.110953,0.548746,0.529633
0.123566,0.550524,0.524644
0.126916,0.552494,0.527307
0.132717,0.539423,0.535382
0.131438,0.549582,0.522832
0.141639,0.546486,0.529981
0.148559,0.548325,0.528026
0.135080,0.541913,0.531208
0.144115,0.547892,0.537533
0.160934,0.546277,0.537196
0.165796,0.536936,0.535403
0.170275,0.540406,0.536466
0.162513,0.546847,0.534066
0.173761,0.540237,0.526750
0.173617,0.543999,0.539339
0.182411,0.549801,0.528166
0.181309,0.548928,0.521845
0.190204,0.556637,0.515988
0.197327,0.549799,0.525250
0.194038,0.539373,0.526787
0.192518,0.548656,0.525797
0.210966,0.544315,0.524043
0.202336,0.549032,0.524226
0.216635,0.542940,0.521998
0.212437,0.549333,0.528210
0.218169,0.540686,0.525029
0.230158,0.546584,0.523020
0.223155,0.549668,0.526385
0.232288,0.553651,0.523925
0.236738,0.542439,0.530922
0.238470,0.553877,0.524540
0.242110,0.556862,0.529193
0.244012,0.551189,0.532548
0.249662,0.546103,0.534547
0.264843,0.546238,0.528841
0.251337,0.541451,0.537484
0.258389,0.552550,0.529828
0.271760,0.549172,0.527566
0.266314,0.550092,0.526264
0.281425,0.548690,0.522250
0.280040,0.550206,0.523947
0.286540,0.550554,0.532798
0.289960,0.539545,0.529947
0.297867,0.537447,0.521997
0.294152,0.539056,0.523755
0.300493,0.551750,0.510571
0.305696,0.552276,0.512294
0.312544,0.547255,0.503604
0.313589,0.548462,0.488010
0.035099,0.553820,0.444210
0.037890,0.554419,0.451703
0.041933,0.557747,0.468386
0.049321,0.557667,0.472111
0.045554,0.544205,0.481797
0.047340,0.558370,0.491934
0.055395,0.556806,0.485869
0.071271,0.560133,0.489250
0.074140,0.558416,0.497110
0.064406,0.557828,0.498225
0.078414,0.558317,0.494858
0.080912,0.543575,0.500448
0.081984,0.553472,0.517108
0.094085,0.552328,0.513870
0.102435,0.556025,0.502411
0.104294,0.555111,0.507997
0.102683,0.551804,0.518104
0.120683,0.561110,0.511840
0.115402,0.555432,0.523667
0.123378,0.559150,0.526366
0.124378,0.562045,0.521639
0.125183,0.550620,0.524595
0.131303,0.543292,0.519261
0.128066,0.552963,0.520840
0.130522,0.556212,0.531903
0.144277,0.552106,0.530728
0.147800,0.544346,0.531524
0.144901,0.549003,0.533553
0.152059,0.544967,0.529440
0.160443,0.540433,0.533108
0.162482,0.545874,0.538245
0.161059,0.551194,0.528856
0.168870,0.540591,0.526412
0.179917,0.567588,0.529618
0.181149,0.553990,0.525183
0.192338,0.557624,0.525984
0.188342,0.555149,0.528122
0.184885,0.562312,0.526205
0.192583,0.552570,0.528886
0.198202,0.548189,0.516704
0.199882,0.553398,0.519679
0.198169,0.551726,0.521456
0.214267,0.548099,0.521827
0.216832,0.552572,0.529269
0.222751,0.554229,0.527251
0.230932,0.555255,0.526415
0.231357,0.550794,0.525709
0.231298,0.548931,0.530805
0.237273,0.543976,0.534758
0.243012,0.551028,0.531138
0.241893,0.536985,0.533167
0.251821,0.552971,0.538707
0.248366,0.553315,0.537637
0.259635,0.549070,0.522918
0.263545,0.549152,0.526330
0.268156,0.543998,0.528497
0.270767,0.542326,0.528390
0.268732,0.548970,0.535327
0.282664,0.556134,0.524373
0.277786,0.550420,0.532471
0.284386,0.550646,0.527895
0.290607,0.556252,0.529410
0.295052,0.556211,0.502340
0.303619,0.558736,0.508906
0.296562,0.546939,0.519375
0.301246,0.553296,0.503790
0.305834,0.550770,0.504468
0.327548,0.558550,0.500413
0.025490,0.568729,0.396241
0.029447,0.570283,0.456205
0.033857,0.553027,0.473086
0.045313,0.554454,0.474841
0.043217,0.562941,0.473264
0.054347,0.559176,0.476767
0.065062,0.559563,0.484336
0.062165,0.553138,0.485248
0.065380,0.562791,0.489710
0.070886,0.548165,0.492526
0.073256,0.562330,0.503373
0.089137,0.560779,0.498357
0.077614,0.564629,0.494281
0.087924,0.555902,0.505439
0.088720,0.554859,0.507095
0.088635,0.558754,0.512194
0.098202,0.554517,0.514053
0.107875,0.556596,0.513910
0.106244,0.558839,0.514441
0.121579,0.556457,0.520983
0.118227,0.564849,0.511925
0.118225,0.547619,0.522052
0.128694,0.559768,0.519877
0.125972,0.546363,0.519406
0.137659,0.567159,0.527529
0.134920,0.557122,0.532696
0.148908,0.549655,0.513116
0.142637,0.553155,0.525646
0.152162,0.552066,0.531000
0.152673,0.557826,0.527907
0.167352,0.548171,0.516999
0.165808,0.553196,0.524364
0.173564,0.553248,0.523029
0.170117,0.554011,0.526595
0.175853,0.557530,0.523858
0.183744,0.555665,0.528280
0.174832,0.557688,0.522529
0.185476,0.558472,0.528293
0.189429,0.557499,0.522904
0.198628,0.565862,0.527440
0.202628,0.549665,0.519835
0.198785,0.562988,0.515011
0.210456,0.551592,0.523985
0.218452,0.559977,0.525367
0.214307,0.559690,0.527467
0.225848,0.560044,0.522916
0.230160,0.550909,0.530374
0.239749,0.550001,0.534312
0.231483,0.557453,0.535312
0.235345,0.558040,0.531324
0.232945,0.551759,0.534240
0.241191,0.554093,0.536068
0.245584,0.556761,0.536133
0.256850,0.554564,0.536033
0.253627,0.559919,0.534090
0.257922,0.546363,0.535459
0.259291,0.564712,0.527289
0.272282,0.549876,0.527598
0.278421,0.560022,0.531457
0.268707,0.553663,0.519639
0.291460,0.556898,0.527891
0.289695,0.558965,0.525821
0.294614,0.553262,0.521487
0.291460,0.554062,0.516650
0.306494,0.554206,0.519483
0.306844,0.551782,0.512698
0.305678,0.558226,0.517136
0.309940,0.554144,0.506090
0.318667,0.561515,0.496719
0.025717,0.567699,0.444561
0.050174,0.569343,0.463993
0.045295,0.561218,0.468163
0.049090,0.563888,0.482856
0.050354,0.560929,0.488236
0.047581,0.560753,0.484288
0.064137,0.563791,0.474718
0.060067,0.555540,0.489127
0.068666,0.572164,0.493277
0.061920,0.570860,0.486524
0.094179,0.558982,0.488183
0.087354,0.567909,0.498109
0.086228,0.558429,0.492456
0.082699,0.568297,0.504324
0.092220,0.570987,0.500866
0.102994,0.563256,0.505412
0.093022,0.569764,0.507316
0.099111,0.562953,0.512544
0.111832,0.562160,0.509039
0.114737,0.567032,0.517642
0.114430,0.561604,0.512650
0.122196,0.556111,0.522637
0.123252,0.566722,0.524016
0.130770,0.556513,0.525730
0.131186,0.555427,0.510652
0.135832,0.563398,0.523052
0.142731,0.560872,0.529290
0.149541,0.554060,0.538946
0.161133,0.559137,0.532338
0.149102,0.558059,0.534942
0.148932,0.555338,0.522505
0.164767,0.566724,0.520684
0.171757,0.550820,0.527094
0.171244,0.568479,0.523462
0.174905,0.570558,0.520694
0.179955,0.559560,0.527811
0.190310,0.568910,0.519281
0.194760,0.563288,0.535502
0.197181,0.558651,0.525314
0.192699,0.565845,0.525297
0.202443,0.560711,0.526093
0.205077,0.564032,0.529920
0.203126,0.567802,0.522694
0.207222,0.549737,0.527318
0.212397,0.568360,0.528837
0.222080,0.557068,0.523521
0.223424,0.572408,0.533512
0.223366,0.555456,0.529273
0.229692,0.556987,0.529887
0.231963,0.562686,0.530165
0.238419,0.564025,0.529492
0.254275,0.565148,0.532639
0.247244,0.553848,0.532899
0.255708,0.562942,0.533098
0.259486,0.557378,0.527915
0.257870,0.562825,0.517611
0.265777,0.552501,0.531472
0.279014,0.556450,0.532551
0.277786,0.555758,0.520143
0.271394,0.556763,0.531446
0.279716,0.556414,0.532722
0.283610,0.563499,0.525832
0.295575,0.561975,0.523324
0.286831,0.564855,0.522188
0.302833,0.562950,0.506578
0.309807,0.561019,0.511509
0.304772,0.551431,0.511233
0.309740,0.562532,0.501814
0.308108,0.561518,0.497759
0.023027,0.565716,0.467617
0.035984,0.566205,0.480128
0.039164,0.567721,0.473336
0.051458,0.576307,0.471219
0.045723,0.562325,0.487084
0.047258,0.571365,0.491269
0.046678,0.558626,0.480948
0.066149,0.561359,0.487151
0.069280,0.569400,0.488082
0.071066,0.575154,0.494386
0.078373,0.564177,0.496899
0.078795,0.569831,0.486564
0.087917,0.566934,0.499294
0.085335,0.564770,0.497959
0.095164,0.572107,0.504466
0.098437,0.569605,0.498734
0.105042,0.567141,0.508679
0.104419,0.564953,0.508821
0.115566,0.566655,0.499906
0.117365,0.563396,0.511230
0.120750,0.566127,0.511778
0.116435,0.563323,0.516981
0.130466,0.561642,0.514273
0.123144,0.570155,0.535504
0.142259,0.560635,0.528885
0.142519,0.559244,0.530344
0.146348,0.565545,0.519771
0.148528,0.566961,0.524381
0.147797,0.574108,0.534566
0.157218,0.564977,0.532521
0.155096,0.561162,0.524442
0.166621,0.569297,0.527675
0.165533,0.565482,0.533704
0.172621,0.573454,0.522539
0.182642,0.566536,0.530168
0.181532,0.564391,0.522884
0.189727,0.566568,0.523341
0.190104,0.565528,0.521343
0.188756,0.563834,0.523938
0.198260,0.564039,0.519506
0.196233,0.564026,0.520313
0.203981,0.562783,0.519776
0.207371,0.556439,0.522768
0.210472,0.563434,0.530922
0.210186,0.566576,0.531234
0.218486,0.565202,0.516896
0.225507,0.568268,0.536765
0.232068,0.560159,0.540935
0.231485,0.565126,0.526038
0.233164,0.569023,0.527730
0.240776,0.556704,0.533203
0.244989,0.561128,0.521989
0.247792,0.574518,0.517085
0.256109,0.565806,0.528741
0.253333,0.570399,0.523201
0.262438,0.570462,0.528871
0.259006,0.562640,0.521407
0.276950,0.569228,0.530420
0.274899,0.559366,0.528736
0.275611,0.564385,0.515356
0.279225,0.571393,0.520181
0.281506,0.567496,0.520546
0.287638,0.565429,0.518387
0.298768,0.574736,0.519789
0.301888,0.567049,0.518345
0.301979,0.572360,0.512173
0.311557,0.573119,0.512614
0.315951,0.564175,0.500633
0.316039,0.567628,0.493753
0.024751,0.577537,0.415179
0.030195,0.571696,0.476988
0.029923,0.569101,0.478805
0.030473,0.569280,0.475837
0.042735,0.566885,0.477346
0.044786,0.574791,0.478015
0.058432,0.573102,0.484507
0.062327,0.566447,0.484003
0.062603,0.569102,0.492423
0.067458,0.568649,0.495163
0.073538,0.571189,0.485273
0.077031,0.575522,0.506632
0.077030,0.578067,0.499116
0.083277,0.568390,0.503719
0.082495,0.573304,0.501854
0.093145,0.568505,0.505805
0.085736,0.569173,0.502565
0.100515,0.572163,0.510093
0.106864,0.571142,0.509865
0.107597,0.566320,0.510706
0.112013,0.571970,0.508051
0.117853,0.567364,0.522067
0.118187,0.566332,0.499292
0.123800,0.560789,0.512917
0.134218,0.576083,0.522857
0.132677,0.578482,0.515969
0.137487,0.570804,0.525339
0.148638,0.569981,0.517573
0.144219,0.574462,0.515757
0.152039,0.566136,0.520554
0.155802,0.573667,0.523947
0.154415,0.566113,0.529593
0.168540,0.564670,0.521694
0.168503,0.567604,0.523765
0.175328,0.572058,0.526830
0.181559,0.565366,0.525761
0.174565,0.573219,0.521465
0.182929,0.573572,0.521999
0.190821,0.569747,0.522485
0.187699,0.572577,0.524311
0.189918,0.564300,0.517358
0.193275,0.573553,0.520854
0.200580,0.577846,0.526651
0.206765,0.569595,0.525706
0.202233,0.569925,0.526307
0.217600,0.575828,0.531596
0.220415,0.569319,0.530002
0.221228,0.570951,0.532391
0.235775,0.576195,0.534875
0.236924,0.560695,0.533792
0.226328,0.567000,0.527521
0.237468,0.576333,0.530178
0.247788,0.571424,0.521498
0.244897,0.565036,0.530389
0.254959,0.568714,0.525818
0.248138,0.570728,0.525497
0.260408,0.569196,0.525709
0.263800,0.575392,0.522683
0.264237,0.573798,0.522829
0.269238,0.572048,0.523347
0.273952,0.568603,0.522667
0.284664,0.564382,0.522523
0.290288,0.565892,0.525492
0.286647,0.578736,0.510134
0.299989,0.560204,0.512905
0.300041,0.562941,0.511800
0.306039,0.562834,0.510201
0.305553,0.573214,0.494742
0.312727,0.572961,0.497991
0.319785,0.575213,0.498267
0.024954,0.572799,0.461598
0.029775,0.571732,0.466220
0.034340,0.574218,0.470847
0.041008,0.574304,0.477485
0.050030,0.578918,0.473770
0.040580,0.579723,0.478793
0.051989,0.572100,0.492465
0.050594,0.572651,0.479792
0.061586,0.580904,0.486692
0.065196,0.578141,0.492664
0.072075,0.574449,0.499916
0.067345,0.573528,0.497109
0.077136,0.580335,0.488712
0.071728,0.574014,0.497855
0.091273,0.581424,0.503206
0.092504,0.573338,0.504806
0.091366,0.580143,0.505627
0.099124,0.568190,0.499767
0.103246,0.570630,0.502078
0.109334,0.574047,0.503942
0.109477,0.569522,0.509304
0.118050,0.581153,0.509611
0.113808,0.575681,0.528271
0.119340,0.571818,0.516250
0.126447,0.568611,0.512723
0.136571,0.572430,0.513100
0.127831,0.583963,0.516930
0.136781,0.569496,0.514543
0.144941,0.571372,0.524434
0.153124,0.570799,0.515060
0.162274,0.571638,0.517388
0.159702,0.573744,0.513517
0.162474,0.566468,0.526162
0.160493,0.578232,0.520170
0.164300,0.574121,0.523510
0.178791,0.578958,0.523811
0.184344,0.577878,0.521266
0.184597,0.572973,0.527059
0.192416,0.565878,0.513708
0.190256,0.572717,0.521838
0.195800,0.568428,0.524303
0.191876,0.575032,0.508354
0.191764,0.564022,0.531982
0.206411,0.568683,0.530985
0.211134,0.578555,0.518266
0.218192,0.575143,0.531692
0.222020,0.574117,0.521806
0.227151,0.569563,0.523363
0.228599,0.572413,0.524370
0.231750,0.572369,0.524898
0.232887,0.570551,0.519289
0.251532,0.582881,0.530011
0.241116,0.570973,0.525044
0.251368,0.577611,0.528275
0.253849,0.572786,0.529225
0.257594,0.580132,0.524500
0.256143,0.574887,0.515871
0.262259,0.577877,0.521129
0.268101,0.568651,0.523080
0.275036,0.573104,0.516771
0.276192,0.578085,0.515388
0.285664,0.578479,0.520007
0.288404,0.568416,0.521454
0.298243,0.575212,0.517277
0.295018,0.564641,0.515526
0.302995,0.579274,0.507772
0.306716,0.578378,0.498511
0.301349,0.571548,0.506324
0.312102,0.577524,0.495821
0.316533,0.580501,0.478761
0.010121,0.583880,0.370396
0.027967,0.574919,0.475128
0.035256,0.582696,0.472681
0.036583,0.572792,0.479272
0.040661,0.570875,0.483170
0.039530,0.582152,0.481002
0.059659,0.577425,0.486190
0.049985,0.575268,0.483084
0.053526,0.583797,0.492395
0.059270,0.584336,0.497271
0.070179,0.581849,0.491219
0.069122,0.587157,0.499514
0.077067,0.576118,0.495665
0.066319,0.584388,0.498951
0.082307,0.580377,0.495683
0.084233,0.576582,0.492604
0.085098,0.586705,0.510409
0.089171,0.583926,0.499020
0.104626,0.567545,0.502591
0.100658,0.581357,0.503517
0.112732,0.582440,0.508285
0.114083,0.571311,0.507233
0.112673,0.573751,0.512417
0.126341,0.579986,0.505751
0.118259,0.581674,0.525422
0.129695,0.585089,0.520637
0.128321,0.581131,0.519059
0.133053,0.573607,0.515990
0.143704,0.584992,0.518828
0.145197,0.580132,0.515462
0.150758,0.588904,0.508783
0.157284,0.569400,0.531779
0.157944,0.580095,0.518904
0.184594,0.570872,0.523796
0.152610,0.580148,0.528979
0.172609,0.571007,0.510342
0.167582,0.591154,0.522276
0.171598,0.579796,0.523698
0.187338,0.575693,0.526176
0.192961,0.572772,0.524236
0.189751,0.567967,0.518793
0.194031,0.582885,0.520372
0.212242,0.580657,0.530975
0.205916,0.579167,0.523584
0.198151,0.573418,0.522592
0.210174,0.575233,0.521636
0.214527,0.570470,0.526273
0.214287,0.573343,0.521496
0.231216,0.572480,0.523776
0.227947,0.578705,0.535925
0.238288,0.579159,0.524237
0.234984,0.585084,0.518665
0.242746,0.567607,0.528176
0.235735,0.578372,0.519658
0.249376,0.591742,0.520222
0.250786,0.580078,0.523690
0.252046,0.577937,0.511355
0.259927,0.578355,0.533580
0.272087,0.585948,0.517798
0.276530,0.581371,0.522682
0.275817,0.581829,0.520847
0.275067,0.572769,0.520394
0.277162,0.583835,0.522085
0.283017,0.583219,0.512401
0.293180,0.586165,0.524738
0.295639,0.582752,0.510714
0.293227,0.586331,0.518871
0.306002,0.576097,0.504400
0.302820,0.588204,0.502182
0.305957,0.584365,0.494149
0.320028,0.579150,0.482536
0.022916,0.588686,0.418395
0.027568,0.581377,0.470256
0.023859,0.594226,0.479773
0.038121,0.587491,0.473160
0.037994,0.587962,0.476926
0.041862,0.585922,0.480285
0.055224,0.586782,0.480933
0.050371,0.581944,0.480651
0.063884,0.595815,0.477911
0.060740,0.589468,0.485524
0.066704,0.583553,0.491560
0.060755,0.582197,0.500204
0.070435,0.589652,0.486120
0.085554,0.574806,0.494319
0.078813,0.579790,0.498945
0.090514,0.580124,0.497728
0.092861,0.593330,0.502780
0.087953,0.595307,0.492624
0.100896,0.580314,0.500564
0.097342,0.580364,0.501521
0.102613,0.576170,0.496014
0.117416,0.595215,0.512275
0.112180,0.584486,0.512366
0.122189,0.589879,0.502218
0.127287,0.580931,0.508164
0.125411,0.582896,0.508825
0.139447,0.589150,0.514992
0.146031,0.580653,0.508892
0.133266,0.583982,0.527567
0.142994,0.578164,0.523564
0.160453,0.576725,0.520430
0.158484,0.581540,0.525511
0.156633,0.579552,0.515547
0.158306,0.584443,0.519747
0.166244,0.595463,0.521470
0.175732,0.577528,0.507050
0.171113,0.583408,0.517610
0.170298,0.586349,0.527905
0.178254,0.582526,0.526153
0.193735,0.582829,0.521729
0.188542,0.586272,0.514645
0.202170,0.577460,0.524830
0.198237,0.581824,0.525715
0.198760,0.584331,0.522096
0.205348,0.584015,0.528603
0.207611,0.592792,0.526632
0.213582,0.585430,0.514160
0.220072,0.579051,0.516380
0.219847,0.578236,0.528226
0.231997,0.580112,0.521393
0.241934,0.583311,0.522771
0.239015,0.584417,0.522175
0.231688,0.587162,0.522091
0.247844,0.579302,0.522426
0.243099,0.585014,0.517919
0.252094,0.583856,0.520165
0.257681,0.578091,0.530924
0.253989,0.585781,0.509852
0.260781,0.570323,0.530083
0.270545,0.585672,0.524065
0.278148,0.577744,0.519040
0.280319,0.585888,0.514366
0.278767,0.582150,0.514067
0.290427,0.586659,0.519406
0.296205,0.585702,0.506089
0.296597,0.586902,0.507394
0.304745,0.581228,0.504730
0.293131,0.573532,0.505114
0.308329,0.582919,0.499093
0.311084,0.587564,0.489216
0.318764,0.591486,0.478120
0.026257,0.592107,0.474995
0.026353,0.599968,0.472729
0.023327,0.589903,0.481783
0.041816,0.588366,0.479797
0.041868,0.586897,0.477438
0.035558,0.582868,0.473996
0.047018,0.595305,0.480709
0.054108,0.583490,0.483628
0.056992,0.592350,0.487485
0.060763,0.590568,0.478513
0.068179,0.591520,0.484971
0.073741,0.590826,0.492416
0.069429,0.587183,0.496271
0.090797,0.592822,0.501082
0.083054,0.592024,0.492625
0.095171,0.594038,0.497219
0.092611,0.580898,0.503640
0.089497,0.588573,0.503655
0.108500,0.583270,0.499813
0.106143,0.595824,0.501421
0.111698,0.590753,0.499458
0.105530,0.591105,0.513199
0.114330,0.585409,0.504242
0.119763,0.588118,0.504126
0.130388,0.588308,0.517501
0.125077,0.590245,0.513095
0.126596,0.587100,0.517086
0.139151,0.593031,0.505353
0.135277,0.589822,0.521760
0.145483,0.592401,0.511406
0.141119,0.586190,0.530077
0.149992,0.588975,0.516988
0.157622,0.591055,0.518000
0.154144,0.571918,0.526985
0.158652,0.581760,0.525242
0.165444,0.589840,0.517840
0.174325,0.582801,0.524800
0.172322,0.587921,0.516742
0.180421,0.583830,0.524777
0.181888,0.589338,0.516254
0.192998,0.584773,0.524616
0.192201,0.583003,0.519417
0.205014,0.590288,0.515473
0.202115,0.582078,0.524016
0.203208,0.587468,0.520705
0.213165,0.584056,0.516825
0.214217,0.592303,0.525206
0.220155,0.586600,0.515528
0.214487,0.581434,0.531224
0.224310,0.583097,0.518191
0.237179,0.591685,0.522519
0.222479,0.586721,0.518730
0.241341,0.595248,0.511381
0.245649,0.586643,0.516150
0.251033,0.589963,0.505944
0.248300,0.583520,0.522961
0.262651,0.586341,0.517446
0.260895,0.584984,0.516238
0.265192,0.584453,0.519012
0.265142,0.578948,0.518570
0.280211,0.587155,0.518628
0.281833,0.588513,0.510068
0.279518,0.587651,0.512698
0.290871,0.594048,0.506795
0.280819,0.582241,0.497294
0.296060,0.594456,0.513636
0.291259,0.587297,0.500208
0.303534,0.590355,0.492615
0.304823,0.590598,0.489124
0.306457,0.581767,0.486272
0.012452,0.605060,0.381735
0.028106,0.600970,0.475338
0.028694,0.591903,0.469572
0.030706,0.581491,0.474106
0.029501,0.589987,0.481557
0.045644,0.599635,0.474996
0.039093,0.593580,0.480600
0.049011,0.596757,0.483824
0.047761,0.595194,0.476140
0.049835,0.603081,0.477833
0.062601,0.596713,0.484814
0.070990,0.588618,0.486894
0.074762,0.590132,0.487221
0.074109,0.594653,0.485540
0.066205,0.597959,0.495351
0.083837,0.586481,0.497089
0.085036,0.588565,0.496454
0.087506,0.590399,0.500077
0.094612,0.597336,0.495420
0.098144,0.603135,0.500360
0.120749,0.605229,0.503180
0.108844,0.591049,0.504018
0.103549,0.595233,0.504408
0.118776,0.592563,0.510023
0.125470,0.593298,0.504515
0.122685,0.593277,0.508019
0.134300,0.586428,0.519226
0.128686,0.596977,0.518156
0.133284,0.583866,0.511910
0.144234,0.601738,0.507685
0.138422,0.593070,0.513544
0.157067,0.589980,0.515570
0.154177,0.590850,0.518362
0.155486,0.589746,0.517661
0.161420,0.594234,0.525945
0.163189,0.585580,0.517153
0.168571,0.595401,0.514595
0.182694,0.599078,0.526266
0.184712,0.588912,0.520361
0.185651,0.594876,0.520339
0.182227,0.597810,0.513688
0.188393,0.590906,0.521453
0.188265,0.589595,0.515961
0.202736,0.593720,0.519926
0.209632,0.594403,0.522672
0.208703,0.602015,0.514603
0.210433,0.610226,0.514869
0.216223,0.594987,0.511785
0.220390,0.588381,0.516427
0.222118,0.594290,0.517191
0.228583,0.590258,0.520603
0.224732,0.589731,0.526825
0.234909,0.585553,0.507189
0.246815,0.597073,0.514457
0.249583,0.594812,0.518563
0.244843,0.600683,0.519679
0.253438,0.593413,0.519121
0.263512,0.597871,0.509006
0.254591,0.581410,0.502544
0.262343,0.599674,0.515431
0.260956,0.595017,0.516695
0.278834,0.590607,0.512696
0.280741,0.588865,0.516750
0.284529,0.592345,0.514044
0.273511,0.596591,0.495718
0.288003,0.590100,0.509508
0.296386,0.594990,0.492676
0.300999,0.594717,0.487316
0.311758,0.592713,0.495482
0.308067,0.591603,0.489532
0.305751,0.597722,0.471192
0.012390,0.592892,0.436693
0.018427,0.602286,0.463230
0.025022,0.604146,0.476174
0.027166,0.600381,0.477330
0.041099,0.602325,0.480287
0.043728,0.601141,0.477040
0.037523,0.602165,0.483849
0.054267,0.596717,0.481724
0.057792,0.602076,0.489164
0.055262,0.605720,0.482394
0.054952,0.593680,0.469622
0.057609,0.599711,0.486920
0.071308,0.600611,0.483580
0.074842,0.600332,0.486041
0.077689,0.595119,0.500969
0.079643,0.601828,0.489218
0.091319,0.599743,0.497469
0.085908,0.603730,0.504246
0.087825,0.590409,0.493196
0.098683,0.597660,0.506071
0.100363,0.600390,0.504068
0.108642,0.592581,0.500315
0.120313,0.592428,0.510805
0.109367,0.593658,0.505572
0.123197,0.596753,0.504039
0.125871,0.583519,0.502460
0.133147,0.599087,0.503487
0.136311,0.599906,0.503956
0.135797,0.593364,0.517070
0.145457,0.591978,0.513847
0.144314,0.593088,0.519777
0.146258,0.591029,0.513978
0.161967,0.595923,0.507805
0.154489,0.593867,0.522333
0.158129,0.599348,0.522322
0.151201,0.595742,0.516913
0.165922,0.595311,0.519190
0.182707,0.593831,0.514984
0.180072,0.594295,0.519439
0.184618,0.604943,0.526235
0.190352,0.592753,0.518324
0.192863,0.593912,0.515755
0.193147,0.600109,0.523680
0.192630,0.603973,0.518118
0.202127,0.598198,0.518733
0.205275,0.591813,0.523251
0.214321,0.593520,0.513384
0.219968,0.600105,0.507939
0.221168,0.590352,0.517974
0.229504,0.598538,0.516967
0.218990,0.596666,0.514117
0.229821,0.597467,0.520255
0.226407,0.594381,0.511928
0.248420,0.607290,0.513602
0.251149,0.601865,0.521134
0.246389,0.592612,0.513302
0.252277,0.589408,0.522435
0.257296,0.592866,0.521639
0.260498,0.596970,0.511192
0.259851,0.594629,0.504955
0.277869,0.590010,0.501552
0.276566,0.597952,0.502509
0.281238,0.595981,0.495603
0.288828,0.600889,0.511043
0.292458,0.596443,0.492415
0.279211,0.598171,0.501711
0.295125,0.595355,0.497498
0.300739,0.590951,0.496530
0.305421,0.607049,0.495929
0.310413,0.603603,0.481043
0.018368,0.615680,0.477550
0.024814,0.605688,0.469373
0.024233,0.609994,0.470736
0.024696,0.599724,0.475802
0.041629,0.604078,0.475434
0.037796,0.598669,0.477963
0.043630,0.613973,0.478718
0.042750,0.604274,0.479473
0.048306,0.606521,0.478485
0.056977,0.615932,0.489415
0.050750,0.615700,0.490822
0.063348,0.597704,0.485779
0.075288,0.601361,0.484575
0.076742,0.617293,0.485288
0.084248,0.602487,0.484774
0.068552,0.606046,0.488447
0.085655,0.600819,0.492453
0.102918,0.610743,0.497668
0.097608,0.607862,0.492686
0.093637,0.605541,0.496372
0.110425,0.606981,0.501538
0.102776,0.602020,0.506119
0.119347,0.610746,0.503519
0.108267,0.601291,0.508335
0.114625,0.600155,0.497995
0.126655,0.598236,0.513546
0.125456,0.597982,0.508557
0.143329,0.608562,0.514778
0.134443,0.600868,0.509565
0.137303,0.600953,0.511154
0.146546,0.607353,0.517799
0.143834,0.600286,0.516637
0.156246,0.606348,0.519575
0.153847,0.596069,0.509572
0.159282,0.591868,0.517718
0.163625,0.598970,0.512394
0.174510,0.601116,0.518031
0.175760,0.599259,0.525645
0.176273,0.601652,0.518491
0.186745,0.607322,0.524203
0.187216,0.594186,0.515148
0.187162,0.603835,0.513938
0.187932,0.599521,0.516925
0.202368,0.601890,0.515462
0.205327,0.598956,0.518487
0.206093,0.594724,0.524304
0.221557,0.603785,0.520049
0.218281,0.599721,0.514857
0.221496,0.602336,0.522974
0.228720,0.599758,0.519347
0.223525,0.592038,0.504045
0.237081,0.598211,0.499926
0.241052,0.606617,0.517743
0.240385,0.611825,0.508633
0.238951,0.608276,0.510649
0.255206,0.605267,0.507495
0.243694,0.599492,0.505969
0.253065,0.600001,0.512805
0.255765,0.601076,0.505597
0.265547,0.599422,0.500655
0.269375,0.599594,0.509683
0.275030,0.598394,0.508674
0.270584,0.600372,0.506978
0.280501,0.606027,0.503338
0.278610,0.599554,0.497767
0.299195,0.610448,0.491433
0.291263,0.602319,0.486652
0.297198,0.600776,0.478094
0.305784,0.607195,0.479761
0.309675,0.618987,0.434148
-0.001371,0.619131,0.405528
0.014043,0.605269,0.481355
0.017647,0.611094,0.467481
0.023945,0.608433,0.475863
0.019803,0.614358,0.472280
0.036086,0.614984,0.476462
0.038480,0.607418,0.479724
0.047957,0.604503,0.477860
0.040817,0.606106,0.480038
0.044309,0.599912,0.482968
0.053778,0.611043,0.483497
0.062966,0.613660,0.482978
0.062460,0.604859,0.478739
0.060480,0.613766,0.483985
0.074053,0.615693,0.482925
0.079377,0.596930,0.495478
0.082041,0.607263,0.486291
0.092273,0.611312,0.494079
0.094640,0.598858,0.498590
0.100339,0.607656,0.481513
0.099705,0.605938,0.500211
0.110798,0.609331,0.496976
0.098088,0.605921,0.505701
0.117272,0.610964,0.492209
0.120866,0.608744,0.509597
0.113974,0.605694,0.503063
0.132147,0.613851,0.507525
0.133147,0.610617,0.505293
0.136748,0.605753,0.519310
0.146644,0.603747,0.509008
0.141957,0.600104,0.510334
0.147244,0.601738,0.514312
0.142479,0.607039,0.515650
0.149512,0.607312,0.518709
0.163441,0.615212,0.518763
0.161857,0.604692,0.504569
0.169504,0.606713,0.517424
0.167980,0.605224,0.513406
0.179725,0.608103,0.516707
0.180960,0.598527,0.517182
0.186966,0.599946,0.510919
0.179960,0.604325,0.517912
0.196852,0.603745,0.514368
0.190923,0.601673,0.513980
0.200162,0.601574,0.524908
0.196981,0.600522,0.513808
0.206419,0.614515,0.516914
0.213335,0.598902,0.515208
0.214787,0.608240,0.519289
0.216876,0.602977,0.519083
0.222042,0.609603,0.513153
0.214409,0.613640,0.515545
0.240813,0.598441,0.507387
0.233955,0.605538,0.510740
0.237206,0.601963,0.505109
0.239352,0.613195,0.505044
0.255390,0.608053,0.508980
0.252515,0.601901,0.500492
0.261451,0.606087,0.495297
0.257522,0.597616,0.498987
0.268192,0.610563,0.493573
0.274765,0.606146,0.499523
0.279853,0.606988,0.500378
0.287009,0.607574,0.498898
0.288764,0.605879,0.496450
0.286712,0.613972,0.492706
0.291509,0.612376,0.483826
0.293562,0.604390,0.478953
0.290700,0.610998,0.484369
0.305286,0.606870,0.469744
0.308250,0.616785,0.437168
0.011218,0.618642,0.446358
0.021798,0.609107,0.479485
0.023990,0.619268,0.471449
0.027496,0.615108,0.470651
0.037912,0.610052,0.459771
0.034192,0.617258,0.465113
0.038253,0.617837,0.473155
0.041709,0.612868,0.481972
0.041147,0.608145,0.469673
0.044739,0.614524,0.475084
0.054838,0.613113,0.472479
0.062807,0.610866,0.472759
0.064592,0.609355,0.490218
0.071951,0.613455,0.473542
0.054960,0.615385,0.491844
0.088565,0.601746,0.482665
0.080804,0.614575,0.486839
0.092505,0.605309,0.495975
0.093621,0.610857,0.484766
0.087646,0.610181,0.489576
0.094528,0.613451,0.499823
0.112622,0.618646,0.501521
0.108950,0.608620,0.505290
0.118185,0.611715,0.511003
0.114423,0.609101,0.504640
0.126321,0.616694,0.509710
0.133805,0.601769,0.516410
0.132459,0.620028,0.512174
0.134215,0.608038,0.509421
0.131109,0.611612,0.514195
0.138358,0.611502,0.512550
0.141486,0.609108,0.506574
0.146235,0.614059,0.515539
0.155705,0.615556,0.512536
0.156752,0.615527,0.500521
0.163661,0.611546,0.517422
0.166494,0.606375,0.523798
0.166149,0.605414,0.519608
0.171757,0.603996,0.510551
0.189779,0.604653,0.517065
0.188325,0.606930,0.506625
0.187661,0.605485,0.506577
0.189230,0.611145,0.506801
0.196326,0.613643,0.514334
0.203183,0.602688,0.507768
0.206267,0.611133,0.519210
0.204516,0.611011,0.507349
0.213857,0.612684,0.512722
0.213728,0.623352,0.506258
0.210237,0.612903,0.506391
0.227967,0.604214,0.509517
0.228725,0.622352,0.506528
0.228761,0.610835,0.516942
0.231746,0.613626,0.505993
0.238741,0.615696,0.507796
0.239535,0.617750,0.505810
0.245721,0.604701,0.501699
0.254852,0.618224,0.496751
0.266621,0.618705,0.501488
0.259013,0.611917,0.501627
0.263125,0.612887,0.491677
0.275141,0.612845,0.492471
0.273405,0.608984,0.488777
0.271934,0.616259,0.483939
0.284928,0.612382,0.486848
0.284945,0.610131,0.483262
0.288534,0.608389,0.473330
0.296528,0.606426,0.477859
0.301391,0.611026,0.478228
0.304055,0.614169,0.466511
0.015110,0.613640,0.470116
0.017275,0.615308,0.467942
0.014147,0.620495,0.469982
0.022719,0.616165,0.468082
0.034054,0.608463,0.466001
0.039559,0.622793,0.474448
0.037040,0.612173,0.470324
0.037575,0.607602,0.468934
0.047174,0.612650,0.484793
0.051616,0.616436,0.480841
0.054144,0.618578,0.477852
0.068786,0.623209,0.482771
0.060556,0.621990,0.481936
0.069096,0.613104,0.476964
0.075341,0.615967,0.480784
0.088344,0.619990,0.489234
0.076107,0.615677,0.481512
0.088614,0.612471,0.486818
0.091746,0.610359,0.480891
0.093949,0.616494,0.497475
0.098210,0.613257,0.492610
0.107284,0.622294,0.490015
0.104693,0.618337,0.500512
0.110239,0.615219,0.496946
0.111861,0.620235,0.503343
0.111900,0.609302,0.513595
0.124403,0.613857,0.503245
0.126641,0.621099,0.512197
0.135355,0.618073,0.511376
0.139754,0.612439,0.513906
0.136659,0.611035,0.506306
0.156386,0.613583,0.511309
0.141089,0.620840,0.518047
0.162985,0.614621,0.505303
0.156241,0.609461,0.503647
0.168867,0.611089,0.507885
0.163189,0.614803,0.513038
0.162448,0.629766,0.509274
0.179506,0.619866,0.502042
0.169475,0.623154,0.515977
0.190044,0.617286,0.510884
0.186388,0.613956,0.518053
0.188937,0.616002,0.506472
0.187981,0.612489,0.512351
0.193724,0.603131,0.527692
0.197021,0.615223,0.513285
0.211916,0.618619,0.517133
0.209116,0.610507,0.509843
0.216865,0.617164,0.502503
0.212905,0.618766,0.503292
0.229669,0.618793,0.499667
0.224905,0.626133,0.502874
0.226743,0.613779,0.504127
0.238164,0.610724,0.502931
0.237687,0.614912,0.503182
0.237226,0.610663,0.491584
0.252603,0.609311,0.495454
0.252603,0.615241,0.486349
0.259404,0.615551,0.489491
0.258166,0.616092,0.493118
0.263532,0.619222,0.497924
0.273503,0.619601,0.488396
0.274924,0.620837,0.494472
0.281103,0.618711,0.486106
0.290365,0.612739,0.477410
0.280580,0.611579,0.482178
0.291397,0.623686,0.472969
0.291510,0.611966,0.469649
0.302972,0.618854,0.469655
0.300982,0.623208,0.459183
0.006563,0.624837,0.416270
0.019179,0.628499,0.466485
0.016570,0.624541,0.464777
0.021041,0.627941,0.462643
0.027109,0.618697,0.471480
0.025523,0.634156,0.468036
0.031116,0.626838,0.471850
0.040290,0.622965,0.464820
0.036898,0.626518,0.480104
0.039661,0.615027,0.472307
0.050697,0.619878,0.468425
0.051577,0.622916,0.472381
0.058389,0.622271,0.477085
0.070533,0.616976,0.483094
0.064311,0.621932,0.473777
0.073519,0.624924,0.477407
0.084971,0.626885,0.491721
0.080976,0.617416,0.482982
0.078160,0.624255,0.485884
0.083761,0.618478,0.482210
0.084648,0.617930,0.498198
0.107807,0.622600,0.497404
0.094259,0.623371,0.485925
0.101696,0.622468,0.491914
0.107772,0.621453,0.504051
0.119945,0.618568,0.491913
0.119607,0.618266,0.496331
0.118885,0.623008,0.509800
0.126072,0.614777,0.505743
0.130159,0.628721,0.499841
0.136133,0.622702,0.503602
0.145077,0.612058,0.514888
0.147308,0.615704,0.516110
0.153514,0.614077,0.510490
0.144506,0.621560,0.506735
0.154311,0.622324,0.516642
0.157692,0.624266,0.509235
0.161172,0.623491,0.510589
0.160572,0.627232,0.514692
0.174235,0.617055,0.509733
0.176044,0.623672,0.509120
0.180573,0.615091,0.510345
0.183027,0.622175,0.506476
0.189697,0.623888,0.509316
0.186523,0.619923,0.515810
0.202665,0.623317,0.512950
0.208571,0.614979,0.509295
0.202396,0.622857,0.508330
0.205927,0.623772,0.503598
0.211669,0.621025,0.509827
0.223199,0.626666,0.498052
0.227414,0.619152,0.507133
0.224760,0.611011,0.504515
0.237128,0.609269,0.496267
0.234774,0.627358,0.501681
0.244013,0.617671,0.503686
0.255117,0.615126,0.494756
0.250575,0.631165,0.489825
0.243299,0.617969,0.493368
0.248459,0.621735,0.490943
0.264532,0.614771,0.492222
0.264682,0.619950,0.485416
0.263556,0.625945,0.480914
0.273719,0.624840,0.485968
0.286414,0.628863,0.477461
0.281147,0.625531,0.477120
0.288506,0.623508,0.471060
0.290040,0.617478,0.472834
0.299833,0.616544,0.464108
0.305072,0.620589,0.463265
0.305016,0.628379,0.454768
0.007037,0.629911,0.454848
0.011149,0.629668,0.468190
0.019154,0.621171,0.465965
0.024036,0.625201,0.463551
0.027605,0.626214,0.462700
0.027822,0.627832,0.469499
0.033281,0.630796,0.470555
0.037740,0.630353,0.468939
0.047740,0.631849,0.464726
0.046080,0.629381,0.486357
0.053476,0.627867,0.476333
0.056010,0.627406,0.480641
0.055920,0.627422,0.476678
0.070613,0.620851,0.479099
0.068196,0.627158,0.472869
0.079284,0.633032,0.483637
0.069855,0.625864,0.486561
0.084247,0.619189,0.485259
0.081459,0.629577,0.485852
0.092129,0.625141,0.488130
0.098972,0.624875,0.489231
0.088364,0.625170,0.486408
0.103330,0.619416,0.501432
0.104022,0.620514,0.494329
0.116423,0.623988,0.502492
0.123197,0.625894,0.496664
0.117431,0.630232,0.507000
0.125648,0.628273,0.509077
0.129585,0.625043,0.503013
0.127917,0.623873,0.502151
0.137168,0.627753,0.507034
0.141173,0.620170,0.513092
0.155288,0.625882,0.506884
0.137955,0.624831,0.514989
0.162749,0.622771,0.508202
0.156006,0.620529,0.505134
0.158372,0.625570,0.501236
0.164080,0.621214,0.504039
0.172410,0.628242,0.506780
0.171150,0.626370,0.511221
0.178647,0.627500,0.510436
0.185739,0.620443,0.505333
0.180110,0.626066,0.507467
0.189443,0.620997,0.510863
0.198203,0.626565,0.512944
0.198602,0.626705,0.510426
0.203754,0.616656,0.509158
0.207651,0.628004,0.507042
0.196448,0.630394,0.503781
0.209014,0.623734,0.514025
0.216701,0.631142,0.497020
0.218702,0.619389,0.498786
0.232417,0.624146,0.500581
0.225908,0.630401,0.497079
0.237706,0.631050,0.499591
0.236271,0.632435,0.502004
0.239714,0.627034,0.499603
0.250002,0.618284,0.497624
0.245241,0.619819,0.487988
0.259331,0.633625,0.484555
0.264955,0.618857,0.488748
0.263642,0.635664,0.488047
0.265368,0.626130,0.484532
0.271722,0.619241,0.484275
0.279396,0.638242,0.479114
0.291743,0.638886,0.470321
0.282572,0.630991,0.471268
0.297970,0.634614,0.472262
0.292840,0.630161,0.467323
0.296920,0.618771,0.453797
0.305188,0.636635,0.431901
0.016035,0.626742,0.464821
0.009762,0.631430,0.466229
0.015259,0.631354,0.473165
0.021385,0.631987,0.462696
0.026482,0.629619,0.465146
0.022678,0.639234,0.466218
0.029719,0.627332,0.470490
0.032971,0.627972,0.464487
0.042804,0.632899,0.469194
0.051366,0.626651,0.479113
0.055423,0.631823,0.472755
0.050318,0.634175,0.471028
0.061092,0.632630,0.478213
0.059952,0.627281,0.479369
0.070382,0.639379,0.480125
0.071421,0.637662,0.471098
0.079671,0.627965,0.480545
0.083311,0.629805,0.484427
0.099728,0.626113,0.483261
0.094687,0.635893,0.488674
0.100192,0.628910,0.483357
0.094372,0.627694,0.485918
0.093149,0.629839,0.491294
0.110263,0.627823,0.484550
0.111111,0.631465,0.500798
0.121350,0.630603,0.491024
0.122143,0.622342,0.501411
0.124229,0.629801,0.505424
0.132905,0.633400,0.499875
0.129792,0.632916,0.508851
0.134154,0.623532,0.503131
0.145701,0.626800,0.501513
0.136426,0.631642,0.502418
0.138931,0.625007,0.503760
0.162839,0.629496,0.512798
0.159580,0.627503,0.504332
0.165846,0.635693,0.502073
0.166521,0.622626,0.506632
0.166598,0.630764,0.505565
0.173484,0.630281,0.507809
0.174298,0.630965,0.513993
0.186802,0.630256,0.513622
0.188010,0.630943,0.507270
0.192813,0.629817,0.508600
0.192293,0.642813,0.514344
0.199118,0.624559,0.506389
0.199067,0.629092,0.508934
0.209118,0.636488,0.502857
0.209258,0.622338,0.508945
0.215000,0.628338,0.498556
0.224792,0.642644,0.498713
0.223431,0.636802,0.504760
0.230638,0.631050,0.507216
0.231076,0.632683,0.497381
0.241454,0.637189,0.488181
0.243858,0.637419,0.493362
0.244774,0.631016,0.491692
0.245694,0.640278,0.493661
0.253416,0.635103,0.491351
0.259779,0.628516,0.485430
0.262650,0.628606,0.487287
0.270044,0.627911,0.484831
0.272896,0.629619,0.479929
0.270873,0.627420,0.477454
0.273065,0.642129,0.467087
0.282671,0.642186,0.472448
0.289292,0.633030,0.468776
0.294460,0.623034,0.472207
0.298586,0.636230,0.455564
0.290537,0.635516,0.448824
-0.008417,0.646744,0.420042
0.010810,0.629771,0.458121
0.012365,0.639028,0.466093
0.012811,0.634948,0.466788
0.028263,0.637873,0.462001
0.027269,0.642778,0.461140
0.032642,0.635989,0.459466
0.035033,0.635656,0.465334
0.037139,0.635411,0.460856
0.044674,0.635343,0.469456
0.044484,0.637414,0.468171
0.056697,0.633497,0.469028
0.064224,0.633651,0.469415
0.070311,0.641958,0.474734
0.063301,0.643348,0.475300
0.066911,0.635572,0.479707
0.073259,0.641018,0.469877
0.080904,0.636241,0.478342
0.090186,0.632928,0.492188
0.083681,0.639060,0.482771
0.091250,0.641794,0.484881
0.091108,0.633628,0.477722
0.098884,0.635943,0.491088
0.098512,0.632039,0.491775
0.102149,0.633431,0.498191
0.113405,0.643352,0.488501
0.117337,0.636779,0.502057
0.118867,0.640221,0.485859
0.125229,0.631847,0.493189
0.130877,0.631336,0.497171
0.128113,0.633576,0.500408
0.133251,0.629838,0.504156
0.149134,0.636528,0.503265
0.153136,0.638025,0.501229
0.144604,0.632203,0.496652
0.162150,0.632826,0.498742
0.151815,0.634244,0.504258
0.157760,0.638417,0.504674
0.165062,0.636031,0.502631
0.171416,0.635853,0.503505
0.178595,0.636154,0.501004
0.173254,0.627948,0.497798
0.186123,0.637032,0.501361
0.186130,0.628954,0.508085
0.190799,0.630143,0.503795
0.198541,0.629246,0.513662
0.203636,0.631311,0.505903
0.203472,0.633469,0.499878
0.210909,0.637478,0.504283
0.216584,0.634545,0.494207
0.222726,0.636911,0.502003
0.222210,0.629096,0.496668
0.221737,0.627834,0.492411
0.236421,0.638577,0.494880
0.223819,0.632423,0.497909
0.242667,0.644812,0.495521
0.230734,0.634056,0.492691
0.238998,0.640460,0.496470
0.247378,0.636119,0.488634
0.259625,0.641542,0.487808
0.254143,0.634564,0.487809
0.260693,0.633365,0.480926
0.272123,0.634503,0.483660
0.269180,0.638425,0.478932
0.277019,0.637935,0.480878
0.282304,0.637065,0.465127
0.282326,0.631841,0.467220
0.283971,0.644224,0.468790
0.286259,0.634945,0.466948
0.298069,0.630957,0.462694
0.304009,0.646987,0.454795
0.010894,0.647532,0.462271
0.004090,0.647686,0.461596
0.010645,0.649870,0.462225
0.013705,0.644601,0.457527
0.023885,0.639883,0.470543
0.022489,0.642548,0.462518
0.026612,0.641854,0.461593
0.037142,0.645636,0.470926
0.042091,0.642602,0.463860
0.043933,0.644257,0.462292
0.054154,0.636920,0.470885
0.055988,0.648441,0.470261
0.056853,0.641039,0.474164
0.065309,0.634842,0.475802
0.061189,0.643722,0.472349
0.069417,0.636361,0.468359
0.078117,0.641073,0.480098
0.075469,0.645719,0.484786
0.084831,0.637389,0.475505
0.089170,0.641531,0.481224
0.089902,0.634029,0.490052
0.099264,0.635297,0.486140
0.106704,0.638001,0.478244
0.102387,0.641115,0.484012
0.113022,0.639103,0.488188
0.116825,0.645613,0.487745
0.114765,0.646422,0.485253
0.116494,0.633943,0.491063
0.116648,0.635958,0.501419
0.128563,0.636527,0.498374
0.129692,0.634564,0.505608
0.140149,0.641935,0.499121
0.140454,0.637683,0.496251
0.137617,0.638642,0.501939
0.151878,0.647818,0.501206
0.160678,0.644725,0.510179
0.161937,0.639283,0.506432
0.165963,0.633169,0.512227
0.167502,0.637930,0.500090
0.173663,0.642437,0.510163
0.181661,0.637114,0.503162
0.184342,0.649463,0.511305
0.178512,0.636946,0.509905
0.187336,0.633464,0.500955
0.184078,0.639822,0.496433
0.205079,0.641446,0.502351
0.200343,0.636899,0.489471
0.211244,0.636994,0.494800
0.200886,0.639850,0.498285
0.211222,0.645418,0.494804
0.222685,0.643024,0.490234
0.222613,0.639892,0.504727
0.227703,0.636156,0.492378
0.229556,0.647737,0.488044
0.232597,0.637226,0.493001
0.235360,0.636076,0.495090
0.237918,0.635312,0.484295
0.242419,0.637925,0.487134
0.252408,0.649287,0.485414
0.256203,0.646026,0.485501
0.261185,0.639569,0.493928
0.259497,0.640433,0.479834
0.262316,0.640100,0.475890
0.269462,0.641114,0.480313
0.269568,0.635331,0.472024
0.274926,0.636113,0.471919
0.281980,0.641293,0.481774
0.281365,0.644010,0.468543
0.294118,0.640942,0.468354
0.300055,0.645240,0.455083
0.301330,0.642634,0.456551
0.001320,0.654395,0.453882
0.013568,0.652095,0.454665
0.007386,0.650049,0.470217
0.015145,0.647966,0.462750
0.021867,0.651039,0.458647
0.026713,0.642167,0.446949
0.032852,0.645560,0.458233
0.043949,0.649785,0.469616
0.037339,0.652021,0.458430
0.040235,0.642195,0.467616
0.047993,0.645214,0.463192
0.043455,0.651904,0.468050
0.056522,0.657396,0.468334
0.066731,0.641338,0.469693
0.065283,0.645937,0.469504
0.063948,0.643697,0.477582
0.069537,0.643037,0.468811
0.078327,0.645324,0.478438
0.080586,0.644619,0.480859
0.094652,0.645313,0.482898
0.096586,0.649121,0.479101
0.094387,0.643444,0.486190
0.087622,0.651528,0.494104
0.102652,0.636989,0.491355
0.104598,0.641974,0.491988
0.110087,0.645874,0.487839
0.126764,0.646033,0.494001
0.121676,0.647700,0.494056
0.123844,0.632425,0.489967
0.140805,0.647773,0.500340
0.129104,0.640409,0.499427
0.141042,0.632665,0.500746
0.132821,0.648439,0.498267
0.145594,0.647612,0.500508
0.147811,0.641710,0.495071
0.151171,0.640891,0.506108
0.158626,0.646102,0.500372
0.166158,0.635645,0.496137
0.163286,0.650402,0.500738
0.170067,0.647506,0.505467
0.178439,0.644369,0.502475
0.170878,0.641194,0.505958
0.188120,0.644522,0.499766
0.185731,0.643891,0.503395
0.186100,0.637166,0.504792
0.197463,0.646685,0.507641
0.201007,0.649196,0.506830
0.213903,0.643015,0.495277
0.205719,0.635578,0.512266
0.208879,0.632564,0.502282
0.222755,0.651154,0.489094
0.216356,0.644345,0.497494
0.234592,0.655573,0.492673
0.223270,0.643816,0.493313
0.227223,0.644381,0.486964
0.236700,0.644172,0.483595
0.230865,0.640431,0.487935
0.242605,0.648899,0.480483
0.244690,0.640321,0.478764
0.254724,0.643446,0.488967
0.253486,0.641937,0.479298
0.264176,0.647329,0.470348
0.267430,0.640212,0.477632
0.271024,0.645474,0.475112
0.278772,0.641771,0.467613
0.273588,0.649701,0.468631
0.286280,0.642931,0.462767
0.280121,0.637646,0.473381
0.294993,0.648460,0.468609
0.292863,0.646505,0.457211
0.288891,0.649718,0.448037
-0.001319,0.662959,0.433778
-0.000088,0.650587,0.467049
0.007468,0.648232,0.459802
0.025991,0.645404,0.458042
0.018144,0.650739,0.464289
0.017245,0.652146,0.457090
0.029933,0.645303,0.455514
0.026650,0.646727,0.455327
0.025772,0.646898,0.473592
0.044445,0.647395,0.462915
0.036107,0.650644,0.462184
0.047566,0.651036,0.462611
0.048121,0.645597,0.459816
0.058066,0.650571,0.459891
0.064002,0.650712,0.470189
0.067390,0.649567,0.482339
0.070535,0.646965,0.475052
0.073220,0.655701,0.473002
0.073131,0.646831,0.467547
0.084697,0.654000,0.477614
0.086312,0.647611,0.492353
0.088264,0.648398,0.491559
0.093856,0.640001,0.484155
0.099132,0.648463,0.484035
0.095135,0.641723,0.498275
0.101744,0.638088,0.479957
0.109520,0.653893,0.491336
0.115043,0.642767,0.502988
0.113657,0.646302,0.492000
0.122957,0.653791,0.490362
0.134713,0.643981,0.494927
0.137153,0.651375,0.505933
0.129528,0.648674,0.489459
0.133370,0.651531,0.495372
0.142982,0.644944,0.493513
0.153015,0.645479,0.501574
0.154070,0.646767,0.501567
0.158760,0.647313,0.502635
0.168839,0.642460,0.498692
0.163239,0.644741,0.499847
0.172845,0.653788,0.504892
0.172156,0.645795,0.506204
0.178952,0.646705,0.501010
0.177349,0.647674,0.498337
0.189386,0.645078,0.500891
0.194638,0.650686,0.492451
0.199547,0.650988,0.500526
0.203338,0.649845,0.498302
0.204367,0.647747,0.503838
0.213930,0.644811,0.490625
0.216198,0.647325,0.501125
0.218218,0.655058,0.496738
0.217549,0.646859,0.492165
0.217579,0.648610,0.491764
0.214943,0.654895,0.491191
0.237028,0.654677,0.486629
0.236467,0.647236,0.482060
0.240245,0.657589,0.474417
0.251428,0.641443,0.475741
0.251451,0.647277,0.476286
0.246335,0.644298,0.475360
0.262109,0.655917,0.482681
0.264805,0.650563,0.472237
0.269080,0.651027,0.467311
0.269246,0.654619,0.476795
0.274532,0.653943,0.468770
0.269622,0.650757,0.470861
0.289748,0.647085,0.457322
0.277367,0.654120,0.461687
0.288063,0.654109,0.461429
0.287277,0.647134,0.463565
0.008508,0.659597,0.455186
0.001167,0.660038,0.459513
0.014641,0.656779,0.455286
0.008704,0.657322,0.461260
0.008215,0.653524,0.468191
0.022036,0.650131,0.462696
0.019416,0.656211,0.462995
0.026352,0.658918,0.448578
0.042156,0.656327,0.459172
0.044245,0.658762,0.456426
0.044600,0.661607,0.460710
0.051118,0.654165,0.462700
0.071540,0.657407,0.453127
0.057223,0.652561,0.464075
0.050094,0.645674,0.473071
0.068747,0.653128,0.467195
0.070558,0.652124,0.462145
0.071713,0.653267,0.471204
0.079631,0.660845,0.480517
0.082205,0.644075,0.470847
0.089337,0.652292,0.475697
0.087959,0.649877,0.489535
0.101928,0.650442,0.480514
0.104209,0.655916,0.491829
0.097766,0.650905,0.484336
0.104457,0.649767,0.492832
0.108266,0.650001,0.491736
0.115928,0.652581,0.498850
0.134752,0.642198,0.485547
0.113607,0.660259,0.489700
0.127840,0.649142,0.494013
0.131201,0.652987,0.509683
0.139557,0.656744,0.495477
0.149955,0.649288,0.491257
0.147626,0.644916,0.501488
0.152337,0.653506,0.499152
0.153626,0.653742,0.497500
0.157147,0.656482,0.495924
0.166840,0.661179,0.489416
0.167524,0.653871,0.489886
0.173247,0.644915,0.501341
0.170541,0.648729,0.502688
0.185942,0.652599,0.506971
0.178351,0.649037,0.494708
0.184856,0.645368,0.501972
0.194235,0.651941,0.505971
0.192141,0.646861,0.487454
0.194423,0.657711,0.498878
0.199985,0.652366,0.498216
0.207712,0.651166,0.493702
0.206492,0.653724,0.494544
0.209612,0.645272,0.492626
0.216339,0.662251,0.493996
0.223882,0.648611,0.482802
0.230279,0.645562,0.483660
0.237021,0.647681,0.490016
0.244869,0.656490,0.488233
0.251751,0.650935,0.475915
0.243982,0.649626,0.480310
0.250874,0.654446,0.471396
0.255663,0.648368,0.474328
0.258963,0.659751,0.479748
0.257480,0.658578,0.473596
0.271042,0.660026,0.472761
0.272673,0.666765,0.470441
0.274988,0.644234,0.467184
0.274674,0.659842,0.458224
0.280197,0.654031,0.460210
0.283470,0.655608,0.458020
0.295092,0.651347,0.464763
0.302734,0.659593,0.447857
-0.004448,0.653838,0.453251
0.001774,0.659109,0.450197
0.015596,0.659107,0.450843
0.012454,0.661200,0.456459
0.009598,0.667006,0.453324
0.018925,0.656551,0.453888
0.031608,0.657037,0.457664
0.019630,0.656633,0.453405
0.017282,0.657804,0.444859
0.041354,0.657686,0.461640
0.043854,0.655360,0.457423
0.046734,0.667646,0.458917
0.053526,0.657276,0.456409
0.054851,0.654338,0.463610
0.055622,0.656587,0.467971
0.060332,0.660452,0.460641
0.071107,0.665866,0.465946
0.074383,0.661767,0.470926
0.078082,0.653689,0.480246
0.080080,0.656942,0.477252
0.092777,0.659265,0.475381
0.090331,0.643712,0.480243
0.087274,0.661106,0.468243
0.105130,0.656720,0.481920
0.108580,0.659468,0.478959
0.110327,0.663765,0.492313
0.105497,0.657221,0.492442
0.108757,0.661349,0.483609
0.117661,0.654964,0.500721
0.119149,0.657361,0.488837
0.128920,0.659810,0.483551
0.133820,0.656124,0.499240
0.142775,0.662857,0.496012
0.147940,0.649797,0.501023
0.144084,0.666057,0.489185
0.145965,0.658545,0.503820
0.156677,0.658530,0.502980
0.159256,0.653246,0.498764
0.156469,0.657983,0.492700
0.162235,0.653550,0.488379
0.166735,0.651471,0.497435
0.177757,0.658740,0.489136
0.178807,0.651499,0.494790
0.184839,0.661073,0.497350
0.191907,0.658917,0.495479
0.188538,0.657329,0.499382
0.184368,0.664302,0.491566
0.196604,0.656648,0.488864
0.209186,0.660119,0.495696
0.197294,0.663440,0.486642
0.210253,0.654046,0.490536
0.216239,0.651566,0.477357
0.220901,0.657088,0.481737
0.226538,0.663342,0.482634
0.225553,0.657758,0.475333
0.231532,0.652488,0.485540
0.232712,0.654040,0.480078
0.244276,0.665577,0.485767
0.235326,0.662494,0.480669
0.250189,0.666235,0.469034
0.257130,0.656535,0.483614
0.260585,0.655636,0.476744
0.249019,0.653241,0.475292
0.258729,0.657007,0.469547
0.264466,0.647104,0.468140
0.275000,0.660052,0.475450
0.286546,0.656967,0.466686
0.281573,0.660678,0.469791
0.283931,0.660858,0.463733
0.292182,0.660411,0.443983
0.286059,0.655463,0.456192
-0.002129,0.674997,0.438121
-0.000199,0.666105,0.452507
0.011203,0.668483,0.441269
0.010819,0.665026,0.442064
0.008290,0.663502,0.450490
0.021069,0.664631,0.449003
0.021977,0.668868,0.455504
0.021758,0.658343,0.451620
0.026301,0.663703,0.448175
0.042131,0.659674,0.452896
0.031075,0.662181,0.452184
0.040783,0.667373,0.459523
0.052618,0.665667,0.457326
0.057354,0.668988,0.454619
0.056075,0.666894,0.455183
0.058945,0.674158,0.458546
0.059794,0.673537,0.464525
0.070618,0.663848,0.456605
0.074645,0.668026,0.461527
0.088921,0.663620,0.468901
0.074851,0.663708,0.461885
0.087437,0.660432,0.489594
0.094206,0.668791,0.480422
0.090184,0.660597,0.479176
0.105568,0.659183,0.481027
0.095961,0.661494,0.477930
0.101333,0.666807,0.491381
0.119607,0.661503,0.487943
0.111989,0.654263,0.488849
0.116083,0.659249,0.486600
0.117267,0.663963,0.493763
0.123797,0.662944,0.488927
0.130463,0.670344,0.488574
0.138979,0.667789,0.489270
0.137921,0.662800,0.486157
0.153291,0.662984,0.488698
0.143308,0.671358,0.492807
0.152343,0.667334,0.500010
0.149237,0.663510,0.492365
0.154333,0.671524,0.496014
0.169791,0.657458,0.487135
0.160340,0.664719,0.495533
0.175881,0.661057,0.488941
0.177940,0.668721,0.502867
0.186422,0.658382,0.493204
0.184838,0.652624,0.491659
0.191786,0.669246,0.493541
0.194622,0.659551,0.485421
0.208274,0.657975,0.485737
0.203921,0.664528,0.492103
0.207116,0.659000,0.489594
0.211785,0.666954,0.488575
0.214385,0.656096,0.486340
0.220130,0.664084,0.484732
0.224945,0.668821,0.480875
0.228994,0.657859,0.480822
0.225711,0.664353,0.478332
0.241769,0.658701,0.475297
0.242371,0.657728,0.464167
0.245983,0.659622,0.479839
0.245542,0.662765,0.468987
0.255762,0.652505,0.476894
0.262797,0.666677,0.471333
0.263712,0.672824,0.471436
0.271012,0.667794,0.472661
0.266110,0.664540,0.465353
0.274646,0.671578,0.460771
0.286415,0.670558,0.464955
0.288048,0.671759,0.458970
0.286193,0.669101,0.455633
0.293556,0.665779,0.457581
-0.002610,0.680930,0.441028
-0.000508,0.670191,0.434358
0.011971,0.674401,0.442209
0.015411,0.675454,0.443977
0.016626,0.666808,0.449887
0.024931,0.671018,0.452025
0.024570,0.669627,0.449972
0.036287,0.667497,0.441939
0.033486,0.668589,0.446922
0.033580,0.666155,0.454623
0.049235,0.673416,0.455064
0.043489,0.663164,0.441364
0.053761,0.664842,0.461239
0.052247,0.673530,0.453608
0.060578,0.672616,0.461971
0.058328,0.668232,0.453726
0.058945,0.673001,0.463249
0.062736,0.674114,0.465599
0.074045,0.668558,0.466745
0.093532,0.669221,0.458441
0.095867,0.665358,0.466513
0.087293,0.665799,0.465305
0.093443,0.664324,0.478304
0.099091,0.667311,0.483929
0.105456,0.667866,0.475929
0.112929,0.662071,0.476910
0.121113,0.654584,0.484568
0.118720,0.675137,0.491504
0.120251,0.672130,0.495174
0.127049,0.671881,0.493066
0.125171,0.660596,0.485496
0.134160,0.658131,0.486132
0.139811,0.658301,0.479403
0.139337,0.673397,0.482567
0.146445,0.678139,0.491950
0.141851,0.674868,0.494059
0.152997,0.664334,0.501630
0.159354,0.662546,0.484769
0.166274,0.671335,0.492029
0.167843,0.654557,0.486142
0.167873,0.662037,0.486008
0.177945,0.670448,0.484249
0.171951,0.667928,0.498293
0.187176,0.665605,0.492924
0.183099,0.657729,0.488043
0.183365,0.670227,0.498124
0.192559,0.663884,0.496538
0.198609,0.666617,0.486897
0.209590,0.674152,0.477659
0.204825,0.667272,0.481875
0.214091,0.664645,0.475922
0.217835,0.674852,0.481258
0.212746,0.676572,0.480052
0.221204,0.667950,0.475165
0.233541,0.672410,0.480629
0.233509,0.663589,0.478659
0.238290,0.667173,0.474509
0.241759,0.671735,0.465175
0.236890,0.671595,0.473517
0.247830,0.673432,0.473147
0.249591,0.676918,0.472001
0.254347,0.671280,0.468948
0.260870,0.678979,0.470450
0.270582,0.673577,0.463445
0.266619,0.668697,0.460016
0.267933,0.663295,0.460331
0.275877,0.674828,0.464786
0.289641,0.676251,0.458329
0.294516,0.662253,0.455344
0.295293,0.675621,0.454238
0.004408,0.676663,0.438513
0.024679,0.662346,0.440599
0.022114,0.681461,0.440477
0.028179,0.675802,0.442635
0.028395,0.678361,0.431432
0.037833,0.683870,0.435893
0.031411,0.679973,0.444883
0.046577,0.677699,0.440688
0.038731,0.670597,0.454403
0.050656,0.683830,0.444455
0.056636,0.677774,0.456009
0.049136,0.676830,0.444718
0.063105,0.680851,0.454895
0.061417,0.668068,0.452086
0.068754,0.674263,0.454746
0.082969,0.678175,0.448279
0.079770,0.676830,0.467140
0.085703,0.673245,0.469778
0.096951,0.678037,0.472819
0.095595,0.672927,0.466664
0.106793,0.666282,0.474367
0.105082,0.676618,0.487595
0.103386,0.680667,0.490484
0.119172,0.662144,0.480567
0.114422,0.665267,0.478135
0.112782,0.673157,0.480161
0.124950,0.664997,0.493395
0.127016,0.657719,0.487419
0.135518,0.658581,0.490018
0.135681,0.667401,0.501956
0.135041,0.672388,0.477627
0.147359,0.667982,0.492376
0.142689,0.673839,0.489195
0.154230,0.668407,0.483478
0.157384,0.680216,0.489491
0.166828,0.660553,0.481653
0.155930,0.673940,0.491123
0.167188,0.661532,0.487498
0.177267,0.674842,0.490389
0.182914,0.674064,0.499320
0.181634,0.671271,0.491887
0.188102,0.672046,0.488987
0.188362,0.671024,0.490247
0.195182,0.671296,0.485166
0.193357,0.668267,0.482691
0.198809,0.678410,0.487278
0.209565,0.683257,0.483024
0.208824,0.674579,0.485130
0.212080,0.672006,0.473935
0.222456,0.684158,0.487230
0.227682,0.666455,0.476125
0.228896,0.669885,0.472228
0.232245,0.663166,0.475160
0.238730,0.671667,0.469137
0.236596,0.669554,0.472163
0.248341,0.680001,0.475187
0.252056,0.666348,0.468906
0.261207,0.685576,0.470987
0.250844,0.680147,0.466213
0.264265,0.663906,0.458373
0.268680,0.674657,0.461663
0.269422,0.671582,0.457947
0.275996,0.672130,0.462824
0.279216,0.675154,0.456872
0.280184,0.671906,0.463647
0.283707,0.676361,0.460768
0.291283,0.677907,0.458435
0.029719,0.682397,0.426372
0.031369,0.682546,0.429984
0.031851,0.673325,0.424415
0.043364,0.675181,0.437368
0.041393,0.673638,0.439828
0.044754,0.678299,0.438185
0.052778,0.668197,0.433531
0.058901,0.676390,0.435739
0.062021,0.687718,0.450820
0.066912,0.677439,0.452880
0.077849,0.685809,0.453331
0.070600,0.671810,0.459272
0.087284,0.673391,0.459431
0.084076,0.684534,0.460742
0.084852,0.683425,0.469253
0.100255,0.679856,0.463239
0.091621,0.675440,0.468402
0.093429,0.678190,0.484410
0.107480,0.667102,0.478214
0.116426,0.673204,0.479925
0.118345,0.678370,0.481626
0.124542,0.679412,0.494640
0.118344,0.680379,0.485257
0.132607,0.671457,0.496786
0.139302,0.681746,0.489681
0.137358,0.673489,0.484237
0.149338,0.671520,0.470698
0.146082,0.677449,0.487912
0.148157,0.675747,0.482972
0.162727,0.680393,0.479348
0.153617,0.670457,0.490863
0.158276,0.677101,0.490694
0.164195,0.682062,0.482007
0.164997,0.681579,0.485577
0.168566,0.676596,0.492383
0.180061,0.674326,0.488061
0.190207,0.668643,0.488162
0.187217,0.674634,0.485977
0.185751,0.670525,0.487619
0.204099,0.675641,0.477131
0.199410,0.681734,0.490101
0.210329,0.675772,0.483536
0.208826,0.675519,0.478924
0.208753,0.678732,0.483976
0.222932,0.677974,0.478720
0.226526,0.674581,0.486292
0.218244,0.677946,0.473181
0.227079,0.683693,0.479798
0.225719,0.674194,0.473859
0.237687,0.674336,0.458428
0.245592,0.675711,0.481475
0.251772,0.686611,0.464958
0.243228,0.679103,0.469436
0.258363,0.678682,0.469517
0.252652,0.685022,0.463244
0.255560,0.681637,0.465881
0.266632,0.684128,0.454641
0.276631,0.678505,0.453460
0.270236,0.678111,0.459207
0.278055,0.675276,0.454997
0.279790,0.674445,0.461926
0.290358,0.684032,0.458095
0.039677,0.681924,0.423675
0.048809,0.685743,0.439711
0.053925,0.693740,0.433966
0.048155,0.684749,0.438544
0.063680,0.682003,0.438972
0.070050,0.697885,0.442154
0.068309,0.683064,0.441230
0.067561,0.683131,0.451778
0.081254,0.682130,0.461306
0.077949,0.679509,0.455864
0.083896,0.679786,0.462685
0.093395,0.669527,0.463713
0.086605,0.678614,0.472434
0.104931,0.677263,0.479039
0.103325,0.682893,0.474873
0.105498,0.685006,0.476843
0.113911,0.677135,0.478612
0.118160,0.686005,0.482511
0.118038,0.671650,0.483884
0.129402,0.681243,0.489443
0.134198,0.675021,0.486268
0.136097,0.676255,0.487162
0.139060,0.676578,0.484122
0.143857,0.682786,0.492156
0.138818,0.684022,0.479843
0.156896,0.668186,0.482276
0.161653,0.674850,0.484197
0.148258,0.679481,0.479813
0.159908,0.676045,0.492554
0.165916,0.689422,0.487554
0.166168,0.684514,0.489448
0.175890,0.688427,0.493507
0.169086,0.676001,0.484238
0.175209,0.679802,0.485659
0.184909,0.683759,0.486654
0.200138,0.681979,0.480894
0.202576,0.681786,0.488768
0.201511,0.679195,0.479106
0.206206,0.688707,0.480740
0.210051,0.688193,0.483239
0.203939,0.683197,0.481979
0.219316,0.676884,0.481550
0.224859,0.680198,0.461002
0.220030,0.681279,0.469068
0.223836,0.680988,0.478752
0.231063,0.691831,0.479628
0.230014,0.676309,0.468747
0.233408,0.679075,0.463576
0.239862,0.694799,0.464028
0.254081,0.679494,0.462624
0.253238,0.693668,0.460890
0.254866,0.671980,0.464380
0.251775,0.679257,0.465641
0.266145,0.668207,0.462293
0.276884,0.689836,0.461118
0.274916,0.687333,0.464620
0.286561,0.686285,0.458519
0.279397,0.679630,0.464066
0.285229,0.681874,0.451171
0.046697,0.699085,0.434870
0.055267,0.695937,0.429460
0.071122,0.685860,0.450627
0.060870,0.693760,0.442101
0.067781,0.680370,0.450885
0.075126,0.690809,0.449732
0.080076,0.697140,0.451704
0.088996,0.682843,0.460890
0.087879,0.690899,0.473288
0.091785,0.681050,0.464915
0.101846,0.677992,0.474089
0.100662,0.692827,0.471714
0.101261,0.685938,0.471281
0.119746,0.696076,0.484458
0.111925,0.681895,0.483200
0.118161,0.681859,0.491532
0.131474,0.685354,0.490797
0.120384,0.698345,0.484740
0.140082,0.681278,0.478278
0.140484,0.688917,0.488561
0.142067,0.687682,0.482430
0.141889,0.687592,0.479496
0.144638,0.685842,0.491019
0.151208,0.685075,0.487956
0.161556,0.685823,0.486355
0.162636,0.687371,0.475143
0.157676,0.695317,0.480954
0.162478,0.690167,0.491295
0.178146,0.673707,0.484369
0.181984,0.686024,0.474923
0.175644,0.689356,0.498478
0.180841,0.680105,0.484755
0.193516,0.685321,0.479236
0.198978,0.680414,0.484218
0.209931,0.685772,0.475627
0.207798,0.678655,0.482203
0.210527,0.689306,0.478560
0.209729,0.677376,0.479784
0.219372,0.687129,0.468986
0.221384,0.697577,0.475269
0.218913,0.679542,0.469683
0.224081,0.685949,0.471059
0.231801,0.686759,0.475589
0.242339,0.688732,0.469133
0.236935,0.697520,0.465921
0.241838,0.690312,0.465996
0.246831,0.696795,0.464817
0.250401,0.681560,0.458152
0.248454,0.690477,0.461398
0.257576,0.693388,0.455517
0.259289,0.688818,0.455032
0.264813,0.691735,0.459036
0.271846,0.690860,0.452531
0.286054,0.682546,0.454894
0.284312,0.691592,0.449513
0.060036,0.690835,0.426436
0.070927,0.686567,0.444054
0.068895,0.689416,0.450353
0.080088,0.692912,0.446853
0.083602,0.686192,0.455045
0.085587,0.693344,0.458084
0.088196,0.689485,0.465808
0.092718,0.687796,0.472361
0.090886,0.687501,0.473365
0.101692,0.692657,0.478470
0.105750,0.687706,0.476797
0.106224,0.693525,0.482756
0.116790,0.691013,0.482867
0.123401,0.684421,0.483946
0.125133,0.684111,0.482202
0.130505,0.688920,0.479676
0.130614,0.690301,0.473901
0.146324,0.688874,0.483136
0.136928,0.685215,0.483231
0.139827,0.695167,0.475190
0.152864,0.691568,0.483963
0.152215,0.691953,0.488781
0.156525,0.695006,0.475695
0.160407,0.695510,0.476054
0.167037,0.690005,0.488365
0.170341,0.689850,0.481849
0.173862,0.693366,0.481286
0.174038,0.677390,0.484381
0.179919,0.689703,0.485978
0.192949,0.697217,0.474269
0.176172,0.689934,0.484340
0.193325,0.681927,0.471891
0.200411,0.693388,0.473831
0.199758,0.687612,0.478702
0.203724,0.692334,0.481794
0.206634,0.697979,0.463188
0.219205,0.693129,0.476011
0.228387,0.692605,0.472751
0.221682,0.680878,0.467912
0.231280,0.694359,0.466897
0.235918,0.696636,0.465363
0.228016,0.697699,0.462715
0.234439,0.690793,0.461718
0.236634,0.693680,0.457813
0.237054,0.687590,0.460897
0.253468,0.679286,0.453367
0.252007,0.703630,0.460724
0.252713,0.696935,0.452873
0.266971,0.688553,0.453651
0.260777,0.686980,0.452398
0.278824,0.694379,0.454960
0.270305,0.684100,0.446283
0.275958,0.691354,0.447776
0.057426,0.696429,0.433725
0.076562,0.697043,0.440519
0.071314,0.689148,0.451530
0.073744,0.702905,0.455493
0.082484,0.691125,0.459549
0.087410,0.702227,0.471286
0.097501,0.697388,0.471151
0.094826,0.706336,0.479464
0.101455,0.705065,0.474148
0.112785,0.697493,0.476083
0.113813,0.699520,0.485598
0.117376,0.698224,0.477964
0.121439,0.690717,0.481766
0.134790,0.698765,0.480964
0.131920,0.692382,0.489671
0.132383,0.689238,0.476762
0.132738,0.686631,0.485844
0.137679,0.695541,0.478429
0.132676,0.694953,0.479575
0.139931,0.699633,0.473685
0.154657,0.692222,0.484486
0.155126,0.692136,0.488575
0.158517,0.691766,0.484822
0.159430,0.685021,0.486380
0.169929,0.696098,0.479046
0.165920,0.688841,0.485565
0.177382,0.694436,0.478105
0.184512,0.701008,0.481532
0.182326,0.699224,0.463949
0.193073,0.686963,0.474757
0.205822,0.687455,0.471585
0.204086,0.692135,0.468687
0.208419,0.693997,0.468799
0.201296,0.696256,0.470293
0.213839,0.699230,0.470353
0.220490,0.688314,0.469818
0.224779,0.694773,0.464944
0.224867,0.696602,0.465158
0.230294,0.703405,0.461287
0.228638,0.701937,0.464603
0.230718,0.692801,0.460575
0.243601,0.688475,0.455850
0.241482,0.698983,0.453136
0.245471,0.698228,0.451754
0.258221,0.688790,0.460160
0.261032,0.699910,0.451407
0.268624,0.702028,0.442466
0.270020,0.701989,0.450315
0.272678,0.690451,0.455855
0.277930,0.702724,0.446432
0.288943,0.698071,0.449869
0.284555,0.699687,0.438671
0.069015,0.703551,0.442467
0.081016,0.703537,0.444157
0.083850,0.705730,0.464697
0.084024,0.702491,0.458971
0.097907,0.694609,0.469129
0.102606,0.701848,0.459980
0.093829,0.696615,0.483911
0.101404,0.701828,0.469382
0.100936,0.702219,0.485136
0.108801,0.697844,0.483265
0.116240,0.705441,0.480135
0.126640,0.692489,0.488436
0.124169,0.702744,0.484289
0.125446,0.694764,0.486269
0.124363,0.694901,0.482707
0.132007,0.703737,0.489001
0.140183,0.696888,0.482283
0.141039,0.690268,0.482001
0.154387,0.701037,0.480159
0.151873,0.698606,0.486983
0.156484,0.697266,0.482928
0.161051,0.695597,0.478226
0.169172,0.698117,0.478462
0.173066,0.692620,0.474455
0.182584,0.697219,0.486262
0.178879,0.695476,0.471910
0.175639,0.696709,0.477122
0.183513,0.699053,0.473002
0.190206,0.699113,0.472671
0.193297,0.698641,0.470468
0.198617,0.710637,0.475471
0.201132,0.706342,0.464985
0.196563,0.706492,0.466427
0.220969,0.702251,0.460655
0.210479,0.698371,0.462115
0.221543,0.698134,0.463811
0.222349,0.705050,0.456202
0.236413,0.702609,0.456211
0.240898,0.700264,0.454934
0.238397,0.709894,0.457910
0.231536,0.703275,0.453742
0.243784,0.696129,0.456428
0.252427,0.702222,0.452712
0.255527,0.701753,0.449213
0.248884,0.707520,0.450387
0.252505,0.693072,0.446124
0.267400,0.706275,0.446571
0.261556,0.699768,0.449424
0.268562,0.697895,0.453325
0.286976,0.701194,0.453432
0.071722,0.708174,0.434528
0.074882,0.697813,0.456392
0.083640,0.702717,0.451010
0.086306,0.707176,0.463388
0.086243,0.701398,0.469394
0.103076,0.706195,0.472001
0.097537,0.696053,0.474103
0.109124,0.709076,0.477405
0.104299,0.706357,0.488823
0.101098,0.700880,0.488944
0.113402,0.703190,0.491176
0.123027,0.695372,0.482840
0.127389,0.708568,0.488718
0.131102,0.703404,0.491383
0.136480,0.701347,0.483033
0.141183,0.706141,0.485731
0.134053,0.704088,0.477326
0.141729,0.705174,0.476881
0.153801,0.700881,0.479371
0.151269,0.698718,0.484329
0.152847,0.694458,0.487903
0.167313,0.699876,0.476665
0.161955,0.701785,0.476780
0.168050,0.704008,0.470423
0.175004,0.710234,0.484836
0.176350,0.710289,0.483133
0.182635,0.696119,0.465246
0.187500,0.711084,0.472209
0.189196,0.705945,0.478271
0.195467,0.702895,0.465979
0.195530,0.711728,0.459585
0.204696,0.709244,0.472749
0.199009,0.708371,0.465984
0.207911,0.704604,0.466151
0.208916,0.698616,0.463408
0.221446,0.702902,0.464484
0.222746,0.706694,0.453132
0.226352,0.698998,0.444866
0.229375,0.709273,0.447966
0.238578,0.698468,0.446266
0.237205,0.703927,0.444095
0.243197,0.708154,0.456958
0.252597,0.705375,0.449048
0.250276,0.705253,0.448799
0.259520,0.716556,0.442453
0.253247,0.706028,0.452640
0.269927,0.698145,0.444296
0.272078,0.705835,0.447151
0.270132,0.721862,0.442027
0.281216,0.702174,0.443839
0.067803,0.714784,0.436923
0.089710,0.703674,0.454593
0.083768,0.716786,0.463321
0.097376,0.701568,0.467169
0.090176,0.709183,0.478659
0.109072,0.704222,0.473068
0.109063,0.710673,0.493280
0.106381,0.697407,0.478576
0.109393,0.709161,0.488384
0.111359,0.704044,0.487632
0.120859,0.711320,0.494287
0.117900,0.717712,0.496213
0.131786,0.707513,0.491641
0.138127,0.706182,0.485306
0.139626,0.704994,0.487372
0.136867,0.706665,0.485236
0.141950,0.705744,0.481542
0.153593,0.716057,0.476664
0.157629,0.708247,0.473674
0.158295,0.698222,0.481147
0.164659,0.715770,0.480439
0.159982,0.706551,0.477674
0.158106,0.705196,0.473870
0.177019,0.716581,0.478253
0.184524,0.711230,0.470562
0.185530,0.703060,0.470826
0.179617,0.714029,0.466132
0.195735,0.719725,0.464419
0.200126,0.711103,0.457561
0.199749,0.699958,0.463099
0.198006,0.707129,0.454042
0.209738,0.716789,0.460565
0.213194,0.707852,0.456128
0.202174,0.712551,0.457595
0.216003,0.705578,0.455615
0.225182,0.708739,0.457002
0.237817,0.709415,0.451066
0.229341,0.714056,0.446551
0.227878,0.717688,0.447279
0.241837,0.718739,0.448712
0.236277,0.710247,0.455425
0.256432,0.710085,0.446808
0.251543,0.709549,0.453056
0.247139,0.716129,0.444713
0.269193,0.712517,0.440802
0.262557,0.702386,0.447056
0.274004,0.708536,0.444599
0.274019,0.712652,0.435976
0.065893,0.719101,0.439089
0.076843,0.716183,0.452349
0.089200,0.713745,0.455596
0.090699,0.710123,0.480743
0.086839,0.709012,0.482777
0.104022,0.709285,0.482622
0.107613,0.716942,0.486752
0.105731,0.709869,0.483455
0.119147,0.717731,0.486335
0.120909,0.720986,0.490058
0.112410,0.710687,0.492224
0.123249,0.714259,0.488252
0.125510,0.719808,0.486605
0.126498,0.713522,0.492445
0.128277,0.711426,0.488705
0.145015,0.710587,0.490854
0.145097,0.704575,0.487762
0.156008,0.712405,0.477901
0.153535,0.715850,0.473047
0.155770,0.715817,0.480520
0.166668,0.717493,0.480205
0.165743,0.708118,0.480712
0.179091,0.713041,0.474945
0.165601,0.714956,0.478460
0.187850,0.712808,0.464650
0.183636,0.721810,0.462023
0.182890,0.712736,0.453507
0.185352,0.710192,0.465574
0.186883,0.714490,0.454176
0.205517,0.714589,0.451087
0.201190,0.711786,0.452540
0.210528,0.721287,0.457927
0.211145,0.709660,0.446275
0.210204,0.720851,0.450110
0.214199,0.711454,0.456122
0.229569,0.712306,0.447523
0.220834,0.712549,0.450440
0.227767,0.721457,0.450866
0.236625,0.714357,0.440584
0.239467,0.712614,0.440655
0.241261,0.712439,0.451566
0.252324,0.726628,0.445917
0.251873,0.726322,0.443105
0.256861,0.714819,0.446095
0.265205,0.721502,0.445794
0.265353,0.713658,0.438522
0.265426,0.720112,0.448382
0.272780,0.715867,0.437345
0.080487,0.725390,0.428711
0.079087,0.717762,0.456027
0.087544,0.719901,0.467371
0.087091,0.720662,0.468660
0.100199,0.714995,0.479255
0.093138,0.716715,0.486584
0.105276,0.711429,0.487611
0.102700,0.714169,0.478016
0.110047,0.715187,0.484104
0.111538,0.711773,0.492606
0.112731,0.717927,0.485973
0.141130,0.708231,0.487117
0.121105,0.714665,0.483509
0.125468,0.714711,0.477686
0.138452,0.715210,0.484835
0.137124,0.717291,0.495856
0.144634,0.721530,0.484469
0.142964,0.712630,0.486308
0.158498,0.718822,0.486407
0.159794,0.724631,0.484350
0.166972,0.719011,0.481442
0.168315,0.721332,0.470733
0.164745,0.716558,0.483198
0.181829,0.718063,0.471504
0.180655,0.721032,0.471142
0.184667,0.717214,0.459677
0.184126,0.720879,0.456789
0.184243,0.719135,0.459650
0.194707,0.718563,0.448097
0.201263,0.720992,0.453356
0.204283,0.716825,0.454242
0.208318,0.726174,0.442650
0.207765,0.729043,0.437927
0.215511,0.715865,0.450664
0.218326,0.712531,0.452690
0.222431,0.727284,0.445125
0.226851,0.717435,0.449369
0.229495,0.719217,0.450098
0.228550,0.724101,0.446104
0.232760,0.711476,0.447880
0.238724,0.720561,0.442383
0.247506,0.721247,0.451060
0.253223,0.719597,0.442976
0.244196,0.735858,0.437494
0.269033,0.713743,0.444301
0.264834,0.729150,0.440695
0.271932,0.724189,0.448896
0.271045,0.726052,0.447987
0.076823,0.728880,0.442794
0.081006,0.718212,0.465621
0.086150,0.729030,0.470462
0.099757,0.707701,0.486947
0.098845,0.721087,0.477727
0.094592,0.715798,0.480301
0.105222,0.718348,0.482798
0.110674,0.730186,0.485068
0.123170,0.723691,0.493392
0.123898,0.715471,0.481257
0.127380,0.717397,0.484562
0.130781,0.715248,0.489117
0.132279,0.722127,0.483778
0.142184,0.716356,0.490037
0.142671,0.720649,0.494100
0.138316,0.715517,0.487264
0.144328,0.719342,0.491171
0.151026,0.712713,0.495567
0.153308,0.727074,0.491295
0.163439,0.729362,0.477648
0.163718,0.717953,0.480431
0.165875,0.732814,0.474361
0.178717,0.724130,0.461357
0.177813,0.719032,0.459732
0.173553,0.721333,0.454938
0.183728,0.725692,0.460871
0.197350,0.722065,0.455276
0.185409,0.731633,0.447903
0.192879,0.723174,0.450239
0.204861,0.720706,0.444847
0.209506,0.723551,0.441915
0.204863,0.732134,0.434422
0.215013,0.724359,0.443031
0.220131,0.726648,0.435053
0.224916,0.731839,0.441892
0.216410,0.729746,0.433027
0.232717,0.729472,0.445271
0.237713,0.729792,0.444611
0.250370,0.727659,0.442066
0.246936,0.721582,0.432364
0.251216,0.726663,0.444749
0.245815,0.742131,0.441289
0.259428,0.724895,0.445562
0.260038,0.728335,0.436876
0.267661,0.727577,0.446133
0.271697,0.726701,0.445947
0.089368,0.735650,0.417908
0.091134,0.727473,0.485013
0.101808,0.718323,0.489628
0.109970,0.731432,0.490307
0.116235,0.722174,0.485557
0.114053,0.727059,0.481991
0.129771,0.739368,0.490362
0.127726,0.731556,0.490785
0.121641,0.724043,0.486689
0.136674,0.725394,0.491453
0.137082,0.729487,0.489095
0.137734,0.725266,0.487493
0.146668,0.723588,0.488175
0.140390,0.730350,0.488895
0.160936,0.723926,0.482612
0.160482,0.720569,0.478696
0.162797,0.729942,0.484025
0.165785,0.713773,0.480788
0.162444,0.728416,0.473864
0.169767,0.725488,0.475761
0.183337,0.727389,0.471383
0.172635,0.732234,0.472181
0.186146,0.726363,0.454983
0.187947,0.731468,0.449824
0.189972,0.732267,0.444962
0.193560,0.722564,0.441023
0.202068,0.735081,0.441277
0.208368,0.736592,0.440622
0.202460,0.724174,0.433858
0.211811,0.725801,0.429954
0.227608,0.736024,0.433945
0.221213,0.723067,0.438470
0.227028,0.721439,0.432590
0.237674,0.728353,0.442477
0.233062,0.739861,0.422757
0.234369,0.733205,0.421153
0.245889,0.738115,0.436122
0.251141,0.734163,0.433541
0.256519,0.734058,0.436937
0.257070,0.731081,0.435472
0.255906,0.727539,0.446153
0.265032,0.730255,0.436128
0.275728,0.740440,0.448161
0.112611,0.734058,0.464260
0.105215,0.737811,0.488626
0.123546,0.728617,0.492746
0.112719,0.729535,0.495661
0.124413,0.730357,0.497191
0.133284,0.717496,0.486803
0.139029,0.731672,0.493143
0.138871,0.731108,0.490313
0.137231,0.722891,0.482128
0.148619,0.729571,0.483753
0.155559,0.729900,0.483943
0.156233,0.735826,0.489086
0.156023,0.738939,0.486357
0.169969,0.730691,0.467435
0.162970,0.727967,0.479060
0.178137,0.735872,0.472133
0.177135,0.736516,0.465453
0.179973,0.743127,0.455738
0.186839,0.744939,0.460612
0.184671,0.742760,0.442311
0.194092,0.738152,0.438822
0.192669,0.729674,0.433383
0.200366,0.741281,0.432858
0.204732,0.734833,0.431652
0.205165,0.725763,0.426093
0.214482,0.736806,0.429635
0.217949,0.728743,0.434471
0.219720,0.732364,0.429427
0.229320,0.742196,0.431927
0.226240,0.737310,0.429870
0.231095,0.742929,0.432885
0.236390,0.739348,0.430299
0.241526,0.733100,0.430527
0.246645,0.723837,0.435390
0.251247,0.741937,0.436182
0.259429,0.736043,0.432143
0.261422,0.730474,0.432984
0.264880,0.733325,0.438687
0.114719,0.740511,0.438702
0.127980,0.731890,0.498262
0.142122,0.732272,0.497730
0.134800,0.737800,0.495692
0.142135,0.741707,0.494500
0.147020,0.728181,0.481723
0.148353,0.732518,0.492984
0.147394,0.730945,0.480869
0.160296,0.735124,0.477152
0.163889,0.733062,0.480345
0.162026,0.736180,0.469439
0.170760,0.731789,0.469338
0.174470,0.735403,0.463486
0.174301,0.738057,0.463369
0.185236,0.736501,0.457499
0.184046,0.737870,0.445617
0.199005,0.742762,0.445958
0.198575,0.742610,0.423628
0.199764,0.746367,0.424811
0.204462,0.749086,0.416691
0.204394,0.743942,0.414129
0.211777,0.742268,0.421016
0.221914,0.748149,0.415817
0.223269,0.744136,0.424091
0.217921,0.743852,0.424424
0.229515,0.743187,0.413235
0.238206,0.739439,0.415575
0.239710,0.741267,0.421434
0.245989,0.747042,0.429559
0.247274,0.743423,0.428666
0.249042,0.740442,0.423237
0.257849,0.739941,0.428792
0.254426,0.746250,0.432428
0.265637,0.752925,0.431345
0.263085,0.739764,0.430828
0.137967,0.750207,0.404631
0.140835,0.737815,0.487165
0.140611,0.747173,0.493629
0.143985,0.746645,0.491590
0.144652,0.741637,0.490196
0.154598,0.738250,0.482598
0.165341,0.744227,0.474948
0.166812,0.747840,0.477809
0.177445,0.747003,0.476268
0.172957,0.751593,0.458495
0.168605,0.735095,0.466065
0.185648,0.747216,0.446799
0.219519,0.746204,0.400965
0.224588,0.756243,0.411146
0.229823,0.748002,0.412009
0.227863,0.745521,0.422100
0.246424,0.753208,0.420250
0.247371,0.743074,0.424084
0.250099,0.743880,0.436980
0.254189,0.760063,0.426825
0.253190,0.748851,0.432731
0.269750,0.741611,0.425825
0.157339,0.745474,0.451360
0.157671,0.742450,0.487769
0.168177,0.744889,0.473510
0.159109,0.749862,0.476235
0.170687,0.738678,0.474002
0.164570,0.749079,0.463551
0.176885,0.746996,0.443868
0.250056,0.758648,0.407775
0.242244,0.749626,0.414606
0.248323,0.749643,0.428036
0.249246,0.751302,0.432504
0.250580,0.745517,0.430020
0.261449,0.753683,0.421665
0.167048,0.756225,0.425051
0.170937,0.742683,0.465361
0.169052,0.755791,0.460649
0.243572,0.764890,0.423329
0.268534,0.752551,0.413797
