X,Y,Z
-0.496417,-0.710027,0.107210
-0.487231,-0.710669,0.105266
-0.482300,-0.711825,0.104536
-0.475190,-0.709796,0.106623
-0.520150,-0.715588,0.101938
-0.512542,-0.704593,0.102817
-0.498363,-0.701935,0.109283
-0.496196,-0.703313,0.106562
-0.496506,-0.700984,0.113152
-0.496900,-0.706719,0.113672
-0.485935,-0.701472,0.109134
-0.482667,-0.710084,0.100547
-0.481736,-0.707995,0.111136
-0.473332,-0.711079,0.108827
-0.463835,-0.705181,0.106610
-0.461988,-0.713215,0.097880
-0.459622,-0.703489,0.086331
-0.527988,-0.707435,0.092334
-0.519353,-0.702710,0.108840
-0.513702,-0.697498,0.108429
-0.514324,-0.702115,0.103679
-0.506889,-0.694017,0.100630
-0.506718,-0.700079,0.110899
-0.495607,-0.705886,0.119607
-0.494259,-0.698731,0.109061
-0.484956,-0.701559,0.117398
-0.480183,-0.692364,0.121326
-0.479850,-0.705603,0.103972
-0.472900,-0.696482,0.108325
-0.467980,-0.707210,0.102715
-0.459652,-0.706051,0.097395
-0.472589,-0.712267,0.109068
-0.464448,-0.710441,0.098909
-0.461147,-0.706168,0.099457
-0.445605,-0.715008,0.098656
-0.450670,-0.707890,0.095221
-0.439705,-0.715038,0.085112
-0.533522,-0.699291,0.092807
-0.521702,-0.706473,0.099431
-0.524750,-0.695280,0.102878
-0.516912,-0.688334,0.097250
-0.503004,-0.707240,0.100473
-0.503991,-0.705680,0.108682
-0.499051,-0.692829,0.109830
-0.502176,-0.704353,0.112165
-0.493901,-0.696654,0.115427
-0.480168,-0.686644,0.114291
-0.484410,-0.688990,0.114333
-0.485937,-0.691754,0.106461
-0.474852,-0.691814,0.115765
-0.469113,-0.696934,0.118261
-0.466403,-0.695196,0.108477
-0.469442,-0.692855,0.106480
-0.463823,-0.700850,0.103967
-0.455555,-0.697085,0.104712
-0.453532,-0.705226,0.092898
-0.440160,-0.695127,0.091384
-0.452469,-0.700901,0.095636
-0.438531,-0.706713,0.093828
-0.436632,-0.696260,0.080879
-0.548582,-0.696604,0.090773
-0.539097,-0.701962,0.086995
-0.537249,-0.702034,0.100535
-0.521537,-0.695455,0.101674
-0.518939,-0.690995,0.103696
-0.512716,-0.697071,0.107541
-0.512720,-0.697180,0.101763
-0.510156,-0.691551,0.114979
-0.502853,-0.695038,0.118109
-0.504964,-0.691369,0.113394
-0.500589,-0.689727,0.113049
-0.485591,-0.694009,0.130749
-0.489241,-0.690418,0.116164
-0.475897,-0.691451,0.122356
-0.461640,-0.682423,0.113689
-0.470449,-0.694275,0.110149
-0.468808,-0.694620,0.114541
-0.470203,-0.697975,0.111504
-0.455711,-0.701349,0.106298
-0.456605,-0.691292,0.100019
-0.452700,-0.699557,0.101260
-0.449171,-0.700722,0.110104
-0.437303,-0.693142,0.091704
-0.434554,-0.690035,0.084557
-0.444234,-0.698681,0.090219
-0.434119,-0.700814,0.082350
-0.420571,-0.691212,0.079651
-0.424707,-0.697636,0.077143
-0.550640,-0.695979,0.078928
-0.538891,-0.687411,0.093534
-0.532600,-0.692841,0.101379
-0.531688,-0.687129,0.094856
-0.521983,-0.684513,0.104890
-0.517199,-0.689409,0.099276
-0.521846,-0.691423,0.118489
-0.511147,-0.694183,0.108887
-0.522804,-0.688716,0.102558
-0.510890,-0.693788,0.110741
-0.492571,-0.684200,0.121091
-0.490085,-0.690025,0.117769
-0.493852,-0.685847,0.121367
-0.482779,-0.689364,0.114711
-0.485071,-0.685283,0.117524
-0.485637,-0.694651,0.108597
-0.462660,-0.685958,0.109961
-0.461864,-0.690812,0.117017
-0.472468,-0.689508,0.115102
-0.459959,-0.688043,0.109236
-0.448634,-0.685426,0.111692
-0.449692,-0.688185,0.102294
-0.442915,-0.686431,0.104333
-0.439022,-0.693481,0.097616
-0.447025,-0.690913,0.089306
-0.436666,-0.686688,0.095672
-0.431424,-0.686732,0.085785
-0.429805,-0.685977,0.080472
-0.423385,-0.693591,0.079597
-0.413557,-0.694118,0.068257
-0.326961,-0.698245,0.056971
-0.314566,-0.685473,0.065252
-0.305271,-0.694900,0.055463
-0.308443,-0.692894,0.058051
-0.301847,-0.693895,0.057346
-0.307577,-0.691267,0.062168
-0.290854,-0.694308,0.067332
-0.283459,-0.696313,0.051753
-0.278121,-0.693652,0.062712
-0.277011,-0.695866,0.051580
-0.281177,-0.701214,0.053146
-0.278030,-0.696818,0.056757
-0.258808,-0.700587,0.055006
-0.543433,-0.689181,0.076518
-0.546774,-0.695349,0.089418
-0.533642,-0.691894,0.087248
-0.535151,-0.682013,0.101323
-0.526147,-0.678328,0.095796
-0.521715,-0.682625,0.104604
-0.514278,-0.685597,0.111096
-0.521754,-0.685918,0.113625
-0.510654,-0.683526,0.107566
-0.508408,-0.690533,0.115870
-0.503341,-0.688573,0.117223
-0.501106,-0.684617,0.124755
-0.493242,-0.685042,0.120718
-0.482440,-0.684294,0.130346
-0.488701,-0.678505,0.129914
-0.481480,-0.694071,0.127677
-0.475234,-0.691452,0.114627
-0.474499,-0.685119,0.106424
-0.463222,-0.684889,0.126130
-0.455859,-0.686149,0.112357
-0.459111,-0.687588,0.115230
-0.455704,-0.689199,0.109335
-0.443641,-0.692602,0.105091
-0.444230,-0.681455,0.106691
-0.436705,-0.686868,0.105580
-0.434910,-0.686489,0.093013
-0.435755,-0.680495,0.090621
-0.430672,-0.687813,0.088761
-0.423802,-0.692730,0.082662
-0.433424,-0.686393,0.083514
-0.421609,-0.684341,0.070985
-0.415850,-0.680254,0.073404
-0.415285,-0.690383,0.057813
-0.352729,-0.687245,0.055318
-0.343984,-0.692143,0.051645
-0.338906,-0.680585,0.060055
-0.334095,-0.689190,0.050418
-0.328441,-0.699420,0.056478
-0.332994,-0.692023,0.060680
-0.318006,-0.685558,0.058204
-0.311272,-0.695563,0.059957
-0.317691,-0.691510,0.058934
-0.317368,-0.690622,0.060269
-0.310962,-0.690032,0.063186
-0.294903,-0.693012,0.051852
-0.301030,-0.688308,0.051859
-0.297958,-0.686917,0.068289
-0.297139,-0.690193,0.056292
-0.282191,-0.679646,0.062383
-0.273693,-0.695127,0.062650
-0.271463,-0.688460,0.054333
-0.264711,-0.690131,0.057701
-0.254355,-0.683184,0.058811
-0.255280,-0.683876,0.052208
-0.553071,-0.680550,0.072384
-0.540733,-0.685811,0.074473
-0.544471,-0.686541,0.083990
-0.531479,-0.676620,0.088398
-0.537089,-0.681935,0.107748
-0.528405,-0.682680,0.101095
-0.527311,-0.688860,0.100163
-0.520349,-0.678421,0.111804
-0.519889,-0.683149,0.116378
-0.509830,-0.683601,0.114410
-0.508221,-0.673184,0.122396
-0.505345,-0.674300,0.122809
-0.504031,-0.681685,0.125786
-0.492607,-0.668536,0.113857
-0.496280,-0.682711,0.124874
-0.486881,-0.670530,0.122493
-0.475372,-0.672509,0.128728
-0.472067,-0.674760,0.110546
-0.474222,-0.678668,0.123223
-0.475031,-0.677089,0.111676
-0.461606,-0.681628,0.112118
-0.456900,-0.683201,0.111455
-0.455513,-0.684176,0.107281
-0.451207,-0.683178,0.116134
-0.448285,-0.670582,0.101052
-0.439234,-0.680719,0.092740
-0.430827,-0.677693,0.096709
-0.434505,-0.680343,0.092602
-0.419560,-0.681902,0.090046
-0.434089,-0.689209,0.088259
-0.420660,-0.684183,0.086431
-0.422008,-0.682344,0.081374
-0.415599,-0.670764,0.069608
-0.410471,-0.682574,0.067745
-0.357949,-0.686286,0.049267
-0.354979,-0.686300,0.052025
-0.343963,-0.684087,0.061573
-0.352399,-0.679687,0.059055
-0.349890,-0.685295,0.062603
-0.342367,-0.686799,0.064605
-0.335200,-0.688480,0.069886
-0.323234,-0.681713,0.055294
-0.327516,-0.681881,0.058950
-0.311755,-0.681538,0.065528
-0.319473,-0.685539,0.060699
-0.313117,-0.677668,0.066449
-0.312595,-0.681590,0.054699
-0.299903,-0.680364,0.063952
-0.304111,-0.688910,0.067214
-0.301853,-0.684760,0.059560
-0.284757,-0.685931,0.058552
-0.289871,-0.684948,0.066323
-0.289459,-0.687776,0.059074
-0.277642,-0.686259,0.056056
-0.275658,-0.690433,0.065212
-0.263314,-0.683805,0.063085
-0.268880,-0.684300,0.062940
-0.262315,-0.681584,0.056873
-0.254884,-0.688040,0.040093
-0.255749,-0.687387,0.034896
-0.545058,-0.683209,0.069481
-0.544701,-0.676280,0.086270
-0.538276,-0.676654,0.088149
-0.540885,-0.675284,0.101233
-0.532463,-0.675379,0.102992
-0.519792,-0.671377,0.107156
-0.538483,-0.673916,0.110942
-0.523048,-0.674314,0.108415
-0.520147,-0.677662,0.107788
-0.518651,-0.673522,0.120915
-0.511117,-0.675444,0.118267
-0.507380,-0.676658,0.130278
-0.486903,-0.670861,0.128993
-0.486631,-0.671968,0.117995
-0.495077,-0.675752,0.126296
-0.487159,-0.672213,0.134785
-0.483898,-0.668755,0.118438
-0.474478,-0.681583,0.124053
-0.462023,-0.669215,0.129750
-0.474139,-0.670521,0.111629
-0.466232,-0.675880,0.121375
-0.455488,-0.675423,0.105557
-0.457917,-0.678664,0.111480
-0.455799,-0.667559,0.102558
-0.448944,-0.684987,0.100345
-0.442586,-0.669299,0.088535
-0.439223,-0.676834,0.095162
-0.433740,-0.685246,0.091298
-0.425611,-0.666782,0.084867
-0.420376,-0.686444,0.096273
-0.420961,-0.671877,0.089251
-0.413995,-0.673522,0.074435
-0.413959,-0.672612,0.090225
-0.408822,-0.681563,0.063093
-0.406775,-0.678489,0.041418
-0.372581,-0.668517,0.032576
-0.359262,-0.679437,0.046406
-0.352330,-0.674469,0.048626
-0.355748,-0.679217,0.042122
-0.343038,-0.683688,0.061223
-0.352969,-0.676002,0.061898
-0.342234,-0.671650,0.065723
-0.334777,-0.689385,0.067842
-0.330175,-0.687771,0.066454
-0.326600,-0.686265,0.054633
-0.328792,-0.666732,0.065860
-0.329120,-0.679402,0.065095
-0.319512,-0.687024,0.066426
-0.309377,-0.684095,0.067038
-0.310109,-0.677691,0.068420
-0.312298,-0.678862,0.057547
-0.284482,-0.677744,0.059920
-0.295807,-0.675758,0.069752
-0.287579,-0.675071,0.061275
-0.286904,-0.678790,0.062886
-0.289339,-0.682483,0.067104
-0.285596,-0.687332,0.057895
-0.284745,-0.687942,0.058175
-0.271863,-0.678040,0.063805
-0.258783,-0.678812,0.062998
-0.257166,-0.680469,0.052683
-0.247885,-0.683019,0.043070
-0.250439,-0.681404,0.045112
-0.254822,-0.682189,0.035215
-0.566194,-0.671939,0.057526
-0.549824,-0.678760,0.076521
-0.543248,-0.669127,0.078566
-0.543924,-0.676443,0.094546
-0.538032,-0.670593,0.086756
-0.532252,-0.673036,0.102055
-0.529813,-0.664159,0.104093
-0.526884,-0.666411,0.113545
-0.515949,-0.679306,0.117026
-0.516249,-0.669086,0.124600
-0.510620,-0.671431,0.125364
-0.504150,-0.666627,0.120718
-0.497788,-0.675257,0.121564
-0.486447,-0.670068,0.122564
-0.500756,-0.663545,0.120637
-0.493723,-0.664904,0.135945
-0.485281,-0.669135,0.124081
-0.474014,-0.655426,0.126301
-0.477448,-0.668060,0.126843
-0.475433,-0.667714,0.128920
-0.464256,-0.674947,0.122459
-0.465907,-0.670916,0.110820
-0.463739,-0.667158,0.116380
-0.454609,-0.669812,0.112301
-0.461731,-0.667816,0.110725
-0.446844,-0.669836,0.100441
-0.435394,-0.668431,0.101786
-0.439446,-0.670361,0.098027
-0.435748,-0.673597,0.103622
-0.429712,-0.670329,0.107254
-0.418664,-0.667117,0.091178
-0.428315,-0.670368,0.093809
-0.416430,-0.674519,0.092998
-0.403739,-0.671828,0.087018
-0.404538,-0.676179,0.076641
-0.402455,-0.673181,0.055439
-0.379616,-0.682528,0.032287
-0.379266,-0.681099,0.035790
-0.372555,-0.677556,0.039856
-0.368963,-0.672471,0.046902
-0.359225,-0.674556,0.056164
-0.364609,-0.673388,0.049388
-0.353529,-0.675154,0.054398
-0.350351,-0.667329,0.064292
-0.350891,-0.669199,0.068436
-0.338910,-0.672414,0.065816
-0.332105,-0.677059,0.065176
-0.326387,-0.676176,0.071885
-0.328918,-0.670898,0.067717
-0.324086,-0.662730,0.067491
-0.312589,-0.669197,0.062984
-0.308536,-0.665345,0.066267
-0.305313,-0.679758,0.065446
-0.305707,-0.668824,0.073127
-0.304693,-0.674724,0.065612
-0.299755,-0.675644,0.071535
-0.296204,-0.677745,0.073719
-0.282267,-0.679025,0.069674
-0.285024,-0.672714,0.071404
-0.285414,-0.667739,0.067628
-0.271055,-0.670271,0.067706
-0.275560,-0.673565,0.066300
-0.277761,-0.667722,0.061102
-0.263009,-0.682341,0.050409
-0.261728,-0.677028,0.049980
-0.253761,-0.678057,0.045865
-0.247115,-0.676254,0.031349
-0.234625,-0.675868,0.025010
-0.560604,-0.671609,0.047285
-0.555270,-0.671498,0.070427
-0.545976,-0.659221,0.080289
-0.548426,-0.662039,0.093097
-0.539456,-0.663986,0.102373
-0.531889,-0.652534,0.094784
-0.529831,-0.661762,0.104957
-0.531277,-0.658161,0.112516
-0.508933,-0.667231,0.108085
-0.520589,-0.659801,0.117054
-0.508204,-0.673726,0.115391
-0.515818,-0.661522,0.124896
-0.502884,-0.664162,0.124959
-0.496895,-0.665667,0.122997
-0.490446,-0.661009,0.124496
-0.482925,-0.664195,0.127181
-0.490811,-0.665474,0.118087
-0.480209,-0.665750,0.127451
-0.482410,-0.664294,0.122345
-0.466836,-0.666406,0.116043
-0.472222,-0.658878,0.121525
-0.463155,-0.667943,0.122711
-0.462745,-0.670665,0.117396
-0.461035,-0.663151,0.109373
-0.448160,-0.666281,0.109417
-0.451565,-0.655836,0.107447
-0.440973,-0.665731,0.104068
-0.446912,-0.669112,0.105455
-0.431516,-0.668372,0.111406
-0.434373,-0.676810,0.099581
-0.422142,-0.668728,0.094304
-0.425727,-0.661540,0.092442
-0.420926,-0.675802,0.094632
-0.411449,-0.678894,0.089059
-0.401450,-0.681621,0.083456
-0.408641,-0.661994,0.074112
-0.402214,-0.659119,0.076381
-0.380522,-0.667778,0.079830
-0.383867,-0.666487,0.075454
-0.387059,-0.662827,0.076396
-0.379653,-0.669376,0.071056
-0.376079,-0.677459,0.067610
-0.364326,-0.676004,0.048497
-0.368890,-0.669158,0.049116
-0.366130,-0.668316,0.059379
-0.350766,-0.670855,0.063252
-0.344564,-0.666004,0.056596
-0.343344,-0.669445,0.064627
-0.350079,-0.668992,0.071593
-0.339814,-0.668277,0.074944
-0.336463,-0.665835,0.067496
-0.323757,-0.672027,0.074732
-0.324429,-0.658349,0.074280
-0.324723,-0.661697,0.070527
-0.318863,-0.679750,0.068764
-0.306141,-0.661661,0.060999
-0.307000,-0.669001,0.065789
-0.304500,-0.673500,0.072934
-0.311395,-0.670497,0.067271
-0.286627,-0.675244,0.067621
-0.290185,-0.670884,0.068338
-0.285515,-0.671239,0.080390
-0.274690,-0.670668,0.067147
-0.282421,-0.671823,0.063307
-0.276068,-0.661072,0.074469
-0.266354,-0.671399,0.069867
-0.260712,-0.669239,0.057578
-0.259231,-0.672409,0.058693
-0.256587,-0.682502,0.053190
-0.257399,-0.669569,0.048334
-0.246763,-0.673328,0.030107
-0.240834,-0.671298,0.018603
-0.554405,-0.661987,0.059825
-0.547255,-0.661004,0.073256
-0.544806,-0.660434,0.086553
-0.546699,-0.659715,0.087135
-0.534550,-0.656119,0.102064
-0.547219,-0.663553,0.101414
-0.527830,-0.667413,0.107804
-0.525469,-0.664885,0.114707
-0.529100,-0.659761,0.118823
-0.511094,-0.659976,0.126474
-0.514831,-0.652853,0.111680
-0.502473,-0.664933,0.127163
-0.500551,-0.653228,0.135839
-0.497176,-0.654670,0.128663
-0.489774,-0.656868,0.131246
-0.493846,-0.664702,0.122008
-0.495234,-0.668992,0.130828
-0.484658,-0.660963,0.137459
-0.478826,-0.657145,0.129422
-0.469875,-0.663098,0.127927
-0.474088,-0.667841,0.121542
-0.467178,-0.654185,0.134522
-0.471209,-0.657893,0.121699
-0.451256,-0.670658,0.117202
-0.457872,-0.658888,0.116331
-0.449253,-0.660445,0.112977
-0.446894,-0.653597,0.115035
-0.436986,-0.664990,0.114271
-0.445839,-0.661406,0.105584
-0.433454,-0.664639,0.096953
-0.430790,-0.666336,0.100470
-0.415236,-0.654160,0.093520
-0.427672,-0.668845,0.086671
-0.414207,-0.670509,0.094917
-0.411563,-0.665422,0.096803
-0.405989,-0.658698,0.091599
-0.399730,-0.665456,0.093567
-0.395064,-0.662092,0.093125
-0.389605,-0.664849,0.094310
-0.378208,-0.663553,0.095801
-0.385412,-0.664101,0.081173
-0.381389,-0.665228,0.089346
-0.372933,-0.662361,0.088591
-0.361733,-0.662693,0.083465
-0.361814,-0.662136,0.062005
-0.357469,-0.671219,0.058798
-0.356576,-0.659916,0.072033
-0.354866,-0.666218,0.070133
-0.354210,-0.667423,0.069180
-0.343592,-0.662444,0.069299
-0.346054,-0.664297,0.072070
-0.335902,-0.663681,0.074158
-0.332303,-0.660089,0.071901
-0.329842,-0.658562,0.066118
-0.321124,-0.661809,0.072346
-0.312152,-0.663964,0.076247
-0.319030,-0.669733,0.065689
-0.308714,-0.665311,0.075115
-0.302499,-0.657920,0.069104
-0.297594,-0.662348,0.062636
-0.300831,-0.672252,0.071612
-0.295226,-0.664343,0.063154
-0.288361,-0.670116,0.076495
-0.267753,-0.663619,0.077944
-0.279471,-0.660844,0.071349
-0.279401,-0.660202,0.063718
-0.272947,-0.662868,0.064887
-0.257304,-0.669659,0.073855
-0.253930,-0.671305,0.059537
-0.258984,-0.663917,0.058594
-0.246392,-0.658880,0.054282
-0.248646,-0.653823,0.039472
-0.241609,-0.666301,0.019761
-0.554885,-0.662153,0.049306
-0.557662,-0.653557,0.077129
-0.548850,-0.662059,0.082219
-0.539871,-0.658739,0.092683
-0.539282,-0.669425,0.101118
-0.540926,-0.656896,0.106522
-0.528692,-0.657898,0.110878
-0.521938,-0.649232,0.119067
-0.516224,-0.653280,0.120031
-0.516813,-0.655814,0.113655
-0.511972,-0.654951,0.129165
-0.515164,-0.649148,0.126664
-0.501196,-0.656610,0.127991
-0.494958,-0.655846,0.134531
-0.496875,-0.648111,0.135812
-0.488589,-0.654700,0.130646
-0.487994,-0.657912,0.134302
-0.475650,-0.654380,0.137894
-0.476204,-0.660769,0.119527
-0.470349,-0.651039,0.124806
-0.473685,-0.658257,0.122729
-0.456469,-0.645934,0.121113
-0.461573,-0.662936,0.121879
-0.454281,-0.654579,0.112430
-0.442352,-0.662066,0.124159
-0.446125,-0.646944,0.120026
-0.437066,-0.647678,0.115301
-0.436160,-0.654649,0.114309
-0.434950,-0.653023,0.120543
-0.429029,-0.659087,0.113719
-0.427664,-0.645361,0.103868
-0.422489,-0.660693,0.110812
-0.418460,-0.656516,0.093620
-0.414767,-0.657736,0.102225
-0.416291,-0.655041,0.107540
-0.408328,-0.651836,0.104458
-0.400992,-0.662450,0.092320
-0.396966,-0.654789,0.097134
-0.394352,-0.662190,0.092214
-0.389769,-0.650954,0.097500
-0.382389,-0.661242,0.102064
-0.376202,-0.664283,0.098921
-0.375176,-0.664759,0.090772
-0.363100,-0.659398,0.094137
-0.364666,-0.665380,0.084209
-0.363131,-0.664323,0.084596
-0.346539,-0.660189,0.060276
-0.352203,-0.651000,0.078045
-0.351016,-0.660822,0.071292
-0.340364,-0.654277,0.081754
-0.339828,-0.663880,0.064046
-0.336896,-0.665601,0.068135
-0.333157,-0.650331,0.065978
-0.317765,-0.659895,0.075931
-0.324120,-0.648700,0.079166
-0.317388,-0.658768,0.075554
-0.310930,-0.658858,0.077855
-0.305407,-0.656754,0.080007
-0.295937,-0.652252,0.076710
-0.299393,-0.666328,0.079708
-0.308501,-0.657961,0.075669
-0.296592,-0.666536,0.073962
-0.291418,-0.655683,0.063393
-0.278877,-0.653657,0.066718
-0.287098,-0.653918,0.074989
-0.267348,-0.667626,0.076225
-0.259013,-0.657156,0.069328
-0.268108,-0.660326,0.070130
-0.262631,-0.658480,0.059449
-0.256137,-0.660347,0.061713
-0.243797,-0.663519,0.048493
-0.249767,-0.664223,0.036760
-0.239084,-0.660632,0.026076
-0.240193,-0.661423,0.012004
-0.552159,-0.649814,0.057333
-0.552650,-0.658808,0.075375
-0.545074,-0.661177,0.084366
-0.548014,-0.657388,0.092120
-0.537666,-0.649024,0.108747
-0.535245,-0.649156,0.110131
-0.518489,-0.648778,0.106541
-0.525345,-0.655091,0.119487
-0.524658,-0.653276,0.127716
-0.510433,-0.661442,0.121886
-0.505918,-0.646568,0.125617
-0.513884,-0.664270,0.121911
-0.503815,-0.659390,0.129779
-0.495928,-0.660256,0.128793
-0.490576,-0.654208,0.131036
-0.490624,-0.653992,0.135243
-0.483768,-0.654924,0.126884
-0.478342,-0.654460,0.124793
-0.463537,-0.646098,0.131268
-0.473797,-0.647552,0.130125
-0.467347,-0.644037,0.126517
-0.475967,-0.646867,0.124899
-0.453657,-0.650427,0.118929
-0.460389,-0.650367,0.125598
-0.455833,-0.649614,0.121282
-0.451158,-0.649055,0.119263
-0.443225,-0.656256,0.125831
-0.436872,-0.646782,0.110355
-0.435166,-0.655108,0.112960
-0.431981,-0.650750,0.116161
-0.419857,-0.658059,0.115548
-0.411841,-0.653900,0.114709
-0.424256,-0.647529,0.116094
-0.403103,-0.651378,0.113426
-0.411744,-0.652005,0.112319
-0.403419,-0.655846,0.102540
-0.397955,-0.653971,0.101086
-0.392773,-0.660390,0.105515
-0.394946,-0.658921,0.104036
-0.386762,-0.661649,0.119487
-0.378934,-0.659048,0.108246
-0.366557,-0.651386,0.106979
-0.380006,-0.656844,0.093989
-0.370012,-0.649486,0.096950
-0.355131,-0.656978,0.095297
-0.357375,-0.653790,0.088455
-0.360922,-0.654120,0.087555
-0.352295,-0.658047,0.084977
-0.348347,-0.645544,0.084400
-0.344132,-0.646259,0.077280
-0.338705,-0.661889,0.073334
-0.331292,-0.649623,0.075491
-0.331137,-0.649468,0.072004
-0.324918,-0.651788,0.073890
-0.325720,-0.647352,0.072329
-0.320265,-0.653029,0.076097
-0.316554,-0.647770,0.074520
-0.305691,-0.651834,0.075865
-0.303713,-0.659900,0.084666
-0.299692,-0.661820,0.077540
-0.294722,-0.657651,0.087974
-0.285754,-0.656528,0.083007
-0.290520,-0.653139,0.073557
-0.285801,-0.659780,0.080110
-0.271639,-0.651468,0.073823
-0.263150,-0.648473,0.074649
-0.269504,-0.651613,0.069287
-0.267615,-0.659923,0.068060
-0.263515,-0.653770,0.063357
-0.261356,-0.652053,0.060078
-0.237004,-0.658467,0.060569
-0.252171,-0.641768,0.040222
-0.242129,-0.659150,0.036828
-0.232904,-0.660421,0.015152
-0.559701,-0.646807,0.057517
-0.552333,-0.650974,0.071878
-0.550299,-0.639475,0.074042
-0.541377,-0.660865,0.100787
-0.539379,-0.649456,0.105389
-0.540522,-0.646615,0.116738
-0.528083,-0.650451,0.109422
-0.527006,-0.647039,0.125275
-0.517961,-0.643104,0.120188
-0.512646,-0.646911,0.128856
-0.503768,-0.651439,0.130277
-0.502877,-0.643929,0.134649
-0.494140,-0.644354,0.137627
-0.495270,-0.648873,0.133899
-0.493400,-0.649411,0.142689
-0.486023,-0.646544,0.131002
-0.482825,-0.647152,0.131976
-0.468145,-0.643304,0.131314
-0.476967,-0.640242,0.122150
-0.477749,-0.649170,0.129907
-0.463372,-0.652635,0.132685
-0.468181,-0.648864,0.126347
-0.455103,-0.650692,0.125945
-0.450509,-0.643757,0.126132
-0.456756,-0.646836,0.125241
-0.440204,-0.645900,0.116791
-0.441148,-0.645622,0.115131
-0.433373,-0.645002,0.123008
-0.442901,-0.649375,0.118012
-0.435407,-0.637953,0.126842
-0.427233,-0.648653,0.119876
-0.431989,-0.648922,0.114401
-0.410479,-0.638232,0.128283
-0.413171,-0.643264,0.117716
-0.406375,-0.645233,0.112407
-0.407645,-0.651449,0.104114
-0.396852,-0.647995,0.112633
-0.394615,-0.647195,0.114983
-0.396681,-0.651002,0.106223
-0.384852,-0.647375,0.102873
-0.381179,-0.636419,0.107107
-0.379576,-0.649909,0.103483
-0.379525,-0.649932,0.102668
-0.366573,-0.645608,0.104036
-0.356314,-0.642313,0.099350
-0.357711,-0.641361,0.106053
-0.351378,-0.653112,0.093572
-0.352574,-0.651610,0.094267
-0.350321,-0.648488,0.081342
-0.341513,-0.655253,0.088069
-0.337446,-0.648565,0.087678
-0.339070,-0.640593,0.076180
-0.339119,-0.637910,0.090518
-0.320671,-0.651939,0.091583
-0.322474,-0.655100,0.083916
-0.322671,-0.641038,0.082513
-0.316647,-0.643809,0.079346
-0.315853,-0.645518,0.080598
-0.309414,-0.645987,0.075881
-0.289089,-0.644309,0.074503
-0.296181,-0.653048,0.080193
-0.297704,-0.644151,0.089289
-0.284627,-0.644139,0.070431
-0.285802,-0.643778,0.067123
-0.276270,-0.642597,0.073037
-0.274214,-0.647107,0.077265
-0.272142,-0.651405,0.076896
-0.259331,-0.645654,0.075604
-0.259188,-0.647242,0.071602
-0.258746,-0.643128,0.060635
-0.250348,-0.652255,0.057519
-0.237736,-0.654148,0.056587
-0.235765,-0.652681,0.049366
-0.230234,-0.648222,0.023002
-0.557041,-0.643805,0.069442
-0.543929,-0.647489,0.082126
-0.538980,-0.652248,0.094914
-0.526667,-0.641367,0.105032
-0.536625,-0.643070,0.109597
-0.521090,-0.642143,0.118379
-0.517847,-0.643370,0.121760
-0.518814,-0.631409,0.124418
-0.513626,-0.647538,0.128583
-0.517738,-0.641772,0.125034
-0.508325,-0.636823,0.119104
-0.494417,-0.650761,0.139301
-0.490885,-0.635864,0.134139
-0.493122,-0.637630,0.142279
-0.495435,-0.641904,0.133599
-0.482597,-0.632507,0.139735
-0.476230,-0.637857,0.132120
-0.467926,-0.644222,0.129066
-0.474361,-0.637727,0.134376
-0.472821,-0.639972,0.133945
-0.466402,-0.630817,0.129752
-0.448874,-0.648240,0.128720
-0.458136,-0.641953,0.131819
-0.448903,-0.635854,0.127681
-0.450126,-0.638444,0.132320
-0.448433,-0.634290,0.128134
-0.441768,-0.641729,0.124278
-0.433079,-0.632020,0.118566
-0.432260,-0.640034,0.126828
-0.420879,-0.650245,0.116643
-0.426121,-0.649984,0.112180
-0.414080,-0.644184,0.118483
-0.418996,-0.646851,0.123462
-0.411478,-0.634162,0.117386
-0.411259,-0.643473,0.109953
-0.393064,-0.644168,0.117575
-0.396101,-0.639421,0.115848
-0.392870,-0.647245,0.117931
-0.385599,-0.643737,0.111056
-0.382293,-0.640777,0.112885
-0.378226,-0.647328,0.106791
-0.380902,-0.643241,0.103597
-0.373391,-0.641827,0.107551
-0.370178,-0.634901,0.104974
-0.360280,-0.641899,0.102734
-0.352918,-0.639979,0.109063
-0.361127,-0.649620,0.099427
-0.355919,-0.644389,0.092279
-0.349151,-0.645546,0.087880
-0.339999,-0.637255,0.096650
-0.336206,-0.642379,0.094407
-0.337612,-0.635531,0.080599
-0.327040,-0.638743,0.083332
-0.310781,-0.637922,0.094032
-0.319690,-0.653413,0.086331
-0.307899,-0.646401,0.085306
-0.311712,-0.649804,0.079786
-0.296713,-0.643677,0.075883
-0.302106,-0.641431,0.079002
-0.302652,-0.639612,0.078780
-0.287717,-0.645169,0.093212
-0.279618,-0.649686,0.087688
-0.272701,-0.642669,0.080612
-0.272895,-0.642888,0.076979
-0.267005,-0.653585,0.089915
-0.267035,-0.639673,0.084690
-0.261203,-0.638177,0.079795
-0.258943,-0.654088,0.078252
-0.249988,-0.649923,0.058545
-0.253384,-0.643301,0.063829
-0.237384,-0.656289,0.055587
-0.240867,-0.639608,0.042148
-0.237903,-0.649555,0.011601
-0.549651,-0.638428,0.077927
-0.542790,-0.636318,0.083948
-0.541478,-0.640891,0.094705
-0.540686,-0.644878,0.104287
-0.542968,-0.636167,0.104353
-0.529946,-0.638730,0.114017
-0.517220,-0.636322,0.118971
-0.518128,-0.628059,0.123689
-0.519400,-0.642151,0.128464
-0.514677,-0.639118,0.130571
-0.502532,-0.633830,0.128144
-0.501305,-0.640235,0.137719
-0.498778,-0.639533,0.133763
-0.496179,-0.639691,0.134000
-0.494512,-0.636239,0.134819
-0.480157,-0.624605,0.133860
-0.479228,-0.634957,0.141841
-0.476012,-0.635992,0.135702
-0.467888,-0.634974,0.135736
-0.475998,-0.633391,0.138725
-0.462807,-0.641518,0.141754
-0.457420,-0.637894,0.134864
-0.466811,-0.627742,0.133865
-0.449986,-0.636218,0.121184
-0.446764,-0.643213,0.132525
-0.440946,-0.634586,0.124868
-0.440864,-0.637677,0.125010
-0.435987,-0.641692,0.119208
-0.430419,-0.634203,0.126545
-0.431991,-0.636555,0.132626
-0.420819,-0.635790,0.124929
-0.419463,-0.633367,0.115093
-0.410706,-0.639217,0.118022
-0.406298,-0.646260,0.112813
-0.400168,-0.643888,0.117437
-0.402544,-0.629987,0.124036
-0.402324,-0.641905,0.120031
-0.385393,-0.639434,0.119609
-0.388024,-0.641355,0.112474
-0.375971,-0.645365,0.125001
-0.389197,-0.639441,0.109689
-0.377136,-0.640877,0.112176
-0.371975,-0.629598,0.113397
-0.368570,-0.632688,0.113840
-0.360461,-0.640528,0.109368
-0.347236,-0.642938,0.103042
-0.352902,-0.640730,0.102279
-0.349677,-0.645383,0.101610
-0.348113,-0.628677,0.097431
-0.339539,-0.631487,0.088945
-0.333042,-0.640938,0.086602
-0.323752,-0.645567,0.088294
-0.324258,-0.635974,0.081688
-0.321560,-0.633090,0.090022
-0.310848,-0.639460,0.081166
-0.308377,-0.644582,0.080612
-0.308849,-0.639261,0.092022
-0.309804,-0.642655,0.086743
-0.304551,-0.648326,0.093607
-0.302610,-0.652343,0.084164
-0.292538,-0.640785,0.086999
-0.296530,-0.642947,0.085890
-0.274250,-0.641678,0.071812
-0.278738,-0.639981,0.081471
-0.279269,-0.642949,0.090753
-0.278044,-0.634646,0.080515
-0.264888,-0.637579,0.078764
-0.255668,-0.650744,0.062090
-0.251990,-0.639945,0.066831
-0.247859,-0.629145,0.064652
-0.247026,-0.642292,0.052615
-0.234924,-0.643464,0.035949
-0.235363,-0.647242,0.023557
-0.545905,-0.637822,0.069702
-0.542296,-0.638683,0.090125
-0.538436,-0.632710,0.100613
-0.546645,-0.632948,0.107614
-0.525246,-0.632978,0.108784
-0.527484,-0.637691,0.113514
-0.521026,-0.627122,0.118911
-0.518529,-0.624576,0.123411
-0.511243,-0.632460,0.114393
-0.506776,-0.629289,0.127463
-0.496487,-0.633465,0.123499
-0.498907,-0.629456,0.126634
-0.494666,-0.627331,0.135212
-0.492617,-0.626813,0.139029
-0.484909,-0.642604,0.132959
-0.490689,-0.618485,0.141245
-0.478638,-0.623575,0.147671
-0.475295,-0.631657,0.138589
-0.468083,-0.619353,0.144921
-0.469068,-0.631407,0.141419
-0.457253,-0.627388,0.134853
-0.464370,-0.626740,0.142770
-0.450223,-0.641841,0.130575
-0.449410,-0.631662,0.137803
-0.441296,-0.614076,0.140686
-0.445521,-0.636243,0.134176
-0.436563,-0.635068,0.130088
-0.435950,-0.638164,0.122835
-0.426464,-0.633788,0.125530
-0.425295,-0.627729,0.123979
-0.420253,-0.633490,0.136667
-0.419674,-0.632185,0.133865
-0.406260,-0.635618,0.124302
-0.415727,-0.632869,0.124392
-0.410914,-0.624882,0.135736
-0.406674,-0.636292,0.123059
-0.394813,-0.632602,0.117631
-0.378840,-0.639378,0.129107
-0.393767,-0.636786,0.129668
-0.382658,-0.624736,0.129042
-0.380687,-0.639751,0.121026
-0.373963,-0.635557,0.117288
-0.366681,-0.636516,0.119107
-0.360445,-0.629202,0.121946
-0.368251,-0.636802,0.115729
-0.360462,-0.637655,0.110612
-0.351790,-0.627327,0.101597
-0.350175,-0.630462,0.101829
-0.346894,-0.628544,0.110735
-0.336043,-0.642298,0.099401
-0.333449,-0.633148,0.090403
-0.329252,-0.625414,0.097102
-0.326005,-0.635344,0.094401
-0.319440,-0.631860,0.092105
-0.306062,-0.636514,0.091920
-0.311018,-0.639013,0.096426
-0.313856,-0.636074,0.101370
-0.308289,-0.638453,0.091350
-0.301002,-0.635700,0.083869
-0.296495,-0.636339,0.078964
-0.299425,-0.624948,0.082756
-0.297836,-0.630436,0.079026
-0.286631,-0.624539,0.081990
-0.271793,-0.633393,0.082586
-0.277956,-0.636475,0.082581
-0.266512,-0.643685,0.078646
-0.272997,-0.636264,0.076674
-0.263437,-0.630635,0.071197
-0.253277,-0.634392,0.068078
-0.255761,-0.637963,0.067932
-0.241842,-0.632239,0.053852
-0.242540,-0.626891,0.048055
-0.224345,-0.636632,0.020888
-0.548790,-0.630395,0.072601
-0.547593,-0.631961,0.087792
-0.547881,-0.630369,0.102277
-0.533509,-0.636393,0.106108
-0.528677,-0.623993,0.114560
-0.528084,-0.634358,0.109727
-0.527032,-0.626604,0.127174
-0.519297,-0.633045,0.128110
-0.508895,-0.623883,0.128130
-0.510921,-0.635435,0.142199
-0.512362,-0.620165,0.139585
-0.508744,-0.618782,0.146404
-0.497194,-0.628633,0.142507
-0.498990,-0.614193,0.134379
-0.490481,-0.632511,0.142237
-0.478793,-0.618532,0.148333
-0.483346,-0.630079,0.139086
-0.480735,-0.628956,0.145453
-0.481593,-0.632404,0.141416
-0.475780,-0.629921,0.138125
-0.459506,-0.627040,0.135424
-0.468051,-0.617088,0.144341
-0.457008,-0.626136,0.138544
-0.450560,-0.617704,0.134865
-0.448688,-0.623601,0.135834
-0.447167,-0.627162,0.136770
-0.438227,-0.625096,0.144797
-0.435957,-0.626281,0.135030
-0.437950,-0.626653,0.122495
-0.422527,-0.619289,0.129718
-0.413693,-0.625739,0.126134
-0.408956,-0.623444,0.135567
-0.416714,-0.628855,0.127747
-0.418119,-0.622287,0.137767
-0.411282,-0.628263,0.129920
-0.408129,-0.634344,0.127445
-0.398386,-0.636932,0.116915
-0.390778,-0.634837,0.124286
-0.386778,-0.625114,0.129409
-0.381083,-0.631142,0.130972
-0.373129,-0.628692,0.126571
-0.374957,-0.626824,0.126522
-0.371127,-0.627650,0.115994
-0.372383,-0.622635,0.126816
-0.358179,-0.622917,0.112129
-0.361766,-0.622207,0.111504
-0.357805,-0.620642,0.109052
-0.345294,-0.627175,0.111925
-0.349896,-0.621228,0.102513
-0.343605,-0.631102,0.099712
-0.327167,-0.634855,0.105569
-0.336440,-0.628431,0.100475
-0.319715,-0.620475,0.099639
-0.315762,-0.634894,0.091322
-0.317188,-0.628411,0.097692
-0.317304,-0.623155,0.095054
-0.305832,-0.617760,0.096471
-0.303953,-0.628210,0.090086
-0.303417,-0.639035,0.092159
-0.301911,-0.629221,0.091739
-0.284184,-0.626237,0.093975
-0.283687,-0.635050,0.079189
-0.277561,-0.639366,0.084321
-0.273452,-0.639873,0.086463
-0.274399,-0.626323,0.087916
-0.268202,-0.631881,0.086922
-0.265327,-0.629457,0.073414
-0.266511,-0.632467,0.071876
-0.264723,-0.628857,0.081579
-0.252613,-0.633532,0.066897
-0.255733,-0.639409,0.058490
-0.244439,-0.632545,0.051401
-0.235448,-0.628723,0.022082
-0.546424,-0.628741,0.057312
-0.552714,-0.629208,0.091681
-0.547622,-0.630739,0.104600
-0.543945,-0.624529,0.112832
-0.539219,-0.625900,0.113770
-0.524996,-0.625040,0.115865
-0.525837,-0.613187,0.130215
-0.513312,-0.623900,0.134990
-0.513758,-0.627187,0.130348
-0.511579,-0.621594,0.135724
-0.499426,-0.615068,0.131129
-0.509687,-0.620237,0.136501
-0.506697,-0.626064,0.141749
-0.495146,-0.623658,0.150504
-0.495091,-0.627366,0.144591
-0.490366,-0.612003,0.137521
-0.484009,-0.624244,0.142427
-0.469850,-0.623803,0.155854
-0.469598,-0.627611,0.149749
-0.472356,-0.615393,0.139815
-0.462305,-0.625541,0.136075
-0.462274,-0.613919,0.143157
-0.445749,-0.632032,0.134682
-0.444334,-0.624194,0.145570
-0.445438,-0.617729,0.142964
-0.437781,-0.619760,0.137251
-0.445472,-0.625889,0.136123
-0.430793,-0.628409,0.131074
-0.425781,-0.622861,0.131493
-0.434358,-0.613627,0.135710
-0.415612,-0.624176,0.135439
-0.406145,-0.627371,0.137023
-0.411071,-0.623047,0.127977
-0.411759,-0.618245,0.135806
-0.404787,-0.609211,0.129853
-0.392162,-0.621787,0.146907
-0.402914,-0.620056,0.137483
-0.393166,-0.612386,0.133323
-0.386295,-0.623019,0.133402
-0.389768,-0.626114,0.136242
-0.373237,-0.628825,0.126101
-0.375044,-0.622745,0.129545
-0.370224,-0.630032,0.122211
-0.361099,-0.624095,0.125143
-0.356778,-0.620099,0.118444
-0.353641,-0.624484,0.118589
-0.344969,-0.615689,0.123988
-0.347961,-0.617326,0.115132
-0.347813,-0.627921,0.113055
-0.335513,-0.624481,0.103994
-0.339737,-0.618321,0.098496
-0.325735,-0.627346,0.106733
-0.329841,-0.635006,0.100323
-0.319958,-0.627576,0.101660
-0.321712,-0.623489,0.089865
-0.310328,-0.622198,0.093921
-0.317485,-0.627332,0.091754
-0.302813,-0.630358,0.101631
-0.300730,-0.617035,0.090739
-0.288000,-0.629141,0.091797
-0.287537,-0.626454,0.087863
-0.288318,-0.628287,0.086519
-0.281520,-0.616642,0.093163
-0.270997,-0.626262,0.086006
-0.276450,-0.627890,0.087212
-0.269767,-0.634096,0.090007
-0.261877,-0.618658,0.084056
-0.267104,-0.611461,0.071695
-0.257209,-0.628387,0.071877
-0.244182,-0.628406,0.075956
-0.251581,-0.632221,0.064090
-0.239591,-0.619481,0.042105
-0.235987,-0.628804,0.023678
-0.546917,-0.624184,0.060829
-0.546149,-0.622168,0.099755
-0.535349,-0.619325,0.098017
-0.540559,-0.623899,0.109295
-0.526427,-0.613916,0.110901
-0.525815,-0.629054,0.118465
-0.532822,-0.601676,0.126847
-0.513948,-0.613782,0.127234
-0.502622,-0.621199,0.128654
-0.502272,-0.620529,0.146649
-0.506331,-0.609469,0.131747
-0.507895,-0.621610,0.139910
-0.493811,-0.635960,0.135218
-0.492811,-0.617631,0.151278
-0.481697,-0.623019,0.146746
-0.490096,-0.613538,0.137726
-0.478748,-0.608366,0.146622
-0.473222,-0.618611,0.145368
-0.473374,-0.613327,0.148889
-0.461530,-0.616091,0.147247
-0.462114,-0.619604,0.144728
-0.457085,-0.618219,0.151040
-0.448638,-0.617877,0.145727
-0.454418,-0.619013,0.146443
-0.445001,-0.610136,0.148106
-0.444825,-0.618752,0.131133
-0.438022,-0.619933,0.150018
-0.434075,-0.622219,0.145193
-0.425303,-0.608150,0.139447
-0.425792,-0.618656,0.142012
-0.417594,-0.611160,0.143400
-0.414081,-0.615182,0.131120
-0.408778,-0.619455,0.136516
-0.407207,-0.614875,0.135349
-0.400852,-0.621886,0.140303
-0.395024,-0.623636,0.138884
-0.391560,-0.622578,0.139927
-0.390417,-0.619583,0.147040
-0.385040,-0.616879,0.139564
-0.385983,-0.616877,0.128530
-0.372316,-0.609455,0.143755
-0.377500,-0.611883,0.128773
-0.377112,-0.617773,0.126606
-0.361713,-0.613316,0.136416
-0.356443,-0.613063,0.123001
-0.346103,-0.618172,0.136289
-0.344256,-0.618918,0.131564
-0.346899,-0.619141,0.117946
-0.343600,-0.612542,0.109661
-0.334403,-0.617881,0.117543
-0.333518,-0.626946,0.116231
-0.331791,-0.623870,0.117671
-0.329037,-0.622421,0.115578
-0.322213,-0.620139,0.099597
-0.313013,-0.610552,0.103800
-0.320200,-0.616974,0.106363
-0.314094,-0.613377,0.090861
-0.303045,-0.616593,0.101606
-0.300366,-0.622783,0.092809
-0.298620,-0.626778,0.101938
-0.295126,-0.617588,0.096736
-0.290630,-0.619985,0.087498
-0.273991,-0.626020,0.098337
-0.275066,-0.628276,0.086616
-0.269536,-0.624449,0.090165
-0.267163,-0.623647,0.078325
-0.264836,-0.621579,0.082247
-0.259900,-0.620622,0.079377
-0.260699,-0.623885,0.078006
-0.250093,-0.626598,0.069018
-0.252970,-0.625194,0.057608
-0.247778,-0.626684,0.041760
-0.236983,-0.620446,0.022386
-0.546768,-0.616421,0.073425
-0.548006,-0.614760,0.097446
-0.544847,-0.617123,0.104404
-0.531289,-0.620379,0.123319
-0.529328,-0.611674,0.121427
-0.522313,-0.611521,0.119468
-0.524197,-0.615615,0.133583
-0.515494,-0.615718,0.142995
-0.518489,-0.621880,0.140478
-0.496438,-0.609061,0.140011
-0.505243,-0.607859,0.140039
-0.498098,-0.605242,0.135511
-0.493453,-0.612697,0.143714
-0.482894,-0.610860,0.153817
-0.493621,-0.604175,0.137834
-0.484684,-0.615418,0.143871
-0.475026,-0.612184,0.150347
-0.464621,-0.606593,0.148549
-0.472167,-0.614907,0.148613
-0.456474,-0.611893,0.154867
-0.449458,-0.614342,0.150604
-0.456576,-0.612285,0.145151
-0.445009,-0.611279,0.146645
-0.448484,-0.610330,0.145640
-0.435231,-0.606230,0.150596
-0.432199,-0.614349,0.147570
-0.428546,-0.608944,0.139421
-0.422994,-0.613859,0.145885
-0.424293,-0.618815,0.148298
-0.431107,-0.611315,0.139314
-0.421674,-0.612715,0.141927
-0.411378,-0.613779,0.148982
-0.403121,-0.612705,0.136045
-0.406247,-0.613921,0.143532
-0.396577,-0.618899,0.144263
-0.389705,-0.619839,0.150738
-0.397679,-0.611563,0.147618
-0.379470,-0.604790,0.138550
-0.382959,-0.610609,0.141505
-0.378178,-0.619763,0.144229
-0.373957,-0.612634,0.148018
-0.360110,-0.617184,0.131897
-0.364109,-0.607157,0.130926
-0.365291,-0.617554,0.144923
-0.357897,-0.605445,0.128331
-0.351239,-0.614326,0.133158
-0.358070,-0.610501,0.123332
-0.344818,-0.616262,0.122536
-0.343593,-0.612259,0.122284
-0.337113,-0.621607,0.112358
-0.336309,-0.616794,0.111702
-0.332420,-0.613924,0.112347
-0.324753,-0.609211,0.108936
-0.311192,-0.610966,0.100182
-0.320562,-0.609775,0.104263
-0.310901,-0.622256,0.100305
-0.315357,-0.612853,0.106824
-0.300797,-0.616848,0.099222
-0.287206,-0.616190,0.098746
-0.296004,-0.606711,0.094173
-0.285132,-0.616324,0.098276
-0.291855,-0.610548,0.082779
-0.273475,-0.620471,0.088266
-0.276247,-0.612825,0.090883
-0.270889,-0.615561,0.083563
-0.254456,-0.628491,0.090853
-0.265199,-0.605776,0.081452
-0.254581,-0.621268,0.080601
-0.252698,-0.609617,0.075420
-0.243276,-0.617311,0.067703
-0.250902,-0.614280,0.051669
-0.238781,-0.623384,0.029376
-0.550146,-0.610779,0.076566
-0.548065,-0.611044,0.091355
-0.538693,-0.611142,0.100763
-0.532928,-0.604251,0.123670
-0.526323,-0.602071,0.117246
-0.523431,-0.614662,0.137592
-0.526260,-0.614568,0.141603
-0.516228,-0.609657,0.141051
-0.508223,-0.611672,0.139540
-0.495770,-0.612882,0.144122
-0.499272,-0.609781,0.152688
-0.491581,-0.602434,0.163542
-0.498552,-0.614164,0.152932
-0.486544,-0.604560,0.151000
-0.494131,-0.612835,0.158639
-0.473605,-0.606624,0.150956
-0.476685,-0.608615,0.152573
-0.471746,-0.615100,0.154421
-0.467175,-0.619688,0.135686
-0.462563,-0.614133,0.145428
-0.465893,-0.602549,0.155610
-0.449391,-0.610789,0.152628
-0.453689,-0.608281,0.152628
-0.442130,-0.602052,0.151156
-0.445460,-0.612823,0.145913
-0.446791,-0.618015,0.142276
-0.431390,-0.609451,0.145851
-0.429475,-0.603537,0.148291
-0.421984,-0.600795,0.146221
-0.409683,-0.607181,0.148132
-0.416662,-0.600529,0.144011
-0.412066,-0.599507,0.140231
-0.403699,-0.605257,0.152163
-0.400365,-0.606942,0.149446
-0.402661,-0.613725,0.154411
-0.396679,-0.605072,0.139811
-0.394210,-0.615271,0.151469
-0.387009,-0.614294,0.143797
-0.381397,-0.606172,0.150814
-0.374056,-0.595157,0.142743
-0.374590,-0.597621,0.146892
-0.373501,-0.610756,0.143786
-0.354388,-0.617301,0.149319
-0.348670,-0.607864,0.139160
-0.358653,-0.605952,0.138137
-0.355811,-0.607794,0.138432
-0.349215,-0.603818,0.132141
-0.354392,-0.609887,0.130659
-0.340655,-0.614133,0.121550
-0.331505,-0.606210,0.118494
-0.333214,-0.601470,0.114814
-0.322187,-0.603894,0.114738
-0.327229,-0.610334,0.122722
-0.327478,-0.615394,0.109541
-0.318569,-0.610367,0.101769
-0.307921,-0.602691,0.101942
-0.307970,-0.614076,0.113460
-0.296857,-0.613907,0.107790
-0.299615,-0.610041,0.105905
-0.286961,-0.605296,0.098803
-0.292989,-0.612395,0.095318
-0.281658,-0.607297,0.096398
-0.278980,-0.611137,0.090090
-0.268541,-0.615628,0.086507
-0.269670,-0.609022,0.088255
-0.270836,-0.606785,0.094549
-0.264159,-0.616344,0.076957
-0.255970,-0.608053,0.073030
-0.248302,-0.618612,0.073175
-0.247772,-0.613280,0.061239
-0.238090,-0.615140,0.054462
-0.232038,-0.613447,0.026941
-0.553060,-0.597726,0.066366
-0.539160,-0.607147,0.095865
-0.533987,-0.601548,0.109963
-0.533278,-0.593554,0.124003
-0.521777,-0.603125,0.121614
-0.520827,-0.607900,0.127603
-0.514536,-0.598202,0.140051
-0.508847,-0.609480,0.142141
-0.509179,-0.599943,0.151921
-0.505773,-0.598587,0.148175
-0.500115,-0.605000,0.143443
-0.499091,-0.611073,0.151212
-0.493911,-0.606848,0.147542
-0.486161,-0.607731,0.149716
-0.486142,-0.604728,0.153196
-0.474183,-0.604057,0.148766
-0.477095,-0.604445,0.159744
-0.467943,-0.603826,0.155017
-0.463806,-0.603735,0.144819
-0.458001,-0.605468,0.152337
-0.463123,-0.603909,0.151838
-0.452688,-0.599955,0.150135
-0.443141,-0.604900,0.158805
-0.442367,-0.611089,0.145737
-0.428046,-0.608395,0.162129
-0.434211,-0.606015,0.155117
-0.429128,-0.604010,0.153089
-0.432739,-0.600684,0.153025
-0.426603,-0.601203,0.145783
-0.422731,-0.601774,0.145300
-0.420069,-0.595137,0.154074
-0.415642,-0.604712,0.151212
-0.409682,-0.602343,0.149081
-0.393184,-0.607948,0.146083
-0.407044,-0.597306,0.159450
-0.394424,-0.609765,0.150354
-0.393611,-0.603802,0.149858
-0.390722,-0.605064,0.152631
-0.385614,-0.600500,0.156081
-0.363849,-0.599513,0.159418
-0.372723,-0.602462,0.155135
-0.368993,-0.603300,0.144159
-0.363472,-0.612194,0.141901
-0.353073,-0.608095,0.155168
-0.364010,-0.594992,0.139912
-0.345495,-0.605291,0.134763
-0.345132,-0.603844,0.138153
-0.341671,-0.602992,0.129944
-0.335157,-0.600471,0.114056
-0.341673,-0.589580,0.116083
-0.327029,-0.598826,0.126038
-0.321711,-0.606474,0.113563
-0.322508,-0.610473,0.113676
-0.317929,-0.606969,0.114685
-0.315485,-0.603867,0.109775
-0.313216,-0.607322,0.101318
-0.306868,-0.607565,0.115390
-0.305157,-0.607015,0.106416
-0.293256,-0.615042,0.097055
-0.294702,-0.608121,0.100662
-0.282632,-0.606054,0.103462
-0.290665,-0.602970,0.095364
-0.276665,-0.607903,0.090277
-0.266281,-0.614777,0.098380
-0.271091,-0.604945,0.090163
-0.260475,-0.599645,0.080450
-0.265257,-0.603287,0.092687
-0.257006,-0.596163,0.083702
-0.252262,-0.605145,0.075952
-0.247023,-0.593421,0.067705
-0.236767,-0.614686,0.056449
-0.543617,-0.597251,0.075356
-0.549864,-0.604133,0.095122
-0.529835,-0.601205,0.110997
-0.528273,-0.607635,0.113611
-0.529226,-0.607209,0.122702
-0.518468,-0.602028,0.133840
-0.514900,-0.599730,0.138091
-0.515509,-0.600026,0.143082
-0.507918,-0.608631,0.143323
-0.502662,-0.608634,0.153814
-0.503991,-0.594693,0.145002
-0.500123,-0.605884,0.159159
-0.480637,-0.602475,0.154522
-0.497809,-0.597196,0.157511
-0.483524,-0.598627,0.152016
-0.472243,-0.596804,0.163361
-0.476023,-0.598999,0.162597
-0.471796,-0.605060,0.159059
-0.467740,-0.598123,0.154272
-0.465293,-0.605376,0.159945
-0.460129,-0.600392,0.156494
-0.456291,-0.595050,0.154339
-0.456135,-0.600635,0.153324
-0.441557,-0.599537,0.153373
-0.445859,-0.593311,0.142251
-0.448425,-0.602038,0.169525
-0.433596,-0.598899,0.148025
-0.432204,-0.608404,0.150297
-0.422042,-0.608952,0.147710
-0.425266,-0.604733,0.158211
-0.411462,-0.607401,0.158116
-0.408423,-0.589002,0.154653
-0.400329,-0.593059,0.160390
-0.405785,-0.597081,0.157537
-0.407812,-0.603052,0.161249
-0.400634,-0.595853,0.158094
-0.395649,-0.593058,0.155077
-0.385636,-0.602523,0.157081
-0.388671,-0.601883,0.156750
-0.376735,-0.600635,0.158674
-0.374057,-0.592194,0.150493
-0.368510,-0.587450,0.151546
-0.368498,-0.594107,0.149070
-0.363101,-0.594968,0.150992
-0.355787,-0.593322,0.141957
-0.353248,-0.599153,0.150752
-0.342565,-0.608009,0.138695
-0.357173,-0.597570,0.137001
-0.344556,-0.597821,0.143575
-0.339669,-0.592949,0.132882
-0.336390,-0.593194,0.135007
-0.327532,-0.603940,0.120147
-0.318282,-0.597886,0.133431
-0.316205,-0.596780,0.113749
-0.305120,-0.596771,0.112110
-0.306647,-0.598195,0.100553
-0.297495,-0.593035,0.113822
-0.301792,-0.598800,0.103098
-0.303644,-0.608141,0.111536
-0.308032,-0.584824,0.104335
-0.287567,-0.596822,0.101114
-0.287364,-0.599838,0.100626
-0.274579,-0.604143,0.099527
-0.279288,-0.607791,0.094893
-0.269546,-0.598507,0.090518
-0.266989,-0.602974,0.093232
-0.264468,-0.603514,0.089493
-0.255424,-0.605051,0.082618
-0.251909,-0.611220,0.073097
-0.245190,-0.597660,0.071503
-0.250382,-0.595445,0.050741
-0.545469,-0.601816,0.064082
-0.543344,-0.600102,0.090475
-0.549685,-0.593530,0.107301
-0.543285,-0.602041,0.128777
-0.522688,-0.595410,0.125174
-0.516889,-0.591889,0.127731
-0.510104,-0.595812,0.139223
-0.509521,-0.593961,0.143000
-0.507345,-0.597902,0.154044
-0.499184,-0.597267,0.156464
-0.498635,-0.584317,0.148912
-0.497202,-0.591422,0.162300
-0.488280,-0.588949,0.159142
-0.494294,-0.599911,0.153186
-0.485093,-0.591337,0.172207
-0.478007,-0.587135,0.165374
-0.475437,-0.601618,0.161486
-0.472730,-0.589992,0.147084
-0.461958,-0.599548,0.151976
-0.462041,-0.595256,0.157762
-0.460768,-0.589521,0.154642
-0.453052,-0.599640,0.152626
-0.460533,-0.597712,0.166427
-0.443026,-0.589851,0.160974
-0.433514,-0.595402,0.158685
-0.427267,-0.585560,0.152577
-0.433545,-0.601380,0.151538
-0.425852,-0.594360,0.157791
-0.415894,-0.595451,0.153492
-0.421818,-0.594273,0.160920
-0.410053,-0.594862,0.158702
-0.412810,-0.591186,0.156254
-0.406641,-0.600137,0.163510
-0.395278,-0.595796,0.155608
-0.398064,-0.594357,0.158788
-0.393517,-0.591120,0.165912
-0.384122,-0.594209,0.166368
-0.385135,-0.595235,0.168025
-0.379935,-0.596804,0.158138
-0.380410,-0.590932,0.160739
-0.373604,-0.599393,0.155461
-0.361080,-0.584941,0.155874
-0.367954,-0.585157,0.151180
-0.361115,-0.584854,0.158696
-0.355250,-0.590474,0.154430
-0.347119,-0.595729,0.148985
-0.346382,-0.591967,0.144463
-0.345108,-0.595871,0.148790
-0.342580,-0.596265,0.141547
-0.334458,-0.592717,0.136225
-0.330726,-0.596793,0.137236
-0.324246,-0.599370,0.132315
-0.321208,-0.583986,0.120811
-0.317003,-0.592112,0.116485
-0.314559,-0.596974,0.117529
-0.308059,-0.601549,0.114168
-0.298152,-0.598071,0.109574
-0.303096,-0.601699,0.106548
-0.301319,-0.592785,0.101737
-0.283665,-0.598345,0.102537
-0.292011,-0.602640,0.105194
-0.284510,-0.594740,0.097746
-0.270865,-0.593799,0.096577
-0.277247,-0.591549,0.097866
-0.266955,-0.597348,0.101794
-0.258588,-0.598533,0.094185
-0.259716,-0.586401,0.085900
-0.258718,-0.599281,0.081923
-0.241662,-0.591423,0.073770
-0.240098,-0.602672,0.065601
-0.226411,-0.597718,0.062431
-0.542683,-0.588865,0.085823
-0.543224,-0.593284,0.107431
-0.534449,-0.589382,0.125529
-0.519695,-0.586900,0.129791
-0.524458,-0.590715,0.140572
-0.512032,-0.589085,0.145238
-0.514952,-0.594216,0.136865
-0.516551,-0.595560,0.158841
-0.503822,-0.585102,0.144595
-0.504763,-0.587894,0.148481
-0.493634,-0.595766,0.163005
-0.491002,-0.595821,0.161384
-0.485856,-0.583961,0.157225
-0.482508,-0.586745,0.160941
-0.481204,-0.587879,0.159005
-0.478869,-0.588274,0.163777
-0.473951,-0.590038,0.153169
-0.467845,-0.585950,0.155258
-0.475338,-0.585505,0.167666
-0.457990,-0.590922,0.160699
-0.459263,-0.587320,0.167778
-0.449497,-0.575632,0.163849
-0.450476,-0.592829,0.161621
-0.442767,-0.583328,0.163372
-0.436555,-0.590949,0.162784
-0.434314,-0.596735,0.162849
-0.431557,-0.586715,0.164102
-0.427327,-0.595649,0.165373
-0.419537,-0.593061,0.160801
-0.415513,-0.586783,0.173568
-0.412409,-0.588157,0.165747
-0.411416,-0.591155,0.161028
-0.398259,-0.587256,0.169003
-0.400637,-0.593710,0.158560
-0.392372,-0.588493,0.169477
-0.392825,-0.586756,0.168847
-0.389902,-0.594204,0.166725
-0.388347,-0.593800,0.156933
-0.375753,-0.593114,0.164450
-0.377808,-0.590955,0.166502
-0.370141,-0.591561,0.160818
-0.367908,-0.582221,0.160053
-0.367780,-0.585588,0.150921
-0.355869,-0.589056,0.152565
-0.352286,-0.592367,0.150860
-0.348126,-0.589329,0.157056
-0.346637,-0.596995,0.152430
-0.336871,-0.592269,0.140147
-0.328869,-0.590645,0.144394
-0.334096,-0.581841,0.141648
-0.326743,-0.597195,0.129446
-0.321790,-0.585760,0.126233
-0.319830,-0.589576,0.134052
-0.314547,-0.591286,0.123755
-0.310160,-0.594071,0.125310
-0.312366,-0.586768,0.114979
-0.295703,-0.587856,0.112306
-0.298961,-0.592687,0.108914
-0.291458,-0.594024,0.106758
-0.280347,-0.595833,0.117416
-0.282828,-0.588140,0.106471
-0.279843,-0.587566,0.093652
-0.279156,-0.587177,0.100927
-0.270396,-0.585402,0.092218
-0.263133,-0.593994,0.099198
-0.264074,-0.598292,0.088901
-0.259915,-0.594887,0.073796
-0.255286,-0.592343,0.076952
-0.245007,-0.588893,0.067599
-0.254214,-0.591504,0.042602
-0.546334,-0.586337,0.092707
-0.533226,-0.586651,0.108135
-0.524156,-0.576670,0.111720
-0.522697,-0.585681,0.126740
-0.531945,-0.595460,0.136817
-0.512269,-0.585266,0.135856
-0.508560,-0.581259,0.143512
-0.509345,-0.596286,0.155917
-0.508910,-0.580648,0.150183
-0.490455,-0.581456,0.161446
-0.487879,-0.582316,0.165882
-0.490404,-0.580390,0.158529
-0.491089,-0.587307,0.165800
-0.480731,-0.586639,0.161085
-0.475861,-0.577399,0.170452
-0.476611,-0.582600,0.170962
-0.466631,-0.584187,0.154530
-0.460371,-0.588705,0.162308
-0.470078,-0.594727,0.169595
-0.442482,-0.583961,0.172634
-0.450727,-0.589197,0.158479
-0.445980,-0.586298,0.171528
-0.452398,-0.587579,0.161809
-0.443682,-0.588595,0.164362
-0.441547,-0.581065,0.155680
-0.441598,-0.593427,0.171260
-0.431573,-0.588063,0.158611
-0.422589,-0.587554,0.164162
-0.426048,-0.586381,0.163951
-0.414605,-0.586273,0.167434
-0.399663,-0.586610,0.169010
-0.415767,-0.585702,0.164173
-0.406754,-0.573247,0.166694
-0.398626,-0.582103,0.175093
-0.391146,-0.586740,0.173628
-0.377800,-0.583506,0.173559
-0.391058,-0.588522,0.169846
-0.384710,-0.588661,0.168715
-0.378412,-0.580182,0.172058
-0.378348,-0.586943,0.170414
-0.381411,-0.585489,0.169276
-0.360391,-0.582596,0.162658
-0.362097,-0.586758,0.159730
-0.362173,-0.593251,0.156469
-0.353188,-0.581611,0.152015
-0.351293,-0.586526,0.155326
-0.346416,-0.583994,0.150117
-0.346771,-0.587743,0.147956
-0.336731,-0.576791,0.146562
-0.334355,-0.586447,0.139180
-0.335835,-0.573466,0.124470
-0.319633,-0.581900,0.142462
-0.318937,-0.583861,0.130940
-0.308085,-0.589652,0.112899
-0.298197,-0.585908,0.117761
-0.303135,-0.590048,0.118720
-0.299690,-0.589953,0.117075
-0.291830,-0.597597,0.115210
-0.291548,-0.585055,0.113567
-0.278072,-0.585536,0.112241
-0.279993,-0.592970,0.114088
-0.280779,-0.586141,0.113940
-0.271085,-0.587099,0.099077
-0.272963,-0.583342,0.108085
-0.258382,-0.586382,0.087138
-0.256302,-0.595149,0.088912
-0.253682,-0.592035,0.081643
-0.250400,-0.597585,0.083474
-0.249180,-0.597421,0.067099
-0.248762,-0.587416,0.047343
-0.543380,-0.583919,0.089431
-0.530970,-0.591585,0.106751
-0.537715,-0.580113,0.121178
-0.533583,-0.582060,0.131564
-0.527970,-0.568893,0.134943
-0.520579,-0.580672,0.149974
-0.505249,-0.569577,0.149518
-0.511168,-0.584724,0.141966
-0.503649,-0.588988,0.157955
-0.503947,-0.575420,0.165260
-0.496051,-0.570436,0.158348
-0.493042,-0.582408,0.164284
-0.485434,-0.583255,0.160605
-0.489936,-0.579869,0.167199
-0.474750,-0.583692,0.166725
-0.473946,-0.566961,0.160402
-0.465617,-0.576360,0.172316
-0.468918,-0.579808,0.170848
-0.460177,-0.574914,0.168897
-0.452194,-0.580048,0.166276
-0.445929,-0.582651,0.164571
-0.445065,-0.571357,0.161489
-0.448953,-0.580633,0.172427
-0.437319,-0.580574,0.164847
-0.435149,-0.570575,0.163046
-0.443217,-0.575666,0.176407
-0.427639,-0.574386,0.173583
-0.426539,-0.577761,0.170497
-0.415747,-0.580521,0.175673
-0.417054,-0.582656,0.184450
-0.409711,-0.569978,0.168808
-0.415071,-0.578223,0.169941
-0.408032,-0.582859,0.176482
-0.403132,-0.575545,0.176797
-0.387790,-0.580811,0.178204
-0.390499,-0.582465,0.182646
-0.388631,-0.580041,0.170975
-0.375884,-0.567274,0.171724
-0.380249,-0.578994,0.172183
-0.371182,-0.584732,0.172314
-0.370249,-0.584087,0.165156
-0.362240,-0.579838,0.163330
-0.354649,-0.577070,0.155249
-0.357832,-0.578800,0.171293
-0.342985,-0.577871,0.166811
-0.332462,-0.580964,0.166720
-0.348570,-0.586523,0.156062
-0.345251,-0.577582,0.158879
-0.331923,-0.570139,0.155390
-0.326607,-0.577160,0.145786
-0.327709,-0.578943,0.141664
-0.320653,-0.573752,0.138688
-0.318395,-0.572560,0.127380
-0.323534,-0.581915,0.133517
-0.321966,-0.584880,0.137916
-0.297569,-0.588874,0.126721
-0.291835,-0.581573,0.123895
-0.286690,-0.575179,0.118190
-0.294372,-0.584811,0.119690
-0.286268,-0.588913,0.116977
-0.278828,-0.576238,0.105605
-0.274716,-0.591772,0.113852
-0.279800,-0.583273,0.105227
-0.280998,-0.586396,0.109995
-0.272693,-0.588489,0.096223
-0.252318,-0.572060,0.090539
-0.255971,-0.579310,0.086511
-0.249264,-0.591333,0.082916
-0.239820,-0.585842,0.067265
-0.243629,-0.586096,0.042448
-0.537630,-0.575898,0.084681
-0.536876,-0.571234,0.107208
-0.530041,-0.575256,0.112263
-0.526462,-0.576718,0.127370
-0.521571,-0.572183,0.128646
-0.512477,-0.573077,0.141425
-0.518618,-0.572411,0.151511
-0.505167,-0.577315,0.143828
-0.496567,-0.575738,0.159441
-0.507452,-0.573263,0.155006
-0.499277,-0.579517,0.165779
-0.500338,-0.571764,0.168983
-0.485831,-0.577562,0.171854
-0.476264,-0.568314,0.169985
-0.487563,-0.571837,0.171896
-0.478650,-0.562462,0.172101
-0.473704,-0.571371,0.162812
-0.469367,-0.574193,0.165893
-0.465061,-0.575318,0.167872
-0.453655,-0.578105,0.171632
-0.459519,-0.580044,0.167646
-0.445245,-0.586740,0.171472
-0.448759,-0.575845,0.170695
-0.435227,-0.572769,0.166658
-0.427375,-0.562242,0.175672
-0.450508,-0.574156,0.174136
-0.419158,-0.585047,0.179360
-0.419561,-0.571212,0.171142
-0.415313,-0.583970,0.172062
-0.419976,-0.572856,0.176874
-0.411774,-0.574115,0.177607
-0.410199,-0.567955,0.182910
-0.402023,-0.582063,0.179984
-0.404335,-0.577340,0.185195
-0.397311,-0.582067,0.191907
-0.394864,-0.572710,0.182342
-0.374338,-0.573849,0.168920
-0.379143,-0.581220,0.176737
-0.382495,-0.578379,0.177320
-0.377674,-0.584204,0.177992
-0.370315,-0.574221,0.170294
-0.360239,-0.570261,0.176475
-0.354476,-0.575421,0.166571
-0.366429,-0.578556,0.173134
-0.342390,-0.573177,0.170113
-0.347614,-0.575173,0.154352
-0.347531,-0.582181,0.170302
-0.342994,-0.577903,0.161832
-0.338247,-0.566636,0.156243
-0.330643,-0.577580,0.151543
-0.336832,-0.588253,0.148358
-0.331935,-0.572685,0.143761
-0.315474,-0.578000,0.142177
-0.324276,-0.578181,0.137860
-0.315965,-0.579562,0.135477
-0.308427,-0.573862,0.122486
-0.300353,-0.580305,0.127515
-0.303022,-0.571905,0.124115
-0.293980,-0.575893,0.123832
-0.293761,-0.574952,0.113983
-0.291266,-0.579580,0.111881
-0.277551,-0.581171,0.116403
-0.269959,-0.576009,0.108730
-0.276087,-0.570595,0.106812
-0.265677,-0.581680,0.105940
-0.264209,-0.576252,0.096196
-0.254405,-0.584757,0.093506
-0.252808,-0.576336,0.085355
-0.248383,-0.582417,0.075694
-0.245308,-0.583314,0.053080
-0.532305,-0.569164,0.097160
-0.533341,-0.565220,0.118137
-0.524475,-0.576533,0.129158
-0.519213,-0.571244,0.141791
-0.507454,-0.577476,0.143010
-0.516214,-0.574390,0.151043
-0.505627,-0.569307,0.150730
-0.493924,-0.577560,0.156852
-0.504923,-0.578149,0.164358
-0.502141,-0.571741,0.175070
-0.484723,-0.566857,0.164831
-0.485216,-0.573798,0.168576
-0.486193,-0.575644,0.169379
-0.482065,-0.569105,0.171352
-0.474472,-0.568584,0.164118
-0.474411,-0.575606,0.173124
-0.465607,-0.571171,0.175895
-0.459614,-0.569850,0.180020
-0.453382,-0.573915,0.180629
-0.450332,-0.572598,0.178787
-0.451346,-0.571645,0.168744
-0.449718,-0.567467,0.176899
-0.441597,-0.564211,0.177131
-0.441175,-0.582783,0.171572
-0.437144,-0.573531,0.168662
-0.426291,-0.570316,0.180300
-0.424951,-0.562280,0.174993
-0.428755,-0.567828,0.180577
-0.419615,-0.573987,0.179231
-0.401354,-0.575150,0.171462
-0.406479,-0.565043,0.178019
-0.399540,-0.566311,0.189211
-0.398792,-0.574086,0.184081
-0.396821,-0.574093,0.191843
-0.394756,-0.575110,0.180349
-0.392186,-0.574246,0.190596
-0.383561,-0.571044,0.195264
-0.377204,-0.568884,0.175550
-0.371950,-0.563595,0.187688
-0.375974,-0.560300,0.184123
-0.367337,-0.568967,0.183169
-0.361085,-0.561640,0.177193
-0.356740,-0.573821,0.176874
-0.353432,-0.575405,0.176783
-0.348752,-0.575180,0.161806
-0.350417,-0.567581,0.162672
-0.343738,-0.568549,0.154524
-0.328497,-0.579379,0.169037
-0.329002,-0.573179,0.162343
-0.331778,-0.572043,0.151272
-0.320045,-0.570290,0.149477
-0.318934,-0.574875,0.146682
-0.311185,-0.571171,0.147095
-0.309466,-0.572914,0.130158
-0.298025,-0.575305,0.135930
-0.305348,-0.562818,0.135596
-0.297624,-0.577780,0.126950
-0.293595,-0.573465,0.112678
-0.283161,-0.572037,0.121006
-0.289840,-0.576765,0.117677
-0.277218,-0.568339,0.114603
-0.278751,-0.570922,0.119733
-0.266330,-0.573979,0.101964
-0.268518,-0.579423,0.109283
-0.264268,-0.574130,0.097938
-0.256779,-0.572456,0.088352
-0.243164,-0.581086,0.079577
-0.250857,-0.579766,0.072708
-0.240414,-0.578338,0.049223
-0.538329,-0.575786,0.088773
-0.534119,-0.567487,0.125434
-0.533327,-0.569509,0.140512
-0.532963,-0.562649,0.144283
-0.518189,-0.562748,0.146672
-0.518087,-0.568617,0.156824
-0.507600,-0.558875,0.157158
-0.512370,-0.562373,0.166651
-0.502720,-0.561564,0.164022
-0.497460,-0.577038,0.167127
-0.493096,-0.570182,0.162475
-0.474247,-0.566024,0.170819
-0.484579,-0.560401,0.174805
-0.477221,-0.575368,0.172975
-0.469293,-0.565976,0.174865
-0.468208,-0.567871,0.181826
-0.472722,-0.565273,0.177922
-0.459776,-0.555759,0.180778
-0.453565,-0.559847,0.177812
-0.454455,-0.565382,0.188207
-0.436318,-0.564735,0.167860
-0.448014,-0.560499,0.179235
-0.436379,-0.571999,0.176464
-0.433996,-0.558496,0.183820
-0.442011,-0.571057,0.180245
-0.429386,-0.565410,0.185162
-0.421257,-0.565235,0.183278
-0.427075,-0.566106,0.168773
-0.411512,-0.571670,0.185666
-0.404756,-0.566873,0.184631
-0.408738,-0.554437,0.186510
-0.397237,-0.549285,0.184663
-0.403042,-0.560434,0.182554
-0.388756,-0.575302,0.189015
-0.393433,-0.563646,0.188040
-0.378871,-0.562990,0.181125
-0.378970,-0.570692,0.199224
-0.379074,-0.568725,0.180492
-0.381775,-0.562889,0.186379
-0.372477,-0.564787,0.190161
-0.366753,-0.568599,0.174214
-0.358099,-0.563998,0.175535
-0.353500,-0.567862,0.173065
-0.356524,-0.564431,0.181460
-0.349250,-0.563779,0.177928
-0.343162,-0.563209,0.168678
-0.331031,-0.561769,0.173153
-0.346845,-0.558205,0.164680
-0.325333,-0.563692,0.152513
-0.324938,-0.570139,0.153251
-0.328365,-0.563625,0.153086
-0.325071,-0.572426,0.149935
-0.307854,-0.567178,0.134259
-0.311159,-0.568730,0.140017
-0.306926,-0.557151,0.137474
-0.302125,-0.554481,0.133922
-0.296383,-0.560532,0.131868
-0.292044,-0.572253,0.121909
-0.286300,-0.563150,0.115748
-0.286633,-0.568229,0.121988
-0.281073,-0.570189,0.114002
-0.271688,-0.563399,0.113215
-0.268110,-0.566456,0.104950
-0.264978,-0.572690,0.110680
-0.269198,-0.579280,0.097671
-0.260677,-0.570763,0.100885
-0.251513,-0.571713,0.085541
-0.247316,-0.565735,0.072503
-0.543927,-0.562264,0.084672
-0.538568,-0.564959,0.123556
-0.517589,-0.560478,0.131004
-0.521062,-0.562731,0.135413
-0.523056,-0.565690,0.149073
-0.521871,-0.567660,0.150051
-0.510911,-0.557513,0.160623
-0.498453,-0.557270,0.162334
-0.503805,-0.568713,0.171439
-0.493790,-0.565567,0.171476
-0.499552,-0.554876,0.173261
-0.491654,-0.554516,0.170925
-0.483815,-0.562285,0.183651
-0.484587,-0.559473,0.180408
-0.472754,-0.560533,0.166741
-0.469993,-0.567626,0.183934
-0.459079,-0.560596,0.186612
-0.472681,-0.564955,0.176165
-0.457145,-0.560942,0.185061
-0.450733,-0.559307,0.183689
-0.454051,-0.556890,0.186911
-0.440089,-0.555164,0.181728
-0.438031,-0.562333,0.179806
-0.439994,-0.567917,0.175574
-0.436308,-0.554702,0.187827
-0.427324,-0.569790,0.180138
-0.426278,-0.561056,0.184790
-0.421343,-0.556159,0.184995
-0.413545,-0.560412,0.195690
-0.413248,-0.573698,0.172768
-0.405144,-0.567435,0.189587
-0.399278,-0.565259,0.187457
-0.398845,-0.560908,0.187446
-0.395443,-0.554063,0.194491
-0.386848,-0.561862,0.185286
-0.384800,-0.550403,0.185765
-0.379097,-0.563304,0.193219
-0.380230,-0.569764,0.197314
-0.369603,-0.565680,0.189592
-0.368690,-0.562852,0.183960
-0.373970,-0.558625,0.184918
-0.365188,-0.556332,0.188341
-0.357411,-0.567363,0.186007
-0.348388,-0.565254,0.178066
-0.347996,-0.562952,0.183711
-0.339620,-0.570381,0.174635
-0.337508,-0.553805,0.170528
-0.336987,-0.566133,0.171508
-0.332739,-0.560042,0.170788
-0.328680,-0.566939,0.154680
-0.316659,-0.562156,0.151967
-0.321449,-0.564118,0.160750
-0.317066,-0.555594,0.147152
-0.311344,-0.569228,0.144793
-0.305341,-0.555198,0.136225
-0.296538,-0.556883,0.134836
-0.300660,-0.561624,0.113779
-0.290863,-0.568488,0.126349
-0.274343,-0.565509,0.128058
-0.282668,-0.570209,0.119262
-0.285085,-0.569751,0.113372
-0.273687,-0.563200,0.112764
-0.261798,-0.554635,0.114273
-0.260021,-0.559411,0.106868
-0.262814,-0.557418,0.113673
-0.259259,-0.566430,0.096578
-0.263476,-0.567441,0.075169
-0.248425,-0.559505,0.077357
-0.533321,-0.559879,0.115818
-0.527412,-0.566980,0.131485
-0.526131,-0.544057,0.133164
-0.520453,-0.559479,0.143891
-0.510820,-0.562167,0.161778
-0.505642,-0.558605,0.159299
-0.500249,-0.554202,0.156800
-0.500928,-0.560586,0.165983
-0.490532,-0.555193,0.178504
-0.490931,-0.552296,0.173160
-0.483068,-0.554135,0.180167
-0.497440,-0.555324,0.186188
-0.473185,-0.557699,0.178466
-0.468733,-0.564105,0.178190
-0.467129,-0.564133,0.175592
-0.474848,-0.561992,0.181529
-0.461478,-0.554871,0.185839
-0.454861,-0.565129,0.184309
-0.455088,-0.558995,0.183297
-0.447889,-0.559306,0.184158
-0.440011,-0.553399,0.182366
-0.453530,-0.556024,0.184212
-0.447712,-0.560916,0.188474
-0.429703,-0.556661,0.193032
-0.435324,-0.564653,0.188575
-0.426909,-0.555773,0.194949
-0.418904,-0.556438,0.190055
-0.410002,-0.554775,0.189711
-0.404263,-0.559322,0.180017
-0.410668,-0.555446,0.191680
-0.404616,-0.556872,0.186947
-0.395825,-0.558061,0.192357
-0.399203,-0.543581,0.193281
-0.386778,-0.551217,0.191109
-0.392663,-0.547840,0.186937
-0.385064,-0.557221,0.194695
-0.387796,-0.560013,0.198572
-0.369719,-0.558709,0.190013
-0.372742,-0.552687,0.186354
-0.365303,-0.557096,0.189804
-0.365211,-0.559364,0.184614
-0.360163,-0.551423,0.189506
-0.357520,-0.554512,0.183292
-0.349543,-0.551734,0.180732
-0.352910,-0.560063,0.173734
-0.337084,-0.553953,0.179673
-0.334705,-0.553895,0.174668
-0.321290,-0.560194,0.171500
-0.326554,-0.556399,0.167104
-0.318070,-0.556344,0.164698
-0.314081,-0.564242,0.164634
-0.307216,-0.555628,0.151419
-0.304427,-0.563877,0.160930
-0.306497,-0.556013,0.151060
-0.300571,-0.559489,0.142503
-0.308459,-0.565146,0.134179
-0.296477,-0.568661,0.129598
-0.290224,-0.555703,0.137342
-0.291109,-0.560373,0.118524
-0.276873,-0.563025,0.111764
-0.276823,-0.555552,0.113522
-0.268069,-0.557842,0.110843
-0.271805,-0.567782,0.105711
-0.262925,-0.556028,0.117502
-0.251286,-0.559056,0.104092
-0.248001,-0.563326,0.096561
-0.250126,-0.569749,0.082889
-0.540312,-0.556484,0.114137
-0.529367,-0.553007,0.134261
-0.530729,-0.556910,0.141008
-0.518782,-0.551140,0.144794
-0.502182,-0.557517,0.160618
-0.506322,-0.559900,0.155548
-0.506461,-0.555414,0.166209
-0.501781,-0.555418,0.165267
-0.495407,-0.546534,0.169845
-0.496480,-0.554728,0.176527
-0.490158,-0.544201,0.175938
-0.486459,-0.545024,0.188349
-0.484731,-0.548798,0.174503
-0.476211,-0.553918,0.180266
-0.465145,-0.550980,0.180060
-0.460639,-0.562958,0.185363
-0.465347,-0.551639,0.186511
-0.463420,-0.548361,0.185445
-0.458062,-0.558555,0.183658
-0.448265,-0.555773,0.181713
-0.443564,-0.547326,0.186448
-0.438218,-0.558815,0.187737
-0.434294,-0.544064,0.183537
-0.423135,-0.546866,0.187358
-0.433116,-0.554468,0.185628
-0.437269,-0.550877,0.193412
-0.422933,-0.538670,0.189059
-0.419502,-0.550619,0.203791
-0.410732,-0.555453,0.198528
-0.410560,-0.552220,0.195627
-0.402362,-0.542975,0.191417
-0.400653,-0.541163,0.205803
-0.407123,-0.551625,0.201589
-0.390218,-0.548749,0.199303
-0.389505,-0.546347,0.194325
-0.379647,-0.550444,0.196063
-0.367421,-0.558088,0.186990
-0.371770,-0.548342,0.201742
-0.377453,-0.537277,0.191723
-0.363274,-0.553578,0.195960
-0.367234,-0.545044,0.183975
-0.364512,-0.559101,0.187159
-0.353495,-0.551753,0.197299
-0.344880,-0.549364,0.184631
-0.347996,-0.549917,0.187141
-0.342268,-0.555081,0.177748
-0.330209,-0.551953,0.177658
-0.339432,-0.553382,0.179689
-0.332380,-0.559575,0.169376
-0.323360,-0.549689,0.157703
-0.324312,-0.545350,0.161305
-0.314973,-0.558796,0.147905
-0.312863,-0.561633,0.152307
-0.302529,-0.535187,0.153317
-0.309013,-0.559452,0.145978
-0.297649,-0.548673,0.132452
-0.289189,-0.552870,0.143333
-0.289983,-0.555972,0.127619
-0.284434,-0.557392,0.130026
-0.277061,-0.547491,0.124175
-0.273334,-0.544009,0.131955
-0.273079,-0.548884,0.120884
-0.269646,-0.557724,0.121809
-0.257326,-0.554174,0.102314
-0.263697,-0.551693,0.111119
-0.257836,-0.558283,0.096441
-0.249887,-0.557065,0.085890
-0.543627,-0.538300,0.106102
-0.531911,-0.544992,0.126194
-0.523317,-0.549513,0.134242
-0.522890,-0.552081,0.150357
-0.511528,-0.549034,0.165189
-0.514369,-0.538558,0.164206
-0.496302,-0.545615,0.171499
-0.499136,-0.544757,0.176495
-0.491818,-0.558042,0.178536
-0.496078,-0.543630,0.180550
-0.481696,-0.532497,0.186252
-0.479815,-0.552333,0.180473
-0.482581,-0.549241,0.181298
-0.483686,-0.549446,0.193961
-0.465477,-0.556943,0.177932
-0.467505,-0.547561,0.180470
-0.452941,-0.539017,0.193684
-0.455809,-0.548573,0.197586
-0.450471,-0.555421,0.186785
-0.444353,-0.547390,0.192862
-0.451767,-0.553286,0.185644
-0.447950,-0.543770,0.185690
-0.439961,-0.547764,0.198590
-0.432812,-0.548025,0.187475
-0.431097,-0.548107,0.194338
-0.422940,-0.552184,0.189932
-0.420068,-0.547387,0.196607
-0.410321,-0.551889,0.198159
-0.414962,-0.548726,0.193299
-0.401180,-0.541917,0.194180
-0.402405,-0.545682,0.199024
-0.401696,-0.535334,0.202277
-0.392240,-0.541751,0.198113
-0.397400,-0.542821,0.201656
-0.377985,-0.543240,0.194100
-0.385048,-0.549391,0.187371
-0.386130,-0.559454,0.196281
-0.373193,-0.545085,0.193771
-0.365811,-0.548220,0.198647
-0.363941,-0.544466,0.192910
-0.361939,-0.549715,0.186223
-0.351601,-0.555038,0.182733
-0.345912,-0.551299,0.186826
-0.347159,-0.550716,0.194583
-0.346054,-0.556504,0.190184
-0.341696,-0.555756,0.186095
-0.335597,-0.551355,0.191485
-0.337340,-0.548213,0.182382
-0.320211,-0.558585,0.172420
-0.324553,-0.543986,0.173321
-0.327972,-0.548939,0.167001
-0.311903,-0.552853,0.157459
-0.306412,-0.551112,0.154783
-0.308869,-0.555919,0.146542
-0.302801,-0.554943,0.143005
-0.302786,-0.547646,0.139039
-0.285674,-0.554608,0.143510
-0.286640,-0.555820,0.137782
-0.279347,-0.548298,0.127816
-0.280000,-0.553032,0.137421
-0.282579,-0.544768,0.135304
-0.271289,-0.551665,0.126989
-0.265032,-0.553145,0.122167
-0.269253,-0.547620,0.113462
-0.264020,-0.553255,0.108155
-0.252501,-0.549991,0.098168
-0.251237,-0.557567,0.079749
-0.538042,-0.539030,0.105910
-0.530704,-0.545209,0.133636
-0.521741,-0.542967,0.130941
-0.518193,-0.538516,0.158752
-0.514647,-0.546847,0.155724
-0.504600,-0.549218,0.166315
-0.514436,-0.542142,0.178412
-0.495900,-0.549240,0.171530
-0.496445,-0.553184,0.174267
-0.486327,-0.547957,0.179552
-0.493367,-0.544324,0.193905
-0.497900,-0.546852,0.186929
-0.481126,-0.531015,0.180696
-0.485015,-0.541432,0.190328
-0.470397,-0.537657,0.186355
-0.472428,-0.541627,0.185781
-0.461387,-0.546016,0.189391
-0.457929,-0.546306,0.189747
-0.451577,-0.545583,0.187822
-0.451799,-0.546129,0.193370
-0.452160,-0.546739,0.190004
-0.442055,-0.543008,0.192319
-0.436613,-0.545508,0.193985
-0.436313,-0.556645,0.193556
-0.429814,-0.548916,0.197575
-0.421413,-0.545852,0.193862
-0.406925,-0.547428,0.195156
-0.414842,-0.540950,0.198495
-0.409074,-0.544362,0.200489
-0.406303,-0.542347,0.199910
-0.408682,-0.549178,0.196457
-0.402192,-0.537574,0.206563
-0.404509,-0.539949,0.206504
-0.398509,-0.548692,0.212126
-0.391316,-0.538207,0.206505
-0.379762,-0.536523,0.208037
-0.381507,-0.530772,0.194952
-0.375011,-0.547775,0.196379
-0.370693,-0.551083,0.195556
-0.365139,-0.539388,0.201912
-0.362194,-0.546496,0.197096
-0.366022,-0.539070,0.188176
-0.357092,-0.539000,0.190308
-0.347895,-0.540023,0.190766
-0.343702,-0.526684,0.190120
-0.336237,-0.543436,0.191931
-0.341905,-0.540497,0.185392
-0.330058,-0.540158,0.184357
-0.325332,-0.534113,0.188187
-0.326752,-0.542005,0.174405
-0.318366,-0.539961,0.179582
-0.315692,-0.548373,0.170897
-0.315596,-0.545610,0.160361
-0.301586,-0.542724,0.153886
-0.304862,-0.543121,0.150555
-0.301754,-0.540036,0.144939
-0.294068,-0.550820,0.145167
-0.285949,-0.540168,0.131755
-0.279301,-0.547617,0.138658
-0.282738,-0.534696,0.127014
-0.271461,-0.549114,0.129798
-0.278942,-0.550110,0.125268
-0.262204,-0.540104,0.122020
-0.263227,-0.540427,0.117698
-0.255033,-0.543204,0.102190
-0.253260,-0.543165,0.097084
-0.251474,-0.547730,0.085080
-0.527893,-0.543504,0.129124
-0.518427,-0.541692,0.142613
-0.521637,-0.543249,0.151849
-0.519093,-0.535881,0.164242
-0.511503,-0.532852,0.170901
-0.515640,-0.532368,0.166440
-0.501120,-0.541625,0.171959
-0.499113,-0.540727,0.178484
-0.491900,-0.538304,0.176775
-0.476264,-0.547307,0.181357
-0.485571,-0.544469,0.187469
-0.479288,-0.538831,0.186571
-0.463565,-0.540604,0.195709
-0.469995,-0.542456,0.207385
-0.471835,-0.540933,0.194207
-0.468024,-0.544011,0.177267
-0.464430,-0.543033,0.193420
-0.455987,-0.540999,0.196324
-0.448403,-0.538637,0.197515
-0.439250,-0.543705,0.194856
-0.443860,-0.539796,0.200184
-0.445723,-0.543184,0.197574
-0.435158,-0.546105,0.196064
-0.432910,-0.544994,0.196875
-0.414668,-0.536755,0.207910
-0.413447,-0.542708,0.202480
-0.416851,-0.532601,0.206795
-0.410200,-0.538900,0.190024
-0.406003,-0.533974,0.210180
-0.408547,-0.546039,0.211449
-0.399746,-0.549778,0.204760
-0.387796,-0.541075,0.199472
-0.389298,-0.537851,0.201706
-0.385822,-0.540268,0.202180
-0.378658,-0.542304,0.208703
-0.381239,-0.537391,0.210650
-0.372039,-0.546487,0.202303
-0.366572,-0.533105,0.208664
-0.359831,-0.536996,0.196748
-0.362624,-0.540698,0.191486
-0.356129,-0.543889,0.199479
-0.348092,-0.538580,0.194380
-0.357454,-0.541473,0.194206
-0.347084,-0.542638,0.188601
-0.340247,-0.542812,0.182678
-0.339900,-0.538172,0.192257
-0.333794,-0.539114,0.190319
-0.323441,-0.543956,0.190842
-0.318518,-0.535758,0.177418
-0.313084,-0.544244,0.174076
-0.311174,-0.540896,0.172086
-0.311963,-0.534439,0.161546
-0.307574,-0.536158,0.160448
-0.299334,-0.528991,0.149977
-0.293068,-0.530386,0.145495
-0.293090,-0.547780,0.146690
-0.275904,-0.537610,0.138473
-0.281683,-0.545321,0.154464
-0.281735,-0.543607,0.146895
-0.270569,-0.528875,0.129336
-0.267234,-0.535874,0.126261
-0.270570,-0.547899,0.119540
-0.270445,-0.539171,0.118461
-0.250820,-0.540709,0.111464
-0.259848,-0.539411,0.103101
-0.245370,-0.551605,0.071522
-0.530111,-0.540306,0.126518
-0.525363,-0.543350,0.140494
-0.523940,-0.528868,0.150737
-0.513008,-0.532066,0.157670
-0.508700,-0.528662,0.158642
-0.503531,-0.528661,0.172465
-0.499657,-0.534512,0.177928
-0.497411,-0.527776,0.184320
-0.481510,-0.535671,0.186659
-0.481662,-0.530897,0.187789
-0.478476,-0.536863,0.187174
-0.476865,-0.537183,0.193429
-0.479919,-0.531564,0.191628
-0.469169,-0.542361,0.186440
-0.467488,-0.543562,0.191353
-0.457315,-0.540856,0.194902
-0.472719,-0.537591,0.188001
-0.454754,-0.532090,0.192734
-0.447808,-0.532028,0.184711
-0.442694,-0.534595,0.200843
-0.432643,-0.536184,0.193128
-0.437028,-0.529261,0.198862
-0.438213,-0.534208,0.203799
-0.434051,-0.536062,0.216590
-0.426691,-0.527349,0.202844
-0.425467,-0.532795,0.204929
-0.416458,-0.537160,0.204872
-0.415244,-0.540899,0.198801
-0.410683,-0.530677,0.205401
-0.406645,-0.541686,0.218677
-0.399027,-0.527177,0.200183
-0.400112,-0.525569,0.209878
-0.389316,-0.536017,0.206992
-0.383814,-0.538993,0.212253
-0.376626,-0.528759,0.207842
-0.376415,-0.533019,0.203733
-0.374913,-0.536393,0.201835
-0.374023,-0.535695,0.206370
-0.357829,-0.531937,0.197058
-0.352694,-0.531622,0.195481
-0.349688,-0.537888,0.195655
-0.359401,-0.538359,0.197795
-0.357918,-0.537118,0.187633
-0.346731,-0.539254,0.189970
-0.342303,-0.533354,0.188776
-0.336005,-0.526399,0.186819
-0.335275,-0.529465,0.186589
-0.327744,-0.535218,0.182051
-0.336042,-0.531277,0.172660
-0.317088,-0.538727,0.183490
-0.308719,-0.536756,0.183435
-0.307808,-0.539883,0.168749
-0.306375,-0.529773,0.166216
-0.307536,-0.531140,0.160056
-0.291813,-0.534534,0.147936
-0.290897,-0.542754,0.141981
-0.293939,-0.537958,0.160031
-0.284697,-0.531758,0.138627
-0.285806,-0.535987,0.138844
-0.265649,-0.531608,0.143069
-0.271560,-0.540147,0.126433
-0.265292,-0.535024,0.133107
-0.263583,-0.531257,0.126011
-0.257383,-0.531631,0.117340
-0.257964,-0.540044,0.102300
-0.533821,-0.537550,0.123488
-0.519698,-0.523298,0.145490
-0.524579,-0.527166,0.151018
-0.524223,-0.531479,0.158051
-0.504440,-0.528333,0.163676
-0.498502,-0.528485,0.178900
-0.496742,-0.529382,0.168784
-0.500057,-0.521069,0.176789
-0.484182,-0.535972,0.177568
-0.487067,-0.528638,0.186446
-0.469541,-0.523006,0.184877
-0.481475,-0.534047,0.194883
-0.478778,-0.527061,0.186277
-0.466715,-0.521193,0.197283
-0.459503,-0.528288,0.192654
-0.448792,-0.523504,0.208309
-0.450570,-0.524858,0.187393
-0.448705,-0.524709,0.199300
-0.443245,-0.529138,0.204488
-0.445007,-0.524618,0.201288
-0.442518,-0.529209,0.204171
-0.430564,-0.532548,0.203964
-0.422809,-0.532683,0.209831
-0.433931,-0.533989,0.208744
-0.430291,-0.526826,0.208584
-0.426952,-0.530847,0.196591
-0.423084,-0.528284,0.203552
-0.406070,-0.533357,0.205948
-0.412697,-0.535590,0.212006
-0.398577,-0.535028,0.210099
-0.397165,-0.530064,0.213175
-0.392673,-0.523972,0.213610
-0.395733,-0.518418,0.202017
-0.382013,-0.530921,0.213263
-0.381277,-0.522875,0.200786
-0.370271,-0.525034,0.212803
-0.376201,-0.527815,0.212711
-0.370753,-0.526392,0.206250
-0.371752,-0.533383,0.202512
-0.366884,-0.526741,0.210074
-0.362927,-0.536594,0.195006
-0.356924,-0.523027,0.200725
-0.343717,-0.533360,0.199561
-0.341884,-0.533361,0.196967
-0.346330,-0.527988,0.194171
-0.337615,-0.522340,0.187325
-0.314501,-0.529759,0.191347
-0.329439,-0.516933,0.192342
-0.323727,-0.530351,0.183608
-0.315807,-0.530157,0.188030
-0.311184,-0.525961,0.184043
-0.316233,-0.530883,0.171442
-0.295622,-0.538880,0.169413
-0.301799,-0.534530,0.159602
-0.295435,-0.528414,0.158259
-0.283767,-0.534456,0.148424
-0.284853,-0.530646,0.151134
-0.284960,-0.525579,0.144480
-0.269829,-0.531584,0.135997
-0.274511,-0.534161,0.137172
-0.272459,-0.526085,0.128724
-0.264617,-0.536328,0.128996
-0.268684,-0.538116,0.115043
-0.258505,-0.535809,0.109079
-0.260234,-0.539651,0.102654
-0.539556,-0.521134,0.112347
-0.518294,-0.523546,0.142755
-0.519791,-0.521200,0.150301
-0.511445,-0.520708,0.170981
-0.519891,-0.524917,0.162971
-0.505019,-0.524798,0.173317
-0.503895,-0.531001,0.183305
-0.498295,-0.531106,0.181483
-0.495245,-0.525762,0.186768
-0.497725,-0.522828,0.189049
-0.481824,-0.519149,0.193694
-0.474898,-0.526770,0.195614
-0.476968,-0.522262,0.197383
-0.469772,-0.522298,0.193324
-0.469330,-0.520168,0.195813
-0.461217,-0.528298,0.199410
-0.457488,-0.522560,0.197163
-0.451742,-0.525552,0.195952
-0.452913,-0.515122,0.201254
-0.430948,-0.523847,0.202707
-0.436978,-0.517647,0.198629
-0.437381,-0.523265,0.196695
-0.435947,-0.523770,0.207611
-0.428934,-0.519977,0.199648
-0.425164,-0.526265,0.204317
-0.418880,-0.527903,0.204795
-0.426577,-0.531956,0.208063
-0.406937,-0.531408,0.211673
-0.401903,-0.526625,0.216683
-0.409509,-0.527074,0.209387
-0.392243,-0.525243,0.222277
-0.399987,-0.531661,0.219814
-0.389804,-0.522460,0.220563
-0.385521,-0.519030,0.217681
-0.376207,-0.536142,0.216220
-0.380446,-0.526631,0.205606
-0.373099,-0.518572,0.210866
-0.357217,-0.522005,0.200863
-0.366260,-0.527086,0.203979
-0.361335,-0.520780,0.203802
-0.352989,-0.519844,0.206024
-0.360549,-0.522884,0.207261
-0.353074,-0.518751,0.194560
-0.340558,-0.522946,0.196097
-0.341160,-0.526742,0.202412
-0.337086,-0.527783,0.182565
-0.337524,-0.531486,0.190233
-0.326866,-0.528732,0.196609
-0.326273,-0.530713,0.186732
-0.322985,-0.528800,0.182659
-0.317492,-0.526951,0.185029
-0.306633,-0.520582,0.172894
-0.311634,-0.530020,0.160240
-0.299129,-0.525716,0.166376
-0.304678,-0.524712,0.160646
-0.298994,-0.531455,0.156615
-0.291142,-0.525723,0.144720
-0.282568,-0.517185,0.143224
-0.273965,-0.521252,0.135720
-0.270428,-0.526490,0.139843
-0.280232,-0.532839,0.152008
-0.271162,-0.518402,0.134049
-0.255203,-0.526678,0.125084
-0.258081,-0.525930,0.111908
-0.264751,-0.528797,0.100012
-0.529265,-0.526154,0.130154
-0.521493,-0.521332,0.155479
-0.508020,-0.518255,0.155461
-0.514470,-0.518081,0.175009
-0.498094,-0.523289,0.171172
-0.504089,-0.525507,0.181530
-0.494177,-0.519682,0.186345
-0.492079,-0.512581,0.194219
-0.488147,-0.525898,0.186598
-0.484299,-0.516578,0.202512
-0.480051,-0.519188,0.192816
-0.472539,-0.521911,0.200402
-0.476086,-0.518908,0.192104
-0.466996,-0.521348,0.200008
-0.462358,-0.518715,0.194657
-0.461904,-0.517915,0.206140
-0.444587,-0.521917,0.199587
-0.445561,-0.522970,0.203663
-0.449364,-0.521403,0.206515
-0.443817,-0.518436,0.206626
-0.435959,-0.513023,0.209085
-0.429078,-0.522039,0.208019
-0.427729,-0.521150,0.207491
-0.430466,-0.522869,0.205470
-0.424947,-0.514678,0.215322
-0.411982,-0.515199,0.211896
-0.410185,-0.514412,0.210830
-0.404736,-0.515357,0.216259
-0.406424,-0.520672,0.222434
-0.396832,-0.523377,0.213769
-0.395850,-0.522970,0.224029
-0.392475,-0.518595,0.216453
-0.385644,-0.520496,0.212273
-0.379123,-0.516240,0.214314
-0.375487,-0.518135,0.214538
-0.374677,-0.510063,0.201922
-0.368922,-0.518737,0.217004
-0.375972,-0.514903,0.198012
-0.360411,-0.519908,0.194534
-0.365487,-0.519068,0.202945
-0.349447,-0.517207,0.200142
-0.352833,-0.517233,0.210370
-0.344649,-0.518177,0.196723
-0.347576,-0.515440,0.196177
-0.339913,-0.523758,0.198982
-0.327321,-0.517151,0.201675
-0.324050,-0.522269,0.195933
-0.335437,-0.523779,0.200450
-0.317298,-0.513702,0.181433
-0.325605,-0.523599,0.178405
-0.309421,-0.521317,0.179252
-0.308462,-0.519940,0.178798
-0.296252,-0.521162,0.164738
-0.304326,-0.522341,0.160142
-0.303032,-0.528501,0.158568
-0.283578,-0.520951,0.150775
-0.284473,-0.529869,0.150180
-0.285186,-0.528685,0.143313
-0.275572,-0.522345,0.138034
-0.276461,-0.522850,0.138487
-0.263288,-0.529944,0.135677
-0.267840,-0.521644,0.133008
-0.255326,-0.517326,0.125511
-0.256858,-0.533606,0.105810
-0.528725,-0.511051,0.133116
-0.513025,-0.527647,0.146288
-0.512327,-0.520173,0.159699
-0.509120,-0.519444,0.164811
-0.498914,-0.515373,0.168722
-0.503400,-0.512471,0.180702
-0.492785,-0.514344,0.185735
-0.489862,-0.514075,0.196002
-0.490455,-0.519892,0.191103
-0.481822,-0.513425,0.192881
-0.475757,-0.515478,0.201964
-0.473854,-0.522898,0.197323
-0.464056,-0.516637,0.200593
-0.466220,-0.504681,0.198354
-0.459183,-0.520149,0.203724
-0.461494,-0.507676,0.206935
-0.460064,-0.520716,0.204301
-0.451027,-0.511627,0.200385
-0.447300,-0.517151,0.210716
-0.439489,-0.514575,0.211624
-0.429499,-0.517368,0.205702
-0.426027,-0.518799,0.206506
-0.436231,-0.516422,0.203498
-0.421826,-0.520421,0.211344
-0.412151,-0.513604,0.208979
-0.412493,-0.516271,0.215627
-0.408473,-0.518003,0.217135
-0.404373,-0.510757,0.211242
-0.397755,-0.512549,0.228651
-0.395340,-0.515379,0.217599
-0.398809,-0.518408,0.224733
-0.392379,-0.509209,0.220933
-0.384598,-0.519365,0.222701
-0.382615,-0.512016,0.218494
-0.377669,-0.512845,0.219482
-0.373859,-0.511193,0.215811
-0.368095,-0.522155,0.211658
-0.370288,-0.511996,0.202086
-0.357187,-0.518141,0.209224
-0.348629,-0.514526,0.208371
-0.352219,-0.518404,0.202708
-0.358368,-0.516109,0.204213
-0.341343,-0.508631,0.201450
-0.336869,-0.511846,0.209453
-0.344221,-0.518723,0.212110
-0.332252,-0.519480,0.202166
-0.329808,-0.520615,0.205575
-0.319362,-0.520927,0.195784
-0.325398,-0.516685,0.192204
-0.319866,-0.522860,0.178812
-0.316744,-0.519251,0.183790
-0.307233,-0.518332,0.177514
-0.309176,-0.521087,0.171038
-0.297145,-0.517627,0.168867
-0.297178,-0.518453,0.160191
-0.278945,-0.510076,0.150039
-0.286490,-0.521111,0.158709
-0.276075,-0.521071,0.148231
-0.277143,-0.521359,0.146005
-0.273676,-0.513430,0.136660
-0.258967,-0.518100,0.128555
-0.267224,-0.526492,0.128354
-0.261482,-0.531335,0.133015
-0.259310,-0.520728,0.112083
-0.528631,-0.513520,0.118045
-0.521521,-0.510049,0.144505
-0.514444,-0.504195,0.162805
-0.507698,-0.498559,0.173937
-0.502954,-0.516501,0.174883
-0.504705,-0.517002,0.181583
-0.490442,-0.511296,0.184969
-0.494121,-0.513709,0.196505
-0.485122,-0.507882,0.188749
-0.484010,-0.507960,0.194545
-0.481095,-0.510120,0.199868
-0.472148,-0.512071,0.193022
-0.464365,-0.516681,0.197832
-0.463494,-0.516731,0.197013
-0.461900,-0.516288,0.208052
-0.460367,-0.514516,0.209946
-0.449793,-0.513217,0.206158
-0.450903,-0.513162,0.208472
-0.441474,-0.510383,0.216465
-0.450733,-0.499668,0.208890
-0.434558,-0.514045,0.214153
-0.431629,-0.505821,0.221341
-0.426436,-0.512518,0.217647
-0.418748,-0.506620,0.215934
-0.421141,-0.515772,0.213705
-0.409384,-0.509802,0.214717
-0.418135,-0.513980,0.216731
-0.400374,-0.509674,0.221710
-0.402145,-0.514206,0.215156
-0.399174,-0.514111,0.217653
-0.400494,-0.503089,0.226556
-0.395800,-0.499589,0.223017
-0.388008,-0.514235,0.231446
-0.391140,-0.513961,0.220902
-0.375201,-0.514071,0.219729
-0.370153,-0.508665,0.216320
-0.364370,-0.512344,0.218345
-0.347797,-0.513201,0.222973
-0.349097,-0.512322,0.216376
-0.358544,-0.509089,0.205278
-0.352933,-0.511433,0.203990
-0.350916,-0.509711,0.202119
-0.340523,-0.504413,0.208085
-0.344839,-0.506220,0.207107
-0.334722,-0.514649,0.194468
-0.335750,-0.502378,0.196703
-0.326967,-0.512538,0.198854
-0.313356,-0.518262,0.195932
-0.327149,-0.515975,0.200380
-0.322109,-0.510760,0.183916
-0.309198,-0.508283,0.182850
-0.307423,-0.510980,0.179596
-0.301028,-0.509081,0.168236
-0.295533,-0.513194,0.171105
-0.292547,-0.514215,0.162324
-0.284566,-0.513840,0.158260
-0.294741,-0.514213,0.162603
-0.276584,-0.514435,0.144663
-0.279170,-0.517696,0.152363
-0.261249,-0.510845,0.144210
-0.274979,-0.508957,0.140840
-0.257035,-0.510301,0.130328
-0.260321,-0.516822,0.119673
-0.255194,-0.518232,0.113489
-0.518429,-0.507962,0.147610
-0.507160,-0.506353,0.165318
-0.507341,-0.502023,0.179695
-0.498209,-0.508836,0.175992
-0.499631,-0.510956,0.185692
-0.501540,-0.507210,0.202982
-0.490570,-0.508778,0.184494
-0.493955,-0.507407,0.194495
-0.479293,-0.498296,0.202199
-0.482042,-0.503504,0.197808
-0.480508,-0.511548,0.196410
-0.469772,-0.512742,0.198296
-0.460020,-0.503154,0.209143
-0.456213,-0.506927,0.209979
-0.453906,-0.508835,0.210633
-0.446334,-0.504947,0.203080
-0.446869,-0.505818,0.213914
-0.452077,-0.501848,0.213542
-0.447221,-0.507329,0.209597
-0.432530,-0.504795,0.219832
-0.434858,-0.508640,0.218337
-0.431219,-0.498999,0.213016
-0.419071,-0.499173,0.212771
-0.429945,-0.494461,0.223523
-0.409091,-0.506917,0.222613
-0.408760,-0.506784,0.219090
-0.405299,-0.500170,0.222301
-0.408442,-0.504050,0.223166
-0.401779,-0.505480,0.224296
-0.387067,-0.511661,0.224666
-0.392702,-0.499175,0.218190
-0.389871,-0.508850,0.217429
-0.383422,-0.504873,0.221263
-0.369142,-0.501686,0.223007
-0.375653,-0.500868,0.214280
-0.379993,-0.498003,0.215893
-0.357658,-0.510493,0.218882
-0.362775,-0.503828,0.218621
-0.349518,-0.505042,0.211958
-0.349587,-0.510943,0.213793
-0.357656,-0.504802,0.204880
-0.343530,-0.511048,0.210933
-0.330610,-0.510683,0.212128
-0.341755,-0.503605,0.206107
-0.330802,-0.502139,0.206603
-0.328560,-0.504740,0.206933
-0.324318,-0.507241,0.197723
-0.327511,-0.506281,0.200584
-0.315720,-0.503413,0.183405
-0.320612,-0.509431,0.181029
-0.318094,-0.512304,0.176155
-0.307926,-0.509181,0.174286
-0.289324,-0.512386,0.173565
-0.298326,-0.508869,0.162900
-0.291961,-0.512131,0.161999
-0.280050,-0.498084,0.161450
-0.284965,-0.506777,0.153785
-0.269068,-0.508153,0.147217
-0.275611,-0.517755,0.146825
-0.276319,-0.503760,0.148731
-0.261955,-0.515683,0.135930
-0.255725,-0.508093,0.131461
-0.257653,-0.506265,0.109920
-0.525804,-0.503836,0.142617
-0.509459,-0.500377,0.163315
-0.509588,-0.502663,0.169670
-0.509371,-0.504739,0.177825
-0.506488,-0.513443,0.185889
-0.497553,-0.500963,0.191715
-0.484113,-0.513569,0.189347
-0.485184,-0.506224,0.196962
-0.480082,-0.504368,0.201014
-0.480799,-0.500376,0.212582
-0.467734,-0.508014,0.197912
-0.467361,-0.499578,0.199212
-0.465052,-0.497926,0.207768
-0.464132,-0.501536,0.218838
-0.452432,-0.512411,0.211276
-0.448375,-0.498339,0.202037
-0.458468,-0.500288,0.216470
-0.444330,-0.494503,0.213329
-0.435504,-0.504106,0.219396
-0.434663,-0.499143,0.219732
-0.436480,-0.503126,0.223333
-0.419578,-0.504922,0.214986
-0.426592,-0.498108,0.215549
-0.420570,-0.508401,0.223781
-0.417127,-0.505951,0.226615
-0.412445,-0.507902,0.225265
-0.410285,-0.498535,0.222650
-0.400675,-0.499861,0.232985
-0.410057,-0.497937,0.221477
-0.387108,-0.499328,0.227105
-0.396935,-0.514457,0.225967
-0.387746,-0.502649,0.228260
-0.381302,-0.496780,0.228780
-0.381381,-0.509614,0.225714
-0.372942,-0.507757,0.220492
-0.364843,-0.504797,0.225206
-0.363923,-0.509816,0.213230
-0.371861,-0.508330,0.211563
-0.355106,-0.505641,0.210800
-0.351999,-0.507632,0.208836
-0.341792,-0.504616,0.217627
-0.337336,-0.505291,0.208805
-0.349293,-0.501019,0.210018
-0.335334,-0.507176,0.206974
-0.334265,-0.501782,0.207473
-0.329144,-0.498793,0.208022
-0.323316,-0.505032,0.203254
-0.319838,-0.502380,0.209798
-0.309392,-0.496840,0.193685
-0.310225,-0.507975,0.194842
-0.307958,-0.510994,0.179764
-0.304655,-0.492716,0.174605
-0.294756,-0.501041,0.171333
-0.291498,-0.506612,0.163617
-0.295271,-0.505635,0.171250
-0.290144,-0.498363,0.160144
-0.285611,-0.503241,0.158816
-0.275438,-0.502288,0.151331
-0.276977,-0.504273,0.141732
-0.267749,-0.507168,0.141610
-0.263325,-0.502539,0.144869
-0.259122,-0.503212,0.126190
-0.249724,-0.508391,0.113517
-0.519206,-0.495510,0.134855
-0.512242,-0.482479,0.154645
-0.510862,-0.492078,0.172514
-0.501127,-0.490282,0.173787
-0.497305,-0.507350,0.191909
-0.492686,-0.496446,0.185960
-0.490346,-0.497883,0.189348
-0.484540,-0.497304,0.189840
-0.487873,-0.489661,0.190946
-0.482002,-0.507264,0.196616
-0.482856,-0.505239,0.198603
-0.465611,-0.503816,0.215026
-0.458429,-0.496161,0.209519
-0.462837,-0.504270,0.212280
-0.454759,-0.489209,0.213209
-0.457463,-0.495308,0.209269
-0.448122,-0.504976,0.208949
-0.447949,-0.493175,0.215742
-0.433650,-0.504040,0.218500
-0.438257,-0.490405,0.214521
-0.430487,-0.500370,0.220341
-0.422229,-0.497484,0.217923
-0.427542,-0.494932,0.219471
-0.423994,-0.498439,0.229209
-0.407355,-0.495875,0.222268
-0.409756,-0.499028,0.225546
-0.405836,-0.493233,0.227263
-0.399927,-0.497961,0.228560
-0.399402,-0.495291,0.225687
-0.388833,-0.499849,0.236882
-0.383032,-0.505037,0.233330
-0.400310,-0.497387,0.226538
-0.379529,-0.494609,0.231279
-0.376341,-0.501450,0.217532
-0.377090,-0.492892,0.227858
-0.365199,-0.497075,0.230016
-0.363653,-0.503643,0.226559
-0.365663,-0.503476,0.227602
-0.353894,-0.499155,0.218561
-0.350403,-0.490901,0.222327
-0.343851,-0.499991,0.218341
-0.349214,-0.497661,0.222904
-0.344615,-0.491091,0.215018
-0.335420,-0.494108,0.214602
-0.331765,-0.496535,0.204405
-0.325173,-0.504603,0.211044
-0.331396,-0.493161,0.206760
-0.328261,-0.501064,0.194883
-0.319398,-0.504203,0.196602
-0.320910,-0.506484,0.185724
-0.305680,-0.496403,0.179295
-0.307519,-0.497338,0.174109
-0.298270,-0.493342,0.180833
-0.298541,-0.503230,0.166449
-0.294796,-0.497815,0.166022
-0.285971,-0.493807,0.166597
-0.277386,-0.495051,0.158761
-0.279412,-0.492351,0.155101
-0.273469,-0.488010,0.147168
-0.274784,-0.493145,0.145729
-0.256347,-0.490129,0.136227
-0.260272,-0.495722,0.115216
-0.244709,-0.504672,0.111491
-0.511696,-0.484191,0.154675
-0.513824,-0.489333,0.171788
-0.506028,-0.488663,0.176934
-0.494488,-0.487729,0.176289
-0.492631,-0.491885,0.189536
-0.491625,-0.496049,0.188886
-0.483714,-0.492137,0.197458
-0.484648,-0.491159,0.188741
-0.470120,-0.489161,0.203461
-0.481215,-0.499785,0.212433
-0.457467,-0.493817,0.202736
-0.462523,-0.502807,0.204492
-0.463883,-0.497838,0.206648
-0.456003,-0.488984,0.219544
-0.456371,-0.499408,0.215359
-0.446243,-0.490996,0.223038
-0.444506,-0.491632,0.215741
-0.437646,-0.486364,0.210603
-0.431119,-0.492970,0.223979
-0.431063,-0.492935,0.220700
-0.427353,-0.492383,0.226899
-0.421734,-0.487847,0.228100
-0.423096,-0.494439,0.228119
-0.415133,-0.491228,0.224760
-0.411758,-0.498310,0.226517
-0.413657,-0.487877,0.237624
-0.403937,-0.501913,0.231812
-0.389943,-0.490128,0.225704
-0.391944,-0.483838,0.229431
-0.396635,-0.494531,0.224273
-0.398603,-0.492500,0.235172
-0.375747,-0.499204,0.231506
-0.385374,-0.500388,0.239946
-0.376866,-0.496907,0.234338
-0.369506,-0.493242,0.221537
-0.362352,-0.492966,0.218095
-0.366053,-0.498454,0.229686
-0.359055,-0.488592,0.219512
-0.354813,-0.496048,0.225178
-0.351916,-0.493578,0.216595
-0.341137,-0.490743,0.213917
-0.337922,-0.489045,0.216405
-0.325578,-0.500429,0.217962
-0.327043,-0.493440,0.209387
-0.322925,-0.500305,0.210229
-0.321183,-0.494693,0.213771
-0.312667,-0.484887,0.211198
-0.318084,-0.493487,0.193148
-0.309114,-0.481407,0.198826
-0.307549,-0.484269,0.185699
-0.301182,-0.495267,0.179260
-0.298257,-0.490196,0.182796
-0.298619,-0.492986,0.175329
-0.289666,-0.500902,0.163830
-0.286765,-0.490155,0.164882
-0.280165,-0.491090,0.169987
-0.275660,-0.502585,0.153684
-0.268781,-0.495241,0.150519
-0.279096,-0.483008,0.141501
-0.262114,-0.499192,0.138354
-0.257532,-0.490228,0.136157
-0.514235,-0.490664,0.150915
-0.508540,-0.484841,0.164942
-0.496214,-0.492661,0.184328
-0.503182,-0.480403,0.183639
-0.497013,-0.485162,0.197142
-0.489441,-0.483665,0.192694
-0.491232,-0.492129,0.198051
-0.489524,-0.491441,0.200186
-0.471711,-0.489369,0.202430
-0.474539,-0.492851,0.196420
-0.478565,-0.479372,0.215094
-0.459640,-0.485086,0.209483
-0.463864,-0.484885,0.209338
-0.459377,-0.490759,0.213970
-0.451102,-0.484901,0.215359
-0.444942,-0.492363,0.219056
-0.442314,-0.483473,0.230184
-0.434730,-0.493329,0.227214
-0.430216,-0.490277,0.227081
-0.432900,-0.497484,0.227551
-0.430697,-0.487300,0.226084
-0.426774,-0.490411,0.224770
-0.419656,-0.483165,0.231957
-0.420129,-0.491373,0.225572
-0.411369,-0.483864,0.229818
-0.406052,-0.487678,0.232233
-0.396056,-0.490097,0.230348
-0.390453,-0.483756,0.236663
-0.399059,-0.492097,0.223540
-0.392948,-0.493549,0.228568
-0.393479,-0.485852,0.233138
-0.382810,-0.481844,0.224717
-0.377633,-0.484332,0.220204
-0.368106,-0.480958,0.225669
-0.368618,-0.486633,0.231925
-0.368215,-0.495422,0.224282
-0.359532,-0.493151,0.228989
-0.354970,-0.484222,0.226397
-0.356375,-0.483590,0.228889
-0.359230,-0.489612,0.223943
-0.347639,-0.494784,0.218658
-0.343222,-0.491175,0.222931
-0.336109,-0.475243,0.218045
-0.336160,-0.492499,0.220839
-0.328440,-0.478375,0.212310
-0.322532,-0.495161,0.197327
-0.315116,-0.490622,0.201284
-0.312578,-0.489048,0.196966
-0.314006,-0.484509,0.195730
-0.304658,-0.488713,0.194714
-0.290763,-0.484990,0.183561
-0.295667,-0.482920,0.175959
-0.297967,-0.489879,0.176195
-0.289055,-0.498600,0.174835
-0.291686,-0.491648,0.163687
-0.280239,-0.484130,0.160405
-0.276518,-0.484538,0.150484
-0.276532,-0.495052,0.157635
-0.262001,-0.488566,0.143121
-0.261200,-0.495859,0.145892
-0.252976,-0.494736,0.125314
-0.512067,-0.487391,0.139103
-0.508663,-0.478693,0.166470
-0.501829,-0.480933,0.177177
-0.508686,-0.485658,0.184318
-0.496285,-0.493626,0.186658
-0.499308,-0.490774,0.192661
-0.490095,-0.478879,0.200440
-0.483017,-0.487217,0.196210
-0.480581,-0.484074,0.197214
-0.478870,-0.475448,0.201903
-0.471666,-0.492245,0.205918
-0.467079,-0.486579,0.208598
-0.454821,-0.480906,0.217800
-0.455261,-0.484573,0.227158
-0.449212,-0.481763,0.217185
-0.447353,-0.476205,0.226838
-0.433950,-0.483994,0.217228
-0.443431,-0.488564,0.219272
-0.438672,-0.492263,0.223965
-0.430610,-0.485900,0.216352
-0.417643,-0.481672,0.225922
-0.429131,-0.479881,0.236115
-0.421683,-0.480032,0.238317
-0.412755,-0.486240,0.234303
-0.406190,-0.496177,0.221742
-0.415211,-0.487649,0.230090
-0.405051,-0.477886,0.229756
-0.407199,-0.492163,0.238184
-0.391862,-0.489123,0.236735
-0.385826,-0.480021,0.239153
-0.378902,-0.485483,0.230267
-0.381776,-0.483476,0.233018
-0.380781,-0.478924,0.241400
-0.369309,-0.484642,0.222917
-0.362682,-0.475568,0.228441
-0.376779,-0.481323,0.228544
-0.366083,-0.476247,0.215460
-0.368270,-0.481665,0.224674
-0.357424,-0.487060,0.224358
-0.344965,-0.493720,0.219452
-0.350383,-0.479443,0.216025
-0.331187,-0.489677,0.228285
-0.337488,-0.474470,0.222640
-0.332540,-0.480736,0.211254
-0.326912,-0.485656,0.213840
-0.330561,-0.489835,0.213999
-0.318411,-0.489162,0.206698
-0.313307,-0.475682,0.211786
-0.310754,-0.486753,0.196574
-0.304223,-0.478078,0.198572
-0.299089,-0.487266,0.182218
-0.293361,-0.493355,0.183878
-0.292300,-0.482881,0.168363
-0.290602,-0.497610,0.174547
-0.281708,-0.486273,0.168276
-0.271277,-0.487218,0.164503
-0.277052,-0.488903,0.153583
-0.272336,-0.484632,0.158602
-0.267979,-0.482489,0.154186
-0.265153,-0.488545,0.138229
-0.248043,-0.475453,0.127853
-0.508327,-0.476490,0.161109
-0.505413,-0.485837,0.168770
-0.490517,-0.464937,0.186700
-0.492058,-0.479276,0.184827
-0.488168,-0.483552,0.194162
-0.486642,-0.483701,0.193421
-0.487318,-0.472725,0.210878
-0.480647,-0.477557,0.194461
-0.477580,-0.473178,0.205479
-0.471870,-0.478785,0.216178
-0.463969,-0.476801,0.217996
-0.465367,-0.482051,0.213796
-0.448498,-0.479324,0.215487
-0.462080,-0.471139,0.225198
-0.444970,-0.475713,0.225211
-0.442425,-0.485835,0.225234
-0.436452,-0.481397,0.222843
-0.435954,-0.482164,0.222504
-0.437388,-0.473432,0.227616
-0.421572,-0.483243,0.231209
-0.424007,-0.486869,0.238085
-0.416238,-0.490750,0.229847
-0.399827,-0.477996,0.229638
-0.413506,-0.479567,0.246155
-0.404448,-0.488456,0.233552
-0.404277,-0.476701,0.228793
-0.389958,-0.472584,0.237115
-0.403388,-0.484193,0.232791
-0.395332,-0.481041,0.245370
-0.385103,-0.478111,0.247262
-0.379366,-0.470916,0.232237
-0.380539,-0.473291,0.242432
-0.382895,-0.476665,0.241814
-0.366083,-0.476825,0.229954
-0.363800,-0.481093,0.239189
-0.356239,-0.478260,0.231109
-0.358616,-0.480304,0.233345
-0.362903,-0.484943,0.222378
-0.353669,-0.490056,0.226016
-0.349495,-0.477034,0.223149
-0.345940,-0.479725,0.233156
-0.335141,-0.474796,0.226417
-0.334779,-0.488628,0.223102
-0.326891,-0.476376,0.214109
-0.322379,-0.485721,0.208149
-0.316473,-0.472782,0.209592
-0.321438,-0.484522,0.203754
-0.306344,-0.479559,0.195315
-0.308512,-0.488188,0.199184
-0.301661,-0.486383,0.190829
-0.297533,-0.488841,0.183637
-0.293388,-0.481708,0.181653
-0.294141,-0.487339,0.178106
-0.274219,-0.491791,0.159743
-0.281936,-0.483361,0.162843
-0.268417,-0.485829,0.164857
-0.265652,-0.482449,0.156446
-0.279059,-0.482198,0.150267
-0.269169,-0.481607,0.138083
-0.251421,-0.475854,0.126308
-0.521626,-0.471681,0.152394
-0.501871,-0.469114,0.164820
-0.493672,-0.477524,0.181342
-0.494708,-0.470857,0.192595
-0.496674,-0.481064,0.191994
-0.485724,-0.473636,0.198798
-0.485012,-0.472023,0.193053
-0.480908,-0.481177,0.202119
-0.473767,-0.472191,0.214646
-0.473196,-0.472632,0.210173
-0.471365,-0.477043,0.216971
-0.459033,-0.481438,0.223346
-0.458150,-0.481109,0.220970
-0.452790,-0.483714,0.219349
-0.452120,-0.478344,0.226000
-0.435664,-0.466833,0.221972
-0.441608,-0.477834,0.222372
-0.439388,-0.474633,0.241535
-0.437345,-0.477558,0.230521
-0.430442,-0.487796,0.232660
-0.426228,-0.477903,0.231901
-0.427988,-0.476633,0.243111
-0.417622,-0.473081,0.233056
-0.413684,-0.473490,0.234306
-0.406190,-0.475907,0.239812
-0.397430,-0.470329,0.247757
-0.404681,-0.461031,0.235265
-0.395859,-0.480605,0.236829
-0.399078,-0.473710,0.236754
-0.383488,-0.474979,0.234969
-0.379399,-0.467572,0.246833
-0.375541,-0.476150,0.241365
-0.374079,-0.477635,0.228558
-0.374280,-0.471528,0.234996
-0.370506,-0.483218,0.235953
-0.361681,-0.479146,0.240748
-0.356290,-0.471371,0.244427
-0.358751,-0.475270,0.232347
-0.342844,-0.473705,0.233413
-0.346312,-0.472150,0.232468
-0.347564,-0.480590,0.221603
-0.342357,-0.469190,0.221465
-0.328022,-0.479250,0.220292
-0.323823,-0.474729,0.219240
-0.323032,-0.476536,0.222619
-0.326272,-0.472568,0.214632
-0.316868,-0.479998,0.206211
-0.317540,-0.474252,0.207957
-0.303092,-0.476900,0.192168
-0.302588,-0.482644,0.188061
-0.298758,-0.462704,0.182896
-0.301420,-0.467036,0.181933
-0.288976,-0.471920,0.178317
-0.273962,-0.468246,0.167166
-0.276267,-0.479445,0.164034
-0.275391,-0.473446,0.166002
-0.275483,-0.476324,0.161547
-0.269020,-0.477846,0.146788
-0.260489,-0.486804,0.143467
-0.250132,-0.478843,0.126776
-0.508678,-0.466937,0.142416
-0.500606,-0.471653,0.164699
-0.502432,-0.476850,0.180359
-0.499702,-0.470004,0.184735
-0.495133,-0.467485,0.196783
-0.479750,-0.471473,0.201662
-0.482785,-0.468282,0.203322
-0.483945,-0.479235,0.199804
-0.472422,-0.470470,0.208290
-0.462598,-0.468669,0.215478
-0.456200,-0.474890,0.220746
-0.466637,-0.475649,0.215981
-0.456165,-0.474641,0.213582
-0.447658,-0.477259,0.227819
-0.444682,-0.473719,0.235769
-0.446523,-0.464880,0.223688
-0.442647,-0.478466,0.231783
-0.437993,-0.464572,0.233289
-0.436380,-0.470765,0.228116
-0.433976,-0.474746,0.241600
-0.424722,-0.473269,0.242614
-0.420108,-0.474621,0.234594
-0.405822,-0.470897,0.236053
-0.406566,-0.463236,0.240805
-0.402705,-0.467327,0.241028
-0.401368,-0.462854,0.240180
-0.400360,-0.462358,0.236227
-0.401494,-0.479347,0.239577
-0.389329,-0.465366,0.238334
-0.382939,-0.473426,0.240762
-0.381000,-0.453738,0.236394
-0.369776,-0.469582,0.243407
-0.367196,-0.475291,0.234990
-0.368351,-0.466692,0.246670
-0.371421,-0.470202,0.238811
-0.354379,-0.469453,0.240230
-0.360981,-0.467577,0.237340
-0.362244,-0.468909,0.232323
-0.344763,-0.474233,0.229764
-0.339751,-0.468806,0.238818
-0.342864,-0.466904,0.234273
-0.335395,-0.475750,0.227580
-0.331682,-0.471945,0.231779
-0.325267,-0.467099,0.225981
-0.327216,-0.467311,0.221862
-0.321932,-0.461401,0.209800
-0.320359,-0.474972,0.214550
-0.317521,-0.461692,0.211196
-0.303896,-0.462860,0.205571
-0.311208,-0.476003,0.200922
-0.297885,-0.475033,0.187021
-0.285481,-0.473448,0.184667
-0.292463,-0.464761,0.184505
-0.280272,-0.471202,0.175261
-0.285065,-0.463074,0.175556
-0.279052,-0.479174,0.160964
-0.271962,-0.469744,0.154418
-0.261742,-0.468624,0.146109
-0.268629,-0.468307,0.143060
-0.507194,-0.469379,0.157900
-0.504858,-0.474128,0.170423
-0.497629,-0.465509,0.183103
-0.491532,-0.471142,0.184839
-0.482763,-0.461122,0.199895
-0.484204,-0.469367,0.206778
-0.472643,-0.471462,0.212127
-0.477539,-0.466232,0.217101
-0.472180,-0.464668,0.217750
-0.461137,-0.461901,0.216563
-0.465915,-0.461413,0.221809
-0.459907,-0.475086,0.227856
-0.453691,-0.471242,0.227418
-0.449610,-0.470653,0.228767
-0.437839,-0.474452,0.248891
-0.440910,-0.466436,0.231591
-0.433228,-0.461895,0.236663
-0.425127,-0.471242,0.239279
-0.429494,-0.473118,0.242689
-0.429215,-0.459776,0.242495
-0.419633,-0.466277,0.243050
-0.413776,-0.461684,0.245002
-0.407211,-0.467949,0.235721
-0.406043,-0.471435,0.247332
-0.400989,-0.463551,0.237139
-0.399294,-0.466268,0.248524
-0.396602,-0.468145,0.240264
-0.390652,-0.469841,0.243128
-0.386846,-0.474742,0.251613
-0.384069,-0.471649,0.247009
-0.381839,-0.470162,0.253372
-0.374605,-0.465954,0.251847
-0.368019,-0.467954,0.239937
-0.365312,-0.463964,0.244888
-0.355921,-0.465854,0.241601
-0.353861,-0.468362,0.241346
-0.347505,-0.460245,0.240200
-0.347055,-0.470220,0.241127
-0.350583,-0.459849,0.230085
-0.341139,-0.469034,0.235503
-0.332659,-0.466485,0.224876
-0.337894,-0.467806,0.238060
-0.327737,-0.468415,0.221381
-0.324757,-0.466461,0.230373
-0.321180,-0.468019,0.224869
-0.322147,-0.463760,0.213553
-0.306851,-0.467639,0.215891
-0.308342,-0.459573,0.199380
-0.302454,-0.467502,0.195120
-0.297518,-0.469076,0.195800
-0.286034,-0.468674,0.189168
-0.290309,-0.462019,0.186214
-0.285801,-0.460098,0.165593
-0.281704,-0.466622,0.172502
-0.286934,-0.471059,0.165962
-0.276639,-0.459018,0.162844
-0.262813,-0.468719,0.152215
-0.264578,-0.469470,0.137525
-0.503092,-0.463445,0.142802
-0.503630,-0.465217,0.173631
-0.505258,-0.451806,0.186359
-0.484762,-0.466099,0.185354
-0.483796,-0.465998,0.189195
-0.479615,-0.451960,0.204755
-0.480134,-0.464852,0.200238
-0.474178,-0.461475,0.206222
-0.475262,-0.461993,0.222579
-0.466877,-0.468080,0.217744
-0.457372,-0.460863,0.222050
-0.451703,-0.458398,0.227183
-0.457469,-0.453517,0.222715
-0.455484,-0.458583,0.241685
-0.443562,-0.465560,0.236577
-0.436733,-0.471286,0.238741
-0.438134,-0.464546,0.257822
-0.422437,-0.478004,0.242752
-0.420756,-0.464850,0.238110
-0.420201,-0.457131,0.244734
-0.419239,-0.463759,0.245900
-0.421554,-0.459853,0.243539
-0.419115,-0.458234,0.251782
-0.407776,-0.452397,0.247297
-0.402841,-0.456042,0.250922
-0.404065,-0.454267,0.251863
-0.393488,-0.453506,0.242676
-0.386848,-0.461587,0.248126
-0.388761,-0.453492,0.252031
-0.379957,-0.458674,0.252335
-0.383788,-0.456631,0.244328
-0.376863,-0.461272,0.242174
-0.371111,-0.467468,0.238799
-0.374611,-0.456208,0.249837
-0.361135,-0.460791,0.246103
-0.355842,-0.463944,0.243472
-0.348578,-0.462953,0.239279
-0.355188,-0.466135,0.242062
-0.350785,-0.459696,0.237428
-0.340506,-0.476928,0.246534
-0.341503,-0.461959,0.234962
-0.330510,-0.461216,0.238230
-0.329240,-0.450264,0.226482
-0.321268,-0.464514,0.222571
-0.324982,-0.465094,0.214211
-0.308322,-0.463939,0.218399
-0.313040,-0.463149,0.209785
-0.303492,-0.468019,0.208107
-0.299733,-0.464134,0.200428
-0.296106,-0.455861,0.187987
-0.291179,-0.461558,0.196267
-0.301980,-0.469940,0.180016
-0.282898,-0.462023,0.184425
-0.283870,-0.463087,0.180730
-0.275422,-0.463261,0.163330
-0.271306,-0.463541,0.159025
-0.263971,-0.466714,0.149092
-0.263104,-0.464723,0.144225
-0.508574,-0.462005,0.165964
-0.493122,-0.452575,0.177151
-0.490796,-0.465446,0.185450
-0.489397,-0.463064,0.201774
-0.483032,-0.451329,0.208071
-0.464236,-0.455319,0.199463
-0.473396,-0.453506,0.215089
-0.472023,-0.448804,0.216491
-0.461204,-0.461369,0.232181
-0.459931,-0.459143,0.224866
-0.458828,-0.462105,0.235874
-0.446896,-0.458462,0.233369
-0.452265,-0.463648,0.240341
-0.443553,-0.455120,0.237010
-0.445990,-0.452249,0.244691
-0.431731,-0.454870,0.237032
-0.430022,-0.450354,0.242191
-0.432406,-0.459642,0.238151
-0.424415,-0.468706,0.244475
-0.417483,-0.462018,0.235595
-0.423871,-0.459724,0.240167
-0.405659,-0.456614,0.245070
-0.403675,-0.460027,0.254588
-0.402688,-0.458173,0.243038
-0.407418,-0.462988,0.245542
-0.400184,-0.466052,0.253967
-0.386239,-0.468479,0.258227
-0.379668,-0.458144,0.254432
-0.378724,-0.456786,0.254085
-0.382960,-0.456798,0.254805
-0.379517,-0.451100,0.247914
-0.371001,-0.458327,0.241286
-0.368294,-0.454841,0.245473
-0.365091,-0.457219,0.249759
-0.358883,-0.454400,0.245548
-0.345150,-0.455169,0.247462
-0.344254,-0.450756,0.232305
-0.350218,-0.458124,0.238154
-0.335208,-0.451531,0.232845
-0.335748,-0.455666,0.244784
-0.327294,-0.460358,0.240182
-0.325283,-0.458211,0.232030
-0.331756,-0.454866,0.215761
-0.325940,-0.460855,0.216527
-0.312217,-0.460437,0.215266
-0.314216,-0.454078,0.214503
-0.316462,-0.450451,0.208992
-0.308728,-0.453173,0.209260
-0.298466,-0.460580,0.198255
-0.287942,-0.453408,0.197677
-0.289676,-0.451487,0.188182
-0.291188,-0.457294,0.188188
-0.278388,-0.454475,0.179807
-0.275061,-0.449033,0.153905
-0.264772,-0.459799,0.153625
-0.272597,-0.457140,0.140607
-0.488191,-0.455127,0.181243
-0.483664,-0.454586,0.189673
-0.478115,-0.466320,0.198629
-0.486343,-0.454506,0.210070
-0.472414,-0.450911,0.221603
-0.486760,-0.453154,0.222919
-0.474149,-0.458997,0.222732
-0.464284,-0.450835,0.226189
-0.467965,-0.449467,0.227671
-0.447212,-0.454463,0.237540
-0.459208,-0.447703,0.228544
-0.445458,-0.454230,0.244128
-0.449716,-0.458021,0.234682
-0.437728,-0.460236,0.241468
-0.435399,-0.449917,0.249808
-0.424585,-0.454047,0.255403
-0.424447,-0.452220,0.252695
-0.422618,-0.448893,0.246141
-0.428933,-0.457109,0.248052
-0.416831,-0.458112,0.248451
-0.411195,-0.457239,0.253526
-0.402838,-0.448750,0.257930
-0.399624,-0.458971,0.253909
-0.395915,-0.452987,0.258206
-0.396818,-0.450263,0.255922
-0.394444,-0.447638,0.258301
-0.378683,-0.449026,0.254825
-0.382409,-0.450011,0.250139
-0.380368,-0.447244,0.253201
-0.375961,-0.449088,0.245444
-0.373058,-0.466273,0.260458
-0.354958,-0.455609,0.262988
-0.361479,-0.458237,0.249075
-0.357473,-0.460279,0.249677
-0.344370,-0.449003,0.241652
-0.347484,-0.455916,0.247522
-0.344988,-0.446801,0.248372
-0.331088,-0.452566,0.236162
-0.341844,-0.454017,0.240301
-0.328508,-0.450490,0.243365
-0.332654,-0.455216,0.231891
-0.328265,-0.454251,0.227800
-0.320603,-0.452358,0.238926
-0.314427,-0.455653,0.227752
-0.317053,-0.446835,0.224676
-0.308803,-0.452308,0.206100
-0.306044,-0.447585,0.203490
-0.288580,-0.454501,0.211219
-0.289305,-0.455792,0.207590
-0.291923,-0.452590,0.190053
-0.283542,-0.450256,0.186892
-0.282120,-0.449972,0.187206
-0.282649,-0.455602,0.170687
-0.270910,-0.449916,0.162083
-0.259548,-0.454684,0.151874
-0.495359,-0.450667,0.172280
-0.494686,-0.453727,0.184551
-0.491401,-0.445773,0.197052
-0.480561,-0.452450,0.206697
-0.473801,-0.453128,0.216483
-0.471015,-0.444616,0.213121
-0.465303,-0.445554,0.226288
-0.466040,-0.452549,0.228031
-0.464495,-0.446693,0.222503
-0.456599,-0.454699,0.240664
-0.457614,-0.464515,0.234815
-0.442363,-0.460330,0.242713
-0.440820,-0.445780,0.248791
-0.450305,-0.453061,0.240064
-0.437104,-0.445905,0.249781
-0.431669,-0.439468,0.260113
-0.429089,-0.458298,0.253169
-0.424989,-0.451825,0.251543
-0.420885,-0.451251,0.249472
-0.408701,-0.450463,0.251291
-0.410027,-0.449254,0.255257
-0.413262,-0.450091,0.247665
-0.392676,-0.450147,0.255940
-0.395567,-0.448048,0.258160
-0.400088,-0.443310,0.256739
-0.390858,-0.446432,0.261374
-0.388717,-0.445722,0.257793
-0.387888,-0.449959,0.261035
-0.376565,-0.446682,0.261170
-0.375434,-0.444344,0.250281
-0.363135,-0.444897,0.256729
-0.365814,-0.448655,0.245374
-0.366450,-0.445514,0.245246
-0.351119,-0.447885,0.248229
-0.350499,-0.449665,0.261195
-0.350719,-0.452811,0.246149
-0.345338,-0.442736,0.241080
-0.346831,-0.449639,0.237854
-0.336064,-0.441407,0.247899
-0.331919,-0.450203,0.246011
-0.326856,-0.453232,0.239054
-0.322377,-0.443970,0.235055
-0.322771,-0.454504,0.235651
-0.322129,-0.450956,0.222621
-0.312593,-0.444221,0.225847
-0.317394,-0.443520,0.218995
-0.307532,-0.444959,0.212140
-0.299388,-0.453252,0.204609
-0.300908,-0.446826,0.205083
-0.285387,-0.447672,0.207148
-0.283246,-0.445903,0.184147
-0.281450,-0.444674,0.185214
-0.274413,-0.443746,0.169796
-0.275377,-0.451233,0.158614
-0.265162,-0.455907,0.145404
-0.490336,-0.433745,0.186495
-0.487348,-0.448162,0.195770
-0.486338,-0.448546,0.203772
-0.467498,-0.447932,0.218878
-0.474881,-0.452594,0.222534
-0.476139,-0.447139,0.223145
-0.471025,-0.450957,0.229843
-0.468302,-0.446499,0.234166
-0.456573,-0.442006,0.239036
-0.451715,-0.445396,0.246830
-0.441017,-0.440771,0.253139
-0.439489,-0.445026,0.250178
-0.439169,-0.440466,0.248105
-0.441335,-0.448728,0.254520
-0.433249,-0.444920,0.247769
-0.433305,-0.451766,0.263287
-0.427453,-0.443329,0.259519
-0.429094,-0.441908,0.250418
-0.414867,-0.447381,0.251902
-0.417736,-0.452433,0.255603
-0.419550,-0.448538,0.265873
-0.402073,-0.440543,0.265931
-0.398836,-0.450665,0.261589
-0.392380,-0.442782,0.259400
-0.394279,-0.440920,0.255606
-0.391502,-0.439872,0.261300
-0.392367,-0.445730,0.249286
-0.375893,-0.437779,0.261607
-0.375943,-0.450118,0.260545
-0.368241,-0.448812,0.260861
-0.366958,-0.441462,0.259966
-0.361312,-0.436531,0.250939
-0.354804,-0.451089,0.254132
-0.358769,-0.439323,0.246335
-0.346719,-0.440713,0.246854
-0.347923,-0.444341,0.246149
-0.333311,-0.447529,0.250423
-0.341653,-0.429577,0.252087
-0.333989,-0.438230,0.238045
-0.326395,-0.440401,0.246481
-0.328388,-0.443303,0.236982
-0.324903,-0.448687,0.237310
-0.324998,-0.445457,0.229166
-0.317296,-0.442081,0.224443
-0.306832,-0.448360,0.224352
-0.299880,-0.443725,0.218538
-0.303048,-0.440307,0.210944
-0.299729,-0.442051,0.204959
-0.283178,-0.442298,0.200594
-0.286200,-0.445909,0.190788
-0.278807,-0.439387,0.180924
-0.272043,-0.435523,0.169919
-0.274741,-0.449327,0.161349
-0.491811,-0.443792,0.181186
-0.485446,-0.436042,0.207036
-0.473615,-0.432433,0.208318
-0.482825,-0.445323,0.223294
-0.481126,-0.448230,0.231197
-0.466537,-0.431201,0.230014
-0.464050,-0.437809,0.235584
-0.457996,-0.438259,0.241805
-0.463472,-0.438941,0.238586
-0.461847,-0.436294,0.243485
-0.455268,-0.433469,0.242664
-0.432905,-0.443728,0.253706
-0.434583,-0.436948,0.251837
-0.429728,-0.439228,0.262938
-0.432409,-0.423898,0.262790
-0.428437,-0.439253,0.255810
-0.426579,-0.453449,0.258398
-0.424940,-0.440196,0.254218
-0.412294,-0.441671,0.259792
-0.414874,-0.437906,0.261305
-0.403915,-0.436889,0.260131
-0.403153,-0.437657,0.261584
-0.398186,-0.439798,0.255880
-0.395105,-0.442572,0.265580
-0.387615,-0.441943,0.265126
-0.384126,-0.442489,0.261699
-0.384758,-0.437281,0.258111
-0.379354,-0.447075,0.252716
-0.373320,-0.429212,0.269915
-0.371615,-0.438132,0.256660
-0.371200,-0.442807,0.261633
-0.357185,-0.438574,0.255578
-0.360815,-0.444251,0.256483
-0.361109,-0.430278,0.265162
-0.342350,-0.444672,0.259643
-0.347670,-0.435989,0.254059
-0.343788,-0.437748,0.243469
-0.335577,-0.441004,0.246939
-0.330986,-0.444966,0.243431
-0.325280,-0.435736,0.240982
-0.324490,-0.431587,0.241623
-0.320763,-0.444938,0.237004
-0.318690,-0.439008,0.231120
-0.317415,-0.443575,0.236619
-0.313890,-0.441750,0.216089
-0.293588,-0.442423,0.208208
-0.298954,-0.439917,0.217134
-0.295076,-0.438327,0.216865
-0.291865,-0.433392,0.200592
-0.289470,-0.433291,0.197366
-0.279807,-0.429294,0.188613
-0.288125,-0.439429,0.181848
-0.272892,-0.434310,0.159352
-0.480658,-0.438988,0.188385
-0.473313,-0.429136,0.211672
-0.478640,-0.438033,0.220220
-0.479406,-0.425946,0.221274
-0.470965,-0.431523,0.234560
-0.463538,-0.436056,0.240098
-0.459346,-0.432974,0.235190
-0.454029,-0.440458,0.242566
-0.442759,-0.434430,0.238739
-0.447159,-0.424488,0.254104
-0.450799,-0.431850,0.245666
-0.444407,-0.430256,0.259234
-0.435122,-0.431344,0.248953
-0.437081,-0.433020,0.265282
-0.417685,-0.430662,0.259499
-0.427429,-0.432248,0.261586
-0.417998,-0.434520,0.266534
-0.416451,-0.434888,0.257552
-0.411770,-0.436594,0.271420
-0.413336,-0.437409,0.263309
-0.407574,-0.434389,0.258552
-0.393100,-0.429885,0.269697
-0.398497,-0.434956,0.269886
-0.395212,-0.438123,0.268126
-0.392863,-0.436454,0.265710
-0.380757,-0.437048,0.270480
-0.368992,-0.432079,0.267186
-0.373151,-0.432064,0.249065
-0.371605,-0.437282,0.264909
-0.365938,-0.434501,0.262969
-0.364070,-0.432347,0.257469
-0.358641,-0.444819,0.256160
-0.340345,-0.429125,0.268422
-0.347119,-0.432722,0.260502
-0.340544,-0.431563,0.254354
-0.339401,-0.429195,0.249073
-0.329078,-0.430531,0.243676
-0.335161,-0.432906,0.244010
-0.326822,-0.439539,0.243671
-0.332336,-0.446850,0.244952
-0.327369,-0.436264,0.229501
-0.315829,-0.426736,0.234787
-0.310402,-0.440775,0.234281
-0.307145,-0.439305,0.226609
-0.305394,-0.429469,0.222758
-0.304655,-0.437139,0.211929
-0.298532,-0.436301,0.213740
-0.292698,-0.433408,0.200906
-0.284105,-0.436439,0.195328
-0.282567,-0.441047,0.197783
-0.281057,-0.429504,0.180071
-0.276311,-0.425940,0.154274
-0.491736,-0.433209,0.200376
-0.489112,-0.438984,0.215369
-0.476385,-0.437184,0.228180
-0.476900,-0.428534,0.235389
-0.469056,-0.441303,0.230591
-0.462707,-0.429277,0.233463
-0.455206,-0.424129,0.235534
-0.448165,-0.437049,0.244988
-0.445110,-0.426462,0.254705
-0.456875,-0.433645,0.264220
-0.443635,-0.435610,0.261337
-0.441864,-0.427818,0.260982
-0.432516,-0.440290,0.255938
-0.428410,-0.435408,0.266387
-0.427608,-0.426625,0.259645
-0.419385,-0.427348,0.256473
-0.413476,-0.428289,0.267892
-0.421175,-0.434808,0.267825
-0.416500,-0.432607,0.274811
-0.413090,-0.428401,0.260470
-0.405770,-0.428092,0.261362
-0.393950,-0.436115,0.271487
-0.401471,-0.425579,0.271519
-0.393738,-0.431631,0.271229
-0.388345,-0.437151,0.261279
-0.384863,-0.429409,0.269270
-0.380599,-0.431261,0.262590
-0.376442,-0.420173,0.267671
-0.371581,-0.432936,0.258848
-0.363981,-0.432794,0.259776
-0.367658,-0.433608,0.262858
-0.357407,-0.426668,0.261377
-0.358863,-0.428189,0.254069
-0.354162,-0.427496,0.261772
-0.347873,-0.428163,0.251899
-0.343639,-0.429086,0.257791
-0.341109,-0.432650,0.249424
-0.337895,-0.435626,0.250507
-0.322289,-0.436409,0.245721
-0.324154,-0.441556,0.242228
-0.309368,-0.429740,0.241618
-0.319780,-0.430765,0.244321
-0.308492,-0.431500,0.242086
-0.302197,-0.431471,0.231709
-0.303169,-0.425666,0.226855
-0.303581,-0.428558,0.226134
-0.295423,-0.427765,0.216984
-0.291073,-0.442835,0.220636
-0.291473,-0.436399,0.204912
-0.292198,-0.427257,0.197871
-0.266951,-0.428974,0.184560
-0.275420,-0.419852,0.170517
-0.485607,-0.417777,0.206861
-0.475139,-0.427224,0.221020
-0.482407,-0.416276,0.238861
-0.470367,-0.427078,0.233439
-0.475172,-0.429984,0.239600
-0.470260,-0.424932,0.240779
-0.457349,-0.421270,0.240916
-0.454991,-0.429137,0.260693
-0.454071,-0.428542,0.253480
-0.438907,-0.421879,0.259974
-0.447655,-0.420473,0.256852
-0.443795,-0.431110,0.262342
-0.431609,-0.419135,0.254509
-0.433169,-0.428768,0.256708
-0.426529,-0.427729,0.273319
-0.416308,-0.435939,0.273716
-0.415204,-0.420270,0.270587
-0.426132,-0.423504,0.264215
-0.411310,-0.434335,0.273602
-0.410731,-0.431244,0.275138
-0.407060,-0.428279,0.269489
-0.399902,-0.421480,0.271720
-0.388435,-0.429841,0.265862
-0.386935,-0.425083,0.266906
-0.392919,-0.428180,0.268797
-0.385823,-0.414840,0.270650
-0.374584,-0.431133,0.263546
-0.371742,-0.424658,0.271231
-0.369806,-0.431699,0.272668
-0.363497,-0.419825,0.270221
-0.362156,-0.425018,0.267977
-0.363076,-0.424141,0.269810
-0.360539,-0.429150,0.264055
-0.351329,-0.427285,0.265394
-0.342073,-0.428345,0.254978
-0.342519,-0.436256,0.259997
-0.336273,-0.420126,0.265429
-0.325958,-0.420163,0.254011
-0.325321,-0.424618,0.253771
-0.329536,-0.426723,0.252479
-0.321467,-0.419617,0.250454
-0.311860,-0.425750,0.248433
-0.311890,-0.431050,0.251074
-0.312441,-0.427096,0.238650
-0.308256,-0.428831,0.231806
-0.304558,-0.432911,0.239092
-0.304217,-0.422210,0.219336
-0.285429,-0.420304,0.217215
-0.284802,-0.434917,0.208369
-0.290831,-0.412660,0.197637
-0.275147,-0.416248,0.184770
-0.276349,-0.424539,0.171503
-0.486831,-0.425855,0.206356
-0.475064,-0.428550,0.227835
-0.474556,-0.420654,0.231532
-0.465482,-0.416841,0.238426
-0.465805,-0.429205,0.239207
-0.464284,-0.415485,0.250520
-0.454258,-0.427464,0.250516
-0.463257,-0.415288,0.257893
-0.450749,-0.425614,0.256635
-0.445536,-0.422846,0.264410
-0.452410,-0.422526,0.254930
-0.441080,-0.426682,0.259000
-0.431453,-0.424754,0.263913
-0.431404,-0.428444,0.265829
-0.432108,-0.421315,0.263808
-0.424856,-0.420051,0.268775
-0.423335,-0.423115,0.270202
-0.415454,-0.420706,0.265971
-0.410516,-0.428262,0.271772
-0.402349,-0.419906,0.272929
-0.406855,-0.421773,0.280771
-0.394136,-0.420179,0.269716
-0.392319,-0.422205,0.275592
-0.389356,-0.421659,0.278549
-0.383217,-0.424999,0.274968
-0.388073,-0.429226,0.275170
-0.383596,-0.427329,0.270432
-0.372380,-0.425121,0.263287
-0.358078,-0.431519,0.264739
-0.373211,-0.427175,0.264963
-0.367969,-0.427959,0.269396
-0.364464,-0.431264,0.262647
-0.362775,-0.418688,0.260376
-0.342777,-0.420661,0.265468
-0.341084,-0.421840,0.250190
-0.347158,-0.423385,0.264551
-0.338322,-0.424235,0.244175
-0.335843,-0.425139,0.257718
-0.323988,-0.411522,0.258840
-0.323726,-0.428738,0.246750
-0.325955,-0.425794,0.251987
-0.317439,-0.429107,0.247994
-0.312213,-0.425499,0.251722
-0.310711,-0.415767,0.239406
-0.301688,-0.423571,0.236800
-0.295871,-0.422812,0.229499
-0.301306,-0.417011,0.230163
-0.290133,-0.413921,0.214278
-0.296172,-0.431214,0.210392
-0.286272,-0.422913,0.204156
-0.281046,-0.423877,0.192578
-0.276999,-0.420161,0.182217
-0.488051,-0.420410,0.211440
-0.485379,-0.432074,0.225450
-0.480690,-0.418201,0.230044
-0.475873,-0.413882,0.228313
-0.476125,-0.418275,0.250054
-0.464810,-0.421478,0.247069
-0.455444,-0.424368,0.242244
-0.458033,-0.415899,0.255435
-0.453439,-0.414039,0.256107
-0.444071,-0.422891,0.254691
-0.446536,-0.417140,0.261447
-0.435678,-0.410039,0.268721
-0.438675,-0.409593,0.267528
-0.427873,-0.416373,0.276834
-0.438107,-0.416787,0.270102
-0.426467,-0.409869,0.277799
-0.410623,-0.415322,0.271105
-0.411521,-0.412781,0.277622
-0.412196,-0.418839,0.278304
-0.404890,-0.422156,0.269226
-0.404685,-0.422767,0.275757
-0.405043,-0.418366,0.285847
-0.393705,-0.404648,0.283694
-0.391389,-0.415276,0.270023
-0.396245,-0.415995,0.275252
-0.377808,-0.417413,0.269616
-0.382232,-0.413869,0.277347
-0.371791,-0.405309,0.268511
-0.368705,-0.428026,0.268992
-0.377428,-0.419282,0.260978
-0.367364,-0.423044,0.270138
-0.354377,-0.416495,0.264887
-0.352223,-0.415871,0.260518
-0.358478,-0.416033,0.259324
-0.348509,-0.410085,0.260446
-0.338915,-0.415211,0.265559
-0.340711,-0.420668,0.262581
-0.336766,-0.419911,0.256536
-0.329530,-0.421223,0.261858
-0.315605,-0.422601,0.250438
-0.322571,-0.422067,0.247639
-0.314511,-0.415935,0.247055
-0.312392,-0.423601,0.245483
-0.310271,-0.417664,0.243161
-0.308727,-0.413292,0.236575
-0.295219,-0.417321,0.232705
-0.301031,-0.418208,0.229568
-0.288241,-0.419775,0.220302
-0.294012,-0.416882,0.209560
-0.275432,-0.424956,0.211949
-0.288604,-0.414712,0.208445
-0.278402,-0.410093,0.176671
-0.485196,-0.418859,0.219873
-0.487551,-0.412075,0.213757
-0.470855,-0.414807,0.234024
-0.476860,-0.413625,0.230736
-0.466388,-0.405140,0.254717
-0.465690,-0.416813,0.256749
-0.462646,-0.410285,0.251894
-0.455306,-0.414469,0.266815
-0.449971,-0.417789,0.260496
-0.448725,-0.416186,0.266795
-0.440477,-0.425249,0.266918
-0.437431,-0.417445,0.272239
-0.427012,-0.405137,0.265910
-0.437336,-0.417704,0.269034
-0.436400,-0.421505,0.273759
-0.418720,-0.417852,0.270133
-0.429083,-0.416612,0.268431
-0.415303,-0.413334,0.280615
-0.409649,-0.416538,0.274466
-0.407071,-0.408851,0.278097
-0.404066,-0.418135,0.272785
-0.396011,-0.410731,0.281705
-0.399801,-0.410959,0.277398
-0.389253,-0.414825,0.269851
-0.387294,-0.412083,0.283642
-0.374213,-0.410556,0.277670
-0.378534,-0.416055,0.277296
-0.377714,-0.423308,0.278708
-0.378177,-0.418725,0.271807
-0.361811,-0.411528,0.275675
-0.370193,-0.420051,0.267133
-0.353624,-0.409602,0.267793
-0.346335,-0.415295,0.267570
-0.349066,-0.411525,0.274079
-0.346785,-0.412457,0.270437
-0.345748,-0.422938,0.263628
-0.336460,-0.411816,0.266387
-0.331615,-0.418537,0.257270
-0.326656,-0.412414,0.263367
-0.326422,-0.410007,0.268046
-0.324613,-0.424905,0.267732
-0.313819,-0.423609,0.259318
-0.312163,-0.413623,0.249022
-0.313700,-0.404844,0.237958
-0.299885,-0.419894,0.238613
-0.292061,-0.410379,0.241904
-0.298219,-0.406945,0.233356
-0.288879,-0.413378,0.223392
-0.287487,-0.410105,0.222731
-0.279269,-0.418720,0.212431
-0.282425,-0.420495,0.202731
-0.269399,-0.408914,0.194507
-0.484559,-0.417274,0.215694
-0.480844,-0.415428,0.236486
-0.479047,-0.412140,0.241587
-0.481753,-0.410525,0.241671
-0.458517,-0.413667,0.246522
-0.469252,-0.413622,0.259976
-0.460182,-0.406728,0.254373
-0.459325,-0.402443,0.263669
-0.454121,-0.413874,0.259847
-0.447458,-0.399485,0.273955
-0.450056,-0.419221,0.273265
-0.435251,-0.417125,0.269764
-0.437712,-0.412883,0.267545
-0.434183,-0.400614,0.268362
-0.427569,-0.413283,0.276444
-0.416985,-0.405169,0.280681
-0.417499,-0.415040,0.268962
-0.416597,-0.409905,0.273067
-0.413062,-0.409136,0.275057
-0.404397,-0.411344,0.280218
-0.412259,-0.409696,0.272656
-0.396356,-0.406915,0.289790
-0.389554,-0.418374,0.275365
-0.396814,-0.411086,0.270842
-0.380929,-0.401870,0.275320
-0.376792,-0.408124,0.273874
-0.379009,-0.406090,0.275628
-0.366027,-0.416089,0.274322
-0.368725,-0.411553,0.265814
-0.365329,-0.412092,0.271988
-0.373722,-0.406765,0.272951
-0.360046,-0.413350,0.269169
-0.362277,-0.414499,0.260579
-0.356165,-0.406502,0.272860
-0.346271,-0.405627,0.262310
-0.346748,-0.405954,0.275526
-0.340590,-0.408535,0.259935
-0.333839,-0.401902,0.270148
-0.324147,-0.411944,0.267211
-0.330590,-0.416564,0.260590
-0.318343,-0.414475,0.252783
-0.321743,-0.417041,0.251965
-0.313079,-0.408831,0.256250
-0.317005,-0.414226,0.254222
-0.300127,-0.406481,0.260123
-0.304775,-0.417902,0.234025
-0.293057,-0.410855,0.242119
-0.297447,-0.413591,0.224932
-0.288406,-0.411618,0.223218
-0.286247,-0.410863,0.215062
-0.276346,-0.410107,0.205772
-0.273889,-0.404551,0.185253
-0.480595,-0.395416,0.223937
-0.465316,-0.406160,0.227628
-0.473154,-0.414216,0.241394
-0.456588,-0.399133,0.251604
-0.468412,-0.410008,0.241753
-0.464807,-0.409496,0.261184
-0.455759,-0.408107,0.264472
-0.452974,-0.412526,0.260166
-0.454300,-0.405755,0.260448
-0.450409,-0.414171,0.262988
-0.445098,-0.412152,0.268445
-0.438281,-0.398562,0.268566
-0.427666,-0.403161,0.270110
-0.429724,-0.402655,0.277433
-0.426839,-0.402646,0.276160
-0.424572,-0.399957,0.280357
-0.422208,-0.407008,0.281899
-0.417217,-0.407932,0.284413
-0.413456,-0.397446,0.282564
-0.407776,-0.401756,0.287185
-0.414128,-0.402216,0.277223
-0.406620,-0.401276,0.285447
-0.401712,-0.404926,0.280816
-0.390098,-0.401726,0.280054
-0.388084,-0.407406,0.280730
-0.374374,-0.401574,0.283354
-0.379367,-0.407695,0.277528
-0.376537,-0.403443,0.288165
-0.372486,-0.408726,0.269739
-0.369342,-0.406826,0.268994
-0.361533,-0.406675,0.269082
-0.352228,-0.407701,0.273324
-0.350660,-0.411983,0.267815
-0.346728,-0.406082,0.274916
-0.346053,-0.404150,0.271351
-0.335590,-0.411029,0.263915
-0.332097,-0.407161,0.273224
-0.334606,-0.414767,0.269148
-0.332434,-0.402619,0.261031
-0.321178,-0.401443,0.264868
-0.320688,-0.402946,0.257574
-0.317000,-0.404256,0.258305
-0.314051,-0.410429,0.252445
-0.301808,-0.405943,0.249000
-0.313925,-0.409924,0.251178
-0.296536,-0.414972,0.240572
-0.296480,-0.400882,0.241360
-0.295145,-0.404041,0.230014
-0.285448,-0.399495,0.232385
-0.288742,-0.401131,0.212576
-0.285565,-0.397794,0.204903
-0.276263,-0.396488,0.190347
-0.489808,-0.394516,0.223706
-0.479475,-0.397115,0.235384
-0.473243,-0.400240,0.239414
-0.472559,-0.396010,0.239985
-0.472369,-0.401496,0.259676
-0.463224,-0.398417,0.264108
-0.462536,-0.394196,0.257518
-0.463612,-0.411851,0.266720
-0.455172,-0.393018,0.264270
-0.446080,-0.394447,0.270494
-0.446532,-0.401914,0.277081
-0.430133,-0.396487,0.278222
-0.436049,-0.404408,0.277779
-0.423155,-0.397609,0.273079
-0.430129,-0.400875,0.276029
-0.429875,-0.406389,0.279947
-0.419653,-0.405513,0.277761
-0.413281,-0.413754,0.285938
-0.411989,-0.408369,0.280266
-0.396118,-0.409726,0.288979
-0.405022,-0.404370,0.280005
-0.402126,-0.400170,0.280463
-0.398537,-0.399922,0.278024
-0.396128,-0.404810,0.279705
-0.385150,-0.401599,0.286641
-0.386211,-0.393819,0.280180
-0.382511,-0.402307,0.287731
-0.369513,-0.401193,0.281827
-0.369830,-0.408310,0.279453
-0.365688,-0.405210,0.273983
-0.368443,-0.404965,0.284863
-0.365173,-0.405478,0.271011
-0.343847,-0.400353,0.272767
-0.355477,-0.403127,0.276809
-0.345946,-0.399191,0.278161
-0.336099,-0.400425,0.271025
-0.334252,-0.400094,0.270155
-0.342024,-0.404268,0.266799
-0.323342,-0.400121,0.269352
-0.333517,-0.392703,0.263632
-0.323123,-0.403540,0.256777
-0.315203,-0.391770,0.261703
-0.311584,-0.398897,0.258084
-0.313157,-0.400645,0.253100
-0.316361,-0.404970,0.248278
-0.304283,-0.393915,0.244816
-0.288481,-0.400195,0.249480
-0.287655,-0.395822,0.238843
-0.289036,-0.401223,0.233115
-0.280222,-0.402335,0.221205
-0.285340,-0.390265,0.204021
-0.282071,-0.401076,0.195341
-0.492365,-0.398216,0.209990
-0.487066,-0.397952,0.230164
-0.473241,-0.397993,0.249845
-0.475000,-0.405037,0.256627
-0.472829,-0.397561,0.253721
-0.462408,-0.398238,0.261494
-0.471195,-0.383486,0.249985
-0.454916,-0.400961,0.262696
-0.458917,-0.401383,0.271160
-0.457559,-0.402787,0.259700
-0.451468,-0.397810,0.271465
-0.438177,-0.389073,0.272232
-0.438244,-0.401264,0.269509
-0.433580,-0.403372,0.276340
-0.425371,-0.399742,0.283822
-0.425147,-0.399510,0.277525
-0.427433,-0.401220,0.282508
-0.430096,-0.391368,0.273877
-0.404090,-0.397465,0.279237
-0.404194,-0.387622,0.271686
-0.402144,-0.401089,0.276026
-0.404802,-0.407258,0.283569
-0.400713,-0.403998,0.287369
-0.402174,-0.390696,0.271816
-0.387416,-0.391826,0.278947
-0.387867,-0.393101,0.275323
-0.368005,-0.397106,0.276497
-0.382284,-0.389992,0.286784
-0.380177,-0.402155,0.272025
-0.367042,-0.399583,0.279520
-0.368034,-0.404437,0.269104
-0.357846,-0.397539,0.270326
-0.355717,-0.401923,0.278100
-0.351583,-0.404222,0.274885
-0.357556,-0.400326,0.281315
-0.327443,-0.391518,0.269902
-0.340250,-0.389242,0.271185
-0.342485,-0.394512,0.261645
-0.333360,-0.392969,0.263757
-0.335267,-0.393984,0.264396
-0.328556,-0.396925,0.263288
-0.317016,-0.393332,0.260557
-0.321308,-0.400192,0.262642
-0.315819,-0.400579,0.259208
-0.311808,-0.395946,0.254664
-0.299085,-0.398195,0.249417
-0.296289,-0.396421,0.250397
-0.296866,-0.399509,0.252095
-0.294152,-0.386361,0.241010
-0.282965,-0.398507,0.229139
-0.291413,-0.401091,0.217038
-0.279399,-0.404005,0.220312
-0.270728,-0.392063,0.208539
-0.491838,-0.393707,0.222347
-0.481571,-0.386121,0.229473
-0.474748,-0.394760,0.251042
-0.474979,-0.402176,0.245459
-0.470117,-0.396651,0.243993
-0.465099,-0.398915,0.272464
-0.467072,-0.397819,0.265802
-0.460756,-0.393994,0.268871
-0.454224,-0.377180,0.275167
-0.458214,-0.389403,0.268989
-0.453061,-0.395647,0.271695
-0.434526,-0.397041,0.274358
-0.440454,-0.391051,0.266871
-0.416902,-0.394029,0.270516
-0.430448,-0.387419,0.282738
-0.432062,-0.394075,0.276974
-0.421328,-0.405115,0.287111
-0.418218,-0.394314,0.277728
-0.417762,-0.391389,0.281701
-0.404558,-0.387491,0.278513
-0.403165,-0.398526,0.289010
-0.409285,-0.389249,0.290700
-0.412181,-0.393617,0.271478
-0.401216,-0.392398,0.275706
-0.388160,-0.382892,0.296274
-0.382354,-0.395672,0.285093
-0.387198,-0.395127,0.281198
-0.379899,-0.398891,0.279713
-0.368701,-0.396136,0.284786
-0.380660,-0.388899,0.275076
-0.369109,-0.395361,0.282377
-0.360440,-0.391436,0.283100
-0.359619,-0.395098,0.283956
-0.351438,-0.394650,0.282655
-0.353523,-0.392017,0.276943
-0.354077,-0.385546,0.269414
-0.344285,-0.405468,0.267718
-0.336291,-0.392825,0.276496
-0.331685,-0.390238,0.264557
-0.331874,-0.392830,0.270119
-0.322079,-0.396008,0.262432
-0.318359,-0.388359,0.263926
-0.308762,-0.392791,0.270885
-0.320996,-0.390946,0.265145
-0.311790,-0.396315,0.259605
-0.303159,-0.394098,0.260208
-0.295443,-0.387730,0.238703
-0.301068,-0.388641,0.240943
-0.298234,-0.381411,0.233379
-0.289607,-0.395387,0.228577
-0.276623,-0.389775,0.221305
-0.282348,-0.395429,0.220814
-0.275333,-0.387212,0.205373
-0.266563,-0.384557,0.188026
-0.484209,-0.401653,0.227013
-0.485244,-0.388643,0.246718
-0.490513,-0.389988,0.243209
-0.481806,-0.392246,0.250329
-0.468228,-0.388670,0.256575
-0.464777,-0.387341,0.257263
-0.467881,-0.393139,0.263664
-0.455804,-0.398034,0.268127
-0.461441,-0.386080,0.259971
-0.451181,-0.391316,0.269560
-0.449514,-0.388340,0.268596
-0.437689,-0.388860,0.273561
-0.440669,-0.391180,0.287891
-0.433233,-0.381863,0.275512
-0.437657,-0.388209,0.273863
-0.436194,-0.388629,0.275329
-0.423776,-0.388597,0.289463
-0.424282,-0.391628,0.289326
-0.415817,-0.394859,0.287268
-0.413860,-0.391443,0.277218
-0.419863,-0.391006,0.278808
-0.405424,-0.386052,0.287362
-0.402390,-0.386793,0.291625
-0.390697,-0.382403,0.288496
-0.385385,-0.378537,0.288345
-0.382056,-0.386189,0.289876
-0.383815,-0.379735,0.294136
-0.379596,-0.378867,0.281411
-0.377743,-0.387265,0.282205
-0.371121,-0.393985,0.287508
-0.361341,-0.389028,0.286008
-0.367278,-0.392268,0.285755
-0.363245,-0.391084,0.278563
-0.353749,-0.385395,0.278427
-0.349910,-0.386497,0.284173
-0.346783,-0.387510,0.266055
-0.335421,-0.387796,0.281243
-0.337556,-0.391861,0.272081
-0.333472,-0.390875,0.272927
-0.327783,-0.386176,0.282281
-0.330154,-0.385554,0.275161
-0.327303,-0.385029,0.275100
-0.316321,-0.385649,0.263153
-0.309440,-0.386980,0.260001
-0.308829,-0.388604,0.259484
-0.310120,-0.392107,0.255961
-0.304890,-0.382132,0.249786
-0.295334,-0.392162,0.244143
-0.287436,-0.389511,0.246770
-0.286116,-0.386591,0.233166
-0.283454,-0.378236,0.232077
-0.278623,-0.390875,0.230471
-0.280843,-0.386385,0.215814
-0.275641,-0.392323,0.190767
-0.493960,-0.379813,0.228300
-0.481623,-0.388436,0.236590
-0.472378,-0.383490,0.256194
-0.483727,-0.389649,0.257080
-0.477540,-0.383379,0.248871
-0.469258,-0.377699,0.270231
-0.457440,-0.378419,0.270377
-0.460247,-0.380481,0.268556
-0.451642,-0.389799,0.273268
-0.460711,-0.381170,0.279419
-0.445461,-0.385286,0.278705
-0.447921,-0.390046,0.276738
-0.433142,-0.387379,0.285851
-0.428957,-0.389350,0.269125
-0.434070,-0.387415,0.276325
-0.422513,-0.383106,0.278684
-0.425556,-0.381161,0.284774
-0.415531,-0.379470,0.285750
-0.411475,-0.388101,0.285848
-0.411752,-0.382471,0.283762
-0.414469,-0.377523,0.283571
-0.393509,-0.379251,0.281801
-0.393923,-0.376455,0.285936
-0.392704,-0.378216,0.295498
-0.394847,-0.387785,0.294021
-0.391580,-0.382385,0.287469
-0.387584,-0.380206,0.281735
-0.380354,-0.386650,0.281075
-0.377421,-0.387779,0.277824
-0.376300,-0.375855,0.288005
-0.364662,-0.384273,0.282547
-0.368279,-0.386135,0.286232
-0.357317,-0.388313,0.278854
-0.351702,-0.378474,0.279097
-0.355202,-0.386264,0.279071
-0.346210,-0.376090,0.273583
-0.337654,-0.386020,0.281703
-0.345686,-0.379338,0.281114
-0.333875,-0.389557,0.279372
-0.317904,-0.378743,0.263995
-0.325794,-0.392177,0.263399
-0.314570,-0.385637,0.275531
-0.321883,-0.384906,0.261026
-0.314052,-0.378377,0.257227
-0.310419,-0.382951,0.252997
-0.299048,-0.384681,0.260136
-0.299296,-0.382977,0.258777
-0.293385,-0.381004,0.261557
-0.286373,-0.370918,0.252465
-0.289595,-0.387007,0.242584
-0.287018,-0.385385,0.233696
-0.277261,-0.387994,0.228881
-0.270759,-0.388146,0.215997
-0.267206,-0.382023,0.203178
-0.486743,-0.377423,0.235061
-0.485141,-0.379054,0.241867
-0.476143,-0.380233,0.255612
-0.470835,-0.375230,0.256204
-0.480565,-0.381511,0.261928
-0.460196,-0.384511,0.271625
-0.458929,-0.381265,0.279915
-0.458591,-0.378225,0.271425
-0.465058,-0.391697,0.274008
-0.444294,-0.372824,0.274773
-0.451525,-0.381166,0.281621
-0.439112,-0.380716,0.285571
-0.429526,-0.370177,0.282687
-0.437230,-0.372978,0.294762
-0.431854,-0.382149,0.289294
-0.437668,-0.383258,0.291838
-0.420996,-0.374844,0.284188
-0.412597,-0.377957,0.285706
-0.418471,-0.379716,0.292066
-0.411369,-0.382268,0.283639
-0.406280,-0.390264,0.288832
-0.397174,-0.383684,0.290379
-0.404068,-0.380121,0.292885
-0.393303,-0.389193,0.285142
-0.388342,-0.385614,0.287919
-0.383528,-0.378717,0.289689
-0.375199,-0.378191,0.279929
-0.377361,-0.381100,0.286697
-0.379828,-0.377760,0.306947
-0.369983,-0.376575,0.287364
-0.352560,-0.376126,0.287304
-0.370672,-0.375293,0.282333
-0.362913,-0.383574,0.284910
-0.350833,-0.373481,0.276786
-0.350239,-0.378875,0.283183
-0.348454,-0.401607,0.284479
-0.341872,-0.379988,0.277380
-0.337106,-0.371759,0.280761
-0.335639,-0.371914,0.274008
-0.330992,-0.381048,0.268563
-0.329754,-0.381686,0.266072
-0.324971,-0.378142,0.271669
-0.313508,-0.378032,0.276122
-0.316826,-0.379290,0.267926
-0.311987,-0.373117,0.264916
-0.303356,-0.376636,0.253825
-0.307238,-0.374279,0.250374
-0.291553,-0.385478,0.247849
-0.292949,-0.380416,0.244265
-0.300739,-0.383380,0.229281
-0.286553,-0.377487,0.238575
-0.280534,-0.379277,0.237274
-0.282742,-0.369275,0.228327
-0.262214,-0.382104,0.205237
-0.498842,-0.365129,0.225737
-0.497547,-0.361563,0.252207
-0.482072,-0.368844,0.250917
-0.477365,-0.379232,0.259401
-0.472011,-0.376066,0.268006
-0.468788,-0.371085,0.267611
-0.447502,-0.376124,0.273230
-0.460999,-0.366649,0.270695
-0.449772,-0.363589,0.277517
-0.454158,-0.365328,0.289033
-0.457801,-0.378476,0.289368
-0.438586,-0.369351,0.290939
-0.444130,-0.380591,0.306793
-0.440985,-0.379526,0.315738
-0.437747,-0.374511,0.303651
-0.431462,-0.378800,0.299883
-0.427933,-0.380938,0.301406
-0.427141,-0.374050,0.303871
-0.413537,-0.380337,0.292350
-0.419175,-0.366305,0.296533
-0.408394,-0.362279,0.290441
-0.402621,-0.377370,0.294020
-0.406750,-0.377027,0.296341
-0.401742,-0.378356,0.289966
-0.403535,-0.379826,0.292399
-0.393232,-0.376113,0.288888
-0.396589,-0.370090,0.284867
-0.389994,-0.378893,0.289230
-0.381723,-0.371011,0.288709
-0.375838,-0.377387,0.286904
-0.364403,-0.371789,0.289537
-0.370248,-0.375158,0.287687
-0.360454,-0.366492,0.288768
-0.361520,-0.375629,0.287258
-0.353230,-0.381169,0.280703
-0.355071,-0.378037,0.287888
-0.350956,-0.387011,0.287481
-0.334810,-0.381780,0.275900
-0.334678,-0.365477,0.266848
-0.337649,-0.377606,0.279456
-0.316330,-0.374955,0.263225
-0.327685,-0.374028,0.268327
-0.323263,-0.378295,0.269450
-0.315385,-0.372433,0.271375
-0.313462,-0.371560,0.262554
-0.311632,-0.377311,0.249852
-0.303585,-0.362529,0.262404
-0.305737,-0.350756,0.255949
-0.306495,-0.375133,0.243321
-0.296185,-0.371554,0.258673
-0.283917,-0.373956,0.238654
-0.283906,-0.375570,0.233775
-0.276995,-0.371408,0.230292
-0.274005,-0.368349,0.225810
-0.268611,-0.366185,0.204445
-0.494337,-0.370242,0.231930
-0.491404,-0.363687,0.239327
-0.481874,-0.369118,0.259832
-0.487959,-0.373414,0.256590
-0.479139,-0.370771,0.266713
-0.475691,-0.367050,0.277253
-0.468686,-0.364992,0.271727
-0.461863,-0.371587,0.285502
-0.455271,-0.369377,0.301949
-0.456624,-0.371454,0.304649
-0.452301,-0.364389,0.311621
-0.449760,-0.370384,0.307083
-0.446475,-0.374592,0.308823
-0.432898,-0.374705,0.309725
-0.445134,-0.366631,0.312064
-0.428191,-0.368150,0.304506
-0.424888,-0.364104,0.308236
-0.417399,-0.375571,0.306494
-0.414935,-0.370843,0.307614
-0.411105,-0.374872,0.307019
-0.414152,-0.366027,0.298568
-0.401717,-0.377871,0.296932
-0.402145,-0.368803,0.290091
-0.400190,-0.379255,0.296852
-0.394411,-0.366550,0.289564
-0.394971,-0.367080,0.295189
-0.376291,-0.369676,0.292793
-0.387188,-0.380450,0.292112
-0.377381,-0.373331,0.288229
-0.377586,-0.370480,0.296379
-0.377566,-0.373910,0.288380
-0.368537,-0.373293,0.290672
-0.358935,-0.362971,0.290558
-0.362509,-0.380417,0.281005
-0.352871,-0.368122,0.284728
-0.354625,-0.367231,0.290501
-0.346609,-0.376204,0.276675
-0.341386,-0.385202,0.280969
-0.343980,-0.370548,0.282118
-0.324027,-0.366207,0.272511
-0.329772,-0.371648,0.267037
-0.321599,-0.364739,0.274795
-0.321150,-0.374909,0.270838
-0.313385,-0.372260,0.270899
-0.311205,-0.364181,0.270439
-0.307118,-0.362170,0.268209
-0.297811,-0.373438,0.260705
-0.312290,-0.370461,0.258177
-0.292320,-0.369657,0.255364
-0.297786,-0.366150,0.252906
-0.285268,-0.374312,0.243014
-0.278757,-0.366632,0.246095
-0.278706,-0.370701,0.235068
-0.264932,-0.367906,0.223721
-0.262764,-0.367720,0.215416
-0.493643,-0.356375,0.230575
-0.495885,-0.369049,0.244661
-0.484503,-0.364369,0.257934
-0.477452,-0.360617,0.252619
-0.480399,-0.371778,0.263232
-0.467953,-0.372816,0.278138
-0.471670,-0.365462,0.297864
-0.475337,-0.364843,0.307276
-0.457110,-0.372507,0.304114
-0.456737,-0.368890,0.306263
-0.451001,-0.361805,0.315139
-0.440046,-0.369000,0.317813
-0.445316,-0.371899,0.316092
-0.442019,-0.384565,0.312107
-0.437759,-0.359607,0.321469
-0.431292,-0.360984,0.314608
-0.432223,-0.368086,0.313946
-0.420654,-0.359135,0.307988
-0.422503,-0.356325,0.311467
-0.416261,-0.369566,0.316516
-0.401657,-0.364204,0.306097
-0.412120,-0.369779,0.305774
-0.394687,-0.362092,0.302879
-0.401591,-0.371438,0.299333
-0.392809,-0.364062,0.289869
-0.389224,-0.368955,0.293174
-0.393869,-0.374233,0.299637
-0.376935,-0.371874,0.289791
-0.381684,-0.361544,0.289523
-0.378623,-0.364946,0.288702
-0.371548,-0.372565,0.292412
-0.361834,-0.368298,0.296488
-0.357718,-0.362562,0.282452
-0.349552,-0.357062,0.280017
-0.355321,-0.368961,0.284487
-0.348749,-0.369261,0.292610
-0.349797,-0.362264,0.285025
-0.343792,-0.363796,0.284120
-0.336978,-0.363149,0.273305
-0.332210,-0.373367,0.278655
-0.324052,-0.369886,0.277321
-0.323775,-0.362938,0.266706
-0.320221,-0.367954,0.273782
-0.326001,-0.369736,0.274736
-0.315505,-0.363654,0.273789
-0.303941,-0.364653,0.273477
-0.305834,-0.356836,0.266743
-0.305687,-0.361388,0.262597
-0.296270,-0.369849,0.248790
-0.289521,-0.364778,0.248604
-0.268780,-0.359983,0.250686
-0.287904,-0.370984,0.241680
-0.277557,-0.365903,0.233688
-0.277274,-0.359879,0.232260
-0.282065,-0.364035,0.213449
-0.263134,-0.370951,0.193696
-0.495651,-0.361210,0.240697
-0.493149,-0.370203,0.249774
-0.482135,-0.365347,0.266324
-0.478102,-0.358496,0.277072
-0.479995,-0.360844,0.278297
-0.460382,-0.361481,0.294712
-0.474596,-0.356256,0.305470
-0.462043,-0.355653,0.295792
-0.451766,-0.363038,0.312961
-0.467326,-0.364665,0.310188
-0.450245,-0.359331,0.309202
-0.454147,-0.368835,0.321591
-0.432099,-0.355507,0.322156
-0.433697,-0.364468,0.328595
-0.434134,-0.356496,0.308629
-0.439913,-0.357704,0.309031
-0.416238,-0.357338,0.319970
-0.420277,-0.362743,0.315300
-0.416031,-0.367698,0.304716
-0.426580,-0.359285,0.317570
-0.411318,-0.370699,0.312638
-0.408078,-0.368677,0.309388
-0.398571,-0.361900,0.305891
-0.401729,-0.359868,0.310683
-0.395253,-0.352576,0.305899
-0.397663,-0.371870,0.301234
-0.381663,-0.361526,0.297856
-0.388298,-0.367841,0.291046
-0.380518,-0.358852,0.296002
-0.364697,-0.356179,0.286252
-0.379344,-0.364396,0.299303
-0.366102,-0.358825,0.290357
-0.373119,-0.362309,0.287266
-0.363229,-0.363345,0.293327
-0.352736,-0.364039,0.288087
-0.348950,-0.354660,0.288272
-0.349710,-0.352751,0.274926
-0.341447,-0.367601,0.286536
-0.335381,-0.357742,0.274389
-0.337283,-0.364912,0.287991
-0.332555,-0.358600,0.268431
-0.327689,-0.366477,0.278183
-0.323413,-0.367669,0.276189
-0.324333,-0.353970,0.280453
-0.313277,-0.369545,0.264378
-0.312862,-0.369128,0.268706
-0.303521,-0.359958,0.269792
-0.300665,-0.365237,0.263581
-0.293761,-0.362062,0.270503
-0.300846,-0.356693,0.263759
-0.286892,-0.366668,0.260521
-0.285424,-0.354358,0.265223
-0.281862,-0.360748,0.256979
-0.275009,-0.367235,0.240165
-0.265966,-0.356738,0.220805
-0.272068,-0.361187,0.201483
-0.502335,-0.355967,0.225594
-0.491802,-0.351952,0.246037
-0.489360,-0.355016,0.259735
-0.482828,-0.352654,0.266030
-0.477794,-0.353828,0.271761
-0.477635,-0.361869,0.304131
-0.468735,-0.356663,0.303424
-0.461762,-0.361775,0.298911
-0.453818,-0.358652,0.300677
-0.453670,-0.357201,0.315039
-0.462977,-0.366298,0.305896
-0.453578,-0.360817,0.316965
-0.442513,-0.352497,0.316196
-0.438674,-0.356353,0.313788
-0.446771,-0.363339,0.318810
-0.428548,-0.361566,0.314536
-0.436653,-0.352366,0.317889
-0.424574,-0.357712,0.317911
-0.418145,-0.351860,0.316898
-0.425178,-0.359383,0.313848
-0.421871,-0.359575,0.318513
-0.419994,-0.359012,0.314450
-0.423562,-0.348045,0.315399
-0.394256,-0.348036,0.311373
-0.405371,-0.359490,0.321478
-0.394544,-0.355442,0.309402
-0.398216,-0.353901,0.299992
-0.385650,-0.353315,0.300826
-0.381782,-0.356608,0.297726
-0.376905,-0.359967,0.293850
-0.382966,-0.355698,0.296437
-0.376497,-0.361017,0.303952
-0.371631,-0.357518,0.298434
-0.359930,-0.358851,0.300224
-0.351641,-0.363368,0.298661
-0.343112,-0.361190,0.284996
-0.342990,-0.357588,0.291225
-0.354073,-0.358387,0.292833
-0.346854,-0.366093,0.274365
-0.334188,-0.355767,0.283418
-0.332735,-0.353289,0.287559
-0.328872,-0.355731,0.279935
-0.329314,-0.352642,0.287697
-0.323772,-0.354961,0.278749
-0.320953,-0.364859,0.280281
-0.312833,-0.349470,0.279629
-0.313436,-0.357959,0.286035
-0.303938,-0.358447,0.285937
-0.294551,-0.367088,0.279739
-0.302288,-0.353483,0.280211
-0.303232,-0.355516,0.284717
-0.287107,-0.362261,0.264011
-0.291732,-0.353757,0.270145
-0.282412,-0.354824,0.262836
-0.271860,-0.359827,0.266853
-0.277331,-0.361407,0.268569
-0.272625,-0.353476,0.209931
-0.501823,-0.345711,0.233636
-0.504081,-0.352077,0.247790
-0.493762,-0.364491,0.263254
-0.478392,-0.345591,0.273953
-0.474558,-0.355776,0.299846
-0.467401,-0.355205,0.299461
-0.464959,-0.352276,0.319417
-0.466029,-0.350235,0.316791
-0.463177,-0.342415,0.317769
-0.457305,-0.352008,0.323452
-0.455521,-0.353292,0.319226
-0.460077,-0.359492,0.319262
-0.455882,-0.345189,0.316900
-0.446133,-0.351308,0.316314
-0.440276,-0.350086,0.319355
-0.431377,-0.349038,0.318240
-0.432729,-0.356507,0.320793
-0.427397,-0.346308,0.319035
-0.430921,-0.357946,0.311241
-0.414848,-0.352057,0.317269
-0.415550,-0.360582,0.319916
-0.405667,-0.356919,0.322055
-0.400919,-0.345197,0.316339
-0.404847,-0.358893,0.325007
-0.406574,-0.357391,0.313686
-0.402691,-0.344855,0.300096
-0.386397,-0.348986,0.304417
-0.395848,-0.350233,0.310578
-0.378159,-0.358756,0.301470
-0.386077,-0.354807,0.291961
-0.374477,-0.344718,0.291229
-0.370843,-0.352490,0.299659
-0.362599,-0.354953,0.294101
-0.360829,-0.355026,0.283840
-0.362591,-0.354713,0.294496
-0.351134,-0.352098,0.280193
-0.343078,-0.351767,0.302099
-0.337679,-0.350978,0.288601
-0.344885,-0.351109,0.284256
-0.333389,-0.364197,0.280344
-0.330342,-0.352276,0.280816
-0.334911,-0.356778,0.288517
-0.331889,-0.355407,0.273269
-0.320384,-0.357506,0.284483
-0.318608,-0.351475,0.279610
-0.308444,-0.352612,0.276185
-0.303027,-0.351520,0.281241
-0.294626,-0.352090,0.296744
-0.295364,-0.350866,0.285773
-0.304965,-0.358199,0.289465
-0.299510,-0.358631,0.273238
-0.289091,-0.353988,0.278450
-0.284896,-0.349902,0.273233
-0.281634,-0.353096,0.274009
-0.278093,-0.357104,0.269123
-0.270096,-0.354839,0.265849
-0.259395,-0.349973,0.257057
-0.266468,-0.350928,0.250925
-0.501843,-0.347595,0.233503
-0.500884,-0.343634,0.259629
-0.485660,-0.350374,0.265153
-0.486260,-0.345819,0.298255
-0.477069,-0.351712,0.303897
-0.478283,-0.350497,0.305115
-0.464518,-0.349139,0.313210
-0.467899,-0.345257,0.312489
-0.448959,-0.356081,0.315661
-0.464659,-0.351955,0.319442
-0.455346,-0.344669,0.312899
-0.453841,-0.347979,0.320711
-0.448570,-0.351574,0.317738
-0.452251,-0.355622,0.328505
-0.440366,-0.354640,0.312874
-0.439107,-0.353942,0.322183
-0.431145,-0.351743,0.325176
-0.429806,-0.350897,0.325412
-0.423771,-0.351344,0.320366
-0.422348,-0.348019,0.323778
-0.407936,-0.351358,0.312442
-0.414775,-0.348686,0.319234
-0.410186,-0.359108,0.315616
-0.390526,-0.345633,0.319559
-0.395545,-0.347788,0.310777
-0.399608,-0.355070,0.320606
-0.397003,-0.346245,0.307180
-0.391608,-0.349519,0.303485
-0.380884,-0.358750,0.306953
-0.384515,-0.349512,0.292247
-0.372425,-0.353604,0.291142
-0.369841,-0.351851,0.285991
-0.360063,-0.342509,0.291496
-0.370210,-0.339811,0.300536
-0.360931,-0.342401,0.294620
-0.346785,-0.357643,0.299615
-0.348088,-0.346472,0.290380
-0.347754,-0.343428,0.280627
-0.346239,-0.361690,0.288308
-0.335721,-0.345730,0.279368
-0.334780,-0.349047,0.286026
-0.328838,-0.346964,0.287270
-0.333651,-0.337249,0.290076
-0.316456,-0.351693,0.291042
-0.320977,-0.343470,0.287508
-0.317158,-0.344912,0.294018
-0.305419,-0.351705,0.282456
-0.305307,-0.345775,0.284697
-0.302011,-0.347573,0.283856
-0.296676,-0.342778,0.289255
-0.293574,-0.344866,0.282519
-0.294654,-0.338362,0.280440
-0.273787,-0.350772,0.275576
-0.286457,-0.347738,0.279241
-0.267862,-0.343971,0.272598
-0.266476,-0.339416,0.268192
-0.272345,-0.350228,0.266365
-0.262712,-0.357745,0.264514
-0.270868,-0.343810,0.249798
-0.494183,-0.343887,0.249399
-0.489329,-0.347511,0.261139
-0.494256,-0.356157,0.271807
-0.482524,-0.354520,0.294780
-0.476512,-0.344854,0.303414
-0.472000,-0.351169,0.308897
-0.481573,-0.339332,0.323007
-0.467227,-0.341702,0.322774
-0.463804,-0.341340,0.317259
-0.461946,-0.347116,0.320510
-0.449969,-0.355455,0.316329
-0.452286,-0.340571,0.322509
-0.439321,-0.351429,0.314302
-0.446649,-0.350126,0.330890
-0.435606,-0.346163,0.323111
-0.435571,-0.346947,0.316002
-0.429022,-0.342364,0.326677
-0.437374,-0.343112,0.319293
-0.431050,-0.342142,0.328620
-0.414167,-0.346409,0.319172
-0.416183,-0.344534,0.321313
-0.415387,-0.346113,0.314901
-0.410664,-0.339051,0.312290
-0.402881,-0.336883,0.318105
-0.398443,-0.345675,0.315995
-0.397226,-0.347482,0.314920
-0.387957,-0.351356,0.306849
-0.390800,-0.345380,0.308124
-0.372249,-0.347153,0.307783
-0.385920,-0.339594,0.312394
-0.373567,-0.341461,0.300934
-0.371730,-0.346706,0.302557
-0.362794,-0.348975,0.296564
-0.362030,-0.348242,0.293720
-0.358170,-0.336312,0.294145
-0.357012,-0.346160,0.292300
-0.352875,-0.345258,0.288036
-0.346484,-0.346184,0.288460
-0.341281,-0.331265,0.283974
-0.340192,-0.345636,0.299144
-0.338592,-0.347684,0.289325
-0.321820,-0.336344,0.291079
-0.324145,-0.334329,0.283965
-0.319631,-0.343760,0.287676
-0.313488,-0.343145,0.294884
-0.322555,-0.340359,0.289580
-0.313700,-0.348391,0.286858
-0.310877,-0.343983,0.290749
-0.302272,-0.347769,0.289532
-0.296015,-0.341331,0.286024
-0.293256,-0.356166,0.279059
-0.284919,-0.349505,0.279044
-0.284689,-0.341283,0.277443
-0.283502,-0.340914,0.280771
-0.284242,-0.350024,0.280397
-0.274885,-0.331314,0.273175
-0.262681,-0.338873,0.279291
-0.269835,-0.342522,0.267394
-0.257321,-0.340758,0.261255
-0.266099,-0.343365,0.250197
-0.503909,-0.331094,0.231273
-0.489889,-0.339290,0.260618
-0.490742,-0.343779,0.267384
-0.483912,-0.341474,0.302516
-0.488761,-0.353032,0.296827
-0.483350,-0.349738,0.305155
-0.465760,-0.340800,0.307872
-0.470645,-0.344909,0.309814
-0.473805,-0.344674,0.310100
-0.471056,-0.342861,0.319917
-0.458432,-0.346761,0.313322
-0.448640,-0.338751,0.308981
-0.457242,-0.349431,0.321165
-0.450188,-0.357152,0.319204
-0.440374,-0.334359,0.330687
-0.448969,-0.345294,0.324457
-0.437203,-0.350555,0.328353
-0.431363,-0.346512,0.323934
-0.418049,-0.342097,0.323039
-0.414006,-0.332342,0.320343
-0.425154,-0.341982,0.320577
-0.421808,-0.342938,0.324426
-0.413576,-0.339828,0.320235
-0.401829,-0.345586,0.321783
-0.397191,-0.338986,0.316758
-0.402786,-0.343174,0.317587
-0.395786,-0.347635,0.316031
-0.392261,-0.340975,0.321317
-0.395354,-0.338356,0.316771
-0.381970,-0.335386,0.304812
-0.373623,-0.336502,0.298396
-0.378376,-0.337998,0.304687
-0.369869,-0.335716,0.305711
-0.360985,-0.340877,0.292629
-0.360732,-0.340333,0.296117
-0.361242,-0.336928,0.300426
-0.350224,-0.343082,0.294916
-0.351440,-0.337021,0.297522
-0.349192,-0.344698,0.296354
-0.333420,-0.338764,0.291871
-0.334864,-0.338243,0.287634
-0.332980,-0.332671,0.287887
-0.336022,-0.344538,0.287334
-0.328993,-0.338614,0.294211
-0.322231,-0.337752,0.290845
-0.323692,-0.337537,0.291951
-0.317064,-0.338517,0.286111
-0.311246,-0.345012,0.289629
-0.317698,-0.337472,0.294902
-0.301194,-0.335254,0.293438
-0.294575,-0.335161,0.289599
-0.294032,-0.337887,0.285056
-0.296345,-0.344959,0.280023
-0.280867,-0.339890,0.279631
-0.283865,-0.341448,0.285555
-0.274216,-0.332736,0.276067
-0.282244,-0.331751,0.279527
-0.265006,-0.345981,0.267876
-0.270163,-0.329060,0.268462
-0.264578,-0.343108,0.262899
-0.265020,-0.332721,0.250326
-0.249294,-0.337652,0.242372
-0.498293,-0.336719,0.243508
-0.500526,-0.340760,0.262159
-0.481482,-0.342706,0.283454
-0.490886,-0.329551,0.294470
-0.484813,-0.322047,0.293658
-0.472638,-0.340017,0.320528
-0.475999,-0.337409,0.313425
-0.470029,-0.336927,0.312682
-0.469445,-0.336326,0.318710
-0.455797,-0.335080,0.312963
-0.457490,-0.335419,0.322329
-0.449312,-0.340958,0.323540
-0.449613,-0.340100,0.329808
-0.445877,-0.338413,0.326482
-0.438868,-0.339250,0.328004
-0.436982,-0.334780,0.319877
-0.435049,-0.335827,0.332424
-0.429998,-0.331018,0.314049
-0.425647,-0.342013,0.329473
-0.427246,-0.338040,0.323354
-0.419811,-0.339464,0.320632
-0.405776,-0.332044,0.321033
-0.404111,-0.350906,0.320153
-0.401303,-0.332072,0.331757
-0.399888,-0.333877,0.328337
-0.389580,-0.345071,0.322282
-0.397335,-0.338267,0.316745
-0.387657,-0.337310,0.315396
-0.385978,-0.339662,0.303718
-0.387814,-0.347457,0.317551
-0.380484,-0.336078,0.303587
-0.374755,-0.337831,0.303119
-0.373454,-0.332649,0.299572
-0.365790,-0.323583,0.292818
-0.362612,-0.344642,0.305623
-0.368608,-0.337969,0.300517
-0.348772,-0.333128,0.293695
-0.353798,-0.333801,0.290943
-0.342281,-0.330212,0.284096
-0.333288,-0.336132,0.290891
-0.343594,-0.336035,0.292199
-0.334349,-0.326855,0.297485
-0.325873,-0.331981,0.291614
-0.329274,-0.338077,0.292155
-0.323239,-0.335234,0.302221
-0.309464,-0.327626,0.291771
-0.314709,-0.338762,0.292281
-0.306705,-0.341059,0.301245
-0.307880,-0.335758,0.288758
-0.305442,-0.333400,0.289278
-0.304874,-0.343738,0.300258
-0.300704,-0.332880,0.298433
-0.290366,-0.334098,0.296478
-0.282880,-0.336166,0.298893
-0.274844,-0.332201,0.276000
-0.276567,-0.335668,0.287985
-0.274535,-0.337779,0.281906
-0.269256,-0.340700,0.286212
-0.263798,-0.327390,0.265145
-0.264556,-0.330688,0.266452
-0.254795,-0.335933,0.258436
-0.250885,-0.332123,0.255669
-0.493299,-0.332706,0.246967
-0.492734,-0.334266,0.267462
-0.485421,-0.331447,0.287899
-0.483864,-0.331710,0.301355
-0.486071,-0.340035,0.310890
-0.473750,-0.338435,0.300148
-0.476712,-0.336944,0.310662
-0.478993,-0.330576,0.313060
-0.460937,-0.331761,0.319470
-0.464315,-0.339129,0.315341
-0.450227,-0.330446,0.331593
-0.443041,-0.335859,0.326548
-0.447985,-0.337887,0.325386
-0.447212,-0.326569,0.320110
-0.438236,-0.329938,0.335570
-0.428752,-0.335794,0.319353
-0.434137,-0.340249,0.322366
-0.430693,-0.334845,0.329504
-0.422487,-0.335582,0.334643
-0.419208,-0.338641,0.331043
-0.420909,-0.335925,0.325707
-0.425740,-0.337858,0.324328
-0.411328,-0.337485,0.329153
-0.399639,-0.321042,0.324335
-0.402964,-0.334552,0.317967
-0.395728,-0.330370,0.323706
-0.402345,-0.329234,0.312757
-0.400248,-0.333208,0.318569
-0.387086,-0.325777,0.317264
-0.376113,-0.327731,0.308088
-0.384257,-0.331260,0.316680
-0.375840,-0.327539,0.302316
-0.378630,-0.339349,0.311304
-0.370684,-0.335507,0.301699
-0.370273,-0.337091,0.301619
-0.358764,-0.333376,0.293924
-0.358316,-0.334172,0.297647
-0.350754,-0.329530,0.294210
-0.344714,-0.328881,0.294755
-0.341176,-0.335605,0.295811
-0.340464,-0.321234,0.289680
-0.336151,-0.339922,0.295498
-0.333869,-0.331440,0.306530
-0.326111,-0.333572,0.299354
-0.317709,-0.331474,0.301632
-0.330906,-0.329748,0.304725
-0.318269,-0.327464,0.308652
-0.318150,-0.324947,0.299509
-0.303612,-0.330778,0.290355
-0.300830,-0.324390,0.288885
-0.303284,-0.331215,0.285815
-0.292311,-0.329266,0.298422
-0.285765,-0.320306,0.286369
-0.283618,-0.335621,0.298772
-0.276987,-0.330689,0.287890
-0.281479,-0.334715,0.280382
-0.273253,-0.326938,0.274483
-0.265948,-0.326787,0.280314
-0.267195,-0.325625,0.278619
-0.255167,-0.337473,0.271034
-0.260988,-0.326805,0.260171
-0.256047,-0.329691,0.256362
-0.508202,-0.325359,0.225071
-0.499289,-0.330692,0.254960
-0.498601,-0.325836,0.275340
-0.477224,-0.330741,0.297215
-0.487452,-0.324007,0.298799
-0.474493,-0.329167,0.312421
-0.467222,-0.327808,0.308409
-0.475340,-0.326326,0.309633
-0.472067,-0.324697,0.318377
-0.474990,-0.327518,0.316435
-0.461816,-0.337911,0.321082
-0.461606,-0.326312,0.329980
-0.452541,-0.328011,0.327929
-0.457639,-0.333266,0.334633
-0.449148,-0.331630,0.327268
-0.444591,-0.333197,0.332213
-0.436196,-0.333028,0.324942
-0.434145,-0.330426,0.338682
-0.434083,-0.330551,0.324001
-0.429557,-0.332064,0.333410
-0.419926,-0.331683,0.328827
-0.416565,-0.337888,0.327757
-0.405783,-0.331105,0.331199
-0.416636,-0.330173,0.321496
-0.399712,-0.325222,0.329372
-0.403041,-0.316504,0.318890
-0.400792,-0.328957,0.317881
-0.387396,-0.325163,0.311600
-0.388872,-0.323981,0.329057
-0.387848,-0.331346,0.315909
-0.387974,-0.334560,0.319361
-0.382271,-0.327934,0.323550
-0.374113,-0.336344,0.308528
-0.375133,-0.321186,0.306064
-0.360669,-0.319327,0.303142
-0.360699,-0.330617,0.299772
-0.356663,-0.327885,0.297608
-0.353483,-0.332786,0.301511
-0.349656,-0.322308,0.292539
-0.339280,-0.318151,0.295759
-0.348369,-0.324639,0.303030
-0.333258,-0.330773,0.290735
-0.340834,-0.328286,0.306631
-0.325012,-0.324000,0.302108
-0.322372,-0.322271,0.304706
-0.316863,-0.324633,0.303052
-0.321728,-0.327063,0.301370
-0.310113,-0.314478,0.292873
-0.301166,-0.331544,0.293573
-0.311724,-0.333124,0.287229
-0.301914,-0.328387,0.281848
-0.299602,-0.330037,0.293162
-0.296940,-0.335620,0.292290
-0.294847,-0.316985,0.280455
-0.273508,-0.334380,0.289594
-0.276840,-0.327893,0.283129
-0.270386,-0.327965,0.279648
-0.276795,-0.333664,0.281652
-0.268357,-0.330423,0.273942
-0.272901,-0.327165,0.277316
-0.259225,-0.326469,0.278953
-0.256096,-0.326915,0.258261
-0.248780,-0.331358,0.257450
-0.251762,-0.328031,0.254130
-0.503246,-0.318745,0.240790
-0.498515,-0.314123,0.273487
-0.490035,-0.329549,0.273490
-0.485096,-0.323457,0.304461
-0.485898,-0.317476,0.310290
-0.477236,-0.331500,0.316536
-0.480647,-0.324514,0.311693
-0.477350,-0.329626,0.315638
-0.476992,-0.331153,0.320277
-0.474127,-0.321865,0.315363
-0.464120,-0.319945,0.319139
-0.454794,-0.323502,0.327580
-0.457737,-0.323743,0.327638
-0.443354,-0.325815,0.321380
-0.432406,-0.318701,0.337580
-0.449032,-0.313606,0.333557
-0.438881,-0.327818,0.327278
-0.437809,-0.327523,0.318800
-0.428149,-0.321775,0.332870
-0.426239,-0.325846,0.320844
-0.433138,-0.316799,0.331415
-0.430204,-0.323817,0.317983
-0.414900,-0.323474,0.325381
-0.414658,-0.313362,0.329932
-0.403759,-0.326151,0.321141
-0.410888,-0.326933,0.322248
-0.396411,-0.322047,0.324408
-0.393896,-0.322755,0.325631
-0.392461,-0.324157,0.318875
-0.384746,-0.321397,0.321030
-0.383962,-0.323824,0.312636
-0.384559,-0.313855,0.315169
-0.371792,-0.326486,0.312584
-0.370837,-0.330712,0.298351
-0.368117,-0.321733,0.312852
-0.377657,-0.320195,0.302277
-0.363169,-0.328166,0.304041
-0.354720,-0.320730,0.304737
-0.355738,-0.323789,0.301978
-0.343163,-0.317591,0.295106
-0.332701,-0.322131,0.300522
-0.336551,-0.324099,0.296790
-0.338818,-0.325894,0.301961
-0.327481,-0.329335,0.299759
-0.329377,-0.325865,0.296258
-0.316168,-0.329324,0.296087
-0.322343,-0.315918,0.297798
-0.323833,-0.322973,0.309593
-0.305550,-0.315407,0.291484
-0.312752,-0.325072,0.294501
-0.305634,-0.320455,0.308288
-0.300444,-0.328091,0.289071
-0.296495,-0.328200,0.294791
-0.289141,-0.322574,0.297138
-0.282736,-0.321510,0.280023
-0.283999,-0.323570,0.283305
-0.281254,-0.318764,0.284225
-0.274624,-0.323873,0.284203
-0.262378,-0.311206,0.293839
-0.265563,-0.315598,0.274063
-0.257495,-0.319628,0.271032
-0.251291,-0.324281,0.264196
-0.248988,-0.325035,0.270059
-0.252883,-0.319642,0.249832
-0.511973,-0.313248,0.252828
-0.501954,-0.317282,0.263533
-0.494593,-0.310034,0.285571
-0.489453,-0.322175,0.302752
-0.485311,-0.316492,0.310777
-0.480655,-0.315308,0.316008
-0.474484,-0.318446,0.315128
-0.485359,-0.315975,0.314509
-0.462191,-0.317423,0.321365
-0.471904,-0.316954,0.317811
-0.461305,-0.310802,0.326501
-0.459375,-0.325174,0.322506
-0.462318,-0.323205,0.327769
-0.450282,-0.315369,0.330467
-0.442409,-0.313800,0.327721
-0.441278,-0.304703,0.333871
-0.441176,-0.313033,0.329335
-0.435389,-0.322544,0.322891
-0.433913,-0.320518,0.326804
-0.429554,-0.325795,0.327081
-0.410163,-0.314627,0.323350
-0.418395,-0.314178,0.331193
-0.414601,-0.317168,0.320470
-0.407047,-0.323295,0.323302
-0.410194,-0.323123,0.321375
-0.401001,-0.318449,0.323512
-0.393160,-0.319475,0.322874
-0.387772,-0.317288,0.319116
-0.392779,-0.326530,0.316337
-0.381356,-0.321874,0.322455
-0.387859,-0.306579,0.322634
-0.376651,-0.320302,0.318529
-0.371306,-0.318298,0.303050
-0.372521,-0.319757,0.308034
-0.368750,-0.309460,0.307616
-0.365468,-0.321446,0.305172
-0.362488,-0.310661,0.303902
-0.353397,-0.328676,0.298262
-0.354551,-0.320019,0.298695
-0.344940,-0.320286,0.301069
-0.345471,-0.324390,0.304137
-0.339169,-0.331521,0.299069
-0.329756,-0.317414,0.304373
-0.328551,-0.315457,0.297337
-0.325553,-0.309851,0.304816
-0.319297,-0.322858,0.297870
-0.320392,-0.318428,0.297945
-0.317935,-0.318555,0.293756
-0.305053,-0.313304,0.296663
-0.309935,-0.328479,0.300495
-0.303841,-0.321308,0.299972
-0.303963,-0.314751,0.289466
-0.293462,-0.306403,0.295833
-0.291874,-0.316206,0.289924
-0.280978,-0.313384,0.290837
-0.270735,-0.314096,0.294063
-0.271637,-0.325809,0.283053
-0.274537,-0.322808,0.291733
-0.266434,-0.321435,0.278826
-0.261528,-0.312406,0.277667
-0.257491,-0.320775,0.274630
-0.262171,-0.316057,0.270650
-0.252826,-0.314525,0.262074
-0.247163,-0.323693,0.253800
-0.509649,-0.310349,0.235034
-0.506989,-0.315996,0.244493
-0.494244,-0.322408,0.266226
-0.495610,-0.309846,0.289911
-0.497256,-0.312074,0.307707
-0.494078,-0.321751,0.313271
-0.489014,-0.313356,0.301147
-0.481432,-0.318860,0.301691
-0.476410,-0.316775,0.307243
-0.476212,-0.316044,0.303066
-0.466645,-0.320881,0.321786
-0.459385,-0.310955,0.326827
-0.457218,-0.321022,0.319595
-0.455794,-0.327701,0.323597
-0.449736,-0.319198,0.322640
-0.441208,-0.308612,0.325974
-0.442160,-0.309961,0.332633
-0.436857,-0.319481,0.320190
-0.434697,-0.314547,0.322182
-0.429656,-0.314824,0.328447
-0.425801,-0.320113,0.318499
-0.420374,-0.307757,0.322743
-0.425090,-0.312268,0.335058
-0.411473,-0.318271,0.330346
-0.418395,-0.319063,0.332240
-0.396451,-0.312315,0.321915
-0.406424,-0.318332,0.318435
-0.395974,-0.317808,0.317494
-0.395283,-0.312570,0.322615
-0.392853,-0.313173,0.320925
-0.380668,-0.319412,0.303838
-0.387805,-0.322122,0.322751
-0.381461,-0.320065,0.320880
-0.375081,-0.325127,0.309212
-0.368342,-0.314904,0.306411
-0.363208,-0.315000,0.300137
-0.363014,-0.323502,0.308087
-0.367258,-0.317989,0.300977
-0.347645,-0.310952,0.311434
-0.334858,-0.312824,0.303224
-0.349137,-0.318948,0.299088
-0.339191,-0.311030,0.299538
-0.334896,-0.314483,0.290012
-0.328040,-0.309233,0.300976
-0.329167,-0.315465,0.305392
-0.326604,-0.325773,0.296163
-0.322294,-0.315171,0.307061
-0.321779,-0.315866,0.301576
-0.311905,-0.308674,0.301284
-0.304537,-0.314288,0.302752
-0.319585,-0.322556,0.300089
-0.292396,-0.309737,0.294836
-0.290162,-0.311652,0.290167
-0.295971,-0.326727,0.292354
-0.288688,-0.314212,0.286668
-0.285880,-0.313882,0.289457
-0.277911,-0.305763,0.284979
-0.277607,-0.312511,0.286007
-0.264848,-0.311421,0.284180
-0.266809,-0.317756,0.283125
-0.268990,-0.308591,0.280610
-0.257748,-0.310785,0.276551
-0.253307,-0.312322,0.267581
-0.250918,-0.311343,0.256133
-0.254631,-0.318333,0.253798
-0.233872,-0.313711,0.249310
-0.505926,-0.307697,0.247376
-0.500746,-0.311883,0.258143
-0.506432,-0.309059,0.267477
-0.487480,-0.317596,0.287589
-0.496940,-0.311183,0.292955
-0.491760,-0.299883,0.310210
-0.485660,-0.311392,0.318284
-0.483330,-0.301204,0.311807
-0.467889,-0.315839,0.312056
-0.471325,-0.305302,0.317708
-0.474105,-0.310077,0.313583
-0.464924,-0.308695,0.313863
-0.465600,-0.310490,0.314491
-0.460923,-0.316919,0.329507
-0.448150,-0.315887,0.326750
-0.447794,-0.316079,0.327987
-0.441986,-0.306119,0.322151
-0.428818,-0.305337,0.333813
-0.435468,-0.326073,0.327829
-0.434662,-0.312608,0.322498
-0.421068,-0.310778,0.319777
-0.419714,-0.308676,0.328996
-0.412589,-0.316753,0.317231
-0.419639,-0.321015,0.322952
-0.419871,-0.307880,0.323752
-0.416744,-0.319079,0.319747
-0.386368,-0.305668,0.326041
-0.403202,-0.307463,0.329796
-0.398536,-0.324503,0.325018
-0.391121,-0.312900,0.316583
-0.388253,-0.308732,0.319583
-0.375921,-0.317067,0.324616
-0.378243,-0.304806,0.312059
-0.383482,-0.309212,0.308700
-0.362646,-0.315375,0.314074
-0.368188,-0.305022,0.312664
-0.366045,-0.310012,0.302497
-0.355253,-0.304897,0.304224
-0.358677,-0.309746,0.309174
-0.350973,-0.311606,0.303512
-0.345141,-0.307986,0.302426
-0.335946,-0.307255,0.295417
-0.336918,-0.303991,0.302745
-0.342107,-0.310128,0.304569
-0.322240,-0.318527,0.298963
-0.323616,-0.316595,0.306392
-0.312897,-0.301189,0.296454
-0.318208,-0.304279,0.302938
-0.326482,-0.308762,0.290616
-0.311296,-0.311440,0.299462
-0.298021,-0.315404,0.287942
-0.292966,-0.310472,0.295557
-0.300834,-0.302918,0.302148
-0.282062,-0.306048,0.287921
-0.301888,-0.315561,0.297159
-0.273124,-0.304925,0.299363
-0.284967,-0.309747,0.285250
-0.271970,-0.307182,0.282212
-0.266308,-0.303961,0.285502
-0.263613,-0.301764,0.278801
-0.265908,-0.307828,0.276419
-0.259327,-0.305771,0.274129
-0.259046,-0.308221,0.270036
-0.250145,-0.306942,0.253955
-0.240789,-0.305288,0.262612
-0.237749,-0.311422,0.239123
-0.512998,-0.299081,0.237150
-0.500182,-0.299624,0.262835
-0.495919,-0.306075,0.259567
-0.498155,-0.300509,0.292792
-0.493503,-0.307296,0.300505
-0.488150,-0.300833,0.308226
-0.489990,-0.306252,0.319057
-0.469983,-0.313265,0.317708
-0.475968,-0.306340,0.310104
-0.470960,-0.303693,0.320341
-0.469904,-0.312250,0.321970
-0.460585,-0.303064,0.313628
-0.462913,-0.306786,0.321221
-0.456526,-0.315299,0.318073
-0.444981,-0.309034,0.320339
-0.452468,-0.305683,0.329194
-0.436806,-0.308292,0.314355
-0.439995,-0.309937,0.325359
-0.434071,-0.301555,0.318709
-0.434718,-0.311227,0.326901
-0.441451,-0.299666,0.323498
-0.431541,-0.300419,0.323300
-0.409941,-0.307985,0.323627
-0.416873,-0.300700,0.320940
-0.414626,-0.311271,0.322415
-0.408896,-0.303330,0.322473
-0.402877,-0.310591,0.317254
-0.399573,-0.303997,0.325375
-0.395307,-0.303083,0.316529
-0.399451,-0.308299,0.318347
-0.394602,-0.308331,0.318487
-0.378635,-0.301894,0.316252
-0.386674,-0.307697,0.315898
-0.381617,-0.300234,0.323891
-0.379103,-0.302842,0.315178
-0.368752,-0.307214,0.308013
-0.361868,-0.311984,0.306307
-0.362592,-0.310245,0.305005
-0.347234,-0.306585,0.304917
-0.345339,-0.304586,0.303621
-0.344794,-0.308904,0.317014
-0.347751,-0.314289,0.297885
-0.345893,-0.303737,0.305862
-0.328823,-0.311687,0.306949
-0.323569,-0.297610,0.300210
-0.332809,-0.301392,0.303645
-0.314666,-0.304039,0.307902
-0.318834,-0.309730,0.300257
-0.322959,-0.302810,0.291411
-0.312480,-0.299007,0.301407
-0.306707,-0.310971,0.294628
-0.296963,-0.302913,0.304015
-0.293346,-0.307494,0.297983
-0.294595,-0.311723,0.291539
-0.293117,-0.309062,0.287315
-0.290078,-0.307828,0.292059
-0.276689,-0.301587,0.294050
-0.280739,-0.307780,0.293554
-0.274841,-0.318872,0.277265
-0.266406,-0.303802,0.287276
-0.251255,-0.307336,0.281839
-0.264132,-0.311580,0.273517
-0.253894,-0.295071,0.262369
-0.248464,-0.300580,0.269772
-0.250391,-0.310059,0.244595
-0.247538,-0.298383,0.238212
-0.518107,-0.303360,0.229810
-0.509164,-0.301331,0.248781
-0.505647,-0.298834,0.259299
-0.506557,-0.302243,0.271318
-0.500284,-0.304067,0.290938
-0.492209,-0.298583,0.305017
-0.486365,-0.306311,0.309100
-0.487809,-0.301117,0.310849
-0.472317,-0.300893,0.309390
-0.483307,-0.294868,0.306445
-0.476547,-0.298931,0.304709
-0.467638,-0.297434,0.309697
-0.466286,-0.305580,0.316055
-0.464584,-0.296067,0.317352
-0.462618,-0.294773,0.323751
-0.456470,-0.294931,0.329282
-0.444985,-0.306934,0.313395
-0.447018,-0.297318,0.322951
-0.440721,-0.307509,0.326410
-0.425514,-0.305923,0.322738
-0.433513,-0.302762,0.321353
-0.425044,-0.304707,0.331385
-0.426941,-0.301845,0.320446
-0.409897,-0.299496,0.329449
-0.419612,-0.297256,0.315243
-0.409280,-0.304933,0.324581
-0.411083,-0.305511,0.325394
-0.402557,-0.308554,0.318999
-0.397412,-0.309675,0.316574
-0.400328,-0.305959,0.315691
-0.385697,-0.298112,0.320858
-0.393335,-0.296788,0.319832
-0.379543,-0.307280,0.323171
-0.378540,-0.287408,0.313994
-0.375327,-0.301212,0.315604
-0.363202,-0.302877,0.307803
-0.370819,-0.309157,0.306735
-0.359542,-0.288711,0.312986
-0.351875,-0.300311,0.308555
-0.347317,-0.304300,0.304455
-0.355987,-0.302204,0.308903
-0.352761,-0.297570,0.308896
-0.342448,-0.309868,0.307285
-0.335469,-0.301728,0.305375
-0.337836,-0.298975,0.297898
-0.336586,-0.298637,0.311828
-0.324143,-0.304308,0.300268
-0.330804,-0.301996,0.300262
-0.308746,-0.305347,0.301788
-0.317180,-0.304902,0.298434
-0.307136,-0.307800,0.300401
-0.302644,-0.298795,0.303609
-0.299592,-0.303778,0.306635
-0.296820,-0.300234,0.295534
-0.288151,-0.304142,0.288582
-0.291128,-0.302266,0.299752
-0.290272,-0.297216,0.288616
-0.279830,-0.302052,0.281904
-0.272202,-0.303291,0.289332
-0.274388,-0.301121,0.283134
-0.268994,-0.308589,0.288473
-0.264839,-0.305304,0.285133
-0.264647,-0.299567,0.271221
-0.250878,-0.302426,0.270369
-0.250474,-0.298710,0.262064
-0.245285,-0.294539,0.255535
-0.232154,-0.309447,0.245122
-0.505248,-0.286706,0.233150
-0.507193,-0.290884,0.251708
-0.500440,-0.297102,0.261324
-0.500531,-0.288522,0.275012
-0.494574,-0.293904,0.288047
-0.496059,-0.297316,0.292752
-0.484820,-0.301465,0.299964
-0.488665,-0.299718,0.303197
-0.478121,-0.303040,0.307925
-0.465263,-0.296748,0.313683
-0.463574,-0.296399,0.314144
-0.454016,-0.300512,0.315479
-0.466014,-0.300249,0.318484
-0.457264,-0.292148,0.313938
-0.454096,-0.293174,0.313550
-0.448147,-0.292050,0.309356
-0.445003,-0.304545,0.321710
-0.443944,-0.303073,0.318327
-0.437927,-0.296351,0.318061
-0.435520,-0.300357,0.324049
-0.436347,-0.301105,0.318597
-0.427851,-0.295582,0.318426
-0.430477,-0.300473,0.327540
-0.418995,-0.298174,0.318720
-0.418321,-0.309502,0.320902
-0.402573,-0.304560,0.327702
-0.406905,-0.299544,0.328075
-0.406710,-0.293289,0.322022
-0.397692,-0.298512,0.326885
-0.401990,-0.302429,0.309550
-0.394016,-0.301183,0.311072
-0.396984,-0.290075,0.318447
-0.393550,-0.297013,0.319820
-0.381267,-0.290553,0.316022
-0.370672,-0.294426,0.314199
-0.370150,-0.300136,0.310979
-0.361819,-0.301862,0.305990
-0.367402,-0.288767,0.309504
-0.359699,-0.286599,0.313522
-0.354573,-0.299275,0.310357
-0.348536,-0.298418,0.311372
-0.350628,-0.293756,0.314060
-0.340260,-0.294447,0.314652
-0.336087,-0.305468,0.310694
-0.339321,-0.295873,0.302066
-0.334557,-0.303389,0.307648
-0.315796,-0.290820,0.304933
-0.328725,-0.299757,0.302901
-0.314179,-0.298287,0.299535
-0.320390,-0.300145,0.311611
-0.310082,-0.301417,0.290881
-0.314001,-0.304674,0.302131
-0.311106,-0.299945,0.299138
-0.294719,-0.293711,0.281156
-0.295018,-0.297916,0.295734
-0.294627,-0.302027,0.282435
-0.287444,-0.293919,0.283131
-0.279211,-0.290236,0.286266
-0.282654,-0.306237,0.280998
-0.275452,-0.284760,0.285487
-0.272380,-0.292536,0.276376
-0.263540,-0.297306,0.271717
-0.259326,-0.292281,0.269541
-0.259975,-0.294182,0.276206
-0.246948,-0.294083,0.265570
-0.243589,-0.293710,0.249449
-0.243667,-0.289961,0.252249
-0.519898,-0.295022,0.236967
-0.509876,-0.302603,0.254825
-0.511748,-0.286523,0.265596
-0.501429,-0.292301,0.268789
-0.489356,-0.302177,0.293301
-0.485857,-0.295179,0.287844
-0.481066,-0.292769,0.298809
-0.488810,-0.283991,0.315793
-0.471290,-0.299618,0.308280
-0.478220,-0.287046,0.309071
-0.473597,-0.303930,0.316324
-0.468228,-0.295524,0.322361
-0.469456,-0.296084,0.316549
-0.458950,-0.289084,0.316982
-0.456884,-0.293291,0.312682
-0.449862,-0.293347,0.314827
-0.446453,-0.301029,0.322719
-0.443398,-0.294351,0.327247
-0.436114,-0.299282,0.315353
-0.436305,-0.302691,0.321699
-0.431557,-0.288555,0.322378
-0.425904,-0.295990,0.314958
-0.422965,-0.303843,0.327270
-0.418635,-0.292029,0.321491
-0.420587,-0.281189,0.321541
-0.400223,-0.288617,0.316875
-0.403933,-0.301531,0.323153
-0.399810,-0.295078,0.319608
-0.397337,-0.284207,0.322690
-0.400532,-0.296328,0.319590
-0.381823,-0.296516,0.325921
-0.395450,-0.293818,0.317393
-0.386569,-0.294651,0.316362
-0.378636,-0.294289,0.317937
-0.362348,-0.296373,0.315384
-0.367868,-0.297468,0.321730
-0.363128,-0.295855,0.321318
-0.359038,-0.293860,0.309772
-0.357422,-0.301502,0.313941
-0.349684,-0.299244,0.310281
-0.358231,-0.296547,0.309923
-0.334691,-0.295653,0.307476
-0.341538,-0.288839,0.297336
-0.335212,-0.294391,0.299367
-0.327595,-0.293315,0.310877
-0.331664,-0.293644,0.308716
-0.327982,-0.296396,0.300926
-0.323684,-0.289072,0.306618
-0.321751,-0.285778,0.290548
-0.312557,-0.296375,0.300583
-0.302065,-0.294251,0.302597
-0.307329,-0.296813,0.288809
-0.298335,-0.283105,0.298566
-0.294050,-0.293462,0.291639
-0.296024,-0.292027,0.295541
-0.292554,-0.298819,0.285138
-0.285456,-0.290403,0.294627
-0.279980,-0.287978,0.289668
-0.287931,-0.294578,0.286111
-0.273898,-0.287513,0.280518
-0.274766,-0.281382,0.278258
-0.268793,-0.295527,0.274399
-0.265418,-0.293060,0.267146
-0.253165,-0.289813,0.270129
-0.253411,-0.287605,0.247943
-0.252509,-0.289331,0.259407
-0.238617,-0.288331,0.241003
-0.506161,-0.293669,0.259235
-0.497157,-0.295067,0.270746
-0.504392,-0.295234,0.279183
-0.506049,-0.286962,0.273128
-0.502655,-0.285446,0.290710
-0.501100,-0.291262,0.302062
-0.491182,-0.285041,0.310176
-0.482230,-0.289094,0.314984
-0.476863,-0.292759,0.296761
-0.466566,-0.290980,0.319281
-0.474058,-0.290662,0.308275
-0.467853,-0.292786,0.313977
-0.463429,-0.283289,0.310921
-0.459888,-0.294958,0.322418
-0.458537,-0.292356,0.314110
-0.444433,-0.293190,0.314709
-0.442687,-0.290390,0.312085
-0.453395,-0.292103,0.313336
-0.440255,-0.287287,0.321137
-0.433345,-0.296615,0.329557
-0.434596,-0.293434,0.324027
-0.433836,-0.291503,0.331736
-0.420012,-0.288458,0.329667
-0.419006,-0.284543,0.324496
-0.415707,-0.286492,0.315707
-0.411316,-0.290421,0.323820
-0.402390,-0.297707,0.321510
-0.404604,-0.286806,0.327116
-0.407667,-0.282859,0.319187
-0.393147,-0.287876,0.324994
-0.388585,-0.291892,0.315311
-0.387044,-0.292641,0.326740
-0.385069,-0.289307,0.316838
-0.369422,-0.286053,0.317832
-0.372025,-0.289497,0.323706
-0.372778,-0.278180,0.320754
-0.373743,-0.289714,0.309354
-0.362130,-0.292569,0.315994
-0.356388,-0.289790,0.325500
-0.354018,-0.295533,0.314844
-0.344503,-0.294581,0.312302
-0.351245,-0.283632,0.301030
-0.342251,-0.282859,0.310032
-0.339329,-0.285979,0.308045
-0.343904,-0.284821,0.304314
-0.335389,-0.301601,0.301611
-0.324608,-0.290418,0.307962
-0.320950,-0.284436,0.299682
-0.324037,-0.294871,0.299850
-0.323238,-0.289188,0.300585
-0.304946,-0.282172,0.300665
-0.308456,-0.291259,0.289413
-0.302939,-0.282276,0.295793
-0.298492,-0.285465,0.293383
-0.295813,-0.295524,0.287955
-0.293955,-0.278173,0.289876
-0.285886,-0.286167,0.276627
-0.279107,-0.290359,0.291946
-0.273804,-0.280660,0.280739
-0.271999,-0.287931,0.270633
-0.277313,-0.279311,0.270057
-0.263783,-0.283039,0.271267
-0.256491,-0.286602,0.260187
-0.255987,-0.284913,0.265365
-0.256417,-0.286971,0.245148
-0.244671,-0.286043,0.244410
-0.522016,-0.280427,0.254092
-0.504404,-0.287047,0.261636
-0.512582,-0.279439,0.274943
-0.509836,-0.287517,0.274830
-0.500218,-0.284677,0.292940
-0.496434,-0.280581,0.282993
-0.497521,-0.283596,0.305260
-0.483800,-0.286362,0.302671
-0.474990,-0.279525,0.303271
-0.484049,-0.281907,0.312257
-0.477291,-0.291329,0.318050
-0.475915,-0.286121,0.305111
-0.464084,-0.287631,0.302899
-0.458836,-0.281554,0.306584
-0.456001,-0.281423,0.310943
-0.455124,-0.292655,0.320445
-0.449943,-0.291089,0.310109
-0.447871,-0.272160,0.316682
-0.445699,-0.283961,0.317235
-0.435629,-0.282224,0.320194
-0.439990,-0.287074,0.314363
-0.426958,-0.288315,0.318471
-0.427176,-0.287333,0.320121
-0.419438,-0.290065,0.329972
-0.412856,-0.288515,0.324236
-0.418422,-0.285327,0.318339
-0.413799,-0.286187,0.311565
-0.400401,-0.284974,0.317669
-0.409384,-0.280203,0.321872
-0.397071,-0.286506,0.318556
-0.395269,-0.285707,0.317717
-0.390657,-0.280902,0.325442
-0.393608,-0.285438,0.324453
-0.395391,-0.291693,0.311500
-0.382924,-0.279290,0.312550
-0.379177,-0.288200,0.317642
-0.367502,-0.287913,0.319087
-0.365714,-0.280956,0.322449
-0.367354,-0.289679,0.308046
-0.357966,-0.287723,0.321638
-0.350956,-0.278948,0.313260
-0.349790,-0.282777,0.317143
-0.349860,-0.286649,0.310430
-0.339271,-0.288379,0.316598
-0.337234,-0.282388,0.310863
-0.331825,-0.280949,0.306086
-0.333539,-0.291003,0.302900
-0.328068,-0.274713,0.303663
-0.316523,-0.284104,0.305587
-0.317410,-0.284614,0.306200
-0.306803,-0.277401,0.299808
-0.311269,-0.285138,0.295034
-0.310204,-0.283449,0.290324
-0.311538,-0.277241,0.292788
-0.294240,-0.284549,0.288409
-0.297113,-0.276122,0.295193
-0.293177,-0.290422,0.280470
-0.290032,-0.275637,0.287335
-0.290238,-0.294060,0.292577
-0.278430,-0.277555,0.274195
-0.278595,-0.284126,0.272642
-0.268576,-0.279208,0.275641
-0.264823,-0.282947,0.264441
-0.259141,-0.288355,0.263358
-0.256545,-0.289308,0.252042
-0.253214,-0.282075,0.251196
-0.256212,-0.279864,0.247219
-0.510637,-0.276666,0.254758
-0.509105,-0.276607,0.249865
-0.507400,-0.277987,0.268029
-0.501877,-0.289428,0.286398
-0.497224,-0.280454,0.289956
-0.488281,-0.279615,0.304016
-0.493466,-0.275637,0.305366
-0.485027,-0.284122,0.304377
-0.482791,-0.283171,0.309630
-0.474334,-0.288212,0.303003
-0.471796,-0.280535,0.306673
-0.474040,-0.276437,0.309174
-0.463119,-0.285481,0.318143
-0.468722,-0.278202,0.312541
-0.465219,-0.288414,0.298131
-0.459626,-0.277627,0.316200
-0.457848,-0.279192,0.327080
-0.438035,-0.279966,0.320949
-0.450294,-0.279501,0.314144
-0.440342,-0.281554,0.317048
-0.423893,-0.283189,0.322107
-0.423883,-0.286508,0.320855
-0.430501,-0.279377,0.327607
-0.423391,-0.277758,0.315771
-0.419579,-0.286759,0.327640
-0.413216,-0.272831,0.326109
-0.412768,-0.272776,0.320492
-0.405551,-0.288777,0.315245
-0.404466,-0.280385,0.326443
-0.397294,-0.283531,0.319245
-0.391604,-0.281314,0.314429
-0.383150,-0.276580,0.325707
-0.384266,-0.284285,0.321752
-0.379814,-0.278417,0.319752
-0.376698,-0.271929,0.321313
-0.371753,-0.280509,0.319237
-0.369209,-0.284747,0.308838
-0.368774,-0.281893,0.317279
-0.360949,-0.271859,0.317201
-0.358941,-0.287402,0.327302
-0.353631,-0.268330,0.315342
-0.357097,-0.288369,0.315481
-0.350619,-0.277606,0.310426
-0.342018,-0.282515,0.305446
-0.332562,-0.281996,0.302776
-0.329703,-0.280726,0.308551
-0.327522,-0.288347,0.307559
-0.320215,-0.282222,0.301035
-0.327813,-0.276008,0.297708
-0.314593,-0.271199,0.298344
-0.310979,-0.274759,0.299987
-0.317083,-0.285288,0.300215
-0.308810,-0.281507,0.298006
-0.305476,-0.280422,0.285504
-0.305470,-0.277349,0.287879
-0.293716,-0.283314,0.289395
-0.287959,-0.292864,0.282935
-0.286064,-0.283502,0.283285
-0.283071,-0.275924,0.277924
-0.276539,-0.276019,0.280387
-0.275354,-0.272258,0.268388
-0.265641,-0.281939,0.277874
-0.268472,-0.276743,0.253298
-0.263787,-0.275930,0.260014
-0.256370,-0.273659,0.253209
-0.249525,-0.285313,0.248412
-0.243983,-0.273028,0.242002
-0.522344,-0.273725,0.228874
-0.517680,-0.273090,0.265344
-0.519946,-0.274404,0.267000
-0.511316,-0.273928,0.275363
-0.503363,-0.272919,0.286751
-0.487894,-0.277339,0.287920
-0.494332,-0.276366,0.284035
-0.492889,-0.274421,0.310403
-0.490653,-0.282437,0.305139
-0.477645,-0.276729,0.302892
-0.475279,-0.274453,0.310431
-0.472122,-0.279769,0.320035
-0.475159,-0.278849,0.314672
-0.464415,-0.270771,0.325296
-0.463959,-0.280529,0.314385
-0.460323,-0.278871,0.317717
-0.457450,-0.274802,0.306310
-0.450145,-0.280490,0.323426
-0.451908,-0.273875,0.313385
-0.445069,-0.276207,0.318792
-0.437209,-0.271812,0.321829
-0.429850,-0.283820,0.318760
-0.436434,-0.284607,0.325891
-0.430657,-0.281704,0.318934
-0.421440,-0.272974,0.321433
-0.419108,-0.275264,0.326860
-0.419866,-0.268738,0.324662
-0.410360,-0.273818,0.320189
-0.409336,-0.280698,0.324149
-0.397265,-0.272843,0.327832
-0.400513,-0.265980,0.305523
-0.398887,-0.280553,0.328376
-0.389330,-0.279970,0.319428
-0.386505,-0.270621,0.318967
-0.388359,-0.280190,0.313419
-0.382061,-0.283394,0.323289
-0.380914,-0.269284,0.315003
-0.369631,-0.286686,0.308621
-0.363750,-0.283285,0.314762
-0.360255,-0.275551,0.315781
-0.356385,-0.285262,0.304364
-0.356111,-0.269984,0.318839
-0.352219,-0.280810,0.315166
-0.348167,-0.275349,0.314263
-0.339048,-0.283792,0.311184
-0.345421,-0.262180,0.308009
-0.330214,-0.279245,0.313674
-0.328347,-0.280007,0.305380
-0.324199,-0.276066,0.303984
-0.324667,-0.277217,0.301213
-0.315433,-0.280195,0.293697
-0.318723,-0.277924,0.300493
-0.311817,-0.276567,0.292054
-0.293201,-0.276960,0.292637
-0.296818,-0.268657,0.293102
-0.295476,-0.268341,0.289042
-0.294694,-0.279677,0.295239
-0.290015,-0.274748,0.276369
-0.280848,-0.280510,0.275117
-0.280606,-0.276082,0.276002
-0.274847,-0.284119,0.269389
-0.272288,-0.267258,0.270193
-0.268380,-0.272071,0.270360
-0.268139,-0.265159,0.269400
-0.269557,-0.278889,0.257142
-0.263352,-0.275386,0.254114
-0.245320,-0.274820,0.247691
-0.520308,-0.269103,0.254965
-0.511636,-0.267655,0.261538
-0.519784,-0.262534,0.271507
-0.511916,-0.271590,0.281948
-0.507885,-0.271519,0.292727
-0.508901,-0.271243,0.286705
-0.491629,-0.274288,0.292938
-0.492829,-0.275337,0.304004
-0.485779,-0.266173,0.302713
-0.475170,-0.267895,0.305712
-0.487777,-0.273650,0.316154
-0.476627,-0.278199,0.315735
-0.467687,-0.279065,0.315477
-0.460734,-0.273093,0.318585
-0.467183,-0.270720,0.323223
-0.456606,-0.269307,0.319854
-0.458158,-0.276245,0.309905
-0.452253,-0.281498,0.310400
-0.449397,-0.273910,0.311943
-0.443500,-0.263603,0.314781
-0.439576,-0.269496,0.326789
-0.424685,-0.269122,0.327196
-0.428320,-0.279389,0.309856
-0.428323,-0.270552,0.331311
-0.423502,-0.273296,0.312726
-0.418417,-0.267554,0.324907
-0.421083,-0.273056,0.320153
-0.416323,-0.275487,0.316656
-0.409200,-0.270854,0.317777
-0.401832,-0.266631,0.322014
-0.402330,-0.273148,0.315306
-0.388771,-0.264512,0.323202
-0.389898,-0.277575,0.319605
-0.386170,-0.270108,0.317108
-0.384680,-0.273560,0.323917
-0.375480,-0.269807,0.321068
-0.376089,-0.271312,0.323398
-0.367527,-0.277419,0.314599
-0.370514,-0.266322,0.318031
-0.359816,-0.275546,0.316531
-0.364412,-0.270247,0.311126
-0.358551,-0.270160,0.318657
-0.350174,-0.266812,0.317121
-0.346598,-0.272989,0.306024
-0.339430,-0.282561,0.312163
-0.342120,-0.265240,0.296151
-0.338363,-0.259280,0.315881
-0.330868,-0.274594,0.300929
-0.318788,-0.265853,0.309649
-0.317916,-0.265292,0.303962
-0.310854,-0.279823,0.302058
-0.314543,-0.268996,0.291561
-0.306698,-0.275864,0.299518
-0.310895,-0.271674,0.286524
-0.301016,-0.272389,0.291700
-0.300890,-0.272700,0.290778
-0.291630,-0.276348,0.291247
-0.285315,-0.266544,0.278919
-0.286377,-0.273847,0.282836
-0.267990,-0.269655,0.275307
-0.278505,-0.265380,0.274882
-0.275472,-0.278547,0.266024
-0.261382,-0.265593,0.273502
-0.266918,-0.267450,0.262334
-0.256595,-0.263355,0.262408
-0.255389,-0.263785,0.247909
-0.239967,-0.266409,0.255571
-0.526176,-0.265114,0.258064
-0.523834,-0.259341,0.269068
-0.516721,-0.261126,0.273298
-0.509500,-0.267885,0.290081
-0.507877,-0.276756,0.305320
-0.501531,-0.259884,0.305951
-0.493807,-0.264494,0.299913
-0.495757,-0.270376,0.310893
-0.492746,-0.266494,0.310977
-0.482958,-0.267785,0.315063
-0.475294,-0.277878,0.309996
-0.476977,-0.264705,0.314083
-0.482178,-0.266538,0.314242
-0.463213,-0.264192,0.316575
-0.464647,-0.266719,0.309471
-0.460325,-0.271776,0.314914
-0.459433,-0.275562,0.317387
-0.446721,-0.265698,0.318530
-0.453650,-0.273410,0.316947
-0.446791,-0.280036,0.320031
-0.441332,-0.270066,0.311091
-0.433649,-0.270295,0.318583
-0.430768,-0.266284,0.311260
-0.431456,-0.279509,0.318941
-0.421914,-0.257054,0.315743
-0.419380,-0.267897,0.325742
-0.423264,-0.274701,0.324424
-0.413059,-0.259369,0.320316
-0.414490,-0.264768,0.318875
-0.407511,-0.268280,0.319536
-0.396987,-0.269455,0.324489
-0.391079,-0.261921,0.329757
-0.398378,-0.260753,0.320352
-0.381934,-0.265503,0.320664
-0.384370,-0.266188,0.317631
-0.384674,-0.267485,0.308917
-0.384241,-0.264891,0.320101
-0.369326,-0.271890,0.320248
-0.378111,-0.265848,0.316944
-0.357141,-0.272591,0.320627
-0.358178,-0.265583,0.323555
-0.356487,-0.265289,0.313486
-0.352577,-0.273498,0.306518
-0.339650,-0.265082,0.316399
-0.344806,-0.277348,0.317242
-0.345625,-0.279699,0.309453
-0.329518,-0.263777,0.318270
-0.329613,-0.258589,0.300748
-0.332994,-0.266895,0.301252
-0.320697,-0.268988,0.308739
-0.317243,-0.266583,0.297749
-0.312950,-0.269027,0.303247
-0.312211,-0.269818,0.287180
-0.304617,-0.265922,0.292135
-0.296318,-0.262473,0.292966
-0.294370,-0.280004,0.284210
-0.302424,-0.262678,0.280147
-0.295537,-0.268978,0.279107
-0.289600,-0.262107,0.285272
-0.280129,-0.267599,0.275746
-0.281356,-0.270044,0.271624
-0.271164,-0.261675,0.269109
-0.262227,-0.265717,0.262308
-0.272819,-0.262647,0.257850
-0.252079,-0.274650,0.248945
-0.256111,-0.269727,0.255679
-0.246419,-0.257181,0.241527
-0.524539,-0.272016,0.243406
-0.527048,-0.263844,0.258177
-0.518463,-0.262258,0.257955
-0.518777,-0.264715,0.272430
-0.505302,-0.265066,0.291152
-0.508365,-0.272179,0.295571
-0.497452,-0.263873,0.297671
-0.497856,-0.274653,0.315885
-0.494434,-0.261713,0.305518
-0.489477,-0.260407,0.314385
-0.487179,-0.261777,0.313809
-0.475787,-0.264117,0.311433
-0.480993,-0.261894,0.318454
-0.478335,-0.267485,0.315095
-0.457856,-0.266800,0.320582
-0.469434,-0.265699,0.322488
-0.454373,-0.262864,0.314420
-0.456156,-0.270394,0.323894
-0.455696,-0.261710,0.319598
-0.446247,-0.260329,0.321938
-0.449339,-0.266020,0.316996
-0.444261,-0.273709,0.313185
-0.428404,-0.268013,0.326936
-0.420492,-0.260627,0.316925
-0.425843,-0.258072,0.326127
-0.430181,-0.268518,0.317859
-0.409410,-0.261214,0.316584
-0.415470,-0.264849,0.332679
-0.416169,-0.265616,0.319240
-0.407222,-0.267920,0.319415
-0.403384,-0.263982,0.318829
-0.401299,-0.263749,0.318321
-0.398070,-0.264770,0.323248
-0.382773,-0.258241,0.329865
-0.390466,-0.268698,0.327439
-0.373678,-0.258689,0.329632
-0.380289,-0.268104,0.326635
-0.378659,-0.260998,0.325171
-0.366900,-0.265008,0.323611
-0.369780,-0.265205,0.309360
-0.362601,-0.272996,0.318273
-0.367361,-0.264507,0.315349
-0.354720,-0.260108,0.311091
-0.351340,-0.273886,0.309458
-0.350244,-0.262888,0.317689
-0.346075,-0.256864,0.311087
-0.332736,-0.269349,0.315878
-0.331690,-0.265925,0.309828
-0.338813,-0.261690,0.301727
-0.327299,-0.264271,0.305463
-0.323714,-0.261067,0.299021
-0.314168,-0.262370,0.301147
-0.313310,-0.267438,0.292120
-0.309685,-0.262553,0.300528
-0.304285,-0.262730,0.286107
-0.297830,-0.260153,0.279313
-0.302908,-0.261099,0.284578
-0.297855,-0.264880,0.285233
-0.286005,-0.257034,0.274580
-0.284881,-0.263793,0.281585
-0.282475,-0.260400,0.271040
-0.275005,-0.262233,0.271283
-0.276985,-0.251001,0.267704
-0.263111,-0.266238,0.267713
-0.271283,-0.258198,0.266187
-0.259045,-0.257775,0.249291
-0.250552,-0.250911,0.247688
-0.252438,-0.266199,0.247002
-0.525711,-0.252217,0.240824
-0.513504,-0.252702,0.268009
-0.527875,-0.253219,0.265927
-0.508581,-0.256553,0.279110
-0.511493,-0.264008,0.307732
-0.501020,-0.255988,0.310205
-0.502889,-0.255191,0.302618
-0.501796,-0.250909,0.304495
-0.487349,-0.264178,0.312474
-0.489741,-0.255443,0.310649
-0.482035,-0.260231,0.308334
-0.472128,-0.261517,0.313128
-0.480063,-0.252411,0.311940
-0.481214,-0.261953,0.321890
-0.464544,-0.258438,0.317380
-0.460932,-0.261537,0.312091
-0.462277,-0.259064,0.319893
-0.457794,-0.259510,0.318765
-0.453720,-0.257914,0.316437
-0.445112,-0.249321,0.316358
-0.440636,-0.265314,0.319219
-0.440902,-0.256214,0.324903
-0.430812,-0.255979,0.319851
-0.427005,-0.257129,0.321904
-0.431062,-0.259128,0.316090
-0.424111,-0.267112,0.317492
-0.421149,-0.252214,0.323958
-0.414618,-0.270784,0.321818
-0.410000,-0.257733,0.317814
-0.409822,-0.262399,0.318945
-0.398552,-0.273369,0.321314
-0.395293,-0.257266,0.320935
-0.402577,-0.258122,0.319382
-0.393752,-0.262706,0.320687
-0.380986,-0.254324,0.327409
-0.381546,-0.257298,0.323615
-0.387386,-0.259900,0.316683
-0.366957,-0.264989,0.319655
-0.368589,-0.256386,0.317397
-0.371094,-0.252894,0.324847
-0.352748,-0.264419,0.312420
-0.358349,-0.252150,0.315339
-0.358514,-0.257062,0.320629
-0.352189,-0.256491,0.316079
-0.336203,-0.259551,0.306546
-0.343931,-0.249850,0.311038
-0.345499,-0.259575,0.320668
-0.343444,-0.258583,0.301553
-0.329438,-0.260872,0.310506
-0.328411,-0.263546,0.313958
-0.326492,-0.263820,0.306790
-0.319201,-0.255894,0.304181
-0.314528,-0.252892,0.291034
-0.321320,-0.262979,0.293648
-0.306953,-0.265492,0.297978
-0.312100,-0.255042,0.296669
-0.291751,-0.257815,0.285061
-0.298245,-0.254910,0.290375
-0.291626,-0.252359,0.284353
-0.289971,-0.257062,0.272793
-0.276461,-0.260133,0.272050
-0.283047,-0.258878,0.271220
-0.272669,-0.255020,0.271307
-0.272656,-0.253630,0.265248
-0.271499,-0.259529,0.254756
-0.263269,-0.258540,0.258603
-0.255403,-0.251586,0.253134
-0.247977,-0.258610,0.236634
-0.525706,-0.255966,0.262618
-0.527723,-0.254364,0.268806
-0.515470,-0.256655,0.281851
-0.514594,-0.254697,0.300853
-0.507127,-0.257887,0.300256
-0.509223,-0.248639,0.297932
-0.500468,-0.254566,0.307815
-0.497507,-0.264623,0.303586
-0.496381,-0.251316,0.318481
-0.477671,-0.257607,0.305487
-0.480456,-0.257487,0.312404
-0.486165,-0.262851,0.318608
-0.466426,-0.246809,0.318220
-0.470381,-0.251632,0.319246
-0.473632,-0.257487,0.325229
-0.465762,-0.249577,0.306526
-0.461475,-0.253052,0.316986
-0.456154,-0.245379,0.311621
-0.450597,-0.257252,0.312952
-0.459638,-0.256623,0.317017
-0.440589,-0.250102,0.314600
-0.443776,-0.253857,0.316742
-0.434348,-0.260173,0.313483
-0.421614,-0.255608,0.332992
-0.419167,-0.251114,0.328126
-0.425389,-0.253979,0.323845
-0.421646,-0.254333,0.320457
-0.413383,-0.253855,0.327106
-0.411549,-0.256754,0.315265
-0.404592,-0.254802,0.324191
-0.402056,-0.261912,0.320906
-0.394129,-0.245240,0.318786
-0.391293,-0.253241,0.323766
-0.389105,-0.256519,0.320764
-0.381943,-0.259355,0.323417
-0.385678,-0.263188,0.332254
-0.369158,-0.252613,0.322891
-0.377988,-0.257542,0.322733
-0.377854,-0.248925,0.328336
-0.366138,-0.259143,0.321368
-0.368084,-0.261699,0.314939
-0.370095,-0.254901,0.324489
-0.365519,-0.260691,0.319558
-0.344751,-0.249705,0.305548
-0.348022,-0.254289,0.310198
-0.342978,-0.260829,0.316892
-0.332460,-0.249379,0.310880
-0.335064,-0.259829,0.308826
-0.335531,-0.251946,0.314880
-0.326632,-0.254527,0.302537
-0.324472,-0.253460,0.299297
-0.310076,-0.257002,0.298309
-0.312207,-0.250274,0.299598
-0.313599,-0.259202,0.296667
-0.304598,-0.248517,0.295703
-0.304251,-0.258180,0.286886
-0.295361,-0.258906,0.295213
-0.294990,-0.254632,0.289509
-0.284913,-0.261550,0.278208
-0.282807,-0.248513,0.277783
-0.275256,-0.244750,0.264752
-0.287974,-0.246331,0.268000
-0.269045,-0.257534,0.271227
-0.264621,-0.254899,0.266107
-0.263012,-0.249151,0.256859
-0.265978,-0.253861,0.260139
-0.252792,-0.254014,0.254338
-0.258979,-0.252369,0.244452
-0.250910,-0.253268,0.228667
-0.530139,-0.242521,0.239014
-0.528884,-0.249666,0.258420
-0.514628,-0.247292,0.274360
-0.513708,-0.245730,0.278459
-0.508969,-0.262662,0.293040
-0.504485,-0.249448,0.302709
-0.503129,-0.252628,0.310354
-0.498484,-0.247197,0.302661
-0.494403,-0.246295,0.311429
-0.493029,-0.253450,0.319361
-0.486630,-0.249243,0.316204
-0.477903,-0.256468,0.307791
-0.484310,-0.250242,0.307813
-0.465195,-0.251435,0.309544
-0.477187,-0.249700,0.321088
-0.469383,-0.244610,0.308160
-0.459832,-0.256393,0.317169
-0.458420,-0.257228,0.319078
-0.451057,-0.246939,0.326787
-0.444951,-0.250147,0.320836
-0.449573,-0.251870,0.309914
-0.450252,-0.247018,0.318537
-0.445402,-0.253804,0.314274
-0.430396,-0.251960,0.322520
-0.432726,-0.251348,0.310013
-0.429511,-0.255366,0.319698
-0.427537,-0.245461,0.322986
-0.421283,-0.260902,0.323495
-0.412774,-0.247956,0.323551
-0.417357,-0.255813,0.319560
-0.411115,-0.251967,0.313235
-0.399066,-0.260010,0.316275
-0.397708,-0.259558,0.322491
-0.398197,-0.248684,0.318357
-0.397197,-0.256276,0.322924
-0.383978,-0.253278,0.312513
-0.386782,-0.254286,0.321115
-0.380983,-0.252454,0.327478
-0.376239,-0.246521,0.319936
-0.369245,-0.255765,0.321296
-0.366607,-0.252259,0.328045
-0.362454,-0.249770,0.323022
-0.366474,-0.253578,0.317805
-0.354389,-0.257479,0.325641
-0.350786,-0.260830,0.315436
-0.343199,-0.253238,0.312536
-0.345525,-0.254302,0.319389
-0.338381,-0.241311,0.312645
-0.337525,-0.251847,0.309414
-0.328769,-0.250798,0.305011
-0.330288,-0.248360,0.300695
-0.313143,-0.259440,0.307176
-0.319177,-0.249878,0.300582
-0.312638,-0.247288,0.296300
-0.305415,-0.253296,0.293140
-0.304146,-0.248465,0.294976
-0.301870,-0.252383,0.297789
-0.301549,-0.252702,0.278008
-0.297958,-0.247388,0.284291
-0.291904,-0.248225,0.274850
-0.281629,-0.248177,0.276915
-0.271486,-0.246571,0.279014
-0.278459,-0.247562,0.276954
-0.266684,-0.249603,0.270585
-0.269996,-0.243425,0.261164
-0.258598,-0.252360,0.266785
-0.264958,-0.247178,0.264046
-0.249970,-0.248078,0.240155
-0.254095,-0.246855,0.246924
-0.245166,-0.246550,0.237610
-0.536588,-0.253341,0.238845
-0.530055,-0.243531,0.254838
-0.521303,-0.243890,0.282043
-0.524136,-0.248713,0.291431
-0.509216,-0.253016,0.309445
-0.511896,-0.252362,0.298842
-0.506302,-0.245789,0.316063
-0.498575,-0.251418,0.310846
-0.500566,-0.245890,0.317308
-0.489276,-0.238006,0.312214
-0.485099,-0.252974,0.318720
-0.482112,-0.245989,0.317325
-0.480688,-0.251601,0.306140
-0.478963,-0.241652,0.317407
-0.479481,-0.245330,0.320704
-0.460921,-0.243804,0.315722
-0.456919,-0.250957,0.316776
-0.459839,-0.255219,0.329002
-0.451378,-0.251931,0.318368
-0.449760,-0.247340,0.317091
-0.448151,-0.254185,0.316576
-0.447542,-0.256480,0.317459
-0.432786,-0.250478,0.319969
-0.437439,-0.243027,0.326791
-0.429517,-0.244979,0.318040
-0.426777,-0.245854,0.320479
-0.415056,-0.245468,0.319919
-0.420872,-0.235395,0.324594
-0.417710,-0.251490,0.323387
-0.416781,-0.247803,0.335519
-0.405630,-0.249828,0.323039
-0.400576,-0.244009,0.329250
-0.399399,-0.246694,0.331679
-0.394271,-0.245419,0.318631
-0.392961,-0.250215,0.320451
-0.391851,-0.256108,0.327306
-0.377874,-0.252685,0.321621
-0.374110,-0.252856,0.325881
-0.373681,-0.254783,0.328126
-0.380841,-0.252369,0.326413
-0.371668,-0.239394,0.327951
-0.364773,-0.250027,0.323528
-0.352646,-0.247608,0.323265
-0.353488,-0.253973,0.311192
-0.360299,-0.251036,0.318576
-0.348130,-0.237995,0.313438
-0.349212,-0.245159,0.309810
-0.341860,-0.251265,0.308075
-0.335467,-0.257160,0.304195
-0.332724,-0.241134,0.303546
-0.322141,-0.250125,0.304966
-0.320108,-0.243163,0.301065
-0.319783,-0.254706,0.302440
-0.309862,-0.248468,0.299524
-0.316518,-0.244150,0.300469
-0.308762,-0.257063,0.295077
-0.295684,-0.238547,0.287924
-0.297551,-0.243940,0.286510
-0.288978,-0.245992,0.285561
-0.287094,-0.241476,0.277750
-0.288579,-0.243907,0.276539
-0.285698,-0.238759,0.271778
-0.282765,-0.243579,0.275042
-0.274923,-0.253222,0.274736
-0.265652,-0.241829,0.260456
-0.266525,-0.235745,0.259924
-0.258264,-0.243168,0.260473
-0.262557,-0.243714,0.251661
-0.244963,-0.247261,0.248044
-0.248493,-0.244324,0.235972
-0.534071,-0.245200,0.244092
-0.529567,-0.241738,0.251381
-0.519153,-0.240955,0.283040
-0.511598,-0.248142,0.300192
-0.513198,-0.237319,0.312693
-0.502648,-0.247470,0.309740
-0.498461,-0.239217,0.303878
-0.497826,-0.238718,0.314058
-0.496053,-0.250630,0.314002
-0.486765,-0.241178,0.314511
-0.493020,-0.230472,0.313415
-0.481402,-0.247675,0.310185
-0.482391,-0.239151,0.317955
-0.479784,-0.249112,0.309187
-0.473328,-0.238292,0.317696
-0.465602,-0.242704,0.310583
-0.465655,-0.247803,0.329786
-0.458332,-0.240780,0.323659
-0.468494,-0.249967,0.312120
-0.451296,-0.248418,0.319230
-0.440803,-0.246272,0.329572
-0.440956,-0.239794,0.325733
-0.433041,-0.238490,0.325751
-0.437625,-0.248054,0.327523
-0.418656,-0.245083,0.321862
-0.418771,-0.234891,0.329474
-0.420273,-0.242137,0.320598
-0.413313,-0.241454,0.327119
-0.422093,-0.242201,0.317438
-0.414232,-0.233989,0.334837
-0.411238,-0.248947,0.318280
-0.406539,-0.237944,0.331595
-0.402871,-0.246612,0.323453
-0.387689,-0.239754,0.317381
-0.398727,-0.229899,0.334316
-0.379820,-0.245100,0.321985
-0.390560,-0.247252,0.326022
-0.384020,-0.239151,0.323438
-0.391487,-0.247756,0.318106
-0.373264,-0.240724,0.314001
-0.365956,-0.237897,0.329849
-0.365441,-0.239360,0.318758
-0.362099,-0.241139,0.330251
-0.360604,-0.238952,0.315180
-0.351988,-0.247722,0.317991
-0.347040,-0.245774,0.322325
-0.343903,-0.245626,0.309990
-0.347376,-0.243335,0.313354
-0.333454,-0.241520,0.313669
-0.336603,-0.242740,0.311896
-0.325546,-0.245480,0.310863
-0.324530,-0.249522,0.301722
-0.306472,-0.241564,0.306692
-0.319025,-0.248241,0.304555
-0.304041,-0.242183,0.296120
-0.312702,-0.244186,0.291366
-0.297747,-0.235635,0.291004
-0.301269,-0.243865,0.289421
-0.285776,-0.241887,0.278226
-0.289997,-0.236944,0.270671
-0.285815,-0.238732,0.284430
-0.280396,-0.239370,0.272336
-0.279202,-0.242185,0.269721
-0.270680,-0.232945,0.268395
-0.267379,-0.241187,0.257278
-0.264405,-0.230687,0.262938
-0.255997,-0.237703,0.264377
-0.252925,-0.234435,0.251226
-0.253664,-0.238664,0.250287
-0.251394,-0.238809,0.234861
-0.534473,-0.228970,0.235406
-0.531442,-0.232291,0.255512
-0.524773,-0.236742,0.270719
-0.528724,-0.226988,0.292090
-0.511573,-0.236218,0.299692
-0.512482,-0.239228,0.310708
-0.500413,-0.237517,0.305266
-0.504880,-0.237039,0.311321
-0.494369,-0.242621,0.307879
-0.494650,-0.238305,0.322134
-0.498470,-0.239012,0.324644
-0.479857,-0.236459,0.320218
-0.484846,-0.233953,0.315380
-0.487660,-0.235253,0.310095
-0.472711,-0.241895,0.315148
-0.469878,-0.248951,0.323667
-0.470570,-0.231565,0.326424
-0.466505,-0.238750,0.312728
-0.456036,-0.239919,0.317748
-0.459019,-0.246775,0.320762
-0.448209,-0.245363,0.324251
-0.453368,-0.242278,0.319741
-0.440811,-0.236570,0.322812
-0.439365,-0.236374,0.320169
-0.430948,-0.237131,0.320645
-0.426340,-0.228330,0.324050
-0.419181,-0.235524,0.325900
-0.429041,-0.237121,0.333529
-0.414218,-0.237996,0.322241
-0.416468,-0.243906,0.323512
-0.402885,-0.242158,0.327808
-0.422140,-0.225235,0.322889
-0.395512,-0.232812,0.323764
-0.398445,-0.246885,0.325945
-0.390693,-0.248457,0.327022
-0.389097,-0.236821,0.315308
-0.394691,-0.241570,0.329088
-0.388418,-0.237693,0.324497
-0.380810,-0.232101,0.314782
-0.373092,-0.236720,0.319543
-0.372980,-0.238522,0.322233
-0.369740,-0.239056,0.324624
-0.361124,-0.236131,0.320011
-0.348515,-0.235471,0.311118
-0.352991,-0.239372,0.325647
-0.352138,-0.228317,0.327675
-0.348469,-0.236565,0.313106
-0.333284,-0.238249,0.309117
-0.345347,-0.236520,0.312144
-0.332847,-0.239171,0.312207
-0.325992,-0.231454,0.311168
-0.327874,-0.233279,0.308918
-0.326536,-0.235276,0.310361
-0.314598,-0.236435,0.310505
-0.312482,-0.234107,0.299589
-0.311107,-0.234932,0.288700
-0.306238,-0.229175,0.286367
-0.303057,-0.236826,0.294103
-0.302571,-0.233236,0.286324
-0.304344,-0.231702,0.289087
-0.292131,-0.228499,0.280316
-0.293857,-0.242324,0.271045
-0.275322,-0.247765,0.279038
-0.273758,-0.235128,0.265411
-0.267730,-0.228561,0.275329
-0.269770,-0.234123,0.268022
-0.262051,-0.228518,0.267809
-0.260557,-0.230661,0.259861
-0.254139,-0.236288,0.248993
-0.253228,-0.233194,0.257926
-0.251201,-0.236521,0.252615
-0.242205,-0.232981,0.238269
-0.527538,-0.224275,0.232198
-0.521375,-0.234112,0.242041
-0.529541,-0.229725,0.269348
-0.528324,-0.229778,0.282939
-0.512012,-0.240949,0.305229
-0.512317,-0.237390,0.313089
-0.506468,-0.242558,0.315087
-0.495209,-0.236462,0.316060
-0.493791,-0.237839,0.315899
-0.482110,-0.226617,0.310171
-0.485912,-0.231526,0.307383
-0.484438,-0.225710,0.311814
-0.484592,-0.224231,0.313448
-0.469570,-0.238624,0.313432
-0.470219,-0.226475,0.324634
-0.467905,-0.229079,0.324003
-0.465675,-0.231981,0.318915
-0.461291,-0.242895,0.313510
-0.468681,-0.232034,0.314398
-0.453345,-0.236372,0.319045
-0.443466,-0.235479,0.316674
-0.442796,-0.241477,0.320884
-0.440546,-0.232119,0.320886
-0.440522,-0.234857,0.318219
-0.445492,-0.235451,0.314379
-0.427695,-0.222458,0.322177
-0.425304,-0.229737,0.326485
-0.417962,-0.229596,0.319034
-0.417985,-0.236090,0.324926
-0.410395,-0.237223,0.323548
-0.413040,-0.236354,0.321862
-0.407261,-0.237949,0.320329
-0.401083,-0.228830,0.333511
-0.401578,-0.232922,0.322309
-0.387806,-0.239186,0.327834
-0.397772,-0.233343,0.327901
-0.381292,-0.231560,0.325847
-0.385635,-0.239871,0.330892
-0.373302,-0.229755,0.321045
-0.379470,-0.238113,0.324569
-0.369520,-0.229969,0.318083
-0.358303,-0.226968,0.323145
-0.357106,-0.229550,0.318863
-0.357538,-0.225559,0.320326
-0.362398,-0.231302,0.315075
-0.344035,-0.239121,0.321986
-0.350005,-0.238415,0.322101
-0.347449,-0.230684,0.322795
-0.343843,-0.241497,0.311649
-0.332216,-0.234159,0.324200
-0.333806,-0.225579,0.309093
-0.330931,-0.237295,0.311195
-0.312664,-0.237796,0.301962
-0.318541,-0.230066,0.295931
-0.318779,-0.234155,0.300410
-0.309226,-0.232691,0.288663
-0.307448,-0.231355,0.281451
-0.300318,-0.230591,0.288629
-0.289439,-0.233728,0.293251
-0.288353,-0.236579,0.282241
-0.287245,-0.220920,0.286145
-0.273809,-0.234836,0.278623
-0.284198,-0.220403,0.279752
-0.278542,-0.228455,0.270285
-0.276134,-0.231856,0.274998
-0.272172,-0.230971,0.262700
-0.275002,-0.223833,0.270439
-0.265465,-0.225220,0.259968
-0.261356,-0.226559,0.263234
-0.254431,-0.232467,0.239897
-0.252227,-0.232936,0.246658
-0.244234,-0.228604,0.237220
-0.534492,-0.227789,0.230798
-0.538148,-0.233306,0.249743
-0.525311,-0.225496,0.271636
-0.519789,-0.234548,0.282979
-0.520633,-0.230744,0.306920
-0.508113,-0.231543,0.314279
-0.505827,-0.234375,0.317893
-0.504808,-0.227917,0.311948
-0.510511,-0.229824,0.310563
-0.493587,-0.229755,0.313683
-0.487358,-0.228412,0.319289
-0.490776,-0.229750,0.324836
-0.473637,-0.227251,0.313352
-0.474523,-0.230005,0.318088
-0.474941,-0.234900,0.323808
-0.469166,-0.235303,0.317301
-0.466431,-0.224935,0.318107
-0.461466,-0.224996,0.314970
-0.451788,-0.228873,0.322087
-0.450891,-0.235382,0.326239
-0.451242,-0.230562,0.316161
-0.447473,-0.222180,0.317920
-0.444001,-0.224033,0.318586
-0.440515,-0.232702,0.322771
-0.436132,-0.226089,0.318657
-0.431450,-0.226327,0.320158
-0.424500,-0.229378,0.312325
-0.419073,-0.233966,0.324180
-0.416217,-0.222167,0.321223
-0.412426,-0.228970,0.328038
-0.413512,-0.233682,0.332168
-0.409413,-0.232084,0.324501
-0.410795,-0.228967,0.329068
-0.405955,-0.229715,0.330203
-0.382245,-0.231793,0.328406
-0.393671,-0.230183,0.321995
-0.376252,-0.234902,0.322908
-0.375487,-0.224975,0.326767
-0.381632,-0.231819,0.321257
-0.383295,-0.231996,0.326345
-0.379717,-0.231778,0.320256
-0.367750,-0.236638,0.326966
-0.364117,-0.216614,0.316002
-0.362337,-0.234173,0.322506
-0.356858,-0.218217,0.324598
-0.351073,-0.224898,0.316285
-0.351977,-0.231172,0.318488
-0.344203,-0.225941,0.319836
-0.334855,-0.226446,0.320624
-0.334359,-0.227970,0.310547
-0.323848,-0.228666,0.310675
-0.321150,-0.222667,0.302472
-0.327923,-0.227026,0.308601
-0.318869,-0.226293,0.300156
-0.313918,-0.225197,0.303390
-0.301713,-0.226567,0.296838
-0.305970,-0.224892,0.299011
-0.303531,-0.227967,0.292091
-0.299416,-0.229081,0.297021
-0.287176,-0.220396,0.291584
-0.284205,-0.233280,0.288095
-0.280034,-0.234277,0.275492
-0.289236,-0.215981,0.279082
-0.268029,-0.223467,0.272675
-0.261664,-0.218467,0.272028
-0.258446,-0.224105,0.264998
-0.266148,-0.223507,0.264719
-0.265999,-0.229359,0.260018
-0.266531,-0.227161,0.258048
-0.243726,-0.234853,0.241532
-0.258428,-0.226380,0.256161
-0.245590,-0.224615,0.238172
-0.530132,-0.216296,0.234962
-0.531515,-0.215413,0.255243
-0.529850,-0.215124,0.267203
-0.523812,-0.215973,0.284685
-0.523869,-0.224325,0.314500
-0.511738,-0.229266,0.318681
-0.514436,-0.225502,0.325978
-0.493461,-0.231314,0.322090
-0.488604,-0.224684,0.316352
-0.487867,-0.222863,0.327982
-0.493608,-0.225384,0.317698
-0.499830,-0.220972,0.322476
-0.477992,-0.222871,0.312108
-0.474359,-0.216611,0.308829
-0.477020,-0.222180,0.321868
-0.462507,-0.224356,0.311753
-0.474570,-0.236243,0.322951
-0.464026,-0.234821,0.313071
-0.456887,-0.224479,0.315813
-0.449118,-0.228948,0.329593
-0.454219,-0.223463,0.325451
-0.450711,-0.231204,0.329949
-0.446820,-0.224712,0.323142
-0.442343,-0.224598,0.324647
-0.420583,-0.219921,0.331514
-0.431455,-0.230834,0.318825
-0.421097,-0.229161,0.321507
-0.419564,-0.223604,0.330162
-0.422726,-0.224700,0.325438
-0.414910,-0.227741,0.315009
-0.405275,-0.230775,0.324912
-0.406801,-0.220179,0.323836
-0.408105,-0.238366,0.325557
-0.395688,-0.217651,0.324747
-0.401539,-0.225259,0.324554
-0.386265,-0.219342,0.325306
-0.390994,-0.228542,0.330172
-0.376247,-0.231106,0.323853
-0.379130,-0.222622,0.328069
-0.374670,-0.227608,0.319538
-0.376351,-0.222233,0.324075
-0.362034,-0.220612,0.317374
-0.362224,-0.230438,0.321452
-0.357599,-0.236386,0.315577
-0.356368,-0.217585,0.316222
-0.348409,-0.217395,0.320942
-0.343783,-0.219939,0.317603
-0.342975,-0.228270,0.315557
-0.330166,-0.220697,0.314390
-0.337958,-0.229087,0.321362
-0.323440,-0.215132,0.300225
-0.323216,-0.216196,0.320103
-0.315806,-0.222700,0.308198
-0.324731,-0.233141,0.307976
-0.301882,-0.217549,0.298217
-0.315006,-0.225156,0.297038
-0.295854,-0.219161,0.289332
-0.304942,-0.228639,0.291790
-0.297086,-0.218147,0.294458
-0.288855,-0.230854,0.285482
-0.288007,-0.227570,0.276522
-0.282489,-0.221278,0.279061
-0.281717,-0.225407,0.275215
-0.270940,-0.225426,0.275222
-0.274594,-0.223496,0.268122
-0.265271,-0.231263,0.276895
-0.275528,-0.222738,0.262163
-0.265995,-0.221126,0.264307
-0.262350,-0.217253,0.264470
-0.254612,-0.216679,0.260301
-0.248829,-0.216274,0.250753
-0.250741,-0.221800,0.250849
-0.528570,-0.211257,0.237458
-0.540398,-0.212587,0.255826
-0.532126,-0.220118,0.271032
-0.511024,-0.213339,0.281995
-0.511973,-0.221874,0.306091
-0.518945,-0.217713,0.323958
-0.506449,-0.229572,0.309570
-0.505513,-0.223280,0.325466
-0.505666,-0.215957,0.319053
-0.490813,-0.227567,0.324246
-0.486126,-0.224132,0.317788
-0.484548,-0.222894,0.312298
-0.482357,-0.229580,0.316638
-0.481606,-0.223532,0.317743
-0.472487,-0.229508,0.315248
-0.474358,-0.222284,0.314608
-0.463826,-0.219987,0.320481
-0.468739,-0.218056,0.312373
-0.450077,-0.224030,0.313779
-0.455063,-0.217375,0.321139
-0.453616,-0.219073,0.322140
-0.439435,-0.214679,0.318640
-0.433188,-0.215356,0.322665
-0.440076,-0.224477,0.321709
-0.440646,-0.218699,0.326535
-0.429203,-0.225511,0.322004
-0.431911,-0.218900,0.321473
-0.412771,-0.215971,0.331244
-0.412392,-0.215450,0.329595
-0.420806,-0.229131,0.329182
-0.411666,-0.220386,0.329350
-0.409154,-0.220941,0.322296
-0.404034,-0.224026,0.315454
-0.412768,-0.214585,0.331826
-0.393528,-0.236803,0.325199
-0.387011,-0.219696,0.319249
-0.389681,-0.219443,0.327822
-0.386001,-0.219084,0.326296
-0.378401,-0.228117,0.318972
-0.385193,-0.216966,0.320797
-0.374774,-0.226436,0.314861
-0.364945,-0.225116,0.321029
-0.361220,-0.216460,0.317762
-0.355804,-0.215316,0.323365
-0.356943,-0.217629,0.318022
-0.355680,-0.213490,0.321337
-0.350331,-0.221438,0.317268
-0.334995,-0.217039,0.314417
-0.344563,-0.217457,0.318509
-0.335937,-0.217084,0.309063
-0.322087,-0.216144,0.309717
-0.329114,-0.220906,0.309874
-0.326281,-0.224072,0.307218
-0.319003,-0.219550,0.304993
-0.315829,-0.226394,0.301511
-0.306619,-0.211099,0.296582
-0.318821,-0.219532,0.294064
-0.291847,-0.213391,0.291398
-0.296921,-0.223486,0.286670
-0.289200,-0.217875,0.283465
-0.298715,-0.221189,0.289701
-0.293270,-0.216019,0.277565
-0.279573,-0.213444,0.283347
-0.273634,-0.215065,0.272199
-0.268458,-0.220739,0.267846
-0.270553,-0.216581,0.262477
-0.264050,-0.224858,0.260563
-0.257095,-0.221149,0.261563
-0.261084,-0.218162,0.262322
-0.256730,-0.217535,0.260921
-0.243767,-0.202995,0.251705
-0.250612,-0.222755,0.244722
-0.537008,-0.208387,0.234232
-0.531937,-0.220122,0.256904
-0.507892,-0.210679,0.275542
-0.517784,-0.207285,0.296279
-0.509819,-0.221174,0.321889
-0.518813,-0.214781,0.310624
-0.509285,-0.210354,0.321899
-0.498864,-0.220883,0.322541
-0.497905,-0.214620,0.312951
-0.493883,-0.219643,0.320000
-0.488010,-0.218819,0.321136
-0.481651,-0.216503,0.312394
-0.487351,-0.217956,0.313866
-0.482819,-0.219652,0.317343
-0.465624,-0.224302,0.315929
-0.473783,-0.219510,0.316138
-0.470456,-0.211118,0.311702
-0.454123,-0.215100,0.318070
-0.458722,-0.221707,0.320877
-0.452289,-0.218322,0.319253
-0.453613,-0.206902,0.323679
-0.447731,-0.223669,0.323406
-0.442354,-0.213409,0.317607
-0.439180,-0.215028,0.325472
-0.431453,-0.217368,0.318832
-0.434091,-0.215062,0.327083
-0.424126,-0.214967,0.317909
-0.424717,-0.228604,0.316883
-0.412561,-0.207939,0.330638
-0.415821,-0.216432,0.322025
-0.406860,-0.227159,0.328817
-0.408466,-0.221316,0.321758
-0.406543,-0.219988,0.330293
-0.395921,-0.216553,0.323640
-0.393957,-0.219224,0.324080
-0.399411,-0.224093,0.321268
-0.383254,-0.220274,0.318413
-0.382883,-0.221175,0.326331
-0.386760,-0.206785,0.311181
-0.375630,-0.213666,0.323045
-0.360537,-0.210011,0.319237
-0.375437,-0.211359,0.326341
-0.357868,-0.218951,0.322581
-0.347125,-0.224872,0.319868
-0.350827,-0.214143,0.318908
-0.350403,-0.219710,0.323945
-0.352023,-0.214156,0.308260
-0.348647,-0.206975,0.317609
-0.331117,-0.212890,0.312113
-0.331849,-0.212534,0.312439
-0.331528,-0.212380,0.304818
-0.333369,-0.226693,0.300948
-0.319191,-0.225778,0.304408
-0.313725,-0.216822,0.304572
-0.318228,-0.220114,0.303892
-0.308729,-0.212802,0.305042
-0.299965,-0.213072,0.295567
-0.301941,-0.210403,0.285401
-0.304535,-0.214575,0.287476
-0.297976,-0.214281,0.285619
-0.296646,-0.217490,0.288829
-0.281031,-0.214230,0.278519
-0.285265,-0.210730,0.279891
-0.282771,-0.209694,0.285374
-0.273146,-0.208652,0.274095
-0.263803,-0.205778,0.268990
-0.273575,-0.209609,0.266120
-0.259027,-0.212338,0.268835
-0.257738,-0.198087,0.255410
-0.254697,-0.212866,0.258285
-0.248317,-0.212267,0.257182
-0.249984,-0.211306,0.242166
-0.540438,-0.199208,0.242115
-0.531849,-0.201601,0.256808
-0.526830,-0.214583,0.279391
-0.515443,-0.214282,0.302708
-0.520817,-0.208451,0.321004
-0.510673,-0.209033,0.321648
-0.499462,-0.216428,0.318730
-0.502808,-0.214451,0.328044
-0.495366,-0.207619,0.319580
-0.488919,-0.208552,0.322976
-0.487094,-0.211234,0.322111
-0.483664,-0.214593,0.312002
-0.485794,-0.214313,0.315764
-0.483512,-0.214315,0.338161
-0.478471,-0.211301,0.321491
-0.457576,-0.210415,0.315924
-0.475037,-0.222774,0.323582
-0.466605,-0.205552,0.318069
-0.458341,-0.210437,0.318975
-0.457922,-0.214417,0.321761
-0.447977,-0.219297,0.327558
-0.449581,-0.217783,0.314937
-0.434326,-0.217332,0.325144
-0.442877,-0.215413,0.325486
-0.439158,-0.215897,0.320466
-0.430518,-0.201449,0.316987
-0.432325,-0.209356,0.312767
-0.424176,-0.213752,0.324499
-0.422549,-0.219390,0.310745
-0.414735,-0.215920,0.330847
-0.415196,-0.218187,0.323866
-0.402343,-0.218006,0.324300
-0.395735,-0.215139,0.328436
-0.411501,-0.214287,0.325659
-0.392381,-0.218687,0.330576
-0.390375,-0.221584,0.325040
-0.383981,-0.210541,0.321568
-0.372886,-0.217768,0.324849
-0.379124,-0.207829,0.319691
-0.393870,-0.215472,0.321022
-0.365574,-0.217424,0.326182
-0.354227,-0.214043,0.319243
-0.368414,-0.210403,0.321109
-0.358461,-0.216066,0.326592
-0.352949,-0.215402,0.322121
-0.356274,-0.223315,0.323249
-0.341636,-0.215076,0.319205
-0.341465,-0.212804,0.311801
-0.341449,-0.214316,0.306260
-0.339668,-0.211097,0.308596
-0.324386,-0.213135,0.304361
-0.331602,-0.209851,0.300845
-0.323277,-0.206640,0.303285
-0.314754,-0.207956,0.299844
-0.319023,-0.202459,0.298594
-0.302222,-0.208301,0.287603
-0.298441,-0.209228,0.299529
-0.302153,-0.212435,0.283086
-0.307870,-0.208428,0.294052
-0.289480,-0.211081,0.283197
-0.290700,-0.207525,0.276193
-0.284993,-0.203858,0.277810
-0.280517,-0.212399,0.275034
-0.280402,-0.212948,0.280990
-0.271839,-0.215198,0.279564
-0.270155,-0.217830,0.263715
-0.257953,-0.200946,0.259651
-0.252937,-0.212129,0.271229
-0.252595,-0.204463,0.260551
-0.258118,-0.207517,0.258534
-0.251471,-0.209073,0.262151
-0.232825,-0.207470,0.245497
-0.543267,-0.196688,0.221189
-0.530955,-0.195319,0.247213
-0.529320,-0.206288,0.272536
-0.517447,-0.204786,0.278493
-0.520330,-0.208804,0.294907
-0.514902,-0.207356,0.314569
-0.499948,-0.206104,0.323576
-0.511511,-0.201054,0.326780
-0.504284,-0.200789,0.308639
-0.495903,-0.208342,0.310305
-0.497853,-0.206477,0.315327
-0.491639,-0.211179,0.313714
-0.483989,-0.204620,0.319565
-0.476214,-0.212584,0.321396
-0.485007,-0.208722,0.326295
-0.483286,-0.207297,0.317777
-0.476948,-0.212790,0.317644
-0.464123,-0.203590,0.316224
-0.464467,-0.208531,0.324030
-0.458474,-0.205457,0.306743
-0.450260,-0.202685,0.305792
-0.449077,-0.202197,0.320454
-0.449461,-0.205408,0.320674
-0.444441,-0.211692,0.321251
-0.425056,-0.210075,0.323963
-0.434779,-0.209318,0.324156
-0.420427,-0.213509,0.317374
-0.434853,-0.206239,0.324584
-0.417502,-0.220498,0.320373
-0.410592,-0.202815,0.318661
-0.413076,-0.203252,0.326064
-0.409279,-0.217964,0.319949
-0.403391,-0.201622,0.321910
-0.400758,-0.212364,0.323394
-0.406953,-0.200905,0.331421
-0.392648,-0.206146,0.332456
-0.389857,-0.209986,0.330045
-0.386187,-0.221370,0.324538
-0.368997,-0.207078,0.335652
-0.379299,-0.208952,0.331260
-0.372098,-0.217987,0.326688
-0.378056,-0.206613,0.322048
-0.363800,-0.208830,0.323530
-0.361748,-0.209577,0.320388
-0.350688,-0.213005,0.315870
-0.358260,-0.208514,0.314607
-0.339797,-0.219008,0.317682
-0.350197,-0.209262,0.321975
-0.342504,-0.201074,0.308128
-0.329605,-0.206509,0.308149
-0.342053,-0.200233,0.309333
-0.339262,-0.209675,0.307405
-0.324203,-0.205973,0.298080
-0.318202,-0.201232,0.303721
-0.323955,-0.208006,0.298807
-0.317130,-0.208298,0.295688
-0.314958,-0.203020,0.294735
-0.309676,-0.200717,0.286973
-0.300753,-0.201962,0.286638
-0.291258,-0.200424,0.295218
-0.284774,-0.202197,0.276036
-0.286376,-0.204477,0.285830
-0.275635,-0.202760,0.285612
-0.271909,-0.206934,0.267802
-0.272328,-0.210018,0.275090
-0.268313,-0.213952,0.271923
-0.266978,-0.209442,0.268702
-0.268466,-0.209198,0.263089
-0.259152,-0.204894,0.251935
-0.258176,-0.199201,0.261402
-0.249915,-0.203721,0.261012
-0.242953,-0.195759,0.258907
-0.242197,-0.198022,0.250906
-0.531402,-0.195741,0.216122
-0.547888,-0.198487,0.246848
-0.530491,-0.195832,0.265340
-0.526064,-0.194312,0.282273
-0.523512,-0.204512,0.306665
-0.524161,-0.202651,0.327749
-0.515368,-0.211093,0.313205
-0.511151,-0.200973,0.322910
-0.500510,-0.201118,0.313218
-0.503069,-0.200684,0.319128
-0.489987,-0.209397,0.321890
-0.492199,-0.201093,0.318542
-0.491048,-0.199618,0.317544
-0.481621,-0.196600,0.321733
-0.478182,-0.195926,0.319042
-0.482792,-0.205940,0.330025
-0.472683,-0.202134,0.318397
-0.472595,-0.204016,0.321396
-0.463035,-0.206496,0.321391
-0.472880,-0.200880,0.319405
-0.454996,-0.208496,0.322861
-0.451281,-0.198163,0.323964
-0.446947,-0.208333,0.313995
-0.436955,-0.207131,0.326478
-0.437002,-0.199923,0.324784
-0.428862,-0.206712,0.315611
-0.426064,-0.198877,0.321028
-0.430691,-0.199844,0.318604
-0.424392,-0.206792,0.326528
-0.418487,-0.205746,0.316883
-0.417378,-0.208427,0.318368
-0.413992,-0.204002,0.319064
-0.412519,-0.210580,0.319551
-0.411066,-0.194878,0.324832
-0.400521,-0.202805,0.326395
-0.392158,-0.206192,0.323119
-0.386234,-0.205000,0.314424
-0.393031,-0.218577,0.321115
-0.382949,-0.208392,0.322374
-0.372222,-0.206146,0.320509
-0.379483,-0.207892,0.314581
-0.370928,-0.204703,0.324630
-0.360438,-0.199004,0.314369
-0.356344,-0.208422,0.318537
-0.353099,-0.206406,0.320046
-0.358462,-0.200510,0.319525
-0.345587,-0.204493,0.317703
-0.346020,-0.204659,0.314272
-0.342029,-0.197104,0.318990
-0.338810,-0.196337,0.313275
-0.335291,-0.196221,0.312843
-0.330359,-0.203828,0.315437
-0.320009,-0.202027,0.307462
-0.319126,-0.207980,0.307603
-0.314308,-0.201066,0.303473
-0.307999,-0.205738,0.293408
-0.311347,-0.195966,0.311055
-0.302026,-0.209475,0.291648
-0.302239,-0.204963,0.288200
-0.296605,-0.193219,0.286160
-0.293968,-0.198619,0.295803
-0.290774,-0.199937,0.280781
-0.283675,-0.191182,0.274200
-0.289242,-0.209898,0.278782
-0.275735,-0.199337,0.280365
-0.272299,-0.202349,0.276122
-0.261486,-0.196906,0.270943
-0.262450,-0.192680,0.269018
-0.260105,-0.202409,0.273057
-0.269378,-0.202556,0.264186
-0.251226,-0.205648,0.252867
-0.247050,-0.193572,0.250321
-0.236642,-0.200903,0.253616
-0.538662,-0.184966,0.223764
-0.540438,-0.186876,0.254239
-0.537869,-0.194141,0.261039
-0.523238,-0.198139,0.278893
-0.521324,-0.194882,0.299961
-0.505582,-0.194260,0.314931
-0.509540,-0.200644,0.316004
-0.508716,-0.200847,0.325084
-0.498237,-0.200328,0.320939
-0.495125,-0.198320,0.319813
-0.488552,-0.194716,0.312662
-0.485631,-0.199195,0.311872
-0.480945,-0.207465,0.321047
-0.487289,-0.193977,0.322863
-0.481705,-0.197742,0.316322
-0.477320,-0.199884,0.315559
-0.466496,-0.193434,0.318227
-0.474302,-0.201964,0.315356
-0.459769,-0.199661,0.321439
-0.450820,-0.190632,0.319468
-0.452136,-0.197103,0.321507
-0.462441,-0.196032,0.311944
-0.448364,-0.197095,0.317700
-0.440762,-0.198391,0.322199
-0.425968,-0.195453,0.314176
-0.441411,-0.200227,0.332905
-0.435771,-0.201033,0.322101
-0.426546,-0.204336,0.321167
-0.431770,-0.189546,0.330270
-0.415464,-0.197089,0.324180
-0.418623,-0.203129,0.322832
-0.408856,-0.196366,0.322371
-0.413052,-0.201415,0.331118
-0.401958,-0.200042,0.332152
-0.397265,-0.203991,0.324377
-0.392129,-0.199279,0.328247
-0.390425,-0.195287,0.326063
-0.388318,-0.195046,0.335437
-0.386243,-0.204258,0.323516
-0.382291,-0.193789,0.316678
-0.367469,-0.197657,0.324887
-0.367537,-0.201492,0.324126
-0.372988,-0.192979,0.318398
-0.370095,-0.199728,0.322290
-0.344978,-0.201332,0.317359
-0.353692,-0.197180,0.313576
-0.355725,-0.206870,0.317523
-0.346875,-0.200192,0.323358
-0.345985,-0.202482,0.309344
-0.329312,-0.196278,0.313438
-0.334511,-0.199611,0.312739
-0.332770,-0.195289,0.317138
-0.336801,-0.206284,0.303406
-0.320703,-0.201123,0.305727
-0.314167,-0.201270,0.299442
-0.313043,-0.209015,0.303346
-0.316684,-0.200307,0.302399
-0.308354,-0.201391,0.298125
-0.299587,-0.200479,0.289156
-0.302457,-0.190726,0.286774
-0.301663,-0.192431,0.282163
-0.291233,-0.200670,0.292452
-0.283287,-0.194107,0.284747
-0.286399,-0.192168,0.282575
-0.272727,-0.201880,0.283852
-0.277393,-0.193773,0.276120
-0.260337,-0.193311,0.270377
-0.265259,-0.196516,0.260152
-0.267533,-0.202422,0.272228
-0.263183,-0.185279,0.254739
-0.249940,-0.192740,0.254937
-0.245442,-0.196446,0.258876
-0.239984,-0.185857,0.246382
-0.541383,-0.183980,0.226176
-0.528510,-0.190102,0.241491
-0.531810,-0.187711,0.265303
-0.515373,-0.198386,0.294655
-0.517579,-0.190724,0.307562
-0.515315,-0.205700,0.325037
-0.508023,-0.189157,0.338672
-0.504797,-0.196929,0.317823
-0.507316,-0.196318,0.323874
-0.492427,-0.193836,0.319925
-0.498196,-0.197909,0.319203
-0.485981,-0.196948,0.315926
-0.479992,-0.192702,0.311709
-0.488473,-0.194286,0.321771
-0.473528,-0.194565,0.319807
-0.471730,-0.188670,0.322483
-0.464372,-0.194445,0.322861
-0.470085,-0.199084,0.308580
-0.465598,-0.191759,0.309856
-0.449548,-0.193492,0.315318
-0.463704,-0.195639,0.309468
-0.447530,-0.202903,0.324359
-0.446878,-0.194854,0.323329
-0.446798,-0.188523,0.330547
-0.433913,-0.196331,0.314002
-0.433631,-0.194660,0.319830
-0.427746,-0.199276,0.321118
-0.427278,-0.190762,0.320812
-0.420163,-0.205230,0.323044
-0.413101,-0.194201,0.327930
-0.421750,-0.199918,0.329117
-0.413933,-0.191261,0.320619
-0.410557,-0.192536,0.315482
-0.404934,-0.182508,0.328614
-0.397852,-0.194508,0.330378
-0.388265,-0.192433,0.319086
-0.392480,-0.189395,0.330613
-0.397627,-0.196512,0.322238
-0.380370,-0.202016,0.315635
-0.372214,-0.202179,0.324465
-0.379549,-0.196534,0.315949
-0.363431,-0.182890,0.323305
-0.375232,-0.195892,0.318782
-0.373779,-0.197735,0.311967
-0.364369,-0.193157,0.319046
-0.345712,-0.197518,0.314048
-0.352344,-0.198961,0.321568
-0.342265,-0.201632,0.317043
-0.336732,-0.206220,0.316128
-0.323991,-0.194021,0.311616
-0.331834,-0.191384,0.310457
-0.330384,-0.191471,0.310539
-0.329251,-0.185743,0.308262
-0.316205,-0.199785,0.308328
-0.321099,-0.194583,0.303591
-0.309096,-0.190536,0.291098
-0.302890,-0.193479,0.296466
-0.306772,-0.194174,0.286284
-0.302526,-0.182096,0.282821
-0.299998,-0.189717,0.281311
-0.297440,-0.192533,0.289588
-0.288869,-0.190124,0.274009
-0.281545,-0.196263,0.272233
-0.276512,-0.190151,0.274789
-0.277627,-0.196883,0.273226
-0.261916,-0.193699,0.267255
-0.266005,-0.183489,0.275230
-0.262402,-0.191842,0.260574
-0.257186,-0.196369,0.267213
-0.246693,-0.182071,0.250033
-0.256341,-0.189459,0.253266
-0.247525,-0.204773,0.250612
-0.247805,-0.189038,0.257788
-0.540854,-0.186958,0.222023
-0.539663,-0.177876,0.250293
-0.523115,-0.185647,0.266525
-0.533819,-0.190711,0.279211
-0.517579,-0.189706,0.303976
-0.516996,-0.190646,0.317251
-0.508564,-0.193625,0.321392
-0.503278,-0.182576,0.314947
-0.507087,-0.187795,0.323328
-0.495534,-0.188957,0.322259
-0.495461,-0.187748,0.322405
-0.487847,-0.204392,0.318578
-0.496764,-0.181991,0.317833
-0.486470,-0.177685,0.321974
-0.476403,-0.189602,0.315971
-0.468454,-0.185676,0.326008
-0.467083,-0.183650,0.321170
-0.471299,-0.188372,0.316999
-0.471176,-0.198384,0.326472
-0.453099,-0.195101,0.327614
-0.450837,-0.191158,0.320173
-0.461817,-0.189653,0.318351
-0.435393,-0.190915,0.324337
-0.439439,-0.190891,0.321896
-0.443246,-0.197880,0.324269
-0.439853,-0.195870,0.318842
-0.430858,-0.181955,0.321650
-0.430165,-0.189262,0.326198
-0.419632,-0.197846,0.321398
-0.415644,-0.193760,0.319047
-0.408966,-0.189547,0.319589
-0.411679,-0.191382,0.321711
-0.410297,-0.191096,0.321022
-0.398033,-0.195073,0.324317
-0.398780,-0.199403,0.328133
-0.392702,-0.191688,0.328225
-0.391647,-0.189110,0.321783
-0.390583,-0.181501,0.334610
-0.379697,-0.192524,0.325353
-0.385421,-0.196183,0.325696
-0.371194,-0.197667,0.311324
-0.369498,-0.195365,0.317903
-0.354708,-0.188442,0.315385
-0.356546,-0.186482,0.304602
-0.351319,-0.196678,0.317352
-0.352491,-0.197053,0.321614
-0.335319,-0.193344,0.313932
-0.347236,-0.192592,0.307245
-0.337710,-0.195927,0.320917
-0.331645,-0.182928,0.306848
-0.328194,-0.195698,0.316894
-0.333435,-0.189548,0.310615
-0.320128,-0.190241,0.301734
-0.321013,-0.196026,0.296145
-0.319852,-0.183946,0.296459
-0.306072,-0.191060,0.297805
-0.310792,-0.187559,0.285081
-0.313425,-0.188838,0.303940
-0.297917,-0.188757,0.296376
-0.305376,-0.186355,0.288408
-0.299933,-0.193364,0.283889
-0.283446,-0.192015,0.285620
-0.286127,-0.192041,0.281351
-0.289928,-0.187612,0.270755
-0.276615,-0.186055,0.266723
-0.270438,-0.184133,0.264168
-0.264490,-0.183251,0.271902
-0.257097,-0.192738,0.262788
-0.247430,-0.186734,0.265177
-0.257672,-0.188169,0.252939
-0.258392,-0.179710,0.258095
-0.251170,-0.173201,0.262454
-0.242736,-0.177848,0.259027
-0.536398,-0.170187,0.227659
-0.527531,-0.175288,0.256931
-0.530655,-0.176054,0.271717
-0.519549,-0.182465,0.296349
-0.511825,-0.177424,0.314452
-0.517579,-0.188126,0.319496
-0.503598,-0.183520,0.326403
-0.503233,-0.186473,0.325137
-0.502247,-0.188233,0.321869
-0.498800,-0.187052,0.325265
-0.488577,-0.172238,0.331726
-0.489543,-0.188205,0.319146
-0.490524,-0.186154,0.317644
-0.486498,-0.182227,0.322353
-0.476765,-0.198751,0.311370
-0.469734,-0.180637,0.314735
-0.469242,-0.188556,0.326327
-0.465315,-0.187701,0.315812
-0.460184,-0.190358,0.322150
-0.461577,-0.187763,0.320789
-0.445992,-0.189229,0.319693
-0.451995,-0.179208,0.331408
-0.446371,-0.192391,0.308407
-0.438063,-0.175598,0.324156
-0.431641,-0.187985,0.325521
-0.439378,-0.185465,0.322340
-0.427391,-0.185711,0.315724
-0.426209,-0.176063,0.313941
-0.422130,-0.188770,0.315456
-0.430754,-0.179728,0.324373
-0.412939,-0.190779,0.325769
-0.409790,-0.184392,0.321384
-0.401119,-0.191648,0.322438
-0.401570,-0.195829,0.332116
-0.393995,-0.189903,0.321457
-0.387656,-0.179734,0.322788
-0.398447,-0.184066,0.335502
-0.389650,-0.190456,0.320516
-0.379633,-0.194959,0.332952
-0.375732,-0.181984,0.323874
-0.381123,-0.188875,0.327893
-0.372150,-0.185438,0.327045
-0.372648,-0.186708,0.315783
-0.366320,-0.198199,0.315869
-0.360441,-0.197910,0.315083
-0.354412,-0.189567,0.312985
-0.352820,-0.189750,0.304280
-0.351128,-0.187366,0.304295
-0.342480,-0.178934,0.319569
-0.329053,-0.195964,0.312938
-0.346189,-0.188616,0.311881
-0.331003,-0.185502,0.309651
-0.330369,-0.188226,0.308219
-0.326671,-0.180577,0.307546
-0.324494,-0.191096,0.302356
-0.319149,-0.182880,0.298935
-0.302720,-0.186304,0.309834
-0.298836,-0.183833,0.291612
-0.301719,-0.180596,0.280793
-0.299267,-0.184483,0.283752
-0.283859,-0.175449,0.289903
-0.295187,-0.181789,0.279890
-0.282951,-0.178199,0.277321
-0.280006,-0.185588,0.271762
-0.260606,-0.187331,0.283140
-0.270906,-0.184846,0.264144
-0.268957,-0.183674,0.268910
-0.259297,-0.189276,0.262361
-0.265849,-0.175314,0.269315
-0.256456,-0.178363,0.267801
-0.248608,-0.181851,0.261734
-0.246980,-0.185871,0.269546
-0.240203,-0.186237,0.252595
-0.538726,-0.177406,0.238842
-0.541091,-0.170590,0.254455
-0.534948,-0.180904,0.277252
-0.525464,-0.184599,0.290270
-0.515148,-0.184356,0.309277
-0.512125,-0.176195,0.334399
-0.515406,-0.176299,0.326027
-0.504807,-0.172803,0.324405
-0.502294,-0.181552,0.326610
-0.503747,-0.183999,0.316471
-0.490205,-0.179742,0.319762
-0.495135,-0.176202,0.317363
-0.484711,-0.180850,0.323931
-0.479287,-0.189472,0.320909
-0.480260,-0.186900,0.317113
-0.473316,-0.176493,0.312968
-0.468862,-0.183341,0.324446
-0.469822,-0.177163,0.319224
-0.463612,-0.186299,0.318504
-0.468200,-0.178171,0.323442
-0.454377,-0.174968,0.321903
-0.453573,-0.184062,0.318933
-0.444822,-0.181713,0.321641
-0.434049,-0.185463,0.323125
-0.430286,-0.182673,0.322032
-0.426646,-0.172400,0.324403
-0.432231,-0.176501,0.325656
-0.432145,-0.188164,0.327881
-0.429969,-0.178544,0.315271
-0.415330,-0.176776,0.321173
-0.415625,-0.185813,0.322629
-0.407714,-0.187803,0.325628
-0.405103,-0.177446,0.331869
-0.402442,-0.185940,0.333330
-0.390901,-0.181563,0.329965
-0.393349,-0.183622,0.331033
-0.385754,-0.185742,0.331342
-0.386398,-0.172598,0.330381
-0.376943,-0.181859,0.320119
-0.374934,-0.186832,0.331229
-0.377445,-0.184191,0.331921
-0.380475,-0.181032,0.318834
-0.363351,-0.178583,0.316117
-0.354544,-0.183247,0.316405
-0.354751,-0.179176,0.319479
-0.354674,-0.178993,0.314588
-0.358871,-0.176927,0.317196
-0.353991,-0.181496,0.309714
-0.338253,-0.182136,0.309399
-0.345604,-0.178881,0.306329
-0.325344,-0.179929,0.310447
-0.334913,-0.176551,0.307382
-0.335138,-0.182109,0.310100
-0.336629,-0.185603,0.306345
-0.315403,-0.176790,0.300008
-0.312373,-0.190901,0.301636
-0.312733,-0.183293,0.296896
-0.309824,-0.183007,0.293683
-0.300043,-0.184715,0.282470
-0.297133,-0.171917,0.292851
-0.295963,-0.177417,0.281215
-0.286226,-0.187603,0.275889
-0.285374,-0.180095,0.283043
-0.286698,-0.192662,0.278426
-0.276302,-0.173087,0.271903
-0.269363,-0.173441,0.272838
-0.273393,-0.173755,0.271434
-0.268931,-0.175517,0.264160
-0.255064,-0.181153,0.262849
-0.247996,-0.177123,0.261663
-0.255833,-0.180984,0.262881
-0.254294,-0.183163,0.270531
-0.250751,-0.175843,0.256940
-0.530626,-0.167784,0.231839
-0.533742,-0.169792,0.253505
-0.523645,-0.172028,0.270440
-0.525112,-0.170548,0.294220
-0.521184,-0.175619,0.302558
-0.515285,-0.185636,0.329549
-0.500740,-0.180773,0.323957
-0.514162,-0.176969,0.323843
-0.509449,-0.179168,0.318657
-0.501059,-0.187437,0.322551
-0.489955,-0.185970,0.324370
-0.493485,-0.171746,0.316537
-0.483573,-0.177666,0.317912
-0.480198,-0.184093,0.319655
-0.470931,-0.174474,0.318679
-0.476954,-0.175139,0.320031
-0.465052,-0.177009,0.326242
-0.477208,-0.183709,0.322834
-0.462722,-0.178939,0.320152
-0.455664,-0.170571,0.315982
-0.454461,-0.183370,0.322924
-0.460736,-0.175961,0.320695
-0.443610,-0.170818,0.328271
-0.437544,-0.176267,0.321636
-0.441030,-0.176426,0.320303
-0.445393,-0.178105,0.329844
-0.426395,-0.167705,0.321416
-0.421499,-0.175393,0.330629
-0.419831,-0.181529,0.319255
-0.423810,-0.169500,0.323670
-0.412236,-0.175420,0.330339
-0.408889,-0.177377,0.321391
-0.410540,-0.181546,0.329316
-0.407348,-0.175826,0.324648
-0.404683,-0.176231,0.320772
-0.395609,-0.172099,0.325414
-0.391248,-0.176485,0.315640
-0.387563,-0.179649,0.321721
-0.388576,-0.179468,0.332333
-0.377191,-0.178958,0.326770
-0.381000,-0.178255,0.326351
-0.376109,-0.179378,0.316649
-0.364776,-0.177720,0.321403
-0.355922,-0.180146,0.323228
-0.359285,-0.173076,0.323113
-0.344439,-0.183723,0.301394
-0.350081,-0.174563,0.313466
-0.342610,-0.177384,0.323603
-0.337287,-0.180123,0.312952
-0.333251,-0.175104,0.322346
-0.344524,-0.176065,0.307775
-0.328406,-0.169844,0.309817
-0.328209,-0.171925,0.297649
-0.318876,-0.184974,0.297003
-0.317582,-0.170388,0.306242
-0.307893,-0.178135,0.295597
-0.304847,-0.179000,0.288937
-0.300542,-0.170970,0.294730
-0.307506,-0.171709,0.291424
-0.299047,-0.169762,0.290825
-0.292143,-0.175678,0.275459
-0.293462,-0.167960,0.278978
-0.289423,-0.163734,0.280088
-0.283631,-0.173391,0.274279
-0.283132,-0.169013,0.274635
-0.267042,-0.174274,0.275264
-0.275229,-0.171120,0.270107
-0.260654,-0.171963,0.265272
-0.260246,-0.179179,0.254318
-0.251964,-0.176079,0.261783
-0.245650,-0.176591,0.264657
-0.243037,-0.173287,0.262353
-0.258005,-0.168832,0.254645
-0.538139,-0.160090,0.229354
-0.529532,-0.165753,0.255843
-0.526768,-0.175982,0.277996
-0.518826,-0.170472,0.295716
-0.521386,-0.171212,0.314252
-0.522002,-0.173231,0.337239
-0.516308,-0.169853,0.325162
-0.506469,-0.173158,0.316150
-0.499445,-0.180576,0.329139
-0.496619,-0.165785,0.317725
-0.494608,-0.172890,0.319143
-0.494103,-0.176741,0.327470
-0.478919,-0.164951,0.330047
-0.478166,-0.173871,0.322392
-0.480377,-0.172841,0.322696
-0.473842,-0.174015,0.326069
-0.466541,-0.173657,0.317772
-0.457087,-0.181040,0.315507
-0.456415,-0.175378,0.321054
-0.452353,-0.175420,0.316760
-0.455083,-0.177838,0.317248
-0.451774,-0.169747,0.324729
-0.441761,-0.173996,0.321637
-0.430256,-0.175503,0.325632
-0.444909,-0.171693,0.327557
-0.421889,-0.168647,0.326862
-0.427211,-0.163724,0.322513
-0.423556,-0.184194,0.321032
-0.420406,-0.175661,0.320153
-0.424792,-0.174585,0.324297
-0.421871,-0.172813,0.317997
-0.409572,-0.173322,0.326652
-0.403456,-0.171662,0.314104
-0.398849,-0.172201,0.326199
-0.405185,-0.177058,0.330356
-0.384702,-0.167250,0.341962
-0.389763,-0.169998,0.325781
-0.392364,-0.181102,0.320517
-0.384390,-0.170919,0.321387
-0.386710,-0.168560,0.327030
-0.376711,-0.176873,0.317934
-0.364905,-0.177359,0.320092
-0.359815,-0.175525,0.320108
-0.360928,-0.167140,0.315373
-0.364463,-0.176694,0.311568
-0.355818,-0.167681,0.312726
-0.347959,-0.170393,0.313838
-0.338748,-0.176447,0.315173
-0.340604,-0.175114,0.304104
-0.345023,-0.167980,0.316619
-0.332786,-0.167325,0.307920
-0.331173,-0.182609,0.302585
-0.321173,-0.171587,0.305913
-0.321082,-0.184470,0.310778
-0.326821,-0.168986,0.307736
-0.312104,-0.168958,0.299628
-0.313245,-0.172187,0.296182
-0.306135,-0.165310,0.284355
-0.305170,-0.168745,0.287175
-0.306772,-0.174522,0.286008
-0.290155,-0.164365,0.289275
-0.293409,-0.173869,0.274108
-0.287201,-0.162150,0.283553
-0.282856,-0.172468,0.278493
-0.281799,-0.159457,0.259469
-0.269130,-0.167598,0.272684
-0.269526,-0.180624,0.261123
-0.266648,-0.175705,0.273764
-0.267533,-0.172247,0.269764
-0.266060,-0.158087,0.267304
-0.258550,-0.176310,0.259769
-0.248430,-0.167051,0.267828
-0.245000,-0.153503,0.254173
-0.536232,-0.162624,0.255286
-0.533280,-0.167716,0.272341
-0.523337,-0.172498,0.296608
-0.512460,-0.173892,0.319558
-0.511041,-0.177687,0.329854
-0.522029,-0.170817,0.330160
-0.502985,-0.156195,0.334281
-0.497546,-0.174851,0.328663
-0.497133,-0.175306,0.321681
-0.489217,-0.171504,0.326144
-0.489634,-0.175277,0.331233
-0.484214,-0.171550,0.324894
-0.476755,-0.168130,0.322052
-0.478850,-0.178015,0.318348
-0.475027,-0.171725,0.324014
-0.470569,-0.157886,0.320384
-0.464475,-0.169756,0.312361
-0.454126,-0.163990,0.322757
-0.452895,-0.168625,0.315246
-0.451279,-0.165191,0.324264
-0.446799,-0.162848,0.319277
-0.455343,-0.171891,0.321378
-0.445852,-0.169692,0.314293
-0.443522,-0.171096,0.319676
-0.431654,-0.169902,0.311647
-0.429381,-0.164971,0.315510
-0.424257,-0.175349,0.323051
-0.426133,-0.186002,0.324351
-0.413106,-0.167752,0.321922
-0.413400,-0.169078,0.318804
-0.409075,-0.164728,0.324254
-0.401174,-0.171925,0.330284
-0.403152,-0.169107,0.327595
-0.391285,-0.170102,0.331666
-0.398720,-0.171072,0.325616
-0.383570,-0.175508,0.327451
-0.383947,-0.176213,0.323768
-0.394245,-0.168025,0.327452
-0.378600,-0.169298,0.330315
-0.372526,-0.169812,0.320330
-0.369971,-0.173136,0.311918
-0.365258,-0.168955,0.323110
-0.367205,-0.161945,0.327791
-0.361145,-0.177192,0.316646
-0.356637,-0.164560,0.316364
-0.340294,-0.178479,0.316086
-0.348701,-0.162854,0.328698
-0.334592,-0.164873,0.314220
-0.342029,-0.158461,0.307161
-0.339405,-0.166811,0.306011
-0.330291,-0.170772,0.302973
-0.326787,-0.172289,0.301637
-0.320115,-0.171656,0.310058
-0.316542,-0.168554,0.294462
-0.309474,-0.165030,0.288059
-0.305642,-0.165320,0.288644
-0.306432,-0.169779,0.288475
-0.307644,-0.163744,0.285559
-0.294911,-0.171092,0.281622
-0.283587,-0.169323,0.282167
-0.294775,-0.160574,0.278659
-0.287072,-0.159786,0.276256
-0.285016,-0.167485,0.275023
-0.277907,-0.153696,0.273691
-0.277544,-0.159187,0.262697
-0.266438,-0.160995,0.273014
-0.267346,-0.165306,0.269497
-0.258014,-0.157231,0.269160
-0.259878,-0.174331,0.260207
-0.250328,-0.151047,0.264629
-0.250456,-0.163341,0.259985
-0.247431,-0.155237,0.258665
-0.532151,-0.156466,0.255923
-0.529225,-0.156160,0.269689
-0.525528,-0.159744,0.295855
-0.510861,-0.166573,0.323236
-0.508149,-0.163042,0.328732
-0.509871,-0.170654,0.325348
-0.503591,-0.156020,0.320915
-0.502542,-0.167268,0.321780
-0.498386,-0.163835,0.321730
-0.498549,-0.168753,0.323587
-0.491129,-0.159951,0.326506
-0.489895,-0.157968,0.325992
-0.485668,-0.163897,0.315051
-0.480922,-0.162683,0.320774
-0.469152,-0.162625,0.320020
-0.468942,-0.169729,0.321961
-0.458904,-0.166138,0.318793
-0.466817,-0.154520,0.313407
-0.454477,-0.155527,0.324369
-0.448575,-0.174017,0.321620
-0.443505,-0.171606,0.314509
-0.443140,-0.157577,0.316143
-0.440685,-0.162832,0.309442
-0.433223,-0.161664,0.321777
-0.427592,-0.158261,0.315120
-0.429721,-0.164974,0.323436
-0.430801,-0.166299,0.331917
-0.414569,-0.160758,0.320089
-0.421275,-0.153908,0.316983
-0.417867,-0.164498,0.329189
-0.404312,-0.158849,0.325629
-0.407526,-0.153442,0.328399
-0.403911,-0.173371,0.321436
-0.393296,-0.155481,0.322549
-0.398204,-0.164005,0.313642
-0.382626,-0.166329,0.332572
-0.389743,-0.166942,0.327254
-0.382951,-0.175757,0.327555
-0.377707,-0.158683,0.322354
-0.370583,-0.165136,0.323996
-0.366391,-0.166760,0.323119
-0.366005,-0.169884,0.321490
-0.358073,-0.156082,0.324227
-0.354793,-0.163833,0.317878
-0.352776,-0.161373,0.315000
-0.348582,-0.162551,0.320456
-0.350403,-0.158966,0.317342
-0.345871,-0.172154,0.319564
-0.339697,-0.164746,0.313466
-0.329687,-0.156012,0.306991
-0.317963,-0.156669,0.301921
-0.332652,-0.160743,0.309748
-0.317379,-0.164499,0.300388
-0.322895,-0.163043,0.291176
-0.315561,-0.162997,0.296795
-0.303453,-0.153577,0.289099
-0.305980,-0.152083,0.287638
-0.299781,-0.164922,0.282559
-0.295376,-0.159415,0.272062
-0.293565,-0.166741,0.280082
-0.293005,-0.161055,0.277736
-0.278044,-0.165623,0.274214
-0.286174,-0.169533,0.275068
-0.275898,-0.155247,0.265207
-0.276801,-0.157978,0.262584
-0.260298,-0.164020,0.270717
-0.262802,-0.153638,0.265325
-0.261714,-0.155666,0.267208
-0.251862,-0.155424,0.259108
-0.257782,-0.162524,0.262006
-0.255081,-0.164084,0.254937
-0.247648,-0.150958,0.249771
-0.534518,-0.153511,0.254968
-0.537579,-0.156130,0.281824
-0.518973,-0.156785,0.301334
-0.518372,-0.165063,0.322479
-0.513537,-0.156709,0.331163
-0.516026,-0.163721,0.324420
-0.509456,-0.165108,0.329955
-0.511534,-0.149626,0.321448
-0.496782,-0.159368,0.326181
-0.501566,-0.156230,0.331154
-0.485346,-0.158881,0.322978
-0.486433,-0.158845,0.321948
-0.478861,-0.158336,0.331525
-0.477391,-0.167177,0.308184
-0.475207,-0.162847,0.319500
-0.483241,-0.160592,0.317349
-0.467013,-0.159127,0.326660
-0.463915,-0.151325,0.322338
-0.457743,-0.153794,0.319558
-0.456442,-0.154579,0.322526
-0.452259,-0.155303,0.313409
-0.445892,-0.163385,0.324074
-0.444234,-0.161841,0.313220
-0.435745,-0.158762,0.325256
-0.433780,-0.161473,0.311016
-0.436650,-0.165552,0.314834
-0.428827,-0.155966,0.328564
-0.419910,-0.153464,0.321295
-0.419549,-0.154618,0.326313
-0.407910,-0.160747,0.322897
-0.408658,-0.163695,0.320868
-0.404378,-0.160023,0.321938
-0.401701,-0.159887,0.325453
-0.388621,-0.158814,0.318298
-0.394881,-0.166505,0.322153
-0.389711,-0.156767,0.328518
-0.382659,-0.154074,0.328867
-0.384115,-0.153551,0.327024
-0.371873,-0.153174,0.330173
-0.375209,-0.157919,0.321104
-0.369712,-0.167928,0.327058
-0.367693,-0.157627,0.329797
-0.356060,-0.165151,0.324460
-0.358804,-0.154814,0.324189
-0.355549,-0.165778,0.317019
-0.353034,-0.151795,0.317840
-0.349005,-0.156296,0.316028
-0.343841,-0.161431,0.316872
-0.349023,-0.161542,0.315401
-0.334788,-0.164920,0.301704
-0.334156,-0.150002,0.299537
-0.325813,-0.154489,0.309715
-0.318377,-0.150174,0.296110
-0.320336,-0.158278,0.300394
-0.312448,-0.150268,0.307925
-0.300441,-0.164590,0.287159
-0.309170,-0.158099,0.282276
-0.306492,-0.161413,0.285280
-0.291685,-0.156025,0.274542
-0.298384,-0.155997,0.271723
-0.285112,-0.154547,0.275458
-0.282824,-0.154398,0.285776
-0.280737,-0.150387,0.264064
-0.285758,-0.144331,0.271122
-0.268141,-0.156278,0.283026
-0.276245,-0.154259,0.265060
-0.263091,-0.155774,0.267064
-0.250039,-0.158308,0.261664
-0.253764,-0.156541,0.258614
-0.255965,-0.160508,0.279012
-0.246014,-0.162201,0.253741
-0.240666,-0.147669,0.263261
-0.533438,-0.148103,0.270215
-0.517779,-0.154644,0.286574
-0.522763,-0.151442,0.306230
-0.522818,-0.149019,0.316997
-0.515427,-0.160191,0.319100
-0.504993,-0.156633,0.323129
-0.505323,-0.151006,0.323469
-0.510649,-0.146315,0.325164
-0.487934,-0.150753,0.330399
-0.485294,-0.156602,0.322048
-0.495953,-0.153901,0.318164
-0.485312,-0.163375,0.318718
-0.481635,-0.148192,0.319919
-0.474905,-0.161672,0.326707
-0.476171,-0.147359,0.318266
-0.465739,-0.143944,0.312993
-0.470277,-0.156241,0.317419
-0.464545,-0.141985,0.319045
-0.455301,-0.152497,0.314086
-0.447778,-0.154542,0.320541
-0.447095,-0.157869,0.323231
-0.453325,-0.150763,0.309952
-0.440903,-0.150784,0.322704
-0.439687,-0.163430,0.313960
-0.428025,-0.156135,0.305362
-0.428895,-0.162787,0.316322
-0.435665,-0.156143,0.324340
-0.413796,-0.157713,0.313942
-0.416108,-0.154816,0.322944
-0.411767,-0.152439,0.323084
-0.407913,-0.154126,0.328284
-0.401911,-0.157222,0.327958
-0.407950,-0.156738,0.330804
-0.395061,-0.155019,0.329644
-0.402138,-0.151733,0.334728
-0.387750,-0.157774,0.329464
-0.380814,-0.143990,0.325887
-0.377936,-0.164150,0.337641
-0.373160,-0.151901,0.334208
-0.381196,-0.163315,0.333345
-0.370193,-0.152795,0.329664
-0.375050,-0.161935,0.321849
-0.372768,-0.150975,0.322693
-0.356270,-0.153631,0.326899
-0.349847,-0.167194,0.332026
-0.350369,-0.164734,0.324219
-0.346625,-0.166584,0.323617
-0.340035,-0.161357,0.326745
-0.336590,-0.157548,0.313132
-0.341036,-0.151494,0.322217
-0.335054,-0.149314,0.306103
-0.330133,-0.153277,0.297302
-0.319393,-0.151583,0.302965
-0.319971,-0.148600,0.282879
-0.309662,-0.155169,0.282186
-0.310541,-0.151982,0.295168
-0.305150,-0.159301,0.289362
-0.300350,-0.153459,0.275855
-0.298929,-0.152812,0.279091
-0.293802,-0.145047,0.288140
-0.279209,-0.143943,0.279591
-0.291041,-0.156277,0.275527
-0.289441,-0.143776,0.273766
-0.276243,-0.149991,0.274189
-0.270327,-0.158744,0.262752
-0.266941,-0.149218,0.268331
-0.264115,-0.150147,0.257361
-0.263521,-0.159811,0.266176
-0.255052,-0.152548,0.260426
-0.246904,-0.147078,0.260753
-0.243519,-0.152747,0.255278
-0.245700,-0.143766,0.262307
-0.535145,-0.150921,0.270519
-0.532998,-0.151310,0.284876
-0.525946,-0.151967,0.300342
-0.518059,-0.150949,0.318697
-0.515128,-0.153333,0.322908
-0.508783,-0.158967,0.324537
-0.502357,-0.158591,0.325472
-0.500727,-0.146356,0.322307
-0.489212,-0.150367,0.322479
-0.496077,-0.149202,0.324608
-0.495739,-0.152568,0.320597
-0.481314,-0.151213,0.312615
-0.473796,-0.154051,0.314020
-0.485363,-0.150325,0.312001
-0.476647,-0.154513,0.313170
-0.479739,-0.155945,0.312392
-0.467604,-0.154706,0.317007
-0.465519,-0.152862,0.315924
-0.450802,-0.151976,0.308296
-0.454598,-0.149162,0.314894
-0.457599,-0.151750,0.314621
-0.449932,-0.147603,0.312709
-0.447192,-0.139637,0.317663
-0.440595,-0.151501,0.319589
-0.440247,-0.155076,0.312336
-0.428708,-0.156697,0.318335
-0.424018,-0.148134,0.312400
-0.425288,-0.161354,0.314465
-0.419279,-0.162142,0.316861
-0.407877,-0.151155,0.318485
-0.409026,-0.157269,0.338307
-0.401886,-0.160455,0.330215
-0.398594,-0.149484,0.328802
-0.395876,-0.156157,0.328961
-0.397736,-0.158565,0.333912
-0.399496,-0.149691,0.334231
-0.395755,-0.153390,0.336675
-0.380727,-0.155206,0.335947
-0.374038,-0.152182,0.342184
-0.380131,-0.148283,0.336004
-0.369925,-0.149954,0.327247
-0.364825,-0.161420,0.343234
-0.365725,-0.155541,0.329368
-0.361672,-0.154311,0.333977
-0.351763,-0.146202,0.319635
-0.344410,-0.146212,0.318623
-0.349335,-0.141324,0.323948
-0.345245,-0.154869,0.326111
-0.337343,-0.162914,0.325802
-0.339456,-0.149608,0.316220
-0.329929,-0.150168,0.306023
-0.329394,-0.148171,0.300256
-0.315491,-0.156530,0.297440
-0.322640,-0.147578,0.287096
-0.311900,-0.152531,0.295589
-0.314618,-0.155134,0.282413
-0.298641,-0.141672,0.276008
-0.300157,-0.145235,0.284642
-0.292267,-0.134898,0.287062
-0.281708,-0.147609,0.281161
-0.295113,-0.149083,0.275707
-0.284408,-0.149851,0.273363
-0.276009,-0.153366,0.277784
-0.281209,-0.144738,0.274575
-0.264206,-0.147969,0.273092
-0.267173,-0.153098,0.274662
-0.263782,-0.144190,0.261076
-0.258238,-0.142664,0.258246
-0.249195,-0.149857,0.255052
-0.253416,-0.149352,0.264800
-0.241170,-0.141895,0.272099
-0.244331,-0.150484,0.268109
-0.538621,-0.136915,0.270411
-0.524608,-0.139262,0.286578
-0.536906,-0.143183,0.302960
-0.518483,-0.147657,0.320509
-0.516325,-0.145281,0.323745
-0.506722,-0.150300,0.325258
-0.514840,-0.151230,0.323741
-0.504054,-0.142136,0.324624
-0.502569,-0.142760,0.328323
-0.499195,-0.148837,0.315265
-0.489590,-0.144465,0.315839
-0.490039,-0.142219,0.307187
-0.476413,-0.152063,0.312292
-0.484536,-0.151382,0.325097
-0.469727,-0.149809,0.313184
-0.469474,-0.148150,0.310739
-0.465231,-0.147324,0.307798
-0.475134,-0.140482,0.321077
-0.459606,-0.141521,0.310951
-0.456316,-0.155249,0.317175
-0.449851,-0.149346,0.323412
-0.450971,-0.141089,0.309598
-0.436212,-0.142047,0.315668
-0.429687,-0.138038,0.316937
-0.434685,-0.148926,0.315291
-0.436743,-0.152263,0.311637
-0.421763,-0.143946,0.313921
-0.417324,-0.145166,0.316541
-0.420900,-0.145539,0.322206
-0.414419,-0.137442,0.323928
-0.409117,-0.148260,0.322354
-0.406775,-0.147701,0.336031
-0.402713,-0.142485,0.332362
-0.399618,-0.153641,0.332776
-0.395516,-0.151478,0.333594
-0.386685,-0.143286,0.335075
-0.378706,-0.149106,0.327490
-0.388924,-0.154353,0.336176
-0.385322,-0.146802,0.333928
-0.368430,-0.153243,0.332428
-0.372466,-0.149824,0.336729
-0.371887,-0.146166,0.330794
-0.359446,-0.148699,0.342856
-0.353639,-0.148879,0.329098
-0.345303,-0.147203,0.327801
-0.353976,-0.142359,0.328074
-0.337747,-0.146796,0.331009
-0.341218,-0.148831,0.326349
-0.340371,-0.156379,0.326357
-0.333114,-0.146326,0.306788
-0.337261,-0.143401,0.310456
-0.327618,-0.144804,0.305009
-0.320655,-0.149008,0.292815
-0.314907,-0.142285,0.296523
-0.317952,-0.148350,0.288771
-0.305049,-0.147755,0.281826
-0.311417,-0.127880,0.278060
-0.303941,-0.146328,0.278168
-0.296804,-0.147940,0.275513
-0.296435,-0.142271,0.281056
-0.294341,-0.149519,0.278786
-0.288996,-0.145623,0.270569
-0.279215,-0.143335,0.278925
-0.278021,-0.137357,0.265813
-0.279987,-0.138406,0.262866
-0.274056,-0.142187,0.256357
-0.270215,-0.148186,0.257832
-0.268090,-0.139320,0.265400
-0.264781,-0.144137,0.258600
-0.260764,-0.144038,0.268415
-0.244154,-0.140545,0.260140
-0.535464,-0.140368,0.277361
-0.535062,-0.138156,0.292674
-0.526901,-0.141615,0.308450
-0.508390,-0.138641,0.319470
-0.509384,-0.147187,0.314407
-0.505083,-0.147860,0.318782
-0.512147,-0.147062,0.322239
-0.504704,-0.146062,0.310270
-0.499073,-0.136909,0.318378
-0.495377,-0.142644,0.318643
-0.486312,-0.139637,0.312192
-0.485670,-0.141664,0.318428
-0.481175,-0.139045,0.307103
-0.470609,-0.140956,0.316038
-0.479343,-0.141972,0.313356
-0.470842,-0.137477,0.317937
-0.471770,-0.148802,0.311010
-0.465994,-0.139056,0.311510
-0.465566,-0.139446,0.310127
-0.454107,-0.133509,0.309463
-0.451728,-0.142911,0.318444
-0.445667,-0.144409,0.318037
-0.444102,-0.148022,0.308734
-0.448623,-0.147806,0.314738
-0.429504,-0.134462,0.321818
-0.434110,-0.149119,0.314370
-0.429559,-0.133274,0.323930
-0.422911,-0.147078,0.314725
-0.428064,-0.139011,0.320788
-0.407840,-0.138976,0.328448
-0.416733,-0.147470,0.324442
-0.411307,-0.140806,0.327352
-0.398546,-0.144778,0.329356
-0.394117,-0.151074,0.338047
-0.392971,-0.146640,0.330434
-0.391072,-0.137620,0.333417
-0.378117,-0.149796,0.339515
-0.387059,-0.137374,0.341881
-0.379041,-0.143383,0.324812
-0.372495,-0.147174,0.342053
-0.378208,-0.144565,0.329884
-0.369101,-0.143064,0.332428
-0.364628,-0.153926,0.334492
-0.351463,-0.138850,0.333687
-0.356990,-0.149195,0.332134
-0.352417,-0.152895,0.327627
-0.347004,-0.141392,0.325297
-0.340410,-0.146394,0.316759
-0.345006,-0.142942,0.326207
-0.333748,-0.139660,0.315455
-0.336053,-0.143170,0.303707
-0.321601,-0.142077,0.301140
-0.322761,-0.143479,0.287840
-0.320913,-0.134947,0.297187
-0.309163,-0.142691,0.285538
-0.303510,-0.133118,0.274761
-0.306441,-0.133040,0.286084
-0.305290,-0.138901,0.270986
-0.295888,-0.132046,0.284941
-0.296463,-0.142724,0.272172
-0.278399,-0.134232,0.272991
-0.281476,-0.139190,0.278441
-0.291612,-0.136092,0.267224
-0.285966,-0.139463,0.266415
-0.272084,-0.131343,0.264599
-0.268186,-0.136475,0.263540
-0.257121,-0.133803,0.265781
-0.258553,-0.141838,0.263007
-0.250157,-0.136736,0.263925
-0.246624,-0.125757,0.257963
-0.248482,-0.133786,0.258053
-0.534819,-0.125441,0.274188
-0.523757,-0.137680,0.288078
-0.518635,-0.136550,0.309396
-0.515912,-0.141054,0.328434
-0.516908,-0.129804,0.325851
-0.504576,-0.141742,0.322397
-0.508011,-0.133310,0.322908
-0.499624,-0.139466,0.315209
-0.492976,-0.143764,0.315231
-0.492650,-0.143875,0.320268
-0.490290,-0.148754,0.308084
-0.478706,-0.133081,0.313115
-0.482883,-0.146378,0.313995
-0.478593,-0.141254,0.308518
-0.474193,-0.130241,0.314878
-0.472077,-0.137357,0.303098
-0.478119,-0.129371,0.306688
-0.458817,-0.132528,0.305460
-0.458054,-0.135667,0.305897
-0.441609,-0.133380,0.306133
-0.448745,-0.134911,0.304604
-0.454914,-0.134467,0.313888
-0.449326,-0.142239,0.311860
-0.440092,-0.134255,0.317232
-0.431365,-0.143689,0.320503
-0.430613,-0.139537,0.309559
-0.435081,-0.137955,0.320949
-0.429653,-0.142599,0.324064
-0.427596,-0.134614,0.325355
-0.416949,-0.136988,0.338682
-0.411929,-0.136994,0.331034
-0.407311,-0.140012,0.331738
-0.401081,-0.149866,0.337364
-0.399367,-0.131827,0.331785
-0.395396,-0.137374,0.326552
-0.390825,-0.137364,0.346667
-0.385818,-0.141918,0.336923
-0.387708,-0.135539,0.350399
-0.383252,-0.143084,0.341148
-0.369195,-0.138741,0.346447
-0.366054,-0.148584,0.347357
-0.366555,-0.130950,0.341494
-0.361157,-0.144427,0.338307
-0.350993,-0.156390,0.340980
-0.363394,-0.138006,0.338812
-0.351902,-0.139280,0.327461
-0.349198,-0.136464,0.328764
-0.340187,-0.136578,0.334158
-0.348203,-0.126544,0.328656
-0.337284,-0.137325,0.328375
-0.334242,-0.139098,0.306113
-0.328057,-0.145268,0.304671
-0.334263,-0.140228,0.297329
-0.311135,-0.137682,0.289762
-0.317236,-0.125353,0.287751
-0.302943,-0.137463,0.281322
-0.301160,-0.134348,0.276387
-0.299061,-0.138085,0.278346
-0.286584,-0.137227,0.284438
-0.281904,-0.135212,0.265788
-0.279628,-0.131512,0.271820
-0.283586,-0.133654,0.266330
-0.284020,-0.132635,0.265079
-0.274091,-0.140250,0.262492
-0.269608,-0.126048,0.267873
-0.270919,-0.137051,0.260766
-0.260233,-0.139793,0.263787
-0.262357,-0.126847,0.264156
-0.258081,-0.135315,0.256894
-0.260309,-0.132370,0.254606
-0.255732,-0.121952,0.259571
-0.532559,-0.131919,0.298702
-0.520164,-0.140522,0.315883
-0.514613,-0.140884,0.317662
-0.522551,-0.131084,0.317156
-0.503401,-0.133704,0.316054
-0.502920,-0.134934,0.309481
-0.501023,-0.136935,0.307015
-0.496950,-0.126893,0.311471
-0.489959,-0.138342,0.316544
-0.495983,-0.142598,0.306128
-0.491321,-0.131565,0.306573
-0.489436,-0.127502,0.307668
-0.473217,-0.132688,0.303034
-0.475968,-0.123381,0.303013
-0.476834,-0.136551,0.293131
-0.470721,-0.129609,0.298932
-0.466501,-0.132304,0.300254
-0.456789,-0.137618,0.298369
-0.455567,-0.134173,0.308968
-0.449577,-0.131570,0.308474
-0.449518,-0.125698,0.310938
-0.443253,-0.138236,0.307218
-0.435845,-0.132755,0.303083
-0.440552,-0.141449,0.314822
-0.427066,-0.132947,0.313103
-0.420360,-0.138707,0.318749
-0.418850,-0.132627,0.326953
-0.421862,-0.136834,0.330001
-0.416932,-0.128672,0.329684
-0.412035,-0.136048,0.335046
-0.404934,-0.131298,0.341321
-0.403850,-0.132210,0.339734
-0.398651,-0.143778,0.347445
-0.392620,-0.137559,0.340261
-0.383588,-0.130688,0.350081
-0.385147,-0.134116,0.342390
-0.381531,-0.143220,0.343052
-0.379125,-0.129824,0.335951
-0.368989,-0.134906,0.350584
-0.370216,-0.141236,0.348905
-0.366170,-0.133920,0.349913
-0.366922,-0.144630,0.343098
-0.365470,-0.148027,0.337637
-0.358732,-0.142123,0.344939
-0.346313,-0.146681,0.339198
-0.343484,-0.140588,0.329128
-0.345456,-0.132979,0.326934
-0.339902,-0.138574,0.326569
-0.331042,-0.132142,0.329549
-0.328628,-0.137893,0.319133
-0.325896,-0.126362,0.315220
-0.320241,-0.123568,0.297982
-0.330187,-0.146739,0.289318
-0.318373,-0.125674,0.286381
-0.308029,-0.128265,0.273385
-0.302447,-0.125727,0.276953
-0.299915,-0.127788,0.274279
-0.295190,-0.119742,0.276810
-0.288028,-0.133884,0.267071
-0.293402,-0.124978,0.264834
-0.281883,-0.114006,0.265945
-0.280995,-0.125720,0.260064
-0.274880,-0.128581,0.261413
-0.271773,-0.132617,0.256444
-0.259344,-0.130705,0.264958
-0.260571,-0.138849,0.255946
-0.254406,-0.124667,0.257225
-0.258425,-0.125435,0.259978
-0.248825,-0.133841,0.257345
-0.252103,-0.130630,0.258562
-0.528605,-0.119142,0.287436
-0.530675,-0.127175,0.308952
-0.523886,-0.132244,0.312678
-0.510786,-0.130124,0.309583
-0.507554,-0.131146,0.307520
-0.513540,-0.118531,0.316386
-0.505175,-0.127113,0.314469
-0.498331,-0.127487,0.310830
-0.502617,-0.127077,0.304129
-0.491209,-0.125701,0.308702
-0.485283,-0.127278,0.306963
-0.481779,-0.121926,0.303053
-0.478168,-0.133977,0.302542
-0.478492,-0.126920,0.310771
-0.474249,-0.125785,0.305003
-0.465692,-0.131996,0.300763
-0.459045,-0.125316,0.299344
-0.455445,-0.131765,0.299068
-0.452724,-0.129283,0.294622
-0.446323,-0.128630,0.302981
-0.448988,-0.131184,0.308199
-0.443806,-0.127656,0.304668
-0.452508,-0.131952,0.306155
-0.427565,-0.135583,0.315643
-0.427207,-0.128007,0.321646
-0.422712,-0.126949,0.319109
-0.421616,-0.129074,0.320886
-0.417250,-0.138469,0.328554
-0.418352,-0.124869,0.332666
-0.405654,-0.125548,0.338560
-0.402916,-0.137203,0.335206
-0.407651,-0.129939,0.347444
-0.393490,-0.131985,0.345812
-0.394502,-0.128566,0.335415
-0.384054,-0.145603,0.350267
-0.385490,-0.136881,0.345140
-0.384128,-0.133187,0.343062
-0.382852,-0.133259,0.350010
-0.368995,-0.128544,0.347380
-0.375580,-0.138810,0.349313
-0.365699,-0.130805,0.353349
-0.361839,-0.139937,0.346143
-0.357792,-0.137462,0.353715
-0.350987,-0.138397,0.342384
-0.354952,-0.135123,0.345843
-0.346279,-0.122199,0.332302
-0.346023,-0.129525,0.334617
-0.331170,-0.132479,0.326248
-0.332261,-0.122529,0.329815
-0.325439,-0.128787,0.321592
-0.325978,-0.131216,0.309257
-0.327165,-0.133589,0.291713
-0.318512,-0.123464,0.294386
-0.319502,-0.118102,0.280565
-0.315262,-0.128514,0.282916
-0.302688,-0.127251,0.272989
-0.311119,-0.128301,0.272163
-0.287242,-0.122207,0.268523
-0.297986,-0.133213,0.267138
-0.292438,-0.114589,0.258254
-0.284412,-0.128446,0.261925
-0.268047,-0.121253,0.258046
-0.277156,-0.127977,0.260996
-0.270703,-0.124327,0.265452
-0.271400,-0.130402,0.272216
-0.260710,-0.126393,0.252097
-0.262044,-0.116745,0.268708
-0.253242,-0.123344,0.262184
-0.253184,-0.121474,0.255832
-0.248404,-0.117033,0.254938
-0.520789,-0.125303,0.293969
-0.513664,-0.123859,0.300332
-0.518568,-0.122433,0.309235
-0.501568,-0.127251,0.299677
-0.500585,-0.123170,0.296527
-0.498018,-0.132525,0.304798
-0.504081,-0.119108,0.297418
-0.496575,-0.127849,0.293367
-0.494779,-0.124137,0.305809
-0.488155,-0.117746,0.299069
-0.472217,-0.129854,0.300533
-0.476253,-0.126962,0.288149
-0.473643,-0.117644,0.299212
-0.472563,-0.124188,0.301405
-0.466890,-0.122416,0.297765
-0.466286,-0.123768,0.297001
-0.460165,-0.114904,0.298092
-0.445500,-0.126718,0.306322
-0.437424,-0.113217,0.298153
-0.442386,-0.124911,0.310939
-0.438485,-0.118299,0.303842
-0.433552,-0.120798,0.306160
-0.424481,-0.119098,0.323750
-0.436388,-0.122691,0.317860
-0.416368,-0.123845,0.319066
-0.428797,-0.112353,0.324407
-0.424287,-0.134192,0.340150
-0.403741,-0.127863,0.340712
-0.405270,-0.126441,0.348055
-0.403096,-0.122851,0.340197
-0.402754,-0.132169,0.340285
-0.395646,-0.131263,0.348000
-0.386436,-0.123765,0.355760
-0.385857,-0.132921,0.346768
-0.392518,-0.130841,0.351962
-0.369368,-0.128096,0.347442
-0.382681,-0.132289,0.343690
-0.373207,-0.129143,0.333794
-0.359254,-0.129689,0.345475
-0.365212,-0.130930,0.353675
-0.360987,-0.127871,0.347729
-0.359672,-0.134251,0.346809
-0.351035,-0.126400,0.341394
-0.352478,-0.126352,0.345033
-0.345223,-0.134337,0.333359
-0.337823,-0.124458,0.342145
-0.335555,-0.133736,0.338781
-0.332038,-0.125811,0.314535
-0.332138,-0.118337,0.307510
-0.319575,-0.121906,0.305993
-0.321638,-0.123867,0.283796
-0.313118,-0.116556,0.278289
-0.314022,-0.122553,0.278659
-0.304514,-0.117069,0.264689
-0.306033,-0.116933,0.263058
-0.285340,-0.126108,0.251861
-0.290565,-0.119528,0.264218
-0.284787,-0.119622,0.264572
-0.289329,-0.119667,0.254496
-0.286017,-0.121391,0.258656
-0.283467,-0.127685,0.254361
-0.270988,-0.124179,0.242341
-0.271370,-0.109797,0.251885
-0.258887,-0.117522,0.258213
-0.264143,-0.122961,0.262627
-0.267446,-0.121932,0.251015
-0.251697,-0.118416,0.258855
-0.246330,-0.121641,0.250694
-0.468922,-0.114767,0.287405
-0.466657,-0.116198,0.293665
-0.455607,-0.121884,0.297793
-0.454117,-0.124292,0.289049
-0.458705,-0.113640,0.299379
-0.440899,-0.113873,0.299729
-0.444629,-0.122434,0.301822
-0.447233,-0.119456,0.301486
-0.444011,-0.124414,0.313156
-0.428018,-0.126787,0.318316
-0.434978,-0.120316,0.315446
-0.419183,-0.124245,0.317418
-0.416696,-0.126716,0.326192
-0.414427,-0.124507,0.329391
-0.404771,-0.116116,0.338087
-0.410456,-0.125398,0.340832
-0.398490,-0.135676,0.338321
-0.400709,-0.127178,0.336172
-0.391206,-0.123102,0.342776
-0.391467,-0.125234,0.339975
-0.385688,-0.107695,0.345160
-0.377273,-0.130004,0.340839
-0.376063,-0.126633,0.341682
-0.374158,-0.119760,0.341234
-0.377245,-0.125433,0.336307
-0.370270,-0.121389,0.343006
-0.358909,-0.120060,0.338996
-0.361591,-0.126162,0.342273
-0.349575,-0.124086,0.329598
-0.347402,-0.115711,0.333883
-0.343448,-0.114169,0.341215
-0.346313,-0.117645,0.344015
-0.344151,-0.121040,0.334141
-0.332913,-0.123146,0.328207
-0.332057,-0.115953,0.322385
-0.321784,-0.120912,0.319197
-0.321076,-0.117611,0.304096
-0.323176,-0.112122,0.289151
-0.310067,-0.106675,0.277637
-0.304297,-0.116905,0.272343
-0.311048,-0.113921,0.261573
-0.300376,-0.118516,0.260109
-0.301542,-0.117071,0.257755
-0.290618,-0.120076,0.257813
-0.289417,-0.107066,0.254111
-0.279565,-0.111818,0.260284
-0.285097,-0.115432,0.260682
-0.267849,-0.117387,0.255036
-0.262823,-0.117855,0.261122
-0.256365,-0.112268,0.250916
-0.257156,-0.106920,0.263144
-0.263768,-0.109791,0.258981
-0.267402,-0.115221,0.249410
-0.257950,-0.110192,0.251898
-0.456909,-0.112016,0.276768
-0.451841,-0.111256,0.292561
-0.441998,-0.112942,0.298913
-0.434299,-0.122067,0.295709
-0.435805,-0.118648,0.309978
-0.436974,-0.115164,0.305849
-0.429239,-0.112826,0.320804
-0.424425,-0.103829,0.315125
-0.414666,-0.120657,0.332297
-0.410232,-0.113384,0.327158
-0.406858,-0.119256,0.332795
-0.409728,-0.122042,0.336244
-0.405355,-0.117320,0.334599
-0.403929,-0.105573,0.334295
-0.389431,-0.116420,0.328509
-0.393073,-0.123303,0.331049
-0.384947,-0.117974,0.335675
-0.377201,-0.113840,0.333085
-0.376419,-0.117103,0.329779
-0.381542,-0.125616,0.329548
-0.373976,-0.123270,0.336771
-0.367955,-0.117660,0.337072
-0.357493,-0.115488,0.329677
-0.351110,-0.117352,0.327369
-0.340068,-0.114454,0.334373
-0.350560,-0.111968,0.331202
-0.342648,-0.113965,0.327519
-0.340554,-0.122368,0.322900
-0.333953,-0.115562,0.329424
-0.332401,-0.109773,0.333069
-0.333745,-0.109295,0.329905
-0.324686,-0.112681,0.318927
-0.322953,-0.112599,0.293690
-0.317108,-0.115707,0.279438
-0.322223,-0.119400,0.265681
-0.315706,-0.107988,0.273356
-0.306192,-0.112004,0.269379
-0.302854,-0.117901,0.253524
-0.295351,-0.108115,0.252295
-0.292920,-0.112995,0.253245
-0.302840,-0.110724,0.250573
-0.294935,-0.101277,0.255037
-0.284588,-0.109333,0.256334
-0.283432,-0.105650,0.255796
-0.265617,-0.103584,0.242588
-0.272128,-0.105533,0.244908
-0.263531,-0.107111,0.246519
-0.260904,-0.109938,0.248256
-0.261400,-0.112635,0.252503
-0.253454,-0.104478,0.242675
-0.445130,-0.105618,0.288511
-0.441563,-0.104085,0.284284
-0.426548,-0.106810,0.303078
-0.428423,-0.108661,0.304033
-0.424815,-0.117201,0.314070
-0.413936,-0.110033,0.314198
-0.419078,-0.105086,0.325175
-0.410474,-0.116846,0.331586
-0.416995,-0.124741,0.327158
-0.406773,-0.112048,0.320190
-0.404883,-0.110778,0.325570
-0.394614,-0.117144,0.320064
-0.403983,-0.120857,0.331600
-0.392997,-0.112166,0.328256
-0.381925,-0.120922,0.321768
-0.384404,-0.109955,0.324873
-0.380433,-0.106508,0.322630
-0.373647,-0.109777,0.327882
-0.373137,-0.102796,0.328457
-0.371568,-0.120370,0.314534
-0.361434,-0.111905,0.318133
-0.357443,-0.110618,0.319096
-0.356523,-0.121186,0.322296
-0.356745,-0.116512,0.329464
-0.351532,-0.106313,0.317364
-0.346929,-0.112181,0.335187
-0.343494,-0.109164,0.308871
-0.335934,-0.116693,0.312157
-0.327870,-0.111926,0.318230
-0.329808,-0.109900,0.315182
-0.320097,-0.101861,0.295795
-0.315572,-0.104608,0.272715
-0.313044,-0.111688,0.265381
-0.318054,-0.104537,0.254177
-0.307147,-0.113946,0.249181
-0.296808,-0.107551,0.247449
-0.295677,-0.103142,0.252023
-0.292415,-0.101547,0.240466
-0.290977,-0.098055,0.243363
-0.287403,-0.102604,0.247303
-0.285035,-0.114608,0.246924
-0.276277,-0.104444,0.244359
-0.273099,-0.093089,0.246295
-0.269294,-0.097265,0.247079
-0.264570,-0.104978,0.239727
-0.250205,-0.098446,0.242779
-0.255891,-0.105458,0.248735
-0.431105,-0.098871,0.299766
-0.432755,-0.104926,0.307064
-0.425314,-0.105913,0.306493
-0.427973,-0.098251,0.316915
-0.419259,-0.114124,0.318702
-0.415488,-0.102410,0.310495
-0.407184,-0.105296,0.315508
-0.409966,-0.119180,0.317930
-0.395197,-0.108444,0.315863
-0.403560,-0.106838,0.318947
-0.400546,-0.106910,0.310697
-0.395985,-0.104462,0.321033
-0.385149,-0.112994,0.309267
-0.377067,-0.095285,0.317763
-0.382326,-0.110612,0.313723
-0.379963,-0.102259,0.311257
-0.364394,-0.106691,0.315104
-0.363912,-0.106273,0.320941
-0.362571,-0.108546,0.310094
-0.361668,-0.102909,0.306410
-0.353938,-0.109267,0.311766
-0.349905,-0.106008,0.301333
-0.345009,-0.114964,0.316071
-0.341219,-0.107307,0.308688
-0.336161,-0.101987,0.313283
-0.325940,-0.117508,0.317277
-0.320045,-0.110665,0.312029
-0.330597,-0.108757,0.306894
-0.321408,-0.105524,0.277174
-0.425142,-0.110049,0.304799
-0.424724,-0.099776,0.306376
-0.418272,-0.103498,0.308783
-0.421470,-0.096221,0.303618
-0.422448,-0.105213,0.309569
-0.414141,-0.111869,0.308559
-0.409074,-0.103302,0.309481
-0.396523,-0.100610,0.307597
-0.399863,-0.109501,0.311378
-0.394397,-0.096968,0.310729
-0.390274,-0.100359,0.307402
-0.390650,-0.099376,0.311998
-0.384667,-0.101363,0.294833
-0.379846,-0.103736,0.309552
-0.372814,-0.102048,0.298561
-0.363647,-0.105408,0.310285
-0.365411,-0.109521,0.308370
-0.369180,-0.098287,0.299971
-0.363111,-0.096932,0.310579
-0.353584,-0.099595,0.297652
-0.342453,-0.106698,0.311034
-0.346762,-0.103470,0.303908
-0.345520,-0.100867,0.314083
-0.345664,-0.095441,0.298027
-0.337795,-0.098411,0.302991
-0.324690,-0.103570,0.287719
-0.333084,-0.092190,0.299248
-0.415438,-0.099814,0.303738
-0.430823,-0.096257,0.304970
-0.421257,-0.091980,0.302008
-0.414302,-0.097675,0.302012
-0.409628,-0.094169,0.303244
-0.417199,-0.100586,0.297804
-0.409523,-0.084210,0.298597
-0.391361,-0.090493,0.305579
-0.403207,-0.090027,0.302360
-0.393085,-0.093908,0.291702
-0.395319,-0.106012,0.300757
-0.379620,-0.094413,0.298502
-0.375438,-0.106684,0.292538
-0.383757,-0.081290,0.295533
-0.376619,-0.095589,0.302580
-0.372590,-0.088483,0.293040
-0.367845,-0.099903,0.291845
-0.367940,-0.096471,0.296827
-0.356779,-0.099794,0.288433
-0.346671,-0.099251,0.294129
-0.346976,-0.093726,0.298528
-0.343007,-0.092662,0.293950
-0.327893,-0.089308,0.299477
-0.338666,-0.095795,0.290914
-0.332628,-0.093638,0.296737
-0.423425,-0.089715,0.287718
-0.421692,-0.081480,0.293657
-0.417788,-0.091021,0.301297
-0.411552,-0.093766,0.291264
-0.404888,-0.088945,0.293051
-0.399892,-0.091897,0.285431
-0.401946,-0.099111,0.291891
-0.401190,-0.087033,0.285479
-0.394411,-0.096419,0.292489
-0.391684,-0.093961,0.279399
-0.380440,-0.102512,0.285869
-0.380878,-0.088152,0.281475
-0.375025,-0.085321,0.285941
-0.368641,-0.096923,0.290354
-0.364263,-0.098211,0.285835
-0.361554,-0.088695,0.281232
-0.357859,-0.092488,0.283045
-0.355928,-0.086137,0.280603
-0.361544,-0.097040,0.282557
-0.338650,-0.087892,0.277170
-0.342161,-0.092053,0.278902
-0.346604,-0.089649,0.280311
-0.330476,-0.096922,0.280457
-0.404852,-0.088683,0.273486
-0.408194,-0.085747,0.271659
-0.391850,-0.083749,0.277263
-0.399268,-0.085501,0.277269
-0.394114,-0.084429,0.280145
-0.394960,-0.076422,0.276989
-0.376855,-0.084629,0.276866
-0.373588,-0.086761,0.273109
-0.369898,-0.080192,0.269925
-0.371723,-0.086185,0.266410
-0.358964,-0.094730,0.274381
-0.370377,-0.069326,0.276809
-0.360442,-0.082263,0.270911
-0.344862,-0.077273,0.274029
-0.352790,-0.081601,0.273364
-0.342047,-0.081216,0.276402
-0.338114,-0.081407,0.273184
